2 10 	 # U Shape
95.69493362751167 13.720932135607644 28.382835295794585 60.60831843588289 94.42251360530422 85.2735541109285 0.2259233518513537 52.122602722029285 55.20376332645666 48.53774136627097
76.81341540644223 16.07167531255701 76.45604503388788 2.0809797952066167 13.521017836911685 11.627301740168983 30.989758449002924 67.14526452120026 47.12297782500141 81.61682980460269
2 5 	 # V Shape
28.958678353055355 73.31259776126706 70.26223552552463 32.7569476263423 33.464752910605576
97.80580790165189 62.45821117353524 95.03135246995254 76.74756506204888 82.50092532147735
2 10 	 # Alloc Shape
0 0 1 1 1 1 0 0 0 0
1 1 0 0 0 0 1 1 1 1

2 10 	 # U Shape
46.31488697273459 37.372314882391535 46.550810017251095 3.5168261470804763 8.427266973184565 73.25206981419501 63.61999938328675 2.7907788861532556 30.017005982398658 22.08525208288855
5.501999334020013 52.324607077829185 41.63696572946102 4.8218749825570395 57.240451552960934 80.35166506773763 11.360171953981702 27.71172144251962 64.16780916854229 49.273730543650785
2 5 	 # V Shape
50.65560756680948 46.14402600659552 89.47430739278907 60.57776931355849 60.33556031675536
44.38718561912689 48.004678332689025 88.84475272296929 20.85004884601801 94.45814621563248
2 10 	 # Alloc Shape
1 1 1 1 0 0 1 1 0 0
0 0 0 0 1 1 0 0 1 1

2 10 	 # U Shape
64.410883687405 28.17861581171356 42.52563612120112 37.94504577114115 12.93922910055243 60.332682945919544 7.200462339384417 36.18695170131202 45.46880494546578 90.27070317953121
26.94738186070894 9.121923151081768 69.56740312285982 68.88089695562785 4.757622633806879 31.861143293176696 91.48499547333789 87.5246305731996 52.56047666878033 23.61717119784592
2 5 	 # V Shape
13.189463550063962 54.70604007681732 87.3712627595173 64.82279666620049 43.073219205941726
40.93321428493234 78.62786082732735 26.29882201764524 28.05147311477191 2.3047985152560013
2 10 	 # Alloc Shape
1 1 0 0 1 1 0 0 1 1
0 0 1 1 0 0 1 1 0 0

2 10 	 # U Shape
40.25891478959648 78.68444652477247 25.380819392768938 10.948542133151884 93.06760143818863 12.63872837745974 60.50053903635636 29.012193658782714 62.65293919225703 65.94759538408164
6.772616162569478 35.54429248010227 33.47240774767726 17.75063672167354 0.8003339782281182 1.0438402094721133 59.74588046391233 8.463852035212138 31.566823692866553 96.86183289699667
2 5 	 # V Shape
87.35825512370128 91.27839941708244 16.989826093188555 31.680790068904507 24.17802357140627
49.09549698249829 54.39434095685136 40.545438708501024 74.24103131767936 64.37330157652028
2 10 	 # Alloc Shape
1 1 1 1 1 1 0 0 0 0
0 0 0 0 0 0 1 1 1 1

2 10 	 # U Shape
42.55780251204424 91.56308622163043 98.75338343861162 61.03793515092093 17.04116981467759 26.134957896904776 9.798623708043785 52.394064699561504 11.512298449083168 89.72300189139808
22.42574177344907 51.16391583555132 30.624898017918756 8.801527299974332 9.9891736873853 0.9081175501778449 64.96046671099162 98.95822492575643 1.1819958309691847 38.21432659166004
2 5 	 # V Shape
24.910193594225273 19.887622483848478 93.56657324354366 5.147986937981209 76.4490402530103
15.962312063490213 29.989805808730242 33.788252941266705 35.29994013149289 15.566989612788952
2 10 	 # Alloc Shape
0 0 1 1 1 1 0 0 1 1
1 1 0 0 0 0 1 1 0 0

2 10 	 # U Shape
58.323988818320316 75.68197905240665 19.68318371593024 42.4055674236703 45.841183532988296 8.509524722727202 49.35515643402045 40.960767939094225 34.37577599428793 32.35590793746111
66.86041227407233 84.47775859269386 57.821717247627056 21.269609469043505 60.339139516590976 77.55706288794248 77.67218862381011 77.43069953206283 19.373792607433792 72.03011393325977
2 5 	 # V Shape
85.74259989933373 33.15780262962298 48.442975838186086 72.11854061940069 29.17189247883326
46.3758477683051 77.24580748998284 74.70906360138129 79.62557602057304 29.110749546800076
2 10 	 # Alloc Shape
1 1 0 0 0 0 0 0 1 1
0 0 1 1 1 1 1 1 0 0

2 10 	 # U Shape
54.48582579015414 70.77703333231644 75.56155826168252 55.04497465769783 62.448183695645 34.17021416606356 54.43558781306864 20.375106125510335 84.22327720569244 41.54121688300787
13.894023695206915 61.99329823170243 99.71593259304164 31.350395683565758 56.92835573906858 51.74725101399057 34.88339716485302 37.380861752883746 70.49617802582667 48.93081514417029
2 5 	 # V Shape
35.84642873847758 26.985632052183362 98.72867922695588 11.000377483237623 50.93625718579561
73.26303967816976 14.442982816442562 43.33835470523031 27.238950248816074 74.2779055019088
2 10 	 # Alloc Shape
1 1 0 1 1 1 0 0 0 0
0 0 1 0 0 0 1 1 1 1

2 10 	 # U Shape
55.02468541662788 97.67775655439533 66.59108105263368 16.43955402481254 69.94057140429048 50.823138787359945 80.183299919891 24.58940439495041 8.086612412431492 42.13942470646883
37.81580381811579 55.53535309501151 37.273794311100104 62.0004013284017 18.617024327884025 23.03270725601594 94.96008325320744 48.97837975071619 66.95639799794574 9.6649524879869
2 5 	 # V Shape
54.798151954342046 87.21333282434506 10.684084347728561 69.36977294911125 31.89429381969031
58.48688948292688 46.46034051195838 63.02115702366978 91.5853735803117 85.874211666461
2 10 	 # Alloc Shape
1 1 1 1 1 1 0 0 0 0
0 0 0 0 0 0 1 1 1 1

2 10 	 # U Shape
56.670159730435024 50.91030896834741 45.37785160900535 99.10112719649689 90.01465523352601 15.142577922920763 60.767475183650596 47.82043133828816 82.86244464591645 92.94254509519651
82.876510815628 2.676703691902571 89.02708182425278 16.429847990240674 33.397227460555825 37.73011594614126 81.82809341277971 19.805308691961933 17.602604697827584 99.24360529903925
2 5 	 # V Shape
4.469874434409105 31.084888578963987 41.15835711828919 22.52632537156383 27.060288082145334
10.721772670927464 81.1020665849667 24.59800877058115 63.38517157236564 36.04378901528516
2 10 	 # Alloc Shape
0 1 0 0 1 1 0 0 1 1
1 0 1 1 0 0 1 1 0 0

2 10 	 # U Shape
92.75162708400106 93.30226187676534 87.8256588886791 40.1525312295424 27.89496611029252 48.09249966668775 75.68208313633393 50.88825801648179 37.52731886427574 59.77516640696615
64.21631853185382 97.85298456822153 62.15381952322243 39.34004315978301 93.48383717071745 73.18207463001706 43.0569631782998 45.95171267920204 99.87904088746392 96.35981841662068
2 5 	 # V Shape
0.6519602935150193 84.59551706096325 36.2481133906683 39.728661495454574 29.44596459776291
61.479616665269376 17.663557943678963 20.838185059400693 21.628822450505748 56.1426824327601
2 10 	 # Alloc Shape
1 0 1 1 0 0 1 1 0 0
0 1 0 0 1 1 0 0 1 1

2 10 	 # U Shape
60.03849247602334 76.60723991419141 27.681539893338936 25.514437297942973 15.913573585227624 78.14761004527917 17.52325413706958 58.95883211368814 9.979331795149015 32.2677669468899
73.8462677787882 28.385943782335787 85.26685503152203 83.4933188257289 51.279850198337904 96.31760880763427 41.16239079515703 66.33416698565449 79.05887821262814 97.24354136636268
2 5 	 # V Shape
38.62802321107854 31.83494288751062 37.59345000284213 64.15914441552061 81.9849483277934
41.079386760870364 5.569422850858851 72.18711990956557 74.84580251658825 8.25851050449934
2 10 	 # Alloc Shape
1 1 0 0 0 0 1 1 0 0
0 0 1 1 1 1 0 0 1 1

2 10 	 # U Shape
59.91806472802751 3.7243964161457144 81.55382653887234 28.15902695954221 92.53010930817673 93.30412413240283 78.78175045077981 82.69103116227282 30.306295178938967 15.855023545904679
36.644970956132774 39.325549273507946 93.58335243236881 82.98802986003807 84.04899875516601 69.33951381912135 79.7917673036475 46.45693916825089 89.99122081055371 97.03503236319627
2 5 	 # V Shape
41.118983498084475 90.55898273960102 71.25822058460683 64.19970204997965 52.581109400395164
94.42141935138028 36.25325493209988 13.989053513619144 6.028430493349468 80.81096191078069
2 10 	 # Alloc Shape
0 0 0 0 1 1 1 1 0 0
1 1 1 1 0 0 0 0 1 1

2 10 	 # U Shape
33.45373731967132 90.8137535680587 37.911492130067735 86.6771400880359 1.8645036501427015 88.67769747840647 34.95280842917102 20.176480858674616 96.84225079835952 33.047163535406696
87.64131448834078 85.95434950850841 6.813566238945801 66.0741488288538 38.53324071041344 38.131929935927836 44.82858349968737 36.5496748256473 61.780610587140515 36.18158482893239
2 5 	 # V Shape
72.18135354312413 30.916436401681402 40.15403243849425 12.548247873155372 84.0018319658635
73.37491241448966 28.847579879366712 51.580664248815836 68.81479255262745 80.71339658115116
2 10 	 # Alloc Shape
0 0 1 1 0 1 0 0 1 1
1 1 0 0 1 0 1 1 0 0

2 10 	 # U Shape
74.5573767176041 13.702095767026767 52.31519132791268 92.50415754003131 29.199682145108063 75.0854460592507 40.64554455028046 83.85669565781895 74.59509110832707 2.6795289090797647
89.41195259921251 16.855881828088705 88.0234115794199 39.56526453280295 5.240424705203539 88.25898062615798 63.26534186157397 28.979325003340207 86.74816242296583 25.908067118256227
2 5 	 # V Shape
32.93020722710178 55.40691590889425 60.18736416102922 47.04971108756322 79.15043874967373
54.11778375385803 66.23366013516545 7.865776685364256 90.45176214579898 8.088101666623482
2 10 	 # Alloc Shape
0 0 1 1 1 1 0 0 1 1
1 1 0 0 0 0 1 1 0 0

2 10 	 # U Shape
40.34172461770513 43.4930259285687 68.84467174338394 26.414166005354133 44.1125769765761 67.18219363488396 24.284481191453022 44.604563000295805 9.62310390919735 94.94186141113727
61.36998321355131 14.02185849315467 55.618070581582735 7.422679295804768 44.89843650587102 83.51526861723298 64.66637578587886 39.77416020873478 64.44616628974448 92.7489304008031
2 5 	 # V Shape
22.679054713975123 89.70351119519802 25.500485841400046 62.18360325683211 14.788345533547487
49.377663648735826 94.77711632499198 45.07249141636838 72.84366401949913 47.766425577190994
2 10 	 # Alloc Shape
1 1 1 1 1 1 0 0 0 0
0 0 0 0 0 0 1 1 1 1

2 10 	 # U Shape
46.19830377076482 59.50638333464884 29.650336090670237 41.94839022482725 4.7162663136521505 72.5914902791483 34.321610895148694 43.903783553670586 39.78152657892032 86.24483471260454
27.76143076886696 61.139218037071466 21.913211640693696 30.641462947745758 73.4408213056018 52.385612743963875 41.899550436726116 26.350379668755707 6.476168149784545 3.21195255465363
2 5 	 # V Shape
82.4251667347267 68.69991113507257 76.5068419761585 61.79775381588708 5.680785679749112
67.68572042987306 15.076377028518218 96.50336539842161 95.23384434403167 96.3388160536898
2 10 	 # Alloc Shape
1 1 1 1 0 0 0 0 1 1
0 0 0 0 1 1 1 1 0 0

2 10 	 # U Shape
98.90300165308736 27.324111688328056 5.57785873244473 9.453026507529117 49.27959093491514 88.51337820949404 5.011614634752137 49.81898071415804 41.92708667676259 68.20975603877187
62.00284162324146 60.158889936146224 51.0113810576061 52.31408848812848 9.58949840013037 46.57348138926272 26.81621966988056 38.66031001301706 57.66229803852926 78.43920703208337
2 5 	 # V Shape
69.29913353655328 24.32311204510037 86.74362892237333 54.925667789087605 16.006248046577298
63.63704559058008 87.99700995972735 58.69543880502379 84.36144740937097 85.35860145776634
2 10 	 # Alloc Shape
1 1 0 0 1 1 0 0 0 0
0 0 1 1 0 0 1 1 1 1

2 10 	 # U Shape
45.36690400616854 61.20733570947645 69.36984609944204 97.86024317147083 10.526073880888143 42.19493737830425 91.42331465732654 52.16587009345063 68.09502012105494 84.86669652932888
50.82004970365874 82.59163785985606 21.56727159761799 70.55809718445904 33.251649923933016 80.28235655058684 34.83773033876815 69.82089873154393 82.59941993699876 84.1855273152352
2 5 	 # V Shape
24.80926082053213 99.54513462113844 0.427644352758183 40.69325044894543 32.998274016025896
95.42931856243891 56.55157155514706 74.39607041801324 36.2569087725329 18.589540943159466
2 10 	 # Alloc Shape
0 0 1 1 0 0 1 1 0 0
1 1 0 0 1 1 0 0 1 1

2 10 	 # U Shape
62.05396391223525 57.51521525551293 47.46986888956465 26.187032404426112 28.865652990233226 51.4567120600002 21.29307311142098 65.88194221608208 20.628009483908393 70.97656606457736
52.11599313014238 83.50083053752176 98.67741492774286 1.1092715844224554 14.577039368407307 72.6516043524211 45.634414217543885 38.78686606887596 23.517145426682916 7.514838185518746
2 5 	 # V Shape
68.53684168152141 42.409026711731656 68.71267747469886 93.60717351779364 4.453944618444616
97.45574658165853 22.461078644819466 31.91945065533679 65.96791804946285 12.312541012433986
2 10 	 # Alloc Shape
0 0 0 0 1 1 1 1 0 1
1 1 1 1 0 0 0 0 1 0

2 10 	 # U Shape
87.45119830718312 25.73350662910133 78.13383081754921 57.344064106196335 28.22325197365869 71.98777821352647 8.775730864309184 25.60757064367235 22.99220758639836 22.99377008676239
27.38237448956279 27.768570000559134 96.38567442795015 35.86736462641616 33.37104953375795 73.41455948471966 46.21249879092766 49.33538910702978 82.9855110194725 13.55070170053998
2 5 	 # V Shape
51.89437209436469 3.89839930794037 25.359323607297156 23.961022845000212 36.82542307382227
33.02055388746313 31.497364153770867 99.77122962801849 57.653735449396784 37.4451001554101
2 10 	 # Alloc Shape
1 1 1 1 0 0 0 0 0 0
0 0 0 0 1 1 1 1 1 1

2 10 	 # U Shape
16.75217351493673 74.34867721975274 97.85571333411373 58.321755216531024 85.3843573868573 82.16151011809336 94.16476758813731 73.78471507613224 40.99191196460761 30.798243022698323
52.75078388616355 32.37409471340074 94.47994010617904 8.71353037964866 19.672529954664576 40.32481806275637 54.95949839791854 58.45723604001796 84.10695153430464 29.984951785842064
2 5 	 # V Shape
80.48722490912587 30.73281614984268 29.552811284976364 84.28469047877142 13.944329208841832
93.53212444051651 68.67191238671715 56.2172980084089 29.699438185246287 68.68797910964972
2 10 	 # Alloc Shape
0 0 0 0 1 1 1 1 0 0
1 1 1 1 0 0 0 0 1 1

2 10 	 # U Shape
28.038291518168535 4.588186891572277 94.44459564919265 54.98618923843345 73.26869666525126 28.10433056542465 92.6818967496133 72.09709232600446 68.28267479347052 25.30515790520148
83.15887504444282 79.17656528294175 46.679453676388974 27.678367280986617 90.87988878978008 94.598033304089 53.938152682605214 31.477840672250334 89.99700513305989 21.75547174267448
2 5 	 # V Shape
59.92085402703595 64.71917907205554 65.98298600237297 46.31737456817879 99.41956911052029
70.88676076734384 18.253706548231296 96.32902113251721 64.51865535986745 76.72772453894495
2 10 	 # Alloc Shape
0 0 1 1 0 0 1 1 1 1
1 1 0 0 1 1 0 0 0 0

2 10 	 # U Shape
19.297483160350115 90.36432231820008 31.959674110466764 14.720002850319513 94.27218601483345 19.09227641398379 89.63735239187083 14.452234716868805 43.83728957862157 86.1878366739155
85.39789386945219 71.04617895384827 91.55617884582571 79.51437425689704 80.58181513065145 44.339640085287634 62.590032609128365 93.22528646644017 16.343504101217942 74.90742027506873
2 5 	 # V Shape
40.540064930992294 57.182742165448644 8.575909794857417 61.996601933244044 82.04928776039269
47.50665053857263 96.61716573495946 57.66267401682874 32.06552090005459 67.94122301877373
2 10 	 # Alloc Shape
0 1 0 0 0 0 1 1 1 1
1 0 1 1 1 1 0 0 0 0

2 10 	 # U Shape
16.573840842650746 52.43596496863906 82.65581207898755 86.46740679635961 30.970317918223156 48.78566844756782 43.62175643948335 93.45334577950428 0.3698001472122403 99.4776959699799
15.46268081733161 46.76091769954523 12.534756717484285 54.961640930688205 20.9676372412388 89.15437945756062 89.6702260597748 49.971487223044754 12.341507855967793 83.53544885984954
2 5 	 # V Shape
18.340709904411746 66.08235740598259 78.6282655964066 85.60403727205772 81.38273327698697
64.71000163526095 60.041940189393564 19.3264079539763 66.69706735977975 0.39856941951339486
2 10 	 # Alloc Shape
0 0 1 1 0 0 0 0 1 1
1 1 0 0 1 1 1 1 0 0

2 10 	 # U Shape
29.156923328534933 90.10299590077821 20.665366596660164 49.22219702601153 65.99013045023 82.00117065609402 49.86108133056344 62.58502032502326 9.057709154999415 3.8978506798799994
22.773308390671176 92.77149927215928 25.91616974161479 15.906610667129407 58.79738816855449 14.523816758727182 24.02062924887769 67.53188075667691 1.4234745281166306 59.44050780413204
2 5 	 # V Shape
20.816369960162096 22.190286862070842 34.58641340459163 15.591441166983778 93.97187839242139
42.7269661095349 26.949585617296723 59.57540610745337 17.769800353011746 31.700592467013024
2 10 	 # Alloc Shape
0 0 1 1 1 1 1 0 0 0
1 1 0 0 0 0 0 1 1 1

2 10 	 # U Shape
2.3388076209966857 89.6752946512945 12.408474740421916 96.68190656907383 81.03729851412304 56.67071855553713 17.924719160769797 74.87456714660074 13.189801551846802 29.366302082423434
23.264041347426247 18.781281403429972 39.56488957155357 75.69810384841844 53.862272842660396 17.073425668522024 21.554587674060897 54.93706820534483 98.98362544710275 71.06074258069181
2 5 	 # V Shape
11.524221909004051 22.2437646153423 13.369880251620447 81.65795086148081 55.4265802092543
42.825512595781525 23.15098931511359 30.30713331897591 43.85791734903594 18.75582239919522
2 10 	 # Alloc Shape
0 1 0 0 1 1 1 1 0 0
1 0 1 1 0 0 0 0 1 1

2 10 	 # U Shape
74.90741800357101 69.44112901479333 11.399765804197015 50.18398816718943 68.65507946808181 53.24059052546771 72.25041457064039 15.949885617507487 21.36281818167739 64.60960874000628
4.929394289014921 23.483339436252404 4.726364214728685 98.70955616799877 19.39307581851477 71.84747128693023 47.90264318417714 98.58656953206209 69.2954053655034 39.289919329979504
2 5 	 # V Shape
74.69357494734477 95.67423243113147 24.159965098586532 45.09768516167685 55.44866817922474
53.9194900687862 17.220478843375975 18.083411501761816 12.846714348307387 97.16458886397909
2 10 	 # Alloc Shape
1 1 1 1 1 0 1 0 0 0
0 0 0 0 0 1 0 1 1 1

2 10 	 # U Shape
67.45585205675451 80.77103962229553 68.16276775314812 50.75259905941697 85.82620140488999 51.96549705849498 98.4072508526486 71.0004653302284 46.056659778698894 81.06982837577414
88.32779729828783 87.49497942658309 39.5390098310535 23.205995371887077 68.00383776967037 68.11960717623896 88.60354610455559 49.79262116583318 89.29883501302501 99.54084094391979
2 5 	 # V Shape
42.45682792811372 83.04277738799463 48.97735609379609 39.80181219178236 88.17786198936493
51.55314168358789 50.47408963734771 82.43910135106631 99.55207132275355 6.264229862588122
2 10 	 # Alloc Shape
0 0 1 1 0 0 0 0 1 1
1 1 0 0 1 1 1 1 0 0

2 10 	 # U Shape
85.26415418621073 26.095724864638026 58.47641291786188 39.273280004363144 81.05259467151964 41.572049880195905 54.88068917646205 49.65149096053649 19.281326807253517 87.70839664895851
39.33006635869696 47.33134938917088 41.92353347228629 60.932171299203034 86.10026198650797 62.352525608528985 53.340315661916115 91.2037880342899 80.67086908193536 24.45596128014501
2 5 	 # V Shape
22.030673042242654 50.270082743558056 20.54748050298183 4.362258114963513 72.41432698719643
22.511051918104485 41.858696299231426 53.456971717168145 30.561369221566192 93.56901692502218
2 10 	 # Alloc Shape
1 0 1 1 0 0 0 0 1 1
0 1 0 0 1 1 1 1 0 0

2 10 	 # U Shape
27.864427780137092 3.4293510563869423 39.42023851050762 14.317669493889218 97.75546325899975 50.07912382164703 71.95747699517273 95.08792632232321 59.32454346698909 55.39658149963272
4.247743156759142 85.99283824788596 2.444230715623563 97.15745773367821 94.29063962156003 99.63560075320879 98.94248247418751 55.57692714547199 79.86049986628176 12.488970808785938
2 5 	 # V Shape
30.46430713386443 86.13684075068781 13.387285652517388 93.52350372979107 72.52873005429767
18.3084516575029 91.15130975258322 0.38212191593691713 6.250217798988578 12.954449899431374
2 10 	 # Alloc Shape
1 0 0 0 0 0 1 1 1 1
0 1 1 1 1 1 0 0 0 0

2 10 	 # U Shape
99.10381755067915 91.04161869749413 84.8550142480789 88.40248026964704 5.206320071257931 82.57412700580399 29.903728058309053 23.624443137963404 6.099656846621871 57.858106327549564
52.84001538090111 24.157248906854512 79.43090787298998 90.74406095193481 75.87358015739483 8.626977251940282 71.2950544692579 93.01261253882356 76.14587586514557 98.86614074982673
2 5 	 # V Shape
98.76971377964719 89.70372924482004 31.49616981210669 9.77915966697227 92.43917947699934
6.870442740787763 56.64385120275146 21.062293374091112 35.3072691691142 61.05264692845085
2 10 	 # Alloc Shape
1 1 1 1 0 1 0 0 0 0
0 0 0 0 1 0 1 1 1 1

2 10 	 # U Shape
36.581898591693474 16.810668734001176 75.64981803059989 93.78717597497568 60.37518915578182 20.885585735974953 99.37145499449112 77.9323503836544 89.8372885420494 49.56649361513927
81.29603807981682 71.98719782227973 42.75203761531387 31.887932044027668 33.53055134809602 37.00772274583174 74.67166575101636 30.139536815115374 70.8240323473996 61.39758947906373
2 5 	 # V Shape
79.6217828090473 80.89079037162062 17.128571631200984 15.652697928067239 12.60578309735687
34.071302878724474 52.89980904940338 18.225652276695026 5.512101362369403 80.82665290171991
2 10 	 # Alloc Shape
0 0 1 1 1 0 1 1 0 0
1 1 0 0 0 1 0 0 1 1

2 10 	 # U Shape
48.996422340378906 9.165881748144301 73.18900704632391 89.4389076266026 99.17835465517616 53.90040971026095 17.720237737203213 76.86581739570853 40.3035167563831 73.5262119290299
15.464947862427925 64.08817054001226 15.073002005351533 77.7394526496461 73.58647000892965 29.25375471829782 66.954085002039 85.58078808069341 6.527775201625041 56.5335268965046
2 5 	 # V Shape
57.11877411946752 98.7127918180455 44.8093063334482 13.40926698184617 89.84371174991395
33.33478217708405 60.05307541455309 93.55867139832196 32.544992973696765 79.97702728732165
2 10 	 # Alloc Shape
0 0 1 1 0 0 0 0 1 1
1 1 0 0 1 1 1 1 0 0

2 10 	 # U Shape
20.14660394714962 32.928464004203896 93.53041480688623 30.138087207302423 36.57047264103191 18.669693802541442 78.2134749447448 85.33978178978673 37.31786636638185 44.35732364733616
29.810929645080485 46.349223880688115 27.38938866143179 4.299148520608631 58.64528443030136 28.255379017993832 17.51789868240673 55.90773607711157 33.36097068307926 4.40085740878875
2 5 	 # V Shape
84.72412772055863 61.82313348692414 38.29493020888839 51.770016960816335 12.927753389958674
79.15653619191015 27.699238219219367 6.051281733614777 10.699838859926825 25.85928931503997
2 10 	 # Alloc Shape
0 0 1 1 0 0 1 1 0 1
1 1 0 0 1 1 0 0 1 0

2 10 	 # U Shape
68.47810232396448 86.41253690934467 66.4411288561791 30.441806273452098 31.520366123197064 5.067589796756167 41.32445590335316 25.482381217757812 49.468892500408245 54.42521334710371
2.4860795351863807 31.06556055406543 74.73918833912091 67.09877724194116 18.883160970937297 80.83650571528716 95.55668941738618 38.33644347955859 19.45832429672426 41.18644184108806
2 5 	 # V Shape
10.018361755010584 99.46094653806148 66.99627920311184 39.01650325944801 76.56637690453131
77.11644479198988 61.84341031437617 86.5884950627049 59.7455453404241 46.04708574613291
2 10 	 # Alloc Shape
1 1 1 1 0 0 0 0 1 1
0 0 0 0 1 1 1 1 0 0

2 10 	 # U Shape
63.97294886137421 4.211362820667985 34.52127542629477 60.7968423445236 91.1482899513203 19.42612488253329 30.901730810295657 85.21050783963491 56.592957604180214 67.14541387159048
73.86977953319874 79.54930505399861 39.48125651359785 52.37593914740467 31.875498485040467 2.591639395740397 68.68772795206854 24.23809899369128 74.70198638366462 63.14592696197532
2 5 	 # V Shape
39.330116943463146 20.235062001101547 10.924952073215676 18.965125015574856 4.137418548690031
59.77771762563737 72.95093614146536 91.16355811996806 96.00137947948346 59.38383592817765
2 10 	 # Alloc Shape
0 0 1 1 1 1 0 1 0 0
1 1 0 0 0 0 1 0 1 1

2 10 	 # U Shape
89.93267726601832 80.82966819986275 21.332377485510754 15.085935451996612 97.15894291541076 64.14786733029935 5.757812222336467 4.683980669311172 58.68515937770623 35.72467639917741
37.43504504430623 22.85496489811504 18.825506321767136 57.03114947692099 96.79478395319214 11.007607149534104 56.405774990201415 29.214004786225857 95.8462200313717 96.44099350030973
2 5 	 # V Shape
98.47968141127248 15.945007613925032 25.120260597112765 32.70461534363564 34.6577778304731
51.08963115531392 70.59686330324631 55.01803106188405 88.75780006923178 70.48073399223784
2 10 	 # Alloc Shape
1 1 0 0 1 1 0 0 0 0
0 0 1 1 0 0 1 1 1 1

2 10 	 # U Shape
23.11199916467883 28.572575729489415 55.202276837306194 80.44632486176295 87.18864850537832 55.042866281887605 71.66173340595087 25.825363673711987 87.17023945506307 34.45038703836997
65.72090698965204 35.42721054736161 43.01201577777037 51.613081097988115 95.16150881323549 53.958151644602225 11.203590908801864 42.70447690993122 62.541748034529284 3.354436529128646
2 5 	 # V Shape
78.53337623962585 89.97409142278859 40.84755440710598 68.60877434683294 82.99845898284529
46.51509325779741 85.64571405188612 62.6252891478351 74.7862877624899 20.635930568287076
2 10 	 # Alloc Shape
0 0 1 1 0 0 1 1 1 1
1 1 0 0 1 1 0 0 0 0

2 10 	 # U Shape
56.231347129522035 95.91685981460985 31.299451440431813 95.08556466638547 14.388680636789609 94.98584968500938 19.603642252196284 10.67492376010286 90.41136273084707 80.25593647877815
55.95225691562173 7.363294235522877 27.117180683405838 80.9437599477522 14.948792130431599 93.70675999571696 22.744518809799217 1.9302366244138058 0.2327750602396983 87.01374913333188
2 5 	 # V Shape
95.02652624838932 41.668965051814986 12.02261122069107 23.057338673076 92.62964904859582
75.52948749451336 51.2613498926788 79.75385055765048 11.551437385170493 4.53776299978379
2 10 	 # Alloc Shape
1 1 0 0 0 0 1 1 1 1
0 0 1 1 1 1 0 0 0 0

2 10 	 # U Shape
39.87676992402708 9.68642808833523 83.88468784999696 56.61612662357275 83.67374094473155 2.8091318651062624 41.028131402899284 64.63548566013529 85.32038506727285 7.237398904404923
3.665298283429308 64.04978610075415 23.317534546050524 45.107930635708726 71.8628153230472 92.5594279735413 89.86934877555551 7.302765010367396 49.16350395337202 8.225369872816756
2 5 	 # V Shape
45.733631072272686 48.412868552287534 32.90942248992504 18.704035719576474 46.95584768487172
17.51663042727123 48.87640616071016 73.40273692677151 97.06710401482454 23.455694525508687
2 10 	 # Alloc Shape
1 1 1 1 0 0 0 0 1 1
0 0 0 0 1 1 1 1 0 0

2 10 	 # U Shape
83.59380578120212 48.79087182989315 54.37048276956769 44.85927265032884 26.6731921509634 55.44029794630983 77.47799401958815 68.15185322316671 32.54500992189372 41.68695433311631
3.758175058761515 71.60966303733422 72.64067456735519 74.01823940144253 76.57868178744789 23.105542600339156 43.55471086359955 93.75212574125788 67.18604729106414 40.67574130983751
2 5 	 # V Shape
3.019358913213843 16.614290307718484 17.149221819125003 93.52846607380035 91.70855911595372
8.794750467738499 49.7977276838479 22.73481021725385 64.37975360118571 40.989809031449994
2 10 	 # Alloc Shape
1 0 0 0 0 0 1 1 1 1
0 1 1 1 1 1 0 0 0 0

2 10 	 # U Shape
30.839646069595084 35.61803308526549 63.863171150365794 76.52932131497336 50.08814301964166 66.19735067820133 81.76137227375959 85.20421952014448 26.58309730725802 77.01965758447986
56.95992671007316 18.795510797693858 20.08315703135676 18.79592716148576 33.94072557927411 2.66776281080896 73.85083325158554 48.741228151485885 48.88505188682826 39.798804704984526
2 5 	 # V Shape
47.30969341687722 12.283571897016031 45.71386631073706 83.42068154875679 4.002387063563296
50.40354555902334 9.195035297385989 52.07619828105092 70.78068543460994 36.80123211718488
2 10 	 # Alloc Shape
0 0 1 1 1 1 0 0 0 1
1 1 0 0 0 0 1 1 1 0

2 10 	 # U Shape
1.2333459186922524 91.61737966807868 10.817165860258937 61.15424461918687 30.926521698519437 79.1426442141872 30.718339249128114 8.039954081197088 15.119607421091786 98.49207747724451
97.43846796801151 44.18955755009571 68.21377458006891 68.32888415190826 5.638258718139877 82.53952347716951 43.39006789213188 31.84293100556331 69.1481782818412 88.40430971101603
2 5 	 # V Shape
93.00037314426172 46.354151395360745 15.785252967390761 79.02225900616803 23.9042241751382
44.366133147512265 81.99137460646327 34.00060892764781 22.59649168543024 1.042840324638139
2 10 	 # Alloc Shape
0 1 0 0 1 1 1 1 0 1
1 0 1 1 0 0 0 0 1 0

2 10 	 # U Shape
13.600245929717204 24.481305612255245 99.82197359233125 25.50239638844577 10.589323680061346 61.599517025402406 55.79185644887193 48.15325937716766 25.03198750379535 2.2674193968150735
58.34716444016353 65.35604544645702 32.204170463129046 20.10830038734335 36.841900017024955 14.214075558182039 95.6049141538781 58.14111624510557 63.09994232799752 29.724604749543794
2 5 	 # V Shape
89.83110020126315 54.9812293523613 93.15071644964158 37.78167413568866 57.89098140665499
26.348910383072123 25.526960380882326 23.55853241362911 3.0212969802915213 38.79208070626014
2 10 	 # Alloc Shape
0 0 1 1 1 1 0 0 0 0
1 1 0 0 0 0 1 1 1 1

2 10 	 # U Shape
89.6709853549648 7.587028597807366 64.5102710875163 46.5341373806767 94.93362662050593 59.738236902270636 96.70421408244347 12.236488996172968 2.643995988043635 80.24355602369945
41.10272940615112 81.01837242344297 64.41201651665995 5.877647102882211 11.458099079555407 30.836680730177534 5.922919237954227 80.27772648560722 5.424965174877771 89.77651919854246
2 5 	 # V Shape
54.85717752994687 30.264910208682828 34.48740836142933 29.213283348888687 40.82647419930922
18.32734778459316 3.869108998638049 14.10239032958459 16.842213516058603 29.82238867767084
2 10 	 # Alloc Shape
1 0 0 1 1 1 1 0 0 0
0 1 1 0 0 0 0 1 1 1

2 10 	 # U Shape
9.429711686766451 4.7551990931078425 92.18185117929207 28.595160550367403 38.51723284486166 84.20276633358455 85.85721772771943 4.385095552500806 12.201863199444263 86.76038303563111
76.13823882326875 98.88976387212684 17.251139443774978 28.04574901390233 32.21458547164132 19.805199019220964 14.081810299856057 51.88525076412507 86.92410311879841 74.49990661799629
2 5 	 # V Shape
94.35554535553152 66.70573771162974 12.99405011943099 10.548116155482534 59.036290618597675
37.66549887230665 57.604734238509614 91.5772958379828 39.49707226802599 0.6074888737049311
2 10 	 # Alloc Shape
0 0 1 1 0 0 1 0 0 1
1 1 0 0 1 1 0 1 1 0

2 10 	 # U Shape
96.30196615155236 2.305974654253462 52.98732477894789 1.4475494186377724 98.29275396700558 88.96863304539822 20.662770678096877 90.93233418317429 26.834304885433912 36.01015364033239
98.0743808185728 18.903323400153226 2.752906895135032 77.97029572533906 41.411467161458525 19.347312291270967 57.14695445902274 71.07592032928784 18.66873259052121 38.898425930532156
2 5 	 # V Shape
76.08792260280651 7.779355197619586 53.29635018186989 55.001180239664514 77.12220966939982
81.85862089452574 41.9746432870628 89.18808409272648 13.516213493302908 51.11958426341437
2 10 	 # Alloc Shape
0 0 1 0 1 1 0 0 1 1
1 1 0 1 0 0 1 1 0 0

2 10 	 # U Shape
69.79005058232269 61.91288266923116 67.02807149986755 99.76375467813723 78.59399379129886 54.46346843131686 88.3091804119378 76.75539139820054 73.94973362434091 7.488032399538769
87.36789797778619 79.6375674866034 21.519459041501467 78.74072917021489 23.943468656496602 78.57391085475862 41.65358732370432 63.687400519460155 28.89754498478425 17.642975253980396
2 5 	 # V Shape
26.459668770439194 32.60607728743907 53.34521421255359 9.201018934324946 63.546605510297894
18.208107304263343 83.69989763253426 39.82148862437281 92.99300453143961 5.938052503137303
2 10 	 # Alloc Shape
0 0 1 1 1 1 0 0 1 1
1 1 0 0 0 0 1 1 0 0

2 10 	 # U Shape
78.91512301145173 75.84143129970344 90.27318009755449 19.39893137222837 7.305800231211535 74.25283781437962 51.49492035019241 66.10111767935949 13.567791459628587 66.00850910910015
95.49124555213255 76.13247420151336 56.7126563886245 21.163092706317343 29.480983324275766 74.56541764141872 98.89298827245415 34.9886085043063 84.31810189230008 66.53203488844723
2 5 	 # V Shape
99.86318542667837 67.46194064165256 56.65659130167858 5.683723900236648 10.828574839166716
18.55347125724357 27.46697381021457 15.807397534483458 57.58391199881396 24.22171360603239
2 10 	 # Alloc Shape
1 1 1 1 0 0 0 0 0 0
0 0 0 0 1 1 1 1 1 1

2 10 	 # U Shape
43.01921119248268 36.58195771027557 34.465150032536485 82.62213660306087 96.74561421090529 72.97654275199231 41.50278952284887 6.238470484073999 88.10270777245174 66.49260070458148
6.659442930072168 58.12172147745835 33.79815453299755 97.63622870388616 85.1012319830992 91.25151696635719 46.26144080691541 27.803511204575926 5.218923575421264 86.47550008738071
2 5 	 # V Shape
24.001181841379005 38.845490641651224 1.3601275070239782 10.33009154883061 51.25383214122603
66.81622312924068 42.271432338597194 39.840374925365865 28.142769370878874 82.82064527229134
2 10 	 # Alloc Shape
0 0 1 1 0 0 0 0 1 1
1 1 0 0 1 1 1 1 0 0

2 10 	 # U Shape
39.797312215671575 93.2453648117305 19.729633759480237 84.46289396392008 41.91122426509351 83.92474336195805 91.4130831206887 61.217555478313656 68.7692592967947 22.464783964148527
58.4583792200658 29.871299292912102 7.459685762821422 7.155438578958284 39.84348620058037 96.62678620264509 23.062108413088644 65.27357286180224 76.73603860121366 60.38119024367996
2 5 	 # V Shape
95.33539140530478 81.61464171635696 77.67999350520026 84.97122734618868 67.46316871611302
48.680053563053825 6.215488762602972 75.48704312423573 1.9119327711705325 9.89489214046506
2 10 	 # Alloc Shape
1 1 1 1 0 0 1 1 0 0
0 0 0 0 1 1 0 0 1 1

2 10 	 # U Shape
51.28316426841489 55.16724187113834 29.9832185457388 85.38180450427191 75.26371472606658 22.36568801597206 49.63524141134411 73.35294619949514 33.027356917133844 88.6347004251822
94.51454382240495 9.84141341494038 32.761412122137315 20.59293540088831 54.34011176261156 18.180248651545185 72.67628642284963 42.708815539516586 46.027712676133326 80.37019240119366
2 5 	 # V Shape
22.541108967622293 88.69292793765317 57.00805097382062 53.96845982258212 10.075169480824986
61.30044424659333 40.401121131655096 11.46254202403595 26.675439499727858 93.44659108352361
2 10 	 # Alloc Shape
0 0 1 1 1 1 1 1 0 0
1 1 0 0 0 0 0 0 1 1

2 10 	 # U Shape
45.10687949037882 22.157143616730046 12.150653421470793 90.75876848049961 84.24393106471062 21.893136617754482 99.71475948156503 78.74520295409025 14.026978072648033 48.5387365078198
70.12967585002436 35.3058348825105 63.551545053958414 16.985410359161733 2.927585210826078 79.11384029768541 15.042609555416753 14.411663407226893 22.4226924739109 82.45185713335356
2 5 	 # V Shape
16.899734274674362 83.9184441883481 30.800157386377357 91.15359208033675 54.67320058559447
9.606537823609207 1.2909914627245112 50.95564556720955 62.23274604938835 23.718655369677023
2 10 	 # Alloc Shape
0 0 1 1 1 0 1 1 0 0
1 1 0 0 0 1 0 0 1 1

2 10 	 # U Shape
37.19541772884898 1.0274076715468317 36.701223597508715 83.98802848740681 0.7216933436506312 81.86918536481443 81.55255457623987 51.170411231445335 25.569254375573745 93.8753739797375
28.965361454118632 52.270526235131534 40.19230298811007 92.57216106661186 53.03037772825603 94.03837563099378 37.51623454349635 24.32138181894723 67.13503094620086 14.762253927592361
2 5 	 # V Shape
98.16460219076755 58.63434893978652 33.223094506234766 0.3711878938701063 80.3712767693698
42.53809419047303 39.92873930610036 53.23253117892291 53.94606225712151 94.39992036415886
2 10 	 # Alloc Shape
1 1 0 0 0 0 1 1 1 1
0 0 1 1 1 1 0 0 0 0

2 10 	 # U Shape
70.10063411098513 49.39405307416417 78.82434316873236 72.77822141778859 48.00997550105176 62.94309222687827 20.232144141525264 31.217211763535612 84.11046205101759 27.873784120572452
40.60981984297668 67.15716508351835 92.86611179320519 17.32070313170999 24.996492751558197 48.717766676819515 74.47467330117931 11.345966478767288 25.871215529041024 45.719304073472344
2 5 	 # V Shape
73.62317791576581 94.91925994640002 28.73998842578733 55.69910939952414 82.99748851383288
93.4925693501895 36.61853416938945 84.88811414128973 11.215574976551068 66.1045389452984
2 10 	 # Alloc Shape
0 0 1 1 0 0 0 1 1 1
1 1 0 0 1 1 1 0 0 0

2 10 	 # U Shape
1.7215285224093657 67.6469625031996 73.81298789932599 5.567352228356082 60.887255599279335 32.66740972075579 60.31119815573908 32.23242823046788 35.58236516481126 88.34032888325693
34.54610684023187 60.143031252143246 44.456775768487866 66.23048990569069 40.88276841954117 74.89260151175789 16.609053465731073 97.66892210699615 90.17218836985786 45.04521444141181
2 5 	 # V Shape
15.79504212770102 76.29652444747315 33.25968580479805 66.92496542279333 22.645179916861647
47.84813748480124 72.79189589162264 98.73570725323061 29.644562480012958 80.3900216977963
2 10 	 # Alloc Shape
0 0 1 1 0 0 1 1 0 0
1 1 0 0 1 1 0 0 1 1

2 10 	 # U Shape
86.09867025178835 40.68428446630716 11.800037496348681 94.78913650110196 39.367788166346806 82.84884253754454 76.71053950458 41.78586923426605 35.12981873713651 60.057508208127565
55.901515582456774 58.70124030628351 11.600918720762666 17.339424494835765 56.788468467286556 78.47020979669944 4.094088520388606 5.560978952226003 95.10071878226829 51.72943129162556
2 5 	 # V Shape
11.368852975409904 23.230163863315546 29.249465064050806 67.59460959544413 31.241062916779338
71.8507046293955 65.47320563810241 25.756000494561647 33.97376642222687 67.67264530073435
2 10 	 # Alloc Shape
0 0 1 1 1 1 1 1 0 0
1 1 0 0 0 0 0 0 1 1

2 10 	 # U Shape
20.063092305893313 56.05738398555692 61.32648373632305 83.64997593518696 0.7355722724116553 69.91089030434405 35.55765658836682 69.00459007446578 7.4840334893439 63.25327860495672
57.41062263002189 53.60990477983315 98.04488039262932 42.738528755463534 35.30577841547478 68.38410304378031 2.568420085080103 53.93851507309536 14.909814275145884 50.81868813210807
2 5 	 # V Shape
37.63564701739776 36.14714854650857 69.1711861855143 95.64509400262311 72.55109464037106
84.18845589166756 66.15176805616346 87.34384280695103 94.84083637362913 61.30118817055037
2 10 	 # Alloc Shape
0 0 0 1 0 0 1 1 1 1
1 1 1 0 1 1 0 0 0 0

2 10 	 # U Shape
10.199815484129871 19.43824175457075 65.5053989547675 87.11314199420109 48.65556559721378 30.257421823378827 3.7728283332351564 33.10334972011477 78.26180238595887 45.91792094974546
75.87790011587573 22.82384083761301 2.873800364697965 52.44878417202684 1.1840529917012788 53.428875247364374 9.164518523295861 98.11875597437027 1.4206901180095377 42.0562239352542
2 5 	 # V Shape
49.907212972685386 33.2805132639562 47.49645615913036 67.16297741319687 91.334652772796
68.124574671843 17.782140240787015 71.11199778859566 84.57581279501926 57.90211450688726
2 10 	 # Alloc Shape
0 0 1 1 0 0 0 0 1 1
1 1 0 0 1 1 1 1 0 0

2 10 	 # U Shape
13.929580597442826 99.29160402018995 70.82628380275438 76.4353699405972 97.32144649499672 77.91669559018105 44.56744506967168 9.420847324041926 90.53286602456475 89.47674503788346
84.66520842466943 2.7691628450659977 55.694724909327 35.001748946511235 74.250121392501 11.02492989802254 3.246048554326808 28.989812922811787 38.206538161176695 23.620797288419027
2 5 	 # V Shape
60.302042697041436 46.80707824404905 28.148523302252205 18.146432619354734 90.41837415927174
42.128756209974874 68.96985839522098 19.679209987042245 88.46833431366375 25.658526086699418
2 10 	 # Alloc Shape
0 1 0 0 1 1 0 0 1 1
1 0 1 1 0 0 1 1 0 0

2 10 	 # U Shape
93.79807956209731 30.68929771038761 92.75950813781043 89.87194095977533 27.751259201014655 19.896700310159932 18.12778371694651 63.29290010488248 2.1906628717570653 5.2138986309622215
2.61481230237105 14.782951427136915 21.96348038840654 65.28809088640006 34.312536149653816 23.110247311659226 19.338415273429487 71.39501457114315 44.804725092223975 70.96119399140657
2 5 	 # V Shape
7.150764214783356 32.30948375855763 70.22372979767023 8.30869086969932 44.97412914537505
49.64509507776151 8.506551297099453 78.17266916160723 41.21502312238076 41.1212730955122
2 10 	 # Alloc Shape
1 1 1 1 0 0 0 0 0 0
0 0 0 0 1 1 1 1 1 1

2 10 	 # U Shape
74.739131562174 4.839727155499429 42.599504984231075 58.9012679442052 70.17917257149116 81.60443681863104 45.23757972422824 50.152731152877884 8.604866394740995 53.24480728018609
9.459912265846404 57.867596806052866 1.4534798599336818 58.435757928234786 47.81240851718982 0.47872284949285193 74.85963308046436 18.755153597420183 20.894783836021634 67.6266219854328
2 5 	 # V Shape
59.37006085212442 30.027855860772203 67.19063904347487 3.8039190237393883 72.81369349637464
81.23518025073874 87.41634721122242 35.51214136931116 47.79130565533409 27.818949947785043
2 10 	 # Alloc Shape
0 0 0 0 1 1 0 0 1 1
1 1 1 1 0 0 1 1 0 0

2 10 	 # U Shape
75.9141562535393 30.21248099891506 11.476888575698553 18.399608557232472 8.8748530843202 11.600784213846115 74.20287442877841 30.851865228848684 28.5409300191259 73.83957335717251
78.87405509052068 88.90027678829662 24.108124786132244 47.669529317546456 2.938500519453635 75.64565440598814 66.92003584947412 81.1699860686314 40.23071984902895 33.571979974667165
2 5 	 # V Shape
57.47579796132214 69.57047564574947 41.38176569976417 25.148908997684227 6.508950433681504
33.684469433644516 16.968441748737984 25.30048300518002 56.25317029220942 99.72241225231564
2 10 	 # Alloc Shape
1 1 1 1 0 0 0 0 0 0
0 0 0 0 1 1 1 1 1 1

2 10 	 # U Shape
50.44535468391429 66.87003064714847 71.97122030134648 31.15851381330509 13.662879988636668 10.412879591603685 74.08059582356769 68.64568799514768 41.76164762807969 63.656376021371194
9.212900250036215 64.25251111316344 13.204580544990907 36.0691539304842 87.25574422117742 90.34404045735923 24.27733873201773 3.464881940624387 39.49560329330131 97.07058705392606
2 5 	 # V Shape
67.91090457438332 81.77076768203233 84.241754580682 11.090043727077648 83.77354873475831
82.90456482097167 26.335347269186883 36.1571620364593 31.106990048078732 10.78753907252501
2 10 	 # Alloc Shape
0 0 1 1 0 0 1 1 1 1
1 1 0 0 1 1 0 0 0 0

2 10 	 # U Shape
4.465610630342443 97.42479088845577 39.924562170015896 3.6463675038839294 40.69805832433612 86.35655508516746 32.13173134073127 19.15030883781541 0.28296648296504134 93.89234833595759
21.011504831654836 49.937621122389366 65.79467371797762 52.25382803170449 65.1288702299821 11.680564127192127 32.946077392546535 18.215376360279244 58.64035802748235 67.13316600912937
2 5 	 # V Shape
30.1301966966531 31.459320456799635 0.5420675857118584 64.9470744442459 92.0175415466109
74.79731140410128 51.697878125086106 60.375574093530346 39.61283858605338 95.0049362832808
2 10 	 # Alloc Shape
1 1 0 0 0 1 1 1 0 0
0 0 1 1 1 0 0 0 1 1

2 10 	 # U Shape
59.26579526617294 62.55121204684409 81.38891950562088 26.15075693014881 17.868581337429777 85.38493868735277 9.385936877190993 4.063336420042962 68.44896179290483 62.579442315534685
98.32426191825017 93.88864180433272 71.88895041207397 30.85102751226241 32.92662459448441 13.123452617318199 10.177736314017338 64.89370296285887 44.97337325811438 1.1901540147366663
2 5 	 # V Shape
20.27328633974651 92.08337658868025 21.909958640997328 87.20429643539494 11.809842732480579
36.277585284313 89.4030469390517 74.18874652856464 77.12789489259794 93.76471281929777
2 10 	 # Alloc Shape
0 0 1 1 1 1 0 0 1 1
1 1 0 0 0 0 1 1 0 0

2 10 	 # U Shape
7.9225142359703575 34.945776154849284 22.426670078106103 13.865599231931059 38.95502752275545 36.47708992332011 34.568274542045444 60.32038106788392 89.03378712625164 14.088349711589732
37.78546859101528 38.894614006008645 4.215738007595171 43.86978740475323 19.84210870355555 54.272097219119594 27.372158950817116 78.80963070013568 66.79425812677704 24.109660195961936
2 5 	 # V Shape
76.61355955398874 73.25174697277602 45.354142045782474 31.021745151817402 99.1433885296918
16.261543261025924 6.4883502872883465 40.018021931317016 52.135280892971494 34.861013314869474
2 10 	 # Alloc Shape
1 1 1 1 0 0 0 0 1 1
0 0 0 0 1 1 1 1 0 0

2 10 	 # U Shape
66.43280451646247 76.78047741857785 85.97634473975975 13.803959458100179 49.42850424531194 65.5497902869337 88.45345065848136 86.10727245532117 70.6521253467545 40.73309685308351
60.55346442416276 2.897545990133521 15.496544556892712 9.115259814282584 9.852784178654472 17.197643873275403 34.37171157504524 79.85985554979905 39.133500622306904 92.05915848535645
2 5 	 # V Shape
49.74904298161149 42.20412956422375 10.47223441609696 97.43796743752011 3.951377277681223
9.237752334076077 6.300755872619868 41.963313383098956 36.03696237017924 41.537013741759935
2 10 	 # Alloc Shape
1 1 1 1 1 1 0 0 0 0
0 0 0 0 0 0 1 1 1 1

2 10 	 # U Shape
59.24564372436969 70.67453024704267 94.6231700839577 59.38675262774923 66.69883729594727 28.577890359231027 16.06887384365231 32.51392923133911 33.42056458380876 89.09047525240496
34.99819102806775 88.65711651321172 79.92586157047943 49.97349064632747 14.581872742133628 1.179446810659801 64.29928500981869 72.44292358821696 73.03119779992771 45.059212841937644
2 5 	 # V Shape
40.30936508799332 83.0753770577944 89.99903640356482 1.7640968786483135 48.60126703983217
87.74534631414099 1.88316233022926 29.304876735515638 1.3395677000956008 37.42027394784277
2 10 	 # Alloc Shape
0 0 1 1 1 1 0 0 0 1
1 1 0 0 0 0 1 1 1 0

2 10 	 # U Shape
60.7354929344746 5.007582853742621 3.158249510752864 20.28587649953031 92.0185352883477 80.3473833807041 29.603595039643118 20.204277418919524 10.434195368609922 22.95190684158551
15.720890636274554 80.16982237120789 20.421369446013536 84.1143843152543 32.496958180134314 8.918452083730022 36.83002559555478 74.16017157167597 52.831043786650746 72.20785444265648
2 5 	 # V Shape
60.96692785418665 42.35878183755801 31.583039650905086 0.045834955653478726 5.074212939223588
48.47729577859323 10.7520326867112 25.294894143134606 50.02885940956195 86.32577362513895
2 10 	 # Alloc Shape
1 1 0 0 1 1 0 0 0 0
0 0 1 1 0 0 1 1 1 1

2 10 	 # U Shape
66.03017792228016 86.60144227496967 54.97180579725317 49.717246501398805 84.44411598649152 61.87563698156019 32.53428480534848 60.18303277159423 1.796927665220449 37.414398550012116
60.6359459938809 46.811458761116455 56.33540494746456 63.30903629579261 57.666521352281066 80.72990645789542 5.695858780653273 68.06018186945589 50.90332381206023 72.11248698807971
2 5 	 # V Shape
27.974545910580083 68.22509842946968 2.402303845649245 15.762811415657197 78.45695804750878
21.385391531665242 69.45272625847014 62.81201890515546 39.54971552357732 30.971660223464948
2 10 	 # Alloc Shape
1 1 1 1 0 0 0 0 0 0
0 0 0 0 1 1 1 1 1 1

2 10 	 # U Shape
24.798854855616003 43.75121881123343 10.894229764420693 14.005921223896811 52.159528575407506 67.5622829304196 51.01761056888877 14.95915017035977 9.24624754644351 82.88057042283386
32.705907701820294 71.99679785251783 33.04416032187809 29.157392630706603 57.02786348638301 53.27497886754611 33.13625864467637 13.392531259395568 25.2077212609766 95.79988206750338
2 5 	 # V Shape
85.2309803195239 15.424509858271973 58.53906073016108 71.35191339486285 86.80190099741108
48.48499782457165 80.65998950529537 9.511516693442235 18.507815794941774 57.46023664334528
2 10 	 # Alloc Shape
1 1 0 0 1 1 1 1 0 0
0 0 1 1 0 0 0 0 1 1

2 10 	 # U Shape
30.87367631595226 89.30773197963873 16.58501919198152 65.17448119843439 51.064820825753486 20.65744246882315 84.73052915768127 81.01892238380611 55.61867047437522 55.134397501204624
38.747786096212 89.83617386788339 58.859152315117846 0.9228252032119078 61.53307206758613 60.011656265720134 15.383507794766826 78.71016851055882 56.86704092571624 0.9868519014791133
2 5 	 # V Shape
48.17276447005611 8.98444155202971 70.26921297461725 90.5372448579772 92.63352738117871
58.20724001073483 13.675350963361055 60.91957351614179 19.13954741038403 70.62829183633981
2 10 	 # Alloc Shape
0 0 0 1 0 0 1 1 1 1
1 1 1 0 1 1 0 0 0 0

2 10 	 # U Shape
20.107543641205638 53.03294939594275 63.09069941865435 20.91536830392916 48.56676300335114 38.4155703748043 31.098168692652408 11.257270981517653 40.600081764511145 82.61244579051753
35.159475205175895 10.236053200286388 79.85218463833253 79.57399831199314 95.5730763620954 24.09186881667299 23.351024603961246 91.68879563990838 61.25024746402522 9.1436244130368
2 5 	 # V Shape
4.721248463753536 30.797769033657374 49.274052748465024 34.160881481886626 75.31601282732797
22.23385961735659 23.122992199011637 58.307652605204865 55.75654833436781 40.07940133424539
2 10 	 # Alloc Shape
0 1 0 0 1 1 0 0 1 1
1 0 1 1 0 0 1 1 0 0

2 10 	 # U Shape
98.88107918059492 53.29453637954569 70.92033963728409 77.59639622832987 54.679535799322245 3.076803325989741 67.78060567478029 15.741371957185057 18.620681635332716 57.10463294161621
13.531943158350469 93.93477940624372 24.790472597333057 47.595972839528265 35.07155316205135 32.56280964728534 10.324632533686461 92.12033978907415 53.35614436288706 17.038818938130984
2 5 	 # V Shape
80.27209741383852 20.016056893850386 80.34285583891618 97.42263820299769 1.2450501483457943
36.52560211313498 12.170966252568316 65.39799396899815 28.92271961269397 55.331350870751784
2 10 	 # Alloc Shape
1 1 1 1 0 0 1 0 0 0
0 0 0 0 1 1 0 1 1 1

2 10 	 # U Shape
49.50251521711454 57.40057426151284 59.34778055465393 8.724146720868609 8.90333127661358 14.53864650981036 42.397826163578344 20.128228344499842 64.18120341806899 55.93471255442615
19.781725766753134 63.96770012605657 86.83856400590336 4.726736475139893 49.94762374366165 95.91655425537094 22.89277341948295 3.55594467451974 63.70644021283067 94.28123482383846
2 5 	 # V Shape
12.843233645353392 73.32259901114155 23.572038387475114 6.088775571631588 89.6418908167436
32.72180292164418 24.393341378754496 73.28658401302194 98.23847716265026 69.6845499393298
2 10 	 # Alloc Shape
1 0 1 1 0 0 0 0 1 1
0 1 0 0 1 1 1 1 0 0

2 10 	 # U Shape
93.57095475966133 42.003725648287215 88.14131525135996 37.897837277640456 29.9852499908839 19.915634077334065 79.15813328580893 57.504724656958636 45.1187132073668 54.04069058185853
69.99670211160525 4.845911271917435 34.75255103840491 40.37411251735419 29.50711588239011 36.44847702313398 92.65703330898464 22.622409960420597 23.136340911224075 87.82446935844624
2 5 	 # V Shape
89.60211920589917 7.4403435589088796 16.250014797683743 23.862018289971697 10.395049559651737
20.90022731677458 90.29472365251051 74.71083273665516 54.313375504734616 28.22709441354766
2 10 	 # Alloc Shape
1 1 0 0 0 0 1 1 0 0
0 0 1 1 1 1 0 0 1 1

2 10 	 # U Shape
12.806700840208185 37.410155325978664 79.78747752541695 51.18875034621379 82.85836236998426 38.79397111815028 4.227974957670888 17.47519128237479 87.08596651764951 48.834541719290826
15.939062629438439 45.027249947412564 87.56446495047709 30.250056564479124 70.29358471081933 59.00097185711418 98.44888341001553 12.321785072534286 66.75893559570716 58.85921822939733
2 5 	 # V Shape
96.57128499691139 5.493345263371763 64.05701412296952 40.91838021201018 27.909471054790856
52.241500384887395 43.69790435685342 16.287885922835255 12.434847355283962 95.59201304502083
2 10 	 # Alloc Shape
1 1 0 0 1 1 0 1 0 0
0 0 1 1 0 0 1 0 1 1

2 10 	 # U Shape
76.20305152564151 46.35510880196115 11.868859100516815 48.55044437012732 88.69778618968101 79.6400350684165 83.79760953670936 71.6682172870085 32.21560824723325 13.06906321107043
84.27859346535465 50.05896938761831 35.320790267453525 90.46476496555556 31.94550108064693 65.23743000256982 8.857187178846448 30.280375899525325 31.719116858986418 65.28357965195869
2 5 	 # V Shape
45.71140977121016 56.02895404128855 41.02836108709531 82.30235456977657 78.60716228793193
13.861578730912472 88.3419709554558 38.16606568228125 63.98129271280819 69.56176267111461
2 10 	 # Alloc Shape
0 0 0 0 1 1 1 1 0 0
1 1 1 1 0 0 0 0 1 1

2 10 	 # U Shape
37.89171162519317 76.17033646371225 76.214709558409 39.18471113466927 39.64186190139125 39.5695643951807 93.97752486965639 89.84094775741686 99.37716446692654 25.570606334609014
57.78761214710562 35.703646737139074 20.865862962496116 55.02098709884948 8.370436297292061 16.29246476304409 19.592010987594634 59.849005974631865 18.15016565621669 86.83055627263447
2 5 	 # V Shape
89.44810808358694 32.4767954420043 10.14882277714424 56.763141444089236 45.448340609532735
40.862567426541965 25.137302544288897 26.418585143604865 46.07945468279412 13.438689787486203
2 10 	 # Alloc Shape
0 0 1 0 1 1 1 1 1 0
1 1 0 1 0 0 0 0 0 1

2 10 	 # U Shape
23.086124401516283 27.921620135288993 96.28630446301233 16.570257195386297 26.69775034663502 33.4617117787141 4.035985354971794 22.25276364329264 74.17456916421725 47.16769248631913
14.824079836274862 54.71355789449321 75.85991018800128 63.45327395432198 41.92476444396787 12.740325825862985 98.27906568889236 36.42530734971964 14.765576123903013 41.482423200858406
2 5 	 # V Shape
82.13349572647427 69.2553514574188 94.52838845548425 74.36742889120326 13.51189828141759
13.241298712277594 7.46046173481828 16.481768918403617 85.07720220439299 52.88285603758291
2 10 	 # Alloc Shape
1 1 0 0 1 1 0 0 1 1
0 0 1 1 0 0 1 1 0 0

2 10 	 # U Shape
59.52419376405673 93.68289002370989 87.0875594781953 4.383030937566968 19.477887597362297 20.595706124020186 48.87758421241537 10.597174389878006 61.18410716893846 60.91926005851101
62.50529082218305 57.79702449753057 48.079644020894904 99.28510015273102 13.055615309045354 42.514511581920836 89.34274620708266 24.972102282666487 75.01116731199264 3.422919734311536
2 5 	 # V Shape
46.26367843344347 6.170388595792076 64.84048894803931 15.920025543612383 87.4264100414061
32.84660928745766 66.63442651746061 59.17800249859139 0.9616143259009724 12.606549380978038
2 10 	 # Alloc Shape
1 1 0 0 0 0 0 0 1 1
0 0 1 1 1 1 1 1 0 0

2 10 	 # U Shape
64.71901111977276 95.79702334080048 75.76896004867412 76.39076454069821 20.363742025605326 28.30581928269703 79.68378002781121 33.608111694511024 26.299804010274975 96.25203407356321
55.24024421911942 34.90992923793521 49.27869232369624 37.132223296393384 57.70101825662108 28.37922425750927 77.96385779763227 54.225249173551816 49.317222258131565 86.60875145250871
2 5 	 # V Shape
39.37398180267533 57.61320011763944 28.10835238075805 35.42125234996196 43.83139508978571
66.7057455625499 93.37888023536493 14.794724505431954 40.06495415220863 43.69445082189609
2 10 	 # Alloc Shape
1 1 1 1 0 0 0 0 0 0
0 0 0 0 1 1 1 1 1 1

2 10 	 # U Shape
76.23426451294047 36.101715437376704 69.3373964296485 2.5152681094264273 85.85502339988165 45.03031635118734 0.7600951555107871 23.19051308238843 43.96141963346311 22.108479284999525
9.268621280847567 48.49521598206692 65.12318216121035 72.55348130906083 21.63668848376401 53.87757631395519 8.57647865577058 29.227460879745802 14.0714922995972 83.23625474856394
2 5 	 # V Shape
76.80551073819845 24.62414237246452 78.90455818782509 47.3741474784403 65.16503697907791
31.260871019483748 24.887515641274117 54.1162916984281 96.64195952311158 52.198597342218854
2 10 	 # Alloc Shape
1 1 0 0 1 1 0 0 0 0
0 0 1 1 0 0 1 1 1 1

2 10 	 # U Shape
50.30820873060385 27.501306255833914 9.244511361547136 6.661078340029891 75.80277635703264 79.27836225427706 40.922480992047625 35.327705998938185 0.5761630833303055 59.32324972065136
25.337595887019905 32.181616361021526 17.08845184639206 28.018210985260506 6.631323342034157 54.628232701756765 43.23641605740305 79.01474898266983 23.259642239078893 46.55876927402461
2 5 	 # V Shape
91.0147030498748 80.10961121933576 67.19204306520339 31.278628882971137 90.35271247069045
64.76037507120871 96.95893854482125 45.92463286506441 88.0852990793654 76.06998462733702
2 10 	 # Alloc Shape
1 1 0 0 1 1 0 0 0 0
0 0 1 1 0 0 1 1 1 1

2 10 	 # U Shape
80.47135120403807 70.99158877378368 64.37045451010759 22.831154886980165 14.508376202067153 28.677333905574077 37.81079506196047 4.594236179015243 86.1901864521736 57.92325953118177
86.94731090779992 25.02942451908726 60.578259064613036 7.091959406312642 5.484837796491471 62.94116951498173 95.13859775445277 53.30631173723551 90.395017424613 4.246884512520732
2 5 	 # V Shape
50.06949235160555 70.85184008244885 30.302712082263383 29.27922000508987 87.96984030058238
33.26062210916783 56.42401500725329 47.28280558202703 84.56533097746049 34.573512640783775
2 10 	 # Alloc Shape
1 1 1 1 0 0 0 0 1 1
0 0 0 0 1 1 1 1 0 0

2 10 	 # U Shape
81.21584201554548 48.21163920636694 79.44411144414417 74.65078651750623 4.989797328259837 93.78785012145487 77.70694937010681 52.424098488023006 66.67577077696367 75.32703225854128
89.55277868365995 58.097521883245506 36.51452917579855 88.53453603521908 37.368907963823695 59.466595812300106 21.18173151731598 94.52304835152673 93.41033320934936 53.67411885951523
2 5 	 # V Shape
9.972890325019435 83.44268960230869 42.443414523706046 95.11214567218309 11.644403534293012
18.536583788265403 63.58481482453138 71.56375920268054 70.55309388325982 29.611455324852276
2 10 	 # Alloc Shape
0 0 1 1 0 0 1 1 0 0
1 1 0 0 1 1 0 0 1 1

2 10 	 # U Shape
56.521098108954895 64.98942066608396 54.79265488097992 13.78249437300203 7.7010926868463 18.42668202891966 16.065629585875342 52.39544891299899 97.42090200451666 20.40511144764684
99.50432607474553 74.43070037926506 39.063669189314744 47.652719204208 57.053353251886364 87.36065252616169 63.57015122784393 16.750929855310158 59.73455673017558 27.47547008696747
2 5 	 # V Shape
98.42001987139481 30.07342745190763 83.08126845362585 61.623915317155344 2.092558190964666
37.293008747238446 66.54438224713398 27.10701570548678 35.601164895142325 72.5023332541181
2 10 	 # Alloc Shape
1 1 0 0 0 0 1 1 0 0
0 0 1 1 1 1 0 0 1 1

2 10 	 # U Shape
65.72604183172834 23.40088967512557 37.17097589353532 58.9161285824682 90.59306461834996 87.09942905756921 34.35531102789674 69.73455004276504 9.181113363732774 66.43262082761652
46.91455144844938 73.5182532685616 62.77160456084076 6.308758246769875 36.340536353215406 32.73479588933401 98.34246645645985 86.26896135737341 27.70784140320646 35.2667806140923
2 5 	 # V Shape
14.123593305761862 99.90621666712471 56.169419218260295 99.46003487428034 4.5593158202504425
64.38364109359944 56.40023797587129 33.432941005916625 96.30047054120358 17.425567540998856
2 10 	 # Alloc Shape
0 0 1 1 1 1 0 0 0 1
1 1 0 0 0 0 1 1 1 0

2 10 	 # U Shape
80.01638419374852 85.34669491115231 19.401233892888804 66.4975037324698 38.26598998815513 11.079854812359379 73.59369701039104 66.97474529201249 20.612724318920574 76.00294563035037
27.189378974120025 2.20455382535073 94.89427293602319 18.102113505975716 36.983613453342876 61.107210025072256 46.70997181028005 30.28394370204186 77.10764721101924 25.280177763791222
2 5 	 # V Shape
62.56797992842345 10.355794224942905 59.74233161031488 44.93962543439988 30.56490815057541
48.96480641034127 26.30354899801477 43.15368244590566 7.507085799961133 69.61668342161408
2 10 	 # Alloc Shape
1 1 0 1 0 0 1 1 0 0
0 0 1 0 1 1 0 0 1 1

2 10 	 # U Shape
94.85456290803192 99.38359977770564 50.573627797566175 4.66575904513472 9.729787221792652 1.9142938571993562 90.9806802530315 41.55038264259757 40.34108493315623 18.86107881494967
85.26826136965502 15.271248931426074 93.71447125245393 47.05620393962967 88.64554863361576 23.389096289036903 32.14140478111138 33.87369881265878 18.912047925030006 18.177578266415363
2 5 	 # V Shape
57.15202224374338 4.802350081387208 68.77661741790529 12.149588310079995 42.51549898089178
29.670875558362386 90.24659522217308 56.71159454033111 95.61079097431582 67.8651028757714
2 10 	 # Alloc Shape
1 1 0 0 0 0 1 1 0 0
0 0 1 1 1 1 0 0 1 1

2 10 	 # U Shape
24.94589870084054 79.2695663497493 45.28375007715779 92.0776734756134 77.9896932240975 92.13716983851373 20.97537513129857 14.468415587795914 98.38578814022596 55.699066139674436
81.14537748389759 33.43275677803996 40.842963776310825 23.17818736083561 73.3801974824789 69.81904511887303 40.20469092610555 63.63536118778924 38.02280878190801 15.646709930462654
2 5 	 # V Shape
67.66076987843648 38.86101163534666 14.508652252307119 46.71126763806377 99.81755671253678
8.705801984300344 4.694770104214818 10.42043891483262 55.016021020476494 77.4716813340455
2 10 	 # Alloc Shape
0 1 1 1 0 0 0 0 1 1
1 0 0 0 1 1 1 1 0 0

2 10 	 # U Shape
75.86165936137435 20.309033314644477 22.44780122822332 70.66672890339788 76.08768160402772 78.48381655319669 48.941532383591344 9.183489076047003 32.417443800781186 99.25402370868585
83.99115533734376 39.63469725683302 68.71097491134346 18.379259615728728 56.13038004589416 86.91249409650004 77.79818649633093 37.659270560220726 12.527368597309174 12.43104246554385
2 5 	 # V Shape
28.041060201117453 51.434790396135654 26.463923744260676 84.68488084858453 79.1250307191317
87.37187905619511 63.63678306035523 21.291276384578637 17.044371001161874 11.414168727157081
2 10 	 # Alloc Shape
0 0 0 0 1 1 0 0 1 1
1 1 1 1 0 0 1 1 0 0

2 10 	 # U Shape
4.06030290791366 71.80129037017274 93.5431303294708 73.79241848200333 74.11133427625461 80.08566842062287 12.829180573176057 86.61438247833834 90.42332992487361 83.96062105167712
91.63762680740314 39.85257750689952 44.72766460656453 87.16852619732141 22.625959527054118 95.15863940399456 71.3904948719509 89.0786659826345 15.256421374401086 57.95332796622973
2 5 	 # V Shape
1.1305870700465959 60.605532716504094 46.40119482782568 18.408231505537632 80.6458138912802
12.212065688776686 28.831959938294403 3.4968734233494003 67.44932459403499 36.06237860936614
2 10 	 # Alloc Shape
0 1 1 1 1 0 0 0 1 1
1 0 0 0 0 1 1 1 0 0

2 10 	 # U Shape
8.820088757163813 0.6901049730529296 91.95866190248744 86.20804620025896 82.356816722806 17.01123168283225 12.117623755972263 89.47076355283401 14.553443700934722 67.11812950528059
50.01008437078408 86.9454315414003 63.4469794544262 65.93344005359216 57.69622904450708 88.17508410384701 66.29584080536789 41.14284874797372 34.367900937592054 50.52666952667833
2 5 	 # V Shape
58.38613768789056 62.19924314340625 70.08803737308348 2.1359532676390125 11.777306278445831
43.64436623906616 28.200286710735835 30.736315667797943 27.546056771636785 11.364485002450152
2 10 	 # Alloc Shape
0 0 1 1 0 0 0 1 0 1
1 1 0 0 1 1 1 0 1 0

2 10 	 # U Shape
76.18081940694881 54.40260933621906 8.116489352148971 93.21069251769322 29.262251488913915 72.01473665784478 98.46206359948333 55.123849863816496 1.2186801978813055 20.309166327344208
42.9343491949575 33.68144886391229 48.75435186101911 97.19215122945211 38.55912462006481 56.58007767736293 92.08003920809941 61.42371096401234 46.03297102841496 66.13902400269507
2 5 	 # V Shape
44.16429659921125 6.03838138459899 64.47960324055121 95.70540381895053 8.814542682055492
72.97764537068548 64.31168234227293 95.41522487193942 15.522070181303294 54.64796513303051
2 10 	 # Alloc Shape
1 1 0 0 0 0 1 1 0 0
0 0 1 1 1 1 0 0 1 1

2 10 	 # U Shape
31.10733280266309 29.252788928196416 50.6160545894616 33.017336640731834 30.783851545614414 88.11679993147787 89.70661623943418 78.3845158353086 5.1138769756113085 22.02861545941537
37.266816906594116 18.78692730575099 32.05359449198492 60.38644967314804 18.717622007319324 95.69633455679009 92.83871884237016 1.5830795149910148 10.658449201900243 82.90769696075346
2 5 	 # V Shape
48.00052136584232 61.17713953006577 85.46734351851045 21.744524971348646 62.66498241171048
49.800649323228456 41.79226639586806 0.21392200474069645 16.90970252152104 76.66154117691093
2 10 	 # Alloc Shape
0 0 0 0 1 1 1 1 0 0
1 1 1 1 0 0 0 0 1 1

2 10 	 # U Shape
92.60609519992802 39.43870978807562 1.1329357773776194 80.96267345158417 49.857939459052645 52.187683903589345 11.85698140699003 40.52119104469505 70.59914835439388 53.81916188265594
78.37172379085095 87.78401401883161 96.46539827712355 32.915967338719156 63.23601532531746 92.20231404516413 86.88702170669441 62.14861510683073 90.48285259429962 98.2278900748235
2 5 	 # V Shape
16.01785127762021 65.77460103327837 66.80694113161591 20.05962927667524 13.870746662753808
80.98633597707314 0.1701559820671994 63.06916131205499 65.45226287532562 62.34308260315778
2 10 	 # Alloc Shape
1 0 1 1 1 1 0 0 0 0
0 1 0 0 0 0 1 1 1 1

2 10 	 # U Shape
75.17454629688464 85.88298728192581 77.07506347320019 24.943883586081526 38.29600147624975 86.29962407902345 33.2837798426047 1.6667173071187813 39.981977578813556 30.10224598187976
16.09364848668424 91.54742335780874 43.924375619065735 48.23425589856972 39.85258396373722 73.41977496964593 2.398168453833849 49.7220383687511 75.35544020703563 60.02424042213741
2 5 	 # V Shape
25.26013978986207 79.06794539463637 57.46341288205188 27.029103686079235 51.65882631490567
29.8919483143685 13.869060211770579 74.64307849716317 31.614314390039546 74.51044209410269
2 10 	 # Alloc Shape
1 1 1 1 0 0 1 0 0 0
0 0 0 0 1 1 0 1 1 1

2 10 	 # U Shape
13.238977172714804 18.812825928318556 70.08081928193154 66.28543005992712 69.49962642035545 28.713700562826105 31.020599713436226 51.346930927564436 48.322415280530805 1.8566397757329822
92.7452780568132 25.76195409856127 90.39575457163072 24.4386907900926 83.16884735608228 47.33541717747328 86.52129170749657 47.87455987475122 68.21547970396138 44.55598000524932
2 5 	 # V Shape
63.83890684142939 94.6299829779242 6.6095964993086564 30.57212139151867 32.978131895672234
17.40682540074302 46.590614258032694 90.89789289012269 45.44501260718301 92.1871697802255
2 10 	 # Alloc Shape
1 1 1 1 0 0 0 0 0 0
0 0 0 0 1 1 1 1 1 1

