2 10 	 # U Shape
24.989901388011447 91.76298978365625 26.414685325337363 71.77736874735561 86.5715034190154 80.70794822453757 21.0550582658828 16.724303145644548 4.670639168207169 3.9422311757498107
20.02308097754729 99.8543402727172 37.27869783278882 76.05102739289497 47.34744426831612 50.971530581765464 94.50384171904427 10.944664834182994 46.50931607648355 14.155525990080143
2 5 	 # V Shape
53.83487621569256 29.899865650024548 53.7745219418836 66.56275378248544 36.4328800568146
62.30186193345604 64.27248852452114 41.99818200973734 40.324243401016226 39.042032609654065
2 10 	 # Alloc Shape
1 1 0 0 1 1 0 0 0 0
0 0 1 1 0 0 1 1 1 1

2 10 	 # U Shape
14.830774401126911 5.2291236628641435 34.0001213027283 21.471665200162537 76.64756378832922 46.37114431790922 92.57973266470142 33.83470832690559 10.534379961993235 86.93486025097094
81.69805558316739 21.731031962731894 30.976802928545233 62.28513920867632 53.889702602807 91.08254128731524 28.097268704003863 59.764420557983435 17.45884388943989 66.15304337728702
2 5 	 # V Shape
55.184504726433204 32.77784503098219 47.11935462087358 6.45884953947562 61.28640250266352
77.49738240088627 96.41703042132124 99.52264966052921 35.204139759803134 60.483319253325206
2 10 	 # Alloc Shape
0 0 0 0 1 1 1 0 1 1
1 1 1 1 0 0 0 1 0 0

2 10 	 # U Shape
51.56753531483024 91.98007246232733 20.136661118531173 0.16447577600704477 7.173319673476697 42.0494496515922 49.89173718518411 57.375168656287244 88.03733819800644 20.071996630407774
42.11780592700119 93.22773435409097 36.3290798030508 1.5004156349900266 89.97274088109545 61.54001669174504 97.09420683125343 62.16203340783855 93.62624562662404 59.90396713972187
2 5 	 # V Shape
13.927871531915537 67.83747232389689 54.63390473331029 0.9044383533662548 77.47702399200641
12.142450487678925 51.73941425728488 66.5752343841587 76.29128415038006 94.08788806763205
2 10 	 # Alloc Shape
1 1 1 1 0 0 0 0 1 1
0 0 0 0 1 1 1 1 0 0

2 10 	 # U Shape
9.621129351913138 43.40216715597561 12.915869529940904 21.54033690963183 85.00659465396039 36.99892463660712 22.821247935454547 85.99326513042675 46.575077893392304 67.81169710862007
37.78759770783561 71.64335552866723 36.50197873994559 55.1521872294001 58.62687002943826 11.538834870299763 15.953575050217628 74.54382276225132 47.23416941275893 63.02029281971097
2 5 	 # V Shape
81.20136902857683 6.600112254706126 29.991891969923234 62.358205361840454 49.318753724236075
78.92197289772629 83.87899276190961 76.12766711569552 12.149158646230273 96.9742712023998
2 10 	 # Alloc Shape
0 0 0 0 1 1 1 1 0 0
1 1 1 1 0 0 0 0 1 1

2 10 	 # U Shape
77.51393234993199 94.33650876917967 8.37314066813606 0.3861244309762868 20.02750375319825 47.027837647036954 11.373228655489854 51.60859096718201 6.6447458912523905 8.385689423863962
73.36035701268622 48.18618731782759 96.1236745473273 75.24588686961921 28.020563696027956 94.62244065916026 98.17457764662505 26.154468766105044 51.6440080094565 31.745645740826433
2 5 	 # V Shape
90.38606826422291 52.58868174050484 37.26826828037262 73.886093692666 1.1285522082773891
36.097429072761635 53.28148857533833 49.3828046949298 6.8098128930414 47.488198218907044
2 10 	 # Alloc Shape
1 1 0 0 0 0 1 1 0 0
0 0 1 1 1 1 0 0 1 1

2 10 	 # U Shape
97.17677906701826 42.020647150345546 99.84272883028322 36.95634666183851 21.87221906176703 21.164242092224995 56.525376802731365 12.960435073458065 72.75931105719518 97.12593798502395
93.33948017913943 17.20870171128267 61.575368723905385 53.419943567359695 72.5049322121582 70.90386316567283 58.888545084354504 66.45688371134798 41.83293061414649 86.06341534035498
2 5 	 # V Shape
78.7958431391256 60.12846829000312 78.02640101157219 25.134084645613097 12.910201568416902
19.10085716024116 14.174869019113656 20.21727036016836 2.5115899860385205 91.7213840245407
2 10 	 # Alloc Shape
1 1 1 1 0 0 0 0 0 0
0 0 0 0 1 1 1 1 1 1

2 10 	 # U Shape
25.732065921845106 74.01995946476558 69.78897299434962 96.79993477017531 42.71461214526692 77.01033167788354 0.7166604119089093 73.03262335058814 41.67295465281503 85.79896037319111
80.52308193041684 64.33368701750643 24.795128259901965 22.151099377668427 28.580878414262767 32.95676497475789 8.931985348545668 44.322218300780904 31.801459983294578 86.18004217925653
2 5 	 # V Shape
28.695820401816597 5.766278080317377 90.51000805084705 26.28473038096931 94.6547842982158
26.2339765664626 89.08808697062935 13.442289732873547 72.01020321694675 11.154040188266091
2 10 	 # Alloc Shape
0 0 0 0 1 1 0 0 1 1
1 1 1 1 0 0 1 1 0 0

2 10 	 # U Shape
75.96996443042732 82.79349143368133 13.50882529509374 33.206146644855714 4.275684111415434 6.944861711891037 61.698983727333214 59.229209907537594 96.1928152122732 25.069695786415135
93.51028741172145 47.51602831034093 68.23524940331292 4.23843533949293 96.17179609714255 21.912027700465075 26.267733568740926 77.19700380241929 87.40560234987377 99.20331181331382
2 5 	 # V Shape
70.83029421730151 41.37737339418399 0.14446131712595456 93.30317754527829 85.96270273081488
7.119029432072288 23.701682545985147 73.61484085983349 26.02828542059501 16.771961723145623
2 10 	 # Alloc Shape
1 1 0 1 0 0 1 1 0 0
0 0 1 0 1 1 0 0 1 1

2 10 	 # U Shape
55.12897022067015 84.9972806451499 53.07177414357697 99.60667286203041 92.19918453011972 54.48452132007492 69.60214862457458 83.0418911909342 21.96513022338953 43.810491758683966
88.42863758298174 4.987925451626962 53.68653469955609 25.46312179960708 39.83457517212088 23.24035893464179 61.229421993794034 82.94242301078948 92.46908436497371 14.886116166459084
2 5 	 # V Shape
91.38481640926123 77.23685844218963 77.99301053613983 78.04967809466923 27.245316628494876
31.77176613808793 45.824472966949024 8.300444961733454 51.2908262294759 64.89059942021947
2 10 	 # Alloc Shape
1 1 1 1 1 1 0 0 0 0
0 0 0 0 0 0 1 1 1 1

2 10 	 # U Shape
48.112623398235165 14.00774452313912 23.885033816735678 32.45827433078815 69.93890857347482 23.494528842582863 43.506233209579705 95.41745778954486 96.24854610291891 27.479569082489963
76.54860836738597 93.2412464843737 52.60595653445635 63.450322978524994 48.568849249538815 25.728231672818204 47.328996329014316 77.28868930536356 75.27034890007585 25.66506548202463
2 5 	 # V Shape
75.58340308597275 36.363470647559126 7.247963302692106 80.80203215558906 93.64948375724903
9.295844822640454 99.11570533257684 37.155244139567046 89.81350678596517 65.41817091089298
2 10 	 # Alloc Shape
0 0 0 0 0 0 1 1 1 1
1 1 1 1 1 1 0 0 0 0

2 10 	 # U Shape
75.02574818609023 67.68918456511554 19.992496383687495 96.92806819035586 39.92675099001517 35.10307265594219 32.43273543749231 84.7674761579604 38.36339510748651 48.46020006072932
2.7920634394469346 12.498032517357816 4.963998669215863 35.93089298353204 78.06962434491588 10.915397628833723 82.35954764435502 18.534142450350053 25.908758340498828 81.53957701031742
2 5 	 # V Shape
1.605009084128528 0.44315005952577646 86.72957198561004 34.22674192194328 79.84463416580114
1.4117552797614286 62.86087835235114 76.46597349887024 0.7716472820713749 38.55807243552173
2 10 	 # Alloc Shape
1 1 0 0 0 0 0 1 1 1
0 0 1 1 1 1 1 0 0 0

2 10 	 # U Shape
63.57293882924806 7.256092793071645 66.21318071483644 51.54164352650289 31.50049817971128 71.78100404080512 86.15519219185255 0.15305757069687953 7.234425409434497 16.28302440289775
73.58077421638623 30.65075111655624 55.636718028973675 92.43500526441201 22.89677431194469 40.98998285880819 42.63385761073629 74.62634777320461 79.80337227620271 70.54193261138666
2 5 	 # V Shape
57.72304822361366 98.73587145179246 65.33158921740504 15.465128914451409 11.233924060815948
56.74041018991043 17.35188676350069 13.42294362586932 29.10184977963275 30.867034890650448
2 10 	 # Alloc Shape
0 0 1 1 1 1 1 0 0 0
1 1 0 0 0 0 0 1 1 1

2 10 	 # U Shape
99.26303690783803 14.334025104944315 44.66625688076523 66.15453541636936 32.147598708910806 80.60845926555778 14.3325281669598 47.674395030857916 68.21306851895844 18.941775409809537
40.10605527776798 22.466608200672024 78.27895425462721 23.869716778375206 80.50048714127878 67.83476877765997 9.77088156493261 61.801141028418726 78.90509616634866 22.512582451159147
2 5 	 # V Shape
72.18407783331006 50.04072149402751 59.62339101270706 28.07941834196166 59.55018758716025
72.96896637224191 6.850941024165347 74.40612431803405 1.9748885869570132 48.66459833071378
2 10 	 # Alloc Shape
1 1 1 1 0 0 1 1 0 0
0 0 0 0 1 1 0 0 1 1

2 10 	 # U Shape
5.493280646994824 94.03772539749458 12.818660821227013 16.306045172728368 8.280750481109767 31.497386009122586 72.02867871636172 31.908068860473016 82.73130391336325 6.068824246381332
26.426690097043814 6.817224823672452 56.14458434964581 29.327075617175137 59.53772376888262 0.43721315471904054 52.421727188983034 27.713224255813785 82.15872732818092 1.8842378591275577
2 5 	 # V Shape
18.612198802782398 89.96974525526333 47.79082690906622 4.911875784705655 9.754237135141786
34.129634876488744 33.35783984141704 6.260592038241198 91.73798313475724 17.795231848083336
2 10 	 # Alloc Shape
0 1 1 1 1 1 0 0 0 0
1 0 0 0 0 0 1 1 1 1

2 10 	 # U Shape
65.95838145120399 75.48947863489133 65.49573246243791 46.713228611241654 50.34461575730024 40.57563886349919 66.31726629159785 23.741585289806476 5.858067742668249 76.90955271945415
87.98914834405889 16.855078198257367 3.972826431860832 34.58636513964727 81.93723150726011 4.4851473586714485 35.21530292818195 25.752545462966083 0.15795636605647756 34.5520009168161
2 5 	 # V Shape
88.73102646459867 16.728461908129077 66.852298776765 23.511018925987116 89.4653540656715
62.63041167890431 12.730417876986621 37.10822034856962 51.04215351811674 21.18999098129285
2 10 	 # Alloc Shape
0 0 1 1 1 1 0 0 1 1
1 1 0 0 0 0 1 1 0 0

2 10 	 # U Shape
51.41616092704171 8.222571736113792 41.391550603436066 4.1159582038499565 72.13625533575392 35.81179150863053 67.20185763977167 67.96493114856543 56.09253216650115 14.341037308931238
50.85007892893103 1.7492800192041025 84.56336779510261 70.3295924944879 72.8610859785303 33.46355646324329 65.89761432746107 67.3387703724626 62.55933546889487 7.774999476670796
2 5 	 # V Shape
6.7246301662677865 50.03773878250358 4.09368447168037 15.887937768459636 46.51035870035679
8.655693581241952 31.853050625215353 36.46322794385984 35.296443601968306 3.384038502489861
2 10 	 # Alloc Shape
1 1 0 0 0 0 1 1 1 1
0 0 1 1 1 1 0 0 0 0

2 10 	 # U Shape
7.582892401179264 56.59967015112948 94.44719785994438 48.67019288436627 67.76844752950181 13.83459684533258 11.85949673320792 0.5080888453414811 35.83042204771739 59.61798941830616
43.00360152977698 85.88137436654898 10.971493795520825 35.10739235533209 22.554575516669328 85.5416567274636 33.74768546348602 7.408364189202821 1.7193193279429253 45.16738237775013
2 5 	 # V Shape
58.530009609259345 52.38398155273391 37.98253665938791 94.57694303239434 90.47934828436391
40.10496755388571 82.18458850351172 20.101767582997056 37.85508822060739 19.846852041025876
2 10 	 # Alloc Shape
0 0 1 1 1 0 0 0 1 1
1 1 0 0 0 1 1 1 0 0

2 10 	 # U Shape
83.46280992758841 63.64023123688819 10.148959515601785 60.65395892189548 40.71382468432885 66.35104607881547 17.633356400321876 12.428754379364992 78.78817311107315 51.48339735099008
17.479969497543536 11.409590041839834 18.41133241996734 49.95686899977942 30.089013198659387 32.50335891436157 3.5882804799251655 6.111428682697717 45.983266985001656 56.10544796824157
2 5 	 # V Shape
20.16320716250043 32.279454606247405 28.388771436716365 85.09360509849661 0.5965467047569395
74.93083023549424 49.562365726635036 81.74355512907705 66.20134393776331 19.020202315987422
2 10 	 # Alloc Shape
1 1 0 0 0 0 1 1 1 0
0 0 1 1 1 1 0 0 0 1

2 10 	 # U Shape
87.39484008868828 23.098396136270015 58.76411776435644 90.30345303030893 19.98095498486949 45.24294593416703 27.416943577013942 32.43806567730192 45.92680731103247 29.12174581149908
17.42381011405194 69.7078490808231 31.214850504491164 31.48927457711147 75.96318101928541 38.89638632290172 78.10447580784553 33.67530347261436 6.715893647546956 3.4278237106563414
2 5 	 # V Shape
92.81072173294864 2.0960457816302847 90.17979550974668 37.45471826359105 75.23970699142461
77.08857961355494 93.17491746136585 13.97562473688071 63.7083511033808 5.596757178926759
2 10 	 # Alloc Shape
1 1 0 0 1 1 0 0 1 1
0 0 1 1 0 0 1 1 0 0

2 10 	 # U Shape
90.00244915916352 76.56930886880163 3.8672673034152782 0.9414214097482332 97.03103794247777 14.503879402631014 38.57390359635684 20.67075611889123 53.159873933222045 51.448404950347715
16.243006095786626 50.18247783571871 23.658780727547878 24.051253450151876 87.4644933377438 39.603146311903714 12.616489803209097 92.35006141703397 44.0675683537906 55.284930562082934
2 5 	 # V Shape
94.11402783232784 30.170472953401784 15.788332733524479 16.03698014385282 23.727941013918763
97.69718809837859 77.595283733849 44.78427113353137 14.79998791385878 74.5135520557609
2 10 	 # Alloc Shape
1 1 0 0 1 0 1 0 0 0
0 0 1 1 0 1 0 1 1 1

2 10 	 # U Shape
55.816945932762565 15.818022475513672 12.935419680028449 94.90776836484561 49.97959730849399 38.20253034688806 10.148528037945114 2.6353591636657514 39.37748886565523 27.56742642853982
90.04353620975466 61.82184342139774 8.018375310757353 20.626159307331847 75.262065486928 36.27330205208581 65.20150994542551 17.24431688752749 24.93612224020095 73.69528014432268
2 5 	 # V Shape
91.35668607060052 68.77685821757933 92.8707335818369 51.65237774510588 69.73894336636322
19.7129676406264 20.346098147767133 88.88436137908847 44.97307361152172 41.20343277488258
2 10 	 # Alloc Shape
1 1 1 1 0 0 0 0 0 0
0 0 0 0 1 1 1 1 1 1

2 10 	 # U Shape
34.988546182287536 21.64818609928788 21.630609937340772 85.0169820726171 72.64226820441591 34.776356964125064 47.46121124900935 40.64791631043266 39.23388634907121 92.7509125031627
13.045503667730507 79.26343245896264 75.8694970110989 34.15284794614695 29.140083471967092 95.98823683283288 48.61161391215549 68.42636458363884 79.00832075161745 96.67974131255974
2 5 	 # V Shape
68.35202771916397 14.958951461969438 23.278700189161782 12.329066549635492 75.66801244397426
90.53267092823648 31.77807348266678 91.38173290119855 47.80100380907285 79.18022712443882
2 10 	 # Alloc Shape
1 1 0 1 0 0 0 0 1 1
0 0 1 0 1 1 1 1 0 0

2 10 	 # U Shape
60.01664947137056 31.10382707553153 33.215153152497166 57.56226550538938 51.16500223077507 63.10386051017919 21.848123109979646 43.550765425072846 87.68205717814305 43.37868601360121
67.14433418649323 29.40915623646003 96.92244751316034 76.7218925016448 67.75915946086906 4.158321342810911 69.28990746711936 24.85805482621296 76.7131024438972 67.72075355327722
2 5 	 # V Shape
78.09769116149569 47.5437265824955 99.95039259029315 62.239934206538315 36.852541184020914
24.2510926361043 31.996779123197072 50.11655000977127 44.42528273615387 96.32468278048283
2 10 	 # Alloc Shape
1 1 0 0 1 1 1 1 0 0
0 0 1 1 0 0 0 0 1 1

2 10 	 # U Shape
74.28921837022224 80.41417406046861 19.628260562030697 34.233646671048724 12.903327015533828 49.16916438834775 55.63015667112929 4.3140995265387065 84.82173319961991 72.1143139678245
39.12790098127436 72.20664615324401 59.00905090661721 76.83794445260807 53.34178061666886 10.191906452567089 85.915357094757 30.041465338781205 43.13958408162962 23.492476792315863
2 5 	 # V Shape
43.83028402184064 7.605524763727878 48.459334467953155 2.4656703759595278 52.73512227097239
88.07924932594615 73.86063142548848 8.990655665818782 27.882006321061414 26.08316419942468
2 10 	 # Alloc Shape
1 1 0 0 0 1 0 0 1 1
0 0 1 1 1 0 1 1 0 0

2 10 	 # U Shape
78.80366208560187 27.017148918431765 36.25857187897488 3.404745021328537 73.73766356421412 27.702610704144693 65.67326794458143 15.325923344834557 27.02059617911845 32.32987211369942
84.60747259362297 30.252021906754766 55.55047689934594 0.5150009760739094 87.03092576602009 71.66995976063907 73.97166851528983 93.10639350696424 75.8168834072323 41.62909295985374
2 5 	 # V Shape
42.0149125947688 40.98190233483311 96.09554552632346 9.789494771794715 80.41776428955856
89.54224436848313 94.97983320473661 96.19448484613395 79.87935435699623 25.50834814351475
2 10 	 # Alloc Shape
0 0 0 0 1 1 0 0 1 1
1 1 1 1 0 0 1 1 0 0

2 10 	 # U Shape
91.53343596641595 27.405403995975476 92.96743621349225 0.2944429398604953 24.362646303548562 86.96625577579779 68.01120511368798 37.4972857562968 37.629334220981214 36.872019124974265
88.89629307552272 86.2956782060818 88.42378204846297 68.25987913939274 32.3389369791329 64.7980404256947 12.090574428225809 69.4446721233753 9.659903711911932 40.03070359286951
2 5 	 # V Shape
39.010894522982554 29.688194551959345 65.50271484205558 60.904476318441404 58.21817092886632
95.25895231110725 94.21655314089314 6.91270275110849 88.72823929811918 95.57972290313526
2 10 	 # Alloc Shape
0 0 0 0 1 1 1 1 1 1
1 1 1 1 0 0 0 0 0 0

2 10 	 # U Shape
70.35458504130364 40.02969754973756 34.00517985437806 81.1808245710465 65.61416194029444 9.046543349714876 73.78958393482438 81.3518836777573 30.756295804726353 85.24805663215162
24.857857362932677 93.20753044927538 86.18342450924034 95.80116631223925 59.4959125790295 65.12883220778427 56.2192895165741 5.781742423688319 62.56539804893042 92.3117255294626
2 5 	 # V Shape
94.38899192383693 43.21387192695223 2.5664266823444692 35.35968516973285 39.27085933810949
70.49382597077303 53.901173646050424 94.43262641133398 94.59223568357505 25.984495822381724
2 10 	 # Alloc Shape
1 1 0 0 0 0 1 1 0 0
0 0 1 1 1 1 0 0 1 1

2 10 	 # U Shape
84.25705329155984 34.77415081558264 73.89170177747465 26.947917923901866 75.74763632860432 31.09531723945721 48.58640546267944 89.53366682065646 15.646618452138883 9.475562970081452
17.524772684971836 64.28166994803918 37.295691619599104 91.55531866192477 51.93862248196874 28.366270550873807 39.94939913670253 65.86711411017494 98.64340248916513 23.506514261061373
2 5 	 # V Shape
22.962985807005055 86.86229004501067 7.404319327448805 39.23765173942086 14.587716320115241
97.06008134213478 4.317363746034397 58.16737584923193 74.08998928405535 20.927561070894875
2 10 	 # Alloc Shape
0 0 1 1 0 0 1 1 0 0
1 1 0 0 1 1 0 0 1 1

2 10 	 # U Shape
4.181916166750943 41.79109835929603 4.52847746860392 71.70460297485444 66.8768658326537 79.82570412857524 0.6936069358956853 17.441959296795407 24.999967496658883 14.292473589742926
30.575437720726317 52.90894828023633 52.589894951385695 35.41569511343835 69.30877609328462 79.70671404755086 98.03286958598069 43.813840911706194 44.83840003043588 41.2368041701142
2 5 	 # V Shape
89.90917978919413 1.8741408758382816 31.380185940494965 89.51417151873716 59.209698603758284
12.462332257724684 14.66608239185111 74.46446360060173 52.23953050627868 52.263058356891534
2 10 	 # Alloc Shape
1 1 0 1 1 1 0 0 0 0
0 0 1 0 0 0 1 1 1 1

2 10 	 # U Shape
57.477299688654604 96.95977907571617 85.00513221276364 56.92110122510967 28.43404433503055 58.40962910680233 23.217448082176006 19.827134973407446 62.75684299641681 43.05542448667743
16.953031607123126 1.9612298694308694 97.34582380783944 25.073844281335777 70.75290517712084 94.26171626481519 80.20335479790496 97.40499529691171 99.67162864983229 26.249901248294627
2 5 	 # V Shape
20.415413929141778 79.63727810632626 63.29496903599904 63.297312912872286 61.319202411635956
35.50752064126477 30.47287083902529 78.9983506609195 66.08114737413395 17.640096992362142
2 10 	 # Alloc Shape
1 1 1 1 0 0 0 0 1 1
0 0 0 0 1 1 1 1 0 0

2 10 	 # U Shape
98.74980858027153 31.289953684909655 86.29005768760669 40.6285128917333 93.2295135481622 34.523862680159645 97.78709609103511 18.080661418910005 8.043175658170142 58.835435683789385
23.07609289219966 85.6771331947096 75.58782153316146 46.007831369573594 26.579993925091827 41.43244301218124 36.69349921352898 37.274214938038206 2.606944587508131 99.4764762683179
2 5 	 # V Shape
39.9991593468139 69.44236505305449 68.59211800652542 63.55664825919858 46.816693746524166
95.324879526772 31.368211974502202 69.69196369430492 89.30460822240539 56.92548981754548
2 10 	 # Alloc Shape
0 0 1 1 1 1 1 1 0 0
1 1 0 0 0 0 0 0 1 1

2 10 	 # U Shape
12.009709380893696 34.575943479992276 61.06383246791503 46.352125117353374 3.8905305064285134 44.433439015337406 97.21193004362641 56.28576370693554 92.723238989096 27.218970429265987
29.89169652484388 82.59289877405126 3.859073874266461 0.8292789162505754 28.50251945934803 53.55870622418541 34.19596171295254 7.271385043191147 29.300427228139235 27.453823002809862
2 5 	 # V Shape
58.88352354565237 22.031175653574277 20.50433625339555 38.5706556858181 25.281838530508928
31.114015488268485 63.10655524389311 46.971547279670666 4.0774447406990095 68.24319807826635
2 10 	 # Alloc Shape
0 0 1 1 0 0 1 1 0 0
1 1 0 0 1 1 0 0 1 1

2 10 	 # U Shape
11.497744246741593 9.69357699979938 62.10875436111358 60.243976769681986 72.63993910095515 11.684863939445956 80.55385331400305 69.47521711299581 17.16489535627207 6.231075039958012
33.21183749649595 49.03153383091271 3.526820103082995 30.912235220466112 78.62262181818862 70.78050413434201 35.150112179427694 27.589343120786037 64.20030645053217 27.460534471794528
2 5 	 # V Shape
36.89159946245426 1.4860897440458376 5.704418852200899 61.3399538526605 58.712224969538326
95.85907829311647 39.46171431883082 70.79411572386714 13.112967261143904 32.60339362482759
2 10 	 # Alloc Shape
0 0 1 1 0 0 1 1 0 0
1 1 0 0 1 1 0 0 1 1

2 10 	 # U Shape
88.68591836153453 26.387515622640688 13.982380941211892 98.4572474946278 7.519418541057554 46.340924296909 94.79343785139565 66.2592139138327 84.37048136304873 45.20219433771621
66.00133174943305 69.71137587921655 0.9793182634664443 80.19637655828099 17.286278281052482 76.03533938104826 52.50399804350687 47.47362477858189 86.51652979657393 54.1713338898878
2 5 	 # V Shape
66.11970153359373 59.70103570131252 95.42362784701258 97.71534656026628 55.278132504004496
93.61002769281652 20.592322172775113 45.18058276487358 3.1154298245237966 77.79344873799448
2 10 	 # Alloc Shape
0 0 1 1 1 1 1 1 0 0
1 1 0 0 0 0 0 0 1 1

2 10 	 # U Shape
35.488557111118205 75.63490141819126 78.05011358677882 24.983989106377756 71.1228752688473 72.96863421464069 87.08931550410892 96.56088283209627 95.77595946200344 59.3095161840369
99.60474100705142 27.755364525464408 66.51003135442089 71.81725845873594 51.19076910288333 17.792508781877125 30.980813394931694 84.14776496312763 70.90698999774585 5.6636235193727185
2 5 	 # V Shape
36.99747439657896 85.14002819274674 49.246057821531295 90.9820122667076 40.618803202514734
35.974388954474165 57.17958517178947 32.9182972525103 58.26218542464907 44.48702889382442
2 10 	 # Alloc Shape
0 0 0 0 1 1 1 1 1 1
1 1 1 1 0 0 0 0 0 0

2 10 	 # U Shape
22.433322921628353 98.50724219677835 46.875654099063205 52.08915531167839 28.256047761746828 49.03237112639787 47.59243539376053 20.494073432683567 61.102162107669066 74.1007345116332
89.7511633792578 93.78195266847094 48.970612039299446 32.303412264257226 57.712289917371315 85.8442619566002 81.12985824433237 97.73620096467505 67.67869902229971 26.999899155420827
2 5 	 # V Shape
74.76019163465449 47.29862142054089 25.556306741758327 75.00014471355814 49.7926548309641
14.915114992233402 91.08491619833664 10.844416078801377 48.16985875710272 1.0238978274664245
2 10 	 # Alloc Shape
1 1 0 0 0 0 0 0 1 1
0 0 1 1 1 1 1 1 0 0

2 10 	 # U Shape
50.38783798497399 30.545763500452306 2.0330897271106485 55.77395768179433 35.60194639266784 41.48139131254916 22.163072337158763 74.87449289800023 96.62479731475403 66.04376948764343
99.70025741854904 86.64783808124481 5.11510009007734 81.34662369461546 30.456486802761173 83.95896532306423 64.39753241650068 74.37626902222053 52.91764003243168 33.04531754345149
2 5 	 # V Shape
64.01469894622817 36.02659818774685 21.263221430901712 28.16252676850769 98.36186734643599
76.20557478862622 62.77568571379489 71.93519653244638 17.98071787691109 8.01840587617293
2 10 	 # Alloc Shape
0 0 0 0 0 0 1 1 1 1
1 1 1 1 1 1 0 0 0 0

2 10 	 # U Shape
88.1699631857525 81.80962791933253 27.58433322562148 6.714804412381136 10.642395153513407 98.98673963473753 63.56645641709021 47.76843226185612 46.92753523636909 42.0244161932598
75.96106122413833 30.417612903440695 62.2746230629998 44.05498324279182 93.6769178309847 12.93352015917123 74.52294141627621 54.50276077219479 44.97428180227405 82.70095174780761
2 5 	 # V Shape
38.94880743941793 1.52552000927626 86.38806309239375 50.63961650992205 29.60362893954005
88.25800161408506 53.37453808937915 25.844788175962897 47.61098244937284 62.9201270510493
2 10 	 # Alloc Shape
1 1 0 0 1 1 0 0 0 0
0 0 1 1 0 0 1 1 1 1

2 10 	 # U Shape
12.261404013450928 61.01722097881983 23.05339179309903 93.86252323968068 83.96377977065511 80.2952896822237 25.918620346622866 65.50136877831714 17.73662141831397 82.2470495255013
1.4814736540351592 6.77926090947617 76.66118906160756 58.84364428815934 52.06928938195345 25.74354100265934 35.269831008384955 22.566137526752193 29.408831395328484 97.30270078226593
2 5 	 # V Shape
44.497293298744 78.9309171565734 85.38179843707555 24.979381829533697 16.89245256781574
22.314152881948313 28.021776531526843 35.06825976478159 8.358042911193753 44.300964203682845
2 10 	 # Alloc Shape
1 1 0 0 1 1 1 1 0 0
0 0 1 1 0 0 0 0 1 1

2 10 	 # U Shape
24.868040518671908 38.85111536502954 93.53359370779502 31.967110909522955 84.94659079004612 42.927136935286924 47.55639695854882 51.17942581202297 92.38486071146427 3.3072287559772096
47.376426887928716 66.8695025042428 87.06127630309976 47.34814221635104 88.05097718108578 47.19340037902528 75.56783695280996 60.06912588457328 57.68095301718371 25.362618515380397
2 5 	 # V Shape
15.013120920882395 96.73061454521934 43.44450121284251 47.72354501456888 90.19505437568908
90.58012893108327 28.142795527408857 36.78037387403853 26.323219501178198 77.55301027334066
2 10 	 # Alloc Shape
0 0 1 1 0 0 0 0 1 1
1 1 0 0 1 1 1 1 0 0

2 10 	 # U Shape
78.1269467874734 79.35876466667531 1.3514582631941718 58.15096945937105 5.080744934772752 40.52074220883263 76.08785914729303 52.24446380781931 78.48975320017163 52.068903640642525
3.2478905703136163 88.36087828279246 26.013377277901593 97.6120911713593 37.549933043459035 51.66268098437967 98.56745637040301 4.203076808051753 23.800413003944122 57.9319045970952
2 5 	 # V Shape
28.037118412364503 50.918146605378375 46.970046719554205 71.27110065461028 79.9736624625427
58.00915729295375 94.66279557014154 36.06232396397705 80.18407251266237 51.73163674494929
2 10 	 # Alloc Shape
1 0 0 0 0 0 1 1 1 1
0 1 1 1 1 1 0 0 0 0

2 10 	 # U Shape
38.070383938220296 14.798259246735878 17.974266422374985 66.71655719117156 59.891588363095195 36.12381442789858 46.268283949046186 77.43274712195168 1.7509010605471276 0.16759186430814754
21.797391162613376 61.268855089228914 79.63340308726214 60.10320021849481 74.42959261224811 54.582655793650616 7.339602497321829 16.596601464984907 53.90075620587746 93.49402782127862
2 5 	 # V Shape
26.035223330336876 3.768269073252428 83.53567940259128 90.08453240609776 97.54249591621638
32.8604141522946 67.76180037026157 64.9561863033293 31.1027331414121 65.0139356086285
2 10 	 # Alloc Shape
0 0 0 0 1 1 1 1 0 0
1 1 1 1 0 0 0 0 1 1

2 10 	 # U Shape
27.609245079116953 38.26501328187844 74.07307089440508 13.526333954932458 99.45909495495977 9.791900385657426 23.91706162228202 29.501201564062953 66.83547600254367 20.09238543534142
4.7539773665794876 9.893947727853936 61.88317655650586 6.087582381166423 71.97972477573924 33.23216875411126 35.713784444439966 70.70894683741592 8.528902499895253 61.40005757933578
2 5 	 # V Shape
84.69365194376365 73.67028189174415 48.866381919093826 75.0131414077412 56.9569050148919
94.94865486275796 75.20583174641308 92.48286570102124 72.93150415983645 40.248625248982876
2 10 	 # Alloc Shape
1 1 1 1 0 0 0 0 1 1
0 0 0 0 1 1 1 1 0 0

2 10 	 # U Shape
42.19700221429852 64.10610903113688 1.5255037991982134 60.59627764323675 56.352977321909506 80.29997932405091 33.96518974986258 63.75811265848703 98.79361860280811 97.13055083460401
97.76802666647009 74.1423831349263 45.180169508043065 86.5770314834114 96.86057337531417 79.88388835010826 78.3966255846099 56.82070182994185 1.6383257629479786 56.446846468988966
2 5 	 # V Shape
71.19250207276771 89.60699947096637 87.80030731858865 48.268832933109216 10.211760819796023
5.987602052363128 16.30370312070285 31.773309717250708 63.3817026751914 72.83741081813065
2 10 	 # Alloc Shape
0 0 0 0 1 1 0 0 1 1
1 1 1 1 0 0 1 1 0 0

2 10 	 # U Shape
93.91734516384109 54.13531354071576 50.13618764794675 19.81134080738951 85.0143094779185 60.875993642435574 36.949379808321694 77.46899512680545 82.71019732024828 5.134138102165808
93.10646384111024 54.829247674053974 35.83702691016294 76.42421738601858 40.949388249014895 48.28377472400188 56.96018326876047 84.82057062824524 19.440131437574525 99.38510690584692
2 5 	 # V Shape
71.6481144896098 14.414132995149743 44.4933625516163 46.50028834210846 4.169944510290835
60.1184573676484 21.61043722399325 18.031255037041316 20.735906631823564 74.4538486669271
2 10 	 # Alloc Shape
1 1 0 0 1 1 0 0 0 0
0 0 1 1 0 0 1 1 1 1

2 10 	 # U Shape
86.23504917748672 40.268894590989625 57.095443426306346 39.2875252331935 93.46521465735366 17.796170262150845 3.0036651163028782 8.795545768018243 60.519659082750934 56.492903149514575
58.73056260313264 65.72291408935908 99.19850405606678 65.60861372639884 62.80811313054654 57.602240863182274 99.79594470779467 19.662696925620903 73.05998891302664 69.85592477057399
2 5 	 # V Shape
17.958044026764895 46.44188034399186 37.26689405662753 23.467078506509054 61.62541926225664
79.49729169685749 44.644361444418394 23.980239590527663 79.9316286220504 61.42478123904871
2 10 	 # Alloc Shape
0 0 0 0 1 1 0 0 1 1
1 1 1 1 0 0 1 1 0 0

2 10 	 # U Shape
94.53235887081397 94.3971084464536 18.312710501552477 36.43978854336232 47.056303003903224 38.8178491770468 59.05360605724647 11.540306515972176 30.668429429503917 75.89411734990146
79.2200680957446 25.664456507956444 20.598136794338252 36.98599488315516 28.98921647503213 13.898764598922986 67.04057361889353 20.310339907541387 84.05503313865957 48.24674600116935
2 5 	 # V Shape
34.12740500795686 54.08761153355559 86.86787712132912 75.59661967584128 25.324879656700627
55.49117978576705 65.72117256440264 85.80668774911912 41.611974575870036 12.716487681701105
2 10 	 # Alloc Shape
1 1 0 0 1 1 0 0 0 1
0 0 1 1 0 0 1 1 1 0

2 10 	 # U Shape
10.011377113868281 50.821575035240095 8.186111919391081 21.449022178668976 65.50447670093588 18.97826756101979 72.68636585502286 74.68984916624075 95.71538455601528 19.112289903308298
83.98647204537586 15.598785700813133 2.5140062509301897 12.5150832897429 16.571156306476244 88.47140576944555 14.532330887863365 50.21692771309454 25.679723617981796 4.671124853153308
2 5 	 # V Shape
97.12131612426116 13.122608167353633 41.66948499153693 88.53438095761005 3.823643531540555
94.97984465262498 12.650710678209443 84.57489986039494 37.026837680405066 84.78430227156414
2 10 	 # Alloc Shape
0 0 1 1 0 0 1 1 1 1
1 1 0 0 1 1 0 0 0 0

2 10 	 # U Shape
32.88720193799507 27.093325711856785 68.1978236042521 13.57681784202487 53.31565389461173 3.360642024267213 87.18290662096075 20.024514182962662 0.43474053645286004 1.6019908098870883
59.753108723505456 19.74462853700125 33.53918687975427 74.18339420767545 28.28141057109972 14.668101384559161 35.26034095204604 72.47766482764646 15.23803926088596 21.807786792335794
2 5 	 # V Shape
65.84926711165234 94.3434972338698 42.28962746097174 80.16795216110802 30.60364407624867
79.51624141626807 43.18149505045952 78.58969996534569 68.13574435812708 15.287749487013668
2 10 	 # Alloc Shape
0 0 1 1 0 0 1 1 0 0
1 1 0 0 1 1 0 0 1 1

2 10 	 # U Shape
60.09954741787866 16.16177843314056 29.71207583003951 43.2856946374924 78.6329715001383 4.519382737774224 76.9456493603125 1.6757771063981908 66.45577318847717 10.836383684381545
80.36609298470093 51.27030466630732 41.696956867549595 9.04500392091947 89.56978307659924 83.2427363640986 61.69944620190317 52.90576727601619 54.62432471821474 66.33885708061153
2 5 	 # V Shape
22.735069478238724 51.30077902001254 17.80709055547809 93.79140977812057 98.22310479019107
36.97648898186367 74.92649796835803 53.3906162792254 66.21528842344128 94.9245564668146
2 10 	 # Alloc Shape
0 0 1 1 0 0 1 1 1 1
1 1 0 0 1 1 0 0 0 0

2 10 	 # U Shape
22.41663793507963 55.425157284742134 45.185026404495545 52.94016011147696 77.5394665016471 32.92523417701961 25.413719950769163 57.11478346143104 17.89659964584972 83.76202409444723
99.84026145206849 8.542065914661789 37.86338376856071 3.8378266155869145 36.618283951367545 72.40397336633248 8.311882612527688 2.596028242566595 47.56557720916387 54.60031168476662
2 5 	 # V Shape
76.9127599157768 47.96602001483687 90.94256101209027 46.5311376543468 14.440090101564262
2.8363801453292425 28.75661693888638 33.51266200898021 96.84714425362337 29.030352687620077
2 10 	 # Alloc Shape
0 1 1 1 1 1 0 0 0 0
1 0 0 0 0 0 1 1 1 1

2 10 	 # U Shape
90.44558664754531 95.80957614086613 98.87928496014547 89.31834306565305 76.19416470231917 28.170464707296638 3.0935555824306515 51.881202832681915 27.129314209328193 64.79849272635221
47.234180044022736 15.209379604545514 99.24980131357628 68.08783202866603 77.96425596713962 7.550734623415867 14.541953036933608 78.82229088552198 84.81782293410525 0.28689695090264866
2 5 	 # V Shape
67.90996785752523 94.11769015143643 40.39528532457697 64.60278713596182 65.62323919841245
41.369084145848674 16.04729244587031 77.64708011707442 47.63595117288699 11.376874582294484
2 10 	 # Alloc Shape
1 1 1 1 0 0 0 0 0 1
0 0 0 0 1 1 1 1 1 0

2 10 	 # U Shape
5.511758811965128 30.77491529234405 2.92671543808255 34.87635328398457 89.80444716646785 28.941498926602584 1.2616540296148449 31.37192315258982 38.89970316955041 95.17931033803934
95.50703814254761 51.166094158636376 24.8036443191045 96.40148427387251 47.0925318732608 57.65043979810628 56.80176072961446 11.123891024833155 50.82161880770178 31.023438693404703
2 5 	 # V Shape
51.63112812338898 51.57141925111161 27.32463664947068 99.11508633126722 70.54804803939037
27.59012302461823 62.36194848121591 84.38127125267165 73.59769722959571 26.706044711563415
2 10 	 # Alloc Shape
0 0 0 0 0 0 1 1 1 1
1 1 1 1 1 1 0 0 0 0

2 10 	 # U Shape
37.98254025464248 41.2861004997229 44.85630121766485 70.03555475278509 67.8360144778672 3.8088250865481177 91.80291931247652 34.20195342790579 9.008448734711838 26.31486007005548
13.767268711165814 0.4946237488306471 41.73974706811128 59.43883875047712 11.399999855650977 52.32090898251892 65.7661830201122 43.15153800898875 60.97763541455402 91.7973217784858
2 5 	 # V Shape
31.394121769440662 27.35416960564503 62.2151497518636 35.66882974643206 67.05512304948321
30.894270943547554 83.40502989123712 60.87790772828413 59.902717696674465 90.1500656307837
2 10 	 # Alloc Shape
1 1 0 0 1 1 1 1 0 0
0 0 1 1 0 0 0 0 1 1

2 10 	 # U Shape
38.993651067359444 7.878419424295613 91.14194767001523 43.88670502238875 93.67944335710273 83.66920797455552 69.86029480891342 98.08220424217174 84.604492930049 79.5866945860666
53.10888912867172 63.036644923730314 18.454493373071244 70.19314174481441 64.88372532726284 67.63282446794138 83.51527628619091 73.47598131265778 28.05517975287649 83.37820868307318
2 5 	 # V Shape
1.8214604669358425 70.53216032266606 36.29559168705219 46.76259472838772 15.853198589362593
53.49020088145859 74.48004322251187 1.9210920139467125 53.86493614130406 9.867838539304541
2 10 	 # Alloc Shape
0 0 1 1 1 1 0 0 1 0
1 1 0 0 0 0 1 1 0 1

2 10 	 # U Shape
93.57593519111049 33.12643786076131 20.005051707227672 0.44458204875420515 98.04234204249472 98.48854914452001 34.45897362071301 0.37658251910481777 36.84152200540874 74.74817839943707
48.51046490052836 23.98758669227581 9.542614449444953 20.308972968315906 40.914848454679145 56.41540736944679 97.50838049286688 88.39665701212402 20.592881647461624 44.29475259186425
2 5 	 # V Shape
68.24804752378427 93.9761989667366 7.536183634118798 54.99268205815626 33.10865672350916
21.897671490490332 43.74563633217009 14.302489845946775 39.87521172421681 48.51977788602674
2 10 	 # Alloc Shape
1 1 1 1 1 1 0 0 0 0
0 0 0 0 0 0 1 1 1 1

2 10 	 # U Shape
56.26335186510916 43.55859963252748 28.67508244610303 86.39471264392988 87.06715345665624 50.41460254234191 84.6990550251208 38.71189428107551 16.786179993534457 73.679414211574
45.90874018140918 26.837141727853187 59.05893064062927 14.268043727392964 31.525655009503595 97.0554681136705 68.24528583596413 51.251349576241765 65.04817444712347 29.418894582405052
2 5 	 # V Shape
27.20153175465908 33.474154844148174 4.915404887349517 72.00716001490413 24.163911081820732
91.55723391620383 99.17725962348514 4.095851876895673 53.619299626051145 83.73640710300461
2 10 	 # Alloc Shape
0 0 1 1 1 0 1 1 0 0
1 1 0 0 0 1 0 0 1 1

2 10 	 # U Shape
50.6996230007169 59.676206722171244 93.22496280622201 58.45219395341028 3.00121420397349 49.42286805921401 58.008278977015514 56.1443636527628 94.99374344287772 40.450212636798334
0.9042388054825601 7.124522520338394 82.25241158920737 30.997881428235953 92.99306290131942 93.56578779578807 5.010302023553381 93.29831692507656 99.40726307666645 38.3532426420568
2 5 	 # V Shape
36.26115567585146 69.47977340561238 45.01610012440357 45.03439341585727 16.39379339702851
48.76755957474428 33.43061488453265 70.02963713305171 32.58491813199621 47.94940305219944
2 10 	 # Alloc Shape
1 1 1 1 0 0 1 1 0 0
0 0 0 0 1 1 0 0 1 1

2 10 	 # U Shape
29.908096889120007 20.296182844851728 41.859404177227574 58.67066487131298 73.72567038216708 96.25080401896807 2.5326305013112616 97.34901428601026 22.293473058404302 32.047168496602566
65.81803070737747 17.773812239463627 46.28012587650217 53.877960899371836 85.94115311217746 52.28632315955771 81.07409632456975 31.617310319548697 83.01143828546147 8.115842644416693
2 5 	 # V Shape
1.1257928596190792 84.4706679830195 97.59926497492461 76.50424233568 85.1288989487291
43.45793299811243 79.90010493086652 11.501084352706714 53.28112673422213 59.673014483568
2 10 	 # Alloc Shape
0 0 0 0 1 1 1 1 0 0
1 1 1 1 0 0 0 0 1 1

2 10 	 # U Shape
75.39784438639137 84.75415150265859 57.381828853719064 51.07654857767214 3.3200176029885786 65.73044946775396 30.410228797118734 40.90252665900752 80.94634224701471 35.5279837538655
9.675797769629813 35.27190008709311 36.58328463890817 51.59981249692116 93.18491524703268 96.18091443607068 48.08752818556295 13.110051955009949 80.47200273542498 58.28858295239875
2 5 	 # V Shape
58.99579942454651 17.538063385336244 89.17340195270492 46.9150425223153 15.857190450190151
90.15198013644715 16.218562021722825 39.41778085507459 34.50500012475675 41.32597147226848
2 10 	 # Alloc Shape
1 1 1 1 0 0 1 1 0 0
0 0 0 0 1 1 0 0 1 1

2 10 	 # U Shape
34.31430711319832 45.42003603902663 45.87432359000368 46.0906106497587 90.67176819451228 61.48674421578616 0.31077575615755526 82.27440225100591 49.441645702919914 87.68978946785543
21.84719583113094 65.17428249700103 55.657621025568204 58.31227120390775 21.37967147856663 9.239471819596279 23.72538571306154 20.922687101863126 73.26067733669898 10.140454653281171
2 5 	 # V Shape
82.9683732127147 92.83219018668068 13.93969227057703 4.273746837525083 25.093642592360087
81.26388380419462 51.75394385642401 90.4445839744516 70.33343212602448 13.684873666528773
2 10 	 # Alloc Shape
0 0 1 1 1 1 0 0 0 1
1 1 0 0 0 0 1 1 1 0

2 10 	 # U Shape
55.5834001533984 10.65615893851769 46.798445167573135 78.17526677065369 33.738115109568845 36.574547126994304 63.14011003649209 95.07358001319264 0.8319665358701656 19.1408445251501
13.432005966763072 63.95849508376256 26.283544318707097 15.846615520977469 99.56860495740813 55.56347288635576 2.965008140700609 8.122732591936632 16.07585013598688 88.70996860406044
2 5 	 # V Shape
21.636065888154977 94.6082289877019 63.61504173762017 43.45750305910381 11.237468115084436
75.07102956471905 91.22093098036429 34.67878966483243 56.05914857443373 66.73011013412868
2 10 	 # Alloc Shape
0 0 1 1 0 0 1 1 0 0
1 1 0 0 1 1 0 0 1 1

2 10 	 # U Shape
10.490813064762195 11.240149506922915 28.542154385331298 72.00484531789189 39.28168078831102 76.0359730796463 47.319098654448986 97.65185084490162 75.09820711690494 64.19953073948064
95.84595776973703 61.75315893867497 21.397908127007202 44.12118233254083 77.16233151951661 56.6482074042176 44.059261365578095 87.69471242699143 82.87828090365483 23.89070043291206
2 5 	 # V Shape
38.86295005164369 27.3137903845999 24.9893162460607 21.01306317593441 35.6015946188296
37.457518665134046 75.44225286691841 81.14530829933291 40.39125527776189 25.69625002452307
2 10 	 # Alloc Shape
0 0 1 1 0 0 1 1 1 1
1 1 0 0 1 1 0 0 0 0

2 10 	 # U Shape
45.737100138820075 55.5776191787895 38.58754371849624 64.47429029860415 75.7626742376962 60.617093617472364 15.247321500412347 82.69965699858483 12.923582339214024 19.72557387087428
71.35898704094355 25.120543206155922 84.2706368837836 25.566961868122938 68.70354801885182 20.279099847405625 46.89728823489555 32.820791239163405 39.83836361677273 87.68029070713783
2 5 	 # V Shape
84.0936716434694 76.76509536034514 68.64258468091826 17.512161910640266 92.8267083922214
90.34724464062224 38.09294395803791 94.18127368446461 58.134138211768395 14.578743201776923
2 10 	 # Alloc Shape
0 0 1 1 1 1 0 0 0 0
1 1 0 0 0 0 1 1 1 1

2 10 	 # U Shape
50.108387857931945 98.67235775471677 99.48370742132934 29.227503422386437 83.62124520588189 71.74243372100526 72.97139946898133 77.15650271270896 31.33398512818418 99.5531214499963
12.560511143452956 42.313990137397624 26.914724075518837 96.40018616740917 43.76744221794876 3.0003944822860618 7.649868278374051 38.79858808355987 22.033365573819996 37.963935210553814
2 5 	 # V Shape
79.7446698720379 37.57698847943474 68.17862571396165 95.86950091174933 18.822644433272163
34.64200580237843 99.15422334466552 26.255367486367952 82.25723567764773 7.784411993289098
2 10 	 # Alloc Shape
1 1 0 0 1 1 0 0 1 1
0 0 1 1 0 0 1 1 0 0

2 10 	 # U Shape
17.027682768259734 4.6272106691152555 86.51452978256013 67.96270355846012 9.682224821424423 41.55228941262806 97.95598789234106 22.2072911137992 48.179796663910366 77.25602182146756
44.94905868004222 14.771467463911048 40.21659423364078 56.42914353439746 55.61004849165517 5.688895435684227 69.02949641445366 92.42842089471591 93.0958331198053 16.93337451150364
2 5 	 # V Shape
14.699043928642386 55.002274006983264 15.706252227393414 76.62568783177719 81.56981112059563
40.36986123121249 55.05260163386403 92.76088703384751 31.654470415130742 28.59805294075979
2 10 	 # Alloc Shape
0 0 1 1 0 0 0 0 1 1
1 1 0 0 1 1 1 1 0 0

2 10 	 # U Shape
72.56985693796094 94.23515412284698 17.846832784098687 72.43208085815705 10.04779880272314 43.753734576400745 47.08725250636717 64.25259110489023 57.867861597212226 73.36147205960911
93.87281580716713 44.970177601656715 93.55278544521855 43.27282910873434 53.6833158601146 90.76068730050086 18.588997048887578 95.9522786601882 6.7701149478554985 94.09068074162539
2 5 	 # V Shape
8.893156399155878 67.694381539525 14.2531226134612 86.31349752852937 88.37912349738998
35.22064582161089 86.38636816566616 63.86699108913621 22.958946381107182 91.6585774511766
2 10 	 # Alloc Shape
0 1 0 0 0 0 1 1 1 1
1 0 1 1 1 1 0 0 0 0

2 10 	 # U Shape
81.77569109558527 16.75322872957906 29.496910340073956 66.27226855943451 56.861759165169836 70.66922338577616 27.325330336892716 20.783927304394012 58.05154659960938 87.9096591705498
13.8361419450311 29.95980108311409 74.98415460433414 72.52309963878393 30.366616352045504 52.62802387500902 57.25466779105298 76.71025714142117 77.75423596954563 41.096870181502375
2 5 	 # V Shape
30.506195273004955 51.838942519947764 27.768649590922678 21.610555735945034 19.28316066387965
13.492742550294146 33.51706304889724 86.06803990586526 18.07182214823819 65.39363736495665
2 10 	 # Alloc Shape
1 1 0 0 1 1 0 0 0 1
0 0 1 1 0 0 1 1 1 0

2 10 	 # U Shape
56.84677335332125 39.12400737222417 65.84971399324837 38.46236784651268 94.4229680603069 64.26123268453645 50.0847287839772 29.32696492461273 46.92407992270089 51.19261037770953
39.783446178590594 46.918425112886275 1.9831135677814027 5.971852402290622 86.54749824666861 46.7066835390421 15.116544135161192 63.66082185661318 7.442027198343382 99.95359704454539
2 5 	 # V Shape
65.26203274952238 55.204427186665015 37.253006666848286 73.24859384663435 50.67994703324401
25.62542898621798 54.243353328676946 57.79963335310019 61.74989447158635 98.70184842677847
2 10 	 # Alloc Shape
1 1 1 1 0 0 1 1 0 0
0 0 0 0 1 1 0 0 1 1

2 10 	 # U Shape
24.66921768271967 86.50323478801586 19.54228668926149 52.6047785321878 20.80501698429008 4.51294452790515 48.86490084024412 43.441191415260135 44.959475142099016 66.51168370296472
81.63245481566594 62.36105629430393 93.68453148100059 72.13991887950247 42.00588220790758 67.73354206518887 55.36857249211774 7.178946660944985 52.416099400811945 95.6335000686815
2 5 	 # V Shape
47.7588586630431 72.0437914540529 33.60401183123153 34.31893319873303 26.835547530563474
35.89642971712945 71.70390402495987 80.45120247133156 97.20039097979301 42.04664015731059
2 10 	 # Alloc Shape
1 1 0 0 0 0 1 1 1 1
0 0 1 1 1 1 0 0 0 0

2 10 	 # U Shape
43.64765738635922 59.052481446631454 54.519554100614286 9.244256449939659 56.59373248896473 29.397700954573867 27.57674003906214 48.97207291030724 52.938603103323956 33.934026027717856
36.786496376432495 66.82180802234149 25.221470925157252 22.04577688068473 26.93021414183222 46.44091993201761 42.01064541396844 39.206117962524786 59.607437624946854 71.41601394372312
2 5 	 # V Shape
66.8576781342275 53.5740808999777 84.28555513185376 99.3993692502017 28.264650462579187
31.296033824369076 32.953741805720306 59.21081063841803 46.32783453249909 93.08122715085804
2 10 	 # Alloc Shape
0 0 1 1 1 1 1 1 0 0
1 1 0 0 0 0 0 0 1 1

2 10 	 # U Shape
73.30345857814932 59.90829887234689 83.60459065609122 25.898288167683102 55.696846413625224 98.59720102196285 9.06208821818767 95.5197450413099 59.47614934846216 60.05509534872522
65.30087200335468 99.36303833273486 47.534960501212296 26.748883399711985 75.73711517758063 44.69429117862418 2.3981406972436337 8.420907738887863 51.186658319098385 10.092880707387163
2 5 	 # V Shape
45.02129633259224 34.18046560291286 67.56061071607085 83.32830159272982 70.86744985716516
49.11983579764946 55.70212441111596 32.47996826264076 20.863379433873718 18.216042525347977
2 10 	 # Alloc Shape
0 0 0 0 1 1 1 1 1 1
1 1 1 1 0 0 0 0 0 0

2 10 	 # U Shape
50.44862649512878 25.10495620506181 44.002689347188195 66.80977907789143 23.96662052696947 18.85900582397101 78.21107505755116 99.445774251289 27.806547503914924 65.89391779146851
25.370123625894113 1.843794805800647 94.02499447330142 72.33812800057413 11.158900565702334 75.88770758715255 91.24506775515742 63.5006647844561 6.328263430559822 41.43135449603687
2 5 	 # V Shape
83.82951709179981 94.72614187406022 98.80585876034598 55.64578086877165 1.3259575541569313
85.49610223136946 55.91141255910169 17.229397586192107 23.073605211964722 44.46674499396551
2 10 	 # Alloc Shape
1 1 0 0 1 1 1 1 0 0
0 0 1 1 0 0 0 0 1 1

2 10 	 # U Shape
30.302055374762382 17.411943333572633 71.53021171162543 77.76645140750931 37.57826598053568 65.287668167479 8.370442699440527 39.6349130732048 32.34529495381708 99.94077719345556
55.71686871897384 80.38552195307574 51.52007258669683 52.955196865790086 58.71650354679478 87.974056623825 50.61238535530877 90.6216218552811 45.53934021067868 40.19935796369754
2 5 	 # V Shape
5.940051098310983 14.98937611618949 43.2811164432645 52.951850500400944 87.57164324015947
4.818962143786976 98.90653339218404 63.2228268240751 56.183845389346956 86.81238390142686
2 10 	 # Alloc Shape
0 0 1 1 0 0 0 0 1 1
1 1 0 0 1 1 1 1 0 0

2 10 	 # U Shape
76.27054992157304 97.42436220000846 72.74157549956784 30.136026296071293 61.51135326990392 10.092854758704483 45.64528573354093 72.48413783896845 43.20980460626453 19.016059390097272
94.56991752977338 83.66381297281342 27.104540149271838 77.4889617168695 76.50238899561576 1.9050353632349637 49.88695408683842 23.046236274866928 94.17534430008342 96.90655976842977
2 5 	 # V Shape
29.877507457798625 53.56371000061394 16.11712985499296 46.966028823633444 72.34801017178387
36.57767540149629 25.71909468727491 81.6649391260643 40.208764087727445 10.978909952748472
2 10 	 # Alloc Shape
1 1 1 0 0 0 1 1 0 0
0 0 0 1 1 1 0 0 1 1

2 10 	 # U Shape
62.164336250714825 39.64828151763476 45.9968739552514 27.923039531729778 52.68496061135017 95.83958898003091 80.32183739419295 30.85838440583143 4.806268756009658 24.65507972071158
96.16446248342963 74.10821533317997 73.77715635151218 35.751798845190386 55.353758639657734 5.2711894115395115 13.949864061937845 72.41821055439384 25.24957911706406 12.18627323155792
2 5 	 # V Shape
89.84653081172301 80.34655081029838 1.9322991148722157 54.39852936816315 92.46195393956128
63.37810872775735 39.953121636840194 42.374510250586425 27.569114066238342 99.49700523408531
2 10 	 # Alloc Shape
0 0 1 1 0 1 1 1 0 0
1 1 0 0 1 0 0 0 1 1

2 10 	 # U Shape
55.710871353119686 77.76158250344342 16.614812394068945 61.34733650876646 35.046213698313814 54.28144927799664 23.317426630236294 72.5383938911332 74.51646679522432 10.884260322089467
31.457082765965684 87.20360170478838 41.103532461402715 73.4147444040704 34.704811105304465 11.326155929368397 92.83499689003567 31.352288260528884 17.198908337742036 7.6069014522181515
2 5 	 # V Shape
40.78584018488306 10.938059542385215 67.20924380409559 57.88063202708978 66.46214679558257
75.13302732806851 15.625235522108117 79.73476486084832 11.86767202508362 65.12031349933845
2 10 	 # Alloc Shape
0 0 0 0 1 1 0 1 1 1
1 1 1 1 0 0 1 0 0 0

2 10 	 # U Shape
73.23981573897002 14.31664533717425 71.27249456670978 72.33293653051727 60.1872638713683 24.957734284359734 64.8316880272266 67.88820624309778 61.37698528578803 48.75540770477977
1.9088447660080665 21.673406716738917 66.91247001012411 45.043596372518465 14.288331699317702 14.237063186277831 53.166677494672555 1.8161567802524425 7.462547774072192 73.34304849301026
2 5 	 # V Shape
29.882395058971234 82.39189543015992 88.43091784526041 83.64641948877612 14.478592591039963
29.106379650600022 83.5975846478818 64.06520740453402 20.79686268735912 1.6066648058251976
2 10 	 # Alloc Shape
1 1 0 0 1 1 1 1 1 0
0 0 1 1 0 0 0 0 0 1

2 10 	 # U Shape
99.13223917347123 60.68582326355211 11.574165995282094 22.375970072766282 8.24972059289536 61.57596995156314 16.909858536662902 42.845714221043075 22.08019250923925 72.76016896400101
26.61875576468531 41.324943737786036 25.12276799521994 99.51910304899974 40.74260982561789 29.18714637276517 58.88777662752428 86.67208676353269 11.984197585671442 78.71418189485256
2 5 	 # V Shape
63.1665836695284 54.93433531377 4.73383162785569 40.91018767776373 14.950805469589568
61.01501075427594 21.95372876567233 83.74794371289404 65.89967023484711 83.40396011369839
2 10 	 # Alloc Shape
1 1 0 0 0 0 0 0 1 1
0 0 1 1 1 1 1 1 0 0

2 10 	 # U Shape
18.82342997765023 38.46070897824724 17.05963797061687 12.327948013818856 14.273535418440309 78.19129613352001 7.633549767007198 6.894110988517377 85.33062381047435 76.71530486697786
61.329980738761094 85.61559561831923 45.05529938169966 20.704254048749682 36.19068119158446 81.68387827458406 57.97757429872795 55.7670401534872 26.298458558937476 94.95397197273702
2 5 	 # V Shape
15.21461172388545 83.52325383063706 48.530512963059905 63.76143450264308 52.63433825604995
73.16738104064649 89.45056514262828 4.698958029023936 12.32636989671797 87.71718124032158
2 10 	 # Alloc Shape
0 0 0 0 1 1 0 0 1 1
1 1 1 1 0 0 1 1 0 0

2 10 	 # U Shape
14.51396724121472 93.98252699694206 68.90376867931998 56.8001788238225 98.90385205443435 26.448314291774278 81.88735814026047 54.33917454297623 31.045315641625237 4.372071731933858
60.29537552780157 60.450162285570116 81.69805831293804 27.898844307083515 32.432046923761725 61.543336930568294 2.8130500379492274 65.81685598868279 90.64316646365263 3.5485648959968197
2 5 	 # V Shape
95.04807557805852 7.766518511031384 93.81564144312719 75.2089227724662 14.588475941774304
69.94358501846567 47.422136051923694 28.158643264269045 40.16700131996115 38.92819473348249
2 10 	 # Alloc Shape
0 0 0 0 1 1 1 1 0 0
1 1 1 1 0 0 0 0 1 1

2 10 	 # U Shape
10.17702348482372 31.672797961338382 9.793773138506069 20.830317071463057 19.973341391746825 1.38777346861102 89.69883930574431 85.32569859394202 38.3650237619469 57.09484664147715
36.398781568575366 64.630597249594 35.95442803175274 47.6144101789587 48.55860083340028 39.41321505851177 69.45540103766795 59.65655503570905 20.454343088742977 95.14971420573085
2 5 	 # V Shape
23.701885717474923 0.705687558790713 95.36405288706521 48.48458822460914 69.97666162615052
33.51859396902369 42.39472523588649 63.285521898107966 14.312430905837136 48.687585960018495
2 10 	 # Alloc Shape
0 0 0 0 0 0 1 1 1 1
1 1 1 1 1 1 0 0 0 0

2 10 	 # U Shape
72.0791823056662 21.92533160414385 70.67504075487236 18.132333764724816 10.077208910544988 37.89829101603915 21.6070269788042 79.74907500918094 75.47593432902501 99.60720534966714
49.98838888390142 93.92177433359477 71.22587778646677 86.55286814267996 83.67126860395283 17.23273933458924 2.2232379427373328 6.59486243573194 71.60129064932369 77.24857422655187
2 5 	 # V Shape
98.83372093386794 93.3423484861936 25.30378013589446 64.42523861594391 6.249458054224865
71.27652811966989 2.1204580774555004 91.45699115250241 1.6644675496631733 12.949654764610097
2 10 	 # Alloc Shape
0 0 1 1 0 0 1 1 1 1
1 1 0 0 1 1 0 0 0 0

2 10 	 # U Shape
47.48980388737228 35.236298688272015 68.00830161097822 81.0058797573459 99.29912536782388 46.276129895427246 33.07385113874187 25.63973883178288 17.643998067017495 21.220563041503382
47.391008471196415 70.52357219021873 4.796951298637886 59.54403714825727 78.91241099971046 75.30002512811717 19.520552659460964 48.10140437031507 94.40551120740727 49.32481000364145
2 5 	 # V Shape
46.598185048599525 56.18623447064307 30.870599456190597 44.605622627962006 32.87560649188654
0.8463614091738236 93.99450522605416 3.666660670071753 56.44648204963758 96.85295068085533
2 10 	 # Alloc Shape
1 1 1 1 1 0 0 0 0 0
0 0 0 0 0 1 1 1 1 1

2 10 	 # U Shape
7.5071025656682 43.69310725879841 21.236383388620972 50.34182828705479 8.491454055543313 76.0878878763122 27.07622659306089 77.82967065918365 46.32841041235256 44.80631135400092
37.32548056721192 30.62108954616437 95.00510156550767 39.5007852020568 57.30851658179802 54.1868602325444 54.75967640925919 47.31955820013225 12.957833802074248 60.351912243889196
2 5 	 # V Shape
97.41972325451734 85.1770558162241 84.70938606548248 88.45122547349003 42.917181054397645
0.40741860947515196 37.41633456907037 13.99134386595512 17.538366252106407 5.935728768104765
2 10 	 # Alloc Shape
1 1 0 0 0 0 1 1 1 1
0 0 1 1 1 1 0 0 0 0

2 10 	 # U Shape
88.66627988454705 33.57199301799781 76.61774235278666 39.44609322084111 25.740506101988892 85.37718163163352 16.97081568353147 39.05243730086877 72.55325292979558 24.870880842675056
74.55118919653773 62.95085984098351 76.90874827423532 76.16272406652624 22.165809857559537 83.77501026615361 49.4904071014864 89.79338894121445 2.601703169473657 82.46603052116919
2 5 	 # V Shape
91.30603631763263 27.696588430401846 23.368953168832864 82.26502996463772 79.42807745304786
6.455712884090293 15.375315420694136 36.15270906728119 84.2596584125717 7.823119211262153
2 10 	 # Alloc Shape
1 1 0 0 0 0 0 0 1 1
0 0 1 1 1 1 1 1 0 0

2 10 	 # U Shape
74.54454762448187 73.38312576742071 45.85526098715346 9.41941115924646 22.831158382585283 55.35860590150368 46.368463378286215 22.58176541326977 65.55642151929398 55.47068651293379
39.99752094785436 22.822589092667698 5.162410537774321 13.550705467958934 90.2511196917834 36.75855346416507 68.2857482097169 83.92522437512342 88.16806751319699 23.38861770145687
2 5 	 # V Shape
2.2385904124888167 97.69129911465888 46.65780859129788 13.366803500708402 26.67674268199276
24.2960933465582 70.52713310320013 30.222728059032512 78.12586289585974 26.011362932874437
2 10 	 # Alloc Shape
1 1 1 1 0 0 0 0 1 1
0 0 0 0 1 1 1 1 0 0

2 10 	 # U Shape
51.51052436412126 54.07627011785697 16.200037468677685 59.81244877816049 92.44821281276178 49.51097454246206 98.48231799911706 67.52512519093997 6.288321130578867 15.45003870299928
86.93455781063584 76.71528408601918 53.01420557661272 55.8291033566819 14.790911998462397 51.006470749205455 82.83423298974365 33.53446237754207 70.28121810934765 76.70310343530222
2 5 	 # V Shape
61.369555410922416 47.257380865466025 86.70038969371441 46.499120045085874 23.02796168713498
58.51667643985826 98.47596171643428 48.32058077698525 45.277297058530884 36.113050194982975
2 10 	 # Alloc Shape
0 0 0 0 1 1 1 1 0 0
1 1 1 1 0 0 0 0 1 1

2 10 	 # U Shape
16.527560314721445 13.512003286797558 93.8522965435792 34.330717411693215 83.2805949865475 69.88392044116581 5.876886938240089 52.14718051752437 67.68760802953241 24.151847502319534
44.05817807856478 80.59281541151935 27.264181797378484 35.72624681389806 44.48079785170304 20.44118672768136 40.222422860195664 5.294544520540589 13.22339895097615 38.178893317368214
2 5 	 # V Shape
21.20239985611989 89.89613983859748 24.546392268396964 20.625370772386432 45.18099395964742
63.25014929011583 96.93476911871745 17.546903516672728 75.03473800899563 57.39260360106682
2 10 	 # Alloc Shape
0 0 1 1 1 1 0 0 0 0
1 1 0 0 0 0 1 1 1 1

2 10 	 # U Shape
4.394495882544258 79.87021093358476 40.319914739390626 96.11744930046517 93.53263067596633 51.22364247228899 42.6466846620277 35.6424168085304 24.47372185606208 37.468278023744325
44.169046561771374 66.04829708108673 17.707099882031674 14.444535618129573 49.16814578838835 79.13508623858029 27.5892593101031 6.894272792829714 91.61665573148015 0.871168136590128
2 5 	 # V Shape
14.265871321567825 10.000533438444458 44.2398278004064 56.1284251656768 19.6497224321872
95.18035150325355 2.9782735076300026 31.68292923076843 37.01996456402601 92.59888617786675
2 10 	 # Alloc Shape
0 0 1 1 1 1 1 1 0 0
1 1 0 0 0 0 0 0 1 1

2 10 	 # U Shape
43.27321225042723 85.04801172811976 60.02128716439582 58.74353528952473 32.150741598439794 2.2301251779653364 68.43541936023568 65.79724870186435 83.93822151423171 97.2809474979911
87.55162729671349 10.72379991898128 97.81760451397136 73.16186362170892 55.65249176348163 2.1493148902267833 45.79745640322085 11.253462250604773 73.69636912475801 51.08022529946796
2 5 	 # V Shape
14.58899701890295 63.50780755664419 70.45265829423573 73.2677448035847 19.96790173220715
9.2953593304276 2.8322631214902194 71.93883076691657 47.26119249823056 91.92632233142473
2 10 	 # Alloc Shape
0 1 1 1 0 0 1 1 0 0
1 0 0 0 1 1 0 0 1 1

2 10 	 # U Shape
11.587007285669525 64.04833830623643 94.12736906409842 68.98618495038974 86.7394092442685 64.66494296638858 51.258293030611654 55.59341183725435 71.98879764620429 69.11492471798036
54.78257575509845 96.45257676032622 56.67955503501677 67.75360640583781 82.91489317058482 52.565802284358185 13.664393634853367 31.4040413117771 6.040925417844722 93.92613852404936
2 5 	 # V Shape
37.92195931949409 85.69619811922328 37.841763800386865 80.27664291702267 15.763875939650573
26.391702364228852 89.34612726134753 30.843586175078354 76.63733482458215 11.251945453962165
2 10 	 # Alloc Shape
0 0 1 1 0 0 1 1 1 0
1 1 0 0 1 1 0 0 0 1

2 10 	 # U Shape
45.3476548639779 64.17622854668761 82.59260074000187 79.79839417453978 56.98655212727988 22.61501480046246 31.27734699721899 84.36665053100671 34.336313263229265 50.00132958455252
51.35624281403365 35.689257373799045 49.83720300686228 24.082304326848135 56.8198915790626 22.70641507661756 18.31086473981357 60.35669937687027 74.13272128448129 87.40426026282393
2 5 	 # V Shape
33.66331838386788 12.97907311670279 39.0610841112506 42.09889987786429 98.81099005603778
19.278700618653687 50.53594781398946 19.70205613618098 10.654891995784489 41.03610141947559
2 10 	 # Alloc Shape
1 1 1 1 0 0 1 1 0 0
0 0 0 0 1 1 0 0 1 1

2 10 	 # U Shape
63.35049075219903 42.637655280529394 79.54477217073705 68.68901066413403 27.858997649390837 26.22548837217321 13.733697561991654 53.279974476912706 61.99370786023826 28.56566535013596
52.30102522991796 63.847583531936166 4.261678802823743 63.71574746277388 38.231347923706295 17.850255299315588 63.38237104648115 86.20697861266837 49.129285480417906 93.47895844127379
2 5 	 # V Shape
14.380413029730743 86.37205344297692 78.2991247999963 30.271856345630265 36.56645587450622
62.79744766070707 71.00561688760939 46.10137916830297 97.04934361723673 89.14844991513449
2 10 	 # Alloc Shape
0 0 1 1 1 1 0 0 0 0
1 1 0 0 0 0 1 1 1 1

2 10 	 # U Shape
39.24553542997018 90.9317505811893 55.50646064553941 40.96034391815525 26.352868652197348 80.06678785294633 85.26343798730024 91.67881873767683 74.89487374030178 28.005500695325804
85.52839811510687 76.60999095071614 31.199771633889984 31.579063072895686 76.49752740801661 24.830269191065813 68.588098318159 32.69591286542576 24.381312911256348 16.458674505938898
2 5 	 # V Shape
2.6755303503780636 55.61372992270559 50.16097705280589 85.51911109476198 9.069703442688425
4.302788550407632 14.536145209030582 39.212158542200825 57.6684973922343 18.178567747091613
2 10 	 # Alloc Shape
0 0 1 1 0 0 1 1 1 1
1 1 0 0 1 1 0 0 0 0

2 10 	 # U Shape
20.006019359361503 95.01322754120875 23.163248901195445 34.36671426967819 62.06618778793771 47.01551339807912 7.4872257076342486 62.11980146105237 86.60132624354662 60.495428721735365
77.8546798318367 13.134436607885148 43.6719170739585 19.048764096468595 13.526091758124226 83.64470318942527 36.898795855553445 26.983204327801737 42.74642219503132 20.843927280003527
2 5 	 # V Shape
29.253634945766795 40.043948210270266 73.55995703681744 72.04392306728444 58.591873364160016
68.6433990200132 99.1070881982462 48.05095507167943 64.4797032845112 89.98680933395079
2 10 	 # Alloc Shape
0 1 0 0 1 1 0 0 1 1
1 0 1 1 0 0 1 1 0 0

2 10 	 # U Shape
77.72348519138664 19.588959183724686 89.77500507188448 63.87216946582844 47.51906899763052 35.371297478446394 63.39631696903615 94.44996933145309 70.10082210138187 93.93972692523114
73.38790123702233 11.37575227937473 16.21317869287504 9.688928293252353 76.31087786592119 59.328781134879094 39.39241067244799 7.24054827131585 84.56494408518732 68.86648373854176
2 5 	 # V Shape
43.899548072181446 66.63482965301391 33.642049585650334 77.82045875163554 24.770725959312077
18.703417706390034 99.77448672581575 45.465467334074994 70.4800515940475 84.47773182326647
2 10 	 # Alloc Shape
1 1 1 1 0 0 1 1 0 0
0 0 0 0 1 1 0 0 1 1

2 10 	 # U Shape
18.058282905968927 79.58882284288093 74.35984019003301 92.78060092005367 61.95713375865034 33.791209511770845 41.85614249758937 17.6148961458777 67.52871256983018 19.6641978577902
9.923060630742809 7.281864528800908 95.81738859319343 30.30356640509414 19.16324385594249 65.21360748522504 69.73946038443617 8.666160597234207 67.52915489557263 43.93432285102878
2 5 	 # V Shape
67.25738856187094 95.26535876409807 63.55636099017431 98.62265765610907 5.178184005226083
65.52222437991888 5.631364384266502 13.907580966991828 5.18455210931732 78.40062307633438
2 10 	 # Alloc Shape
1 1 1 1 0 0 1 1 0 0
0 0 0 0 1 1 0 0 1 1

2 10 	 # U Shape
35.61624154070936 47.69811760028085 99.36622899179586 27.919457322247553 14.791283940092093 57.13154649233424 16.13025393046189 18.59170220244193 0.06259763731588652 42.417633884217544
81.91924140625963 85.57115391341247 54.529442233247 84.65515118973634 16.7947341257638 53.77129779482728 55.324177040120546 67.34981323758052 24.83412159160644 45.563414651730604
2 5 	 # V Shape
4.99139574625832 26.13246927392201 37.18542139101548 28.21141773823026 4.137832799011997
47.19160907849208 84.92768108281098 99.10995160858633 99.32148410364535 8.104565516191997
2 10 	 # Alloc Shape
0 0 1 1 1 1 0 0 0 1
1 1 0 0 0 0 1 1 1 0

2 10 	 # U Shape
78.9924289237595 45.44520259474476 94.26805913585929 3.486777036547184 72.08596284998295 18.560066331948477 15.700989338657012 36.69434896469226 97.8533614328007 34.18016697840653
88.11496163022969 62.83239654823256 16.44063145949628 25.97796183503789 38.56046733921149 62.09470311750421 83.32445405772863 53.798563816032484 30.574100167141772 79.06854914560529
2 5 	 # V Shape
99.37444251630373 94.16752732661531 73.10331192011463 98.54786794833585 48.02994436128324
49.65445838337993 55.858124632717235 96.48065949176382 83.41465313280912 56.03428044799189
2 10 	 # Alloc Shape
1 1 1 1 0 0 0 0 1 0
0 0 0 0 1 1 1 1 0 1

