2 10 	 # U Shape
98.2741914544214 63.56607347968526 21.59232560471803 54.902743208427964 54.55599580092261 23.40760731470016 11.372584300707944 49.965926704895466 15.210842242178801 53.268608055726965
38.7006768446549 68.83273834221643 37.29271564083929 94.61600449633926 77.73579181067069 60.80343030674544 61.523203658606896 64.29876012693234 26.848350713033465 75.01561486032266
2 5 	 # V Shape
28.683048942015333 70.93760578262341 6.478677547176559 68.98584792392357 55.216783346967745
55.38264803105607 34.65286297905903 17.26129600841977 54.1932637563185 5.176904301577445
2 10 	 # Alloc Shape
1 1 0 0 0 0 0 0 1 1
0 0 1 1 1 1 1 1 0 0

2 10 	 # U Shape
36.437840196608306 86.38367270431519 45.02555009625034 97.13697684849716 13.565977671520734 71.56744827027805 92.09482505872631 93.53644225478608 93.63029088679248 67.27740448846122
93.89926354427293 52.42277302153967 44.89217570018435 3.127758666552116 85.91044903080123 18.252879402305165 72.83094463286277 96.73682786626925 89.83157458733268 83.43715027909192
2 5 	 # V Shape
59.05078040283765 36.14592485935443 16.483069676401783 44.02117604413666 76.01865212686305
44.22738328726695 13.052339190334605 18.204234531958974 99.743733244964 26.88519014047038
2 10 	 # Alloc Shape
0 0 1 1 0 1 0 0 1 1
1 1 0 0 1 0 1 1 0 0

2 10 	 # U Shape
69.34995744350451 16.052483281843998 31.547908291880912 68.11911118116751 8.927461229817634 74.7194856213263 32.435363100594614 57.98082207386922 19.778543769260505 85.58017924865054
78.24837512338267 90.07239593674959 33.598178502311804 92.46746456777734 8.622527734067187 61.46960989881849 9.40065855763531 99.12647580775004 16.37026666360779 16.586954116224717
2 5 	 # V Shape
68.38862200822227 86.15719444525364 50.404405852822755 64.44665911172743 14.038917562732989
40.16265075525981 52.62171401439388 18.483750337087535 20.46498271305862 31.07357557269227
2 10 	 # Alloc Shape
0 0 0 0 1 1 1 1 1 1
1 1 1 1 0 0 0 0 0 0

2 10 	 # U Shape
64.12224925127461 58.39972545660652 26.706597288250787 5.655338856796899 91.02521116894621 30.33046825081763 33.142930215218634 5.6686266327217405 2.9364493641441447 12.613087143994761
9.960114391646325 16.2180741260738 15.088139339611384 31.239040116674577 55.98006166047904 34.80439103883216 34.941538274791654 61.37055535512614 7.022964247308394 59.75705765753162
2 5 	 # V Shape
31.18984598798553 25.215345299998027 52.546590847057 55.74421797709572 59.48565014855293
60.55366411662503 7.536713361265246 55.97179628355657 38.764844903889404 20.73784250938192
2 10 	 # Alloc Shape
1 1 0 0 1 1 0 0 0 0
0 0 1 1 0 0 1 1 1 1

2 10 	 # U Shape
17.266359066215344 15.601136171895025 45.34455696113088 53.23837863930364 58.73569642956979 7.17776703317512 64.59305417411643 89.50158153447119 98.50520854545918 92.34392810179915
8.163338937109266 58.26577210483095 48.90900364341098 41.029855533163015 66.97193409813723 94.27158001590632 0.41679075511681374 36.93480574066159 25.941069263452967 60.880616951299615
2 5 	 # V Shape
19.921243462619167 10.207212789607068 68.74332491951878 1.7843880579658133 94.36496355875792
27.22256289795255 57.77087511679009 74.21807134419606 34.82058645601146 88.68510753781297
2 10 	 # Alloc Shape
0 0 0 0 0 0 1 1 1 1
1 1 1 1 1 1 0 0 0 0

2 10 	 # U Shape
64.5578001750405 60.911958311824264 47.47646837876166 14.068825528270256 52.27006163747352 13.316319028097823 44.36699424988405 23.666770929192772 56.96344505719859 77.1440275439144
34.43897328545072 50.26789492680736 29.01996194974714 40.58429084154257 46.12148027061783 78.82764932034178 79.1921097962389 55.12419317635797 35.37213018488102 48.808566107746465
2 5 	 # V Shape
60.180600988640606 80.52692024567169 0.8171298646085456 85.26311439092544 70.56658703169036
34.651802548216374 22.253163479113013 9.232330398971767 76.68214391642255 94.48304600602646
2 10 	 # Alloc Shape
1 1 1 1 0 0 0 0 1 1
0 0 0 0 1 1 1 1 0 0

2 10 	 # U Shape
6.346413449027278 79.11893756878075 19.95308831671855 60.125262139418744 69.21793169269881 89.82617601883342 54.66778319969492 0.7019805484878239 15.110002182444704 72.84509566823634
95.97079820699919 22.462443062932678 31.771972488552247 43.94631150206884 27.688503771569295 12.149997592096728 15.369752626864964 97.52168560347216 73.01013793476714 49.80238097267603
2 5 	 # V Shape
82.33434647395713 20.975486081713 26.282992014096607 28.027012603611436 11.691890807927996
36.26829276261523 83.69284518430479 11.401973532734555 45.51006897197985 55.92521408671192
2 10 	 # Alloc Shape
1 1 0 0 1 1 1 0 0 0
0 0 1 1 0 0 0 1 1 1

2 10 	 # U Shape
76.81318820327756 46.41811569966483 86.7039179933782 98.75364091488161 71.75912165394719 77.20540388991715 48.98743190881294 48.818924654364004 85.69142863339384 33.93671912409479
29.56681399884179 0.72993718474893 71.4867138769824 1.575982147697974 63.20322100257191 1.8702540395271527 6.13416201359871 0.4088262735974735 79.31859636558829 34.41726281351277
2 5 	 # V Shape
68.39811339552443 90.0127404337716 19.21241285149129 42.831461206957066 64.99423372417121
46.96024706374033 89.70242490817054 7.657498210055424 23.480683390608835 81.2670338440099
2 10 	 # Alloc Shape
1 1 0 0 1 1 1 1 0 0
0 0 1 1 0 0 0 0 1 1

2 10 	 # U Shape
78.27187044851071 12.833591690060864 88.63905499479094 76.39818784357627 49.53350780057034 85.44787156590115 15.937568085119958 92.94748028203662 62.7059638262372 85.96008386557212
13.43566036345819 81.8458092755456 60.71513282276902 83.03070796838867 83.07191004919153 38.88340751949772 92.03323669738758 46.066238983791784 48.80676101343096 50.68877945388002
2 5 	 # V Shape
0.6544831683600094 32.076492780588126 42.36764571202764 7.381865143546895 22.80111038302679
26.669388372165358 99.69130231917586 12.113622535732915 34.37305657797787 98.97792086946167
2 10 	 # Alloc Shape
1 0 0 0 1 1 0 1 1 1
0 1 1 1 0 0 1 0 0 0

2 10 	 # U Shape
29.395619177179487 50.477952794726534 7.112842487935045 54.0905582692057 68.23072541774542 49.71382838401171 41.95896504220653 68.01384714718182 47.69176472354605 63.26925949445533
94.30409501658721 54.58727071318237 72.44756851016786 28.913522661955206 75.7669355961117 52.96569240379878 96.85482366007896 15.589071179530112 84.12867180081703 16.337522218023494
2 5 	 # V Shape
5.771034021606292 21.55635570178138 12.094139825899685 29.721207472238454 0.8110081570639638
66.18492631614464 82.3346480683452 13.423875327601609 21.063085630062627 81.59466397256735
2 10 	 # Alloc Shape
0 0 0 0 1 1 1 1 0 1
1 1 1 1 0 0 0 0 1 0

2 10 	 # U Shape
91.6541625426831 39.67939962632534 63.44559693751205 8.91404032268931 63.43565006749879 21.7257902543882 67.73717104534356 45.700212871632694 43.764560524207766 63.912427431695306
88.34387295450777 36.20968695773541 81.63247421661988 83.05530687908154 57.91637497235428 54.59625550428176 10.179076462800552 45.34320641786288 81.85266682804456 45.8145329774488
2 5 	 # V Shape
77.82106620289625 0.470442709286778 17.932972521218804 95.70230806868155 63.36338578743861
3.94989219185653 32.649895121539615 46.790903407130045 40.92499611935676 56.10350512322172
2 10 	 # Alloc Shape
1 1 0 0 0 0 1 1 0 0
0 0 1 1 1 1 0 0 1 1

2 10 	 # U Shape
23.28158163458214 46.83991939128808 39.5758566315582 48.66699081257424 12.444867684578664 41.34370964192603 83.29081839408168 93.7898805864816 54.901420894145694 64.95062041943129
44.5068326448119 96.4020536785831 78.54344933582763 90.52256243324847 36.00113765198677 79.02381169412574 79.0367270892896 84.47356688693344 22.15004713454225 43.85058539681186
2 5 	 # V Shape
47.30702211076898 76.30317162813598 70.9764360970269 96.58851630194408 46.25938401881352
3.0123829535708024 37.281147763274994 26.13340560684486 37.4412091689015 93.931033266177
2 10 	 # Alloc Shape
0 0 0 0 0 0 1 1 1 1
1 1 1 1 1 1 0 0 0 0

2 10 	 # U Shape
4.284667365294426 72.8485617622767 3.9074605555322273 9.261285279727272 67.94173154829144 33.478514548142094 10.12682415517846 84.54854549566271 8.687420474552422 18.497884128670695
19.489726198269764 45.998264198212624 19.981540012604004 78.14469338073683 30.903379893876004 58.98802050836262 52.91001894061651 52.20762085438133 23.890409052452966 96.59574252781374
2 5 	 # V Shape
60.55571841134033 35.322080367255914 40.715745137231664 60.367787825036515 47.64445836582516
49.52623357507554 86.50713425760196 81.28340440206516 98.08159685451777 70.71324852404784
2 10 	 # Alloc Shape
1 1 0 0 1 1 1 1 0 0
0 0 1 1 0 0 0 0 1 1

2 10 	 # U Shape
74.40414955950655 59.60318449986569 31.676466496140222 9.173527863870778 6.312860202951532 41.8784942318268 52.49259771091903 38.264139229061435 25.49466040659918 19.429718755939195
85.52515748533425 14.026637455174173 23.40678558662561 87.41740906036736 25.29186056004773 93.22867338541705 43.17300865919056 69.76427597551736 25.64432131415656 95.91704240093179
2 5 	 # V Shape
25.893483459035316 98.29571864645122 27.412198022942558 90.2324616414406 45.49365900385762
23.773787479031093 11.747860133040245 63.182449262288934 17.873414855584535 96.89721582433144
2 10 	 # Alloc Shape
1 1 1 1 0 0 1 1 0 0
0 0 0 0 1 1 0 0 1 1

2 10 	 # U Shape
20.17337478378547 91.5296466814015 13.437851341443519 65.0472160731303 66.75183100605693 88.70887396852152 48.21350600681152 9.486074098456731 48.05519080350389 97.33311170781349
76.66126774764369 0.18373572351840783 32.97623734501243 84.29906034672206 47.3226595897276 85.37285684974474 87.72086026855895 24.286961259411555 24.26982610102061 93.9375088332923
2 5 	 # V Shape
37.82730926829654 57.54215525195341 50.633944819887 31.76415152200489 75.31861092341849
44.06778846212147 14.809125495847464 32.00339884063772 3.0325871595822784 88.70670000714479
2 10 	 # Alloc Shape
0 1 1 1 1 1 0 0 0 0
1 0 0 0 0 0 1 1 1 1

2 10 	 # U Shape
7.236750781159884 77.93824552079698 77.25357092641812 13.823085759362918 21.340258010933123 47.67747007986082 62.34947315558015 69.75293346552235 88.10212597932527 52.949897443896695
37.08553890021299 15.978750425922517 15.138792244414379 85.92894994657941 27.627048260828147 62.539269863091604 82.3862467746831 25.07023493342907 64.23633431323196 45.36764642401695
2 5 	 # V Shape
47.51667308020606 30.756358428836784 30.036059229043587 55.78320797050893 42.88170230599643
88.17976402192848 64.1866460742373 1.515632175397219 27.116203355784762 75.65571618925887
2 10 	 # Alloc Shape
0 0 1 0 1 1 1 1 0 0
1 1 0 1 0 0 0 0 1 1

2 10 	 # U Shape
35.58385274438404 52.454928528254484 94.17145396350539 0.3881087291297658 18.37656863004823 93.22635817195916 36.23536440762069 79.39596357407285 89.8116984321084 16.111345300768456
66.28555932315771 17.845002912035856 75.98916999813389 55.931805694941126 97.80205748671165 29.025471177693984 93.16989435540809 81.85389976988246 41.73023465354221 22.411938360049977
2 5 	 # V Shape
39.6896398035029 33.320446424331585 94.10513734668116 46.11329459421785 48.80994077399159
65.11573866241966 80.64899106726355 58.38002132099395 36.52558014734073 36.01174586935567
2 10 	 # Alloc Shape
1 1 0 0 1 1 0 0 1 1
0 0 1 1 0 0 1 1 0 0

2 10 	 # U Shape
27.444066886368766 92.60515838643602 27.342736917170562 58.28824636132622 61.58218982161458 89.10207032186156 55.846480555224986 73.42943419799838 62.426390770735566 41.81755245333398
99.28522416385488 20.387949947873185 86.07735836964292 94.14246812428814 1.2344163157499533 20.814182136473768 81.39536192902254 90.87047285647425 80.27717965792601 84.49612233034077
2 5 	 # V Shape
85.71248693627162 55.007319922369746 57.69580856357427 10.613340553065509 20.565660377657924
16.59980177438315 4.258529146809797 1.9512134913769241 60.381474924369186 26.98823164142512
2 10 	 # Alloc Shape
1 1 0 0 1 1 0 0 0 0
0 0 1 1 0 0 1 1 1 1

2 10 	 # U Shape
91.4405606176407 36.43044904725625 92.31737431032535 72.63168025356026 0.3091325176660553 69.30213065647793 92.70107642050965 22.581268631263928 99.00766191600623 45.07636806295597
63.6375698852177 85.18075100835833 89.55756262892388 47.01825454590545 83.12934187503964 32.963527672567054 68.38191618728214 2.456712417827267 82.17546843205295 26.90407856005972
2 5 	 # V Shape
35.294168650585455 60.920272393868714 67.21636747657395 77.74109289807103 33.742896564912726
62.04832169815761 11.29006660305617 51.36847689736553 77.11419052550875 67.21622203280752
2 10 	 # Alloc Shape
0 0 1 1 0 0 1 1 0 0
1 1 0 0 1 1 0 0 1 1

2 10 	 # U Shape
16.41111423252739 55.10715332790559 19.08333958624382 72.47487845545632 61.75575385941977 31.59107141053927 0.14586071267581602 66.59040503404809 81.59089276985567 98.45766045792949
56.33210754509409 88.8390224381428 31.63610664808877 58.401099587854866 91.884689280195 88.51476410545504 30.268476184325966 96.90879945995759 44.748682004918315 20.289616835662805
2 5 	 # V Shape
53.0408371263359 79.61757368525073 40.608838634496045 1.0870653022849397 96.06143111467794
50.718247059029196 13.554507200426102 67.16638816744481 65.20490556689025 78.64971925687398
2 10 	 # Alloc Shape
0 0 1 1 0 0 0 0 1 1
1 1 0 0 1 1 1 1 0 0

2 10 	 # U Shape
45.36161678088415 68.788750582986 70.80201232479362 50.84987313093784 90.70380742645112 21.21946950274548 23.962278377278302 2.5453707408201187 70.07692443100723 83.6607182417073
61.64223789065644 31.730456116210902 56.81573600240706 6.359619543009709 3.654906020377946 80.60521472922836 32.857997178556516 55.553997524133166 88.14869374509338 95.31399802774514
2 5 	 # V Shape
5.220500645180648 87.52758855172827 60.92003124398093 58.134465246716346 63.10131920297758
6.5809499435176 69.01501909246451 97.60071951264881 34.014081844305174 24.91896688056365
2 10 	 # Alloc Shape
0 1 1 1 0 0 0 0 1 1
1 0 0 0 1 1 1 1 0 0

2 10 	 # U Shape
33.327534266462834 95.21436579857199 8.337283321058987 33.039161218745846 2.6770437340542186 64.60794781274866 57.35355963491394 21.277422716321027 8.378531660192856 81.45193979756287
19.04829643368827 30.839408693522984 3.535970211202666 0.8741636598340374 62.98662501930475 37.89982978396908 40.442296617451646 17.392591412175573 84.7193219200835 93.98861679049708
2 5 	 # V Shape
10.503400520234695 62.453113049332586 8.632476151109536 23.548248233757896 66.6950508124342
99.1562205673788 36.45304128581017 55.05407631900108 39.97087787383623 10.956494166195407
2 10 	 # Alloc Shape
1 1 1 1 0 0 1 1 0 0
0 0 0 0 1 1 0 0 1 1

2 10 	 # U Shape
73.34848073492589 47.721247690319956 16.780324774764587 22.96465559451115 0.16279271599773937 45.58178288676644 47.30518511938045 95.60124787753223 65.48018210118333 79.48419203488636
24.80559075986678 36.922043136092086 11.285183982869862 72.79170750490165 65.41492773012568 59.83433719587452 91.73236272337961 44.737256481738186 34.81442636167085 69.01244709460612
2 5 	 # V Shape
38.391322948971954 86.30626843034177 77.88460799616722 25.150743330955507 73.89329794911511
11.471310836124848 82.0073967827611 89.59038419424562 74.3997095447359 64.24402796962111
2 10 	 # Alloc Shape
1 1 0 0 0 0 0 1 1 1
0 0 1 1 1 1 1 0 0 0

2 10 	 # U Shape
44.20378176653844 93.6091520686005 58.05941064936045 66.91421282712759 44.58424934487593 20.375158247138568 47.36171519315189 21.95193682067741 26.972239215736483 51.56272367738407
32.920509043230474 29.311078375912423 88.04057123876102 30.00251940455245 5.48243982356289 23.09165710697847 28.56971854603927 32.8066643957138 45.979618933997116 91.4551386562409
2 5 	 # V Shape
97.35172263205342 32.23985681053713 36.83031490257331 28.413686820802 62.82081693413822
43.926289584484536 77.52596485818452 90.51724745971406 27.1957931157741 19.07735807918749
2 10 	 # Alloc Shape
1 1 0 0 0 0 1 1 0 0
0 0 1 1 1 1 0 0 1 1

2 10 	 # U Shape
55.880143120233484 67.66175027959675 60.76307770245237 11.656657982747575 9.084896202500936 26.90163129019242 68.207817997348 72.2305370400056 12.717762948987954 46.593254740576185
90.06121199543264 25.486263392071674 27.583859711188417 21.533795172540373 96.47872408519443 98.83601761365537 1.3524612499422384 75.58188609217491 89.84194068896166 24.180134835190913
2 5 	 # V Shape
49.71624436734709 78.4934077368109 82.33786410728182 28.131554496612544 83.25135721914036
46.32896316696184 4.305285740019538 24.20432422003309 85.96445842222826 23.590881620959138
2 10 	 # Alloc Shape
1 1 1 1 0 0 0 0 1 1
0 0 0 0 1 1 1 1 0 0

2 10 	 # U Shape
92.98477371610323 32.07003772400174 56.194827671048905 71.56585715823603 89.43249877196008 78.49143768449377 79.46955572971578 31.736661680654933 51.6983563400795 47.93449385698947
12.838569730608885 61.95501966370873 9.986086319844645 39.59068115233543 12.721621627228096 21.379548304744112 29.406848188459335 89.81533736897373 94.8967066101408 91.15449873261623
2 5 	 # V Shape
80.92421412589208 57.6061667361614 54.20660160021799 6.5573131460330725 8.470401623213974
37.03940906570398 45.102534156035205 81.19108562216178 13.812465570503951 14.413650638759323
2 10 	 # Alloc Shape
1 1 1 1 1 1 0 0 0 0
0 0 0 0 0 0 1 1 1 1

2 10 	 # U Shape
40.797530888895594 51.674002039164435 83.23907496525248 91.25602511634918 56.46128395290423 38.421231169832794 52.00885403343432 50.789833238661416 12.219626624897707 8.212880746097284
52.58423648845647 57.64784811632266 43.46847857264524 27.722901198172313 42.728868439432745 78.89072243280054 60.3739754458658 86.33219981308933 53.26490253202319 53.946121083717294
2 5 	 # V Shape
38.710356474210364 57.85742937520722 45.90435383298663 68.66042521292563 53.192242344243866
39.475619085959934 57.93378724937982 66.83852632272924 72.19733152912194 12.210338303885472
2 10 	 # Alloc Shape
1 1 1 1 0 0 0 0 0 0
0 0 0 0 1 1 1 1 1 1

2 10 	 # U Shape
46.12161530367198 93.86042569387874 40.66883060861234 19.161686504956734 35.43790305210517 61.385363047704345 46.66244985056793 77.6156649953457 84.35095467029706 3.1910664818862178
2.455941186652766 43.32415546741544 49.06039865941617 75.60973804274084 57.53812198591242 91.7137383213265 74.30365110319495 59.197947068348235 17.469534907527994 25.5151832306345
2 5 	 # V Shape
51.27835980560585 88.47728690854568 36.51117983611246 99.5616813814052 37.87258826339508
96.70488294095698 71.14000056651722 10.420512816093353 37.08075261138375 20.807353764294202
2 10 	 # Alloc Shape
1 1 0 0 0 0 1 1 1 1
0 0 1 1 1 1 0 0 0 0

2 10 	 # U Shape
99.9546342102671 17.2704393795853 10.657689172266538 24.792367365265665 48.17685824933401 26.260342662831547 73.60657802840139 68.59898621097061 72.7000557012741 95.14314132336314
50.75135748531531 5.744645341240384 50.12540112678175 35.43285900044118 70.87265532813677 65.0358673987578 52.28570317616571 46.56244129211774 76.92178221289106 10.153326645774818
2 5 	 # V Shape
24.22034450205738 52.64732166685189 20.10983007121694 85.37509300196106 22.505835595736023
9.428058145572038 59.21749770904465 69.8374544625528 82.15539889481063 48.67577894199595
2 10 	 # Alloc Shape
1 1 0 0 0 0 1 1 0 1
0 0 1 1 1 1 0 0 1 0

2 10 	 # U Shape
44.27972022416545 31.13517964882564 29.692186589878 11.55726979961581 68.3860593807759 77.46337022379045 95.87275803740707 94.16267439056368 5.181670532866523 35.14876420885062
59.35592138448224 5.082882117782916 74.6675571745541 59.974400071479 16.75279066564913 2.6770833867751365 25.956595029073792 86.57592960637457 63.65835971654915 96.30063847419572
2 5 	 # V Shape
62.64905899411251 72.00227428096922 10.523846946047321 20.813372317078503 35.8521789621982
85.04594593454013 29.818958369351922 59.51966151911658 41.97989891440944 97.81006042824374
2 10 	 # Alloc Shape
1 1 0 0 1 1 1 1 0 0
0 0 1 1 0 0 0 0 1 1

2 10 	 # U Shape
45.59801779594353 50.284382949839156 82.63407279808031 8.097241199762239 7.247690105963733 13.668072883035986 91.8818735085959 74.63415505692512 62.47834713194861 23.203073076758507
38.38425944098083 18.358079440762054 84.41903090305375 5.428515008165036 22.13037022138432 22.810439058904276 64.37663138972856 62.993578202317856 32.51136821163505 58.70832694054617
2 5 	 # V Shape
23.680659259506996 13.255095851203736 87.94134599952034 53.97057312094464 48.62041791842297
67.48992240167063 32.34454458080439 34.72058998392495 84.30004098368629 90.92971281663183
2 10 	 # Alloc Shape
0 0 0 0 1 1 1 1 0 0
1 1 1 1 0 0 0 0 1 1

2 10 	 # U Shape
58.2548095411792 35.33882535828942 93.72535626951282 73.86961629554138 15.491717977705955 62.084239242481075 59.43953554728395 97.01547491304424 51.372309655678315 79.53861618347513
92.31535957787361 94.96399890226897 88.12597684187739 8.194423091969949 17.516923047287094 91.14224156847635 71.00887973572286 83.01869013831231 64.96096564849964 54.56712587344189
2 5 	 # V Shape
16.04069109707461 54.48702718906887 72.53811776696136 86.19423610177984 45.554175861998495
8.388766619108923 80.82798762609241 62.147373158919564 35.21561731488318 94.86816969185294
2 10 	 # Alloc Shape
0 0 1 1 0 0 1 1 0 0
1 1 0 0 1 1 0 0 1 1

2 10 	 # U Shape
85.64830815626104 75.57361652115348 4.147184779704094 93.120837415903 80.48169497296702 38.39586827596519 32.83513057990246 77.28490191873114 24.18194331839404 90.4090737801764
28.828646658395517 8.841182495466459 84.97759042344222 38.632056142350045 61.89237301534472 43.693261216920774 25.5387828120499 11.099093194164944 59.809773983358795 25.647301875172555
2 5 	 # V Shape
38.38729998809443 37.23204677313503 87.88480359921417 11.037099864376588 28.662130268671437
97.29575456438036 95.39770316119478 41.35676914651351 16.265720959857934 9.949489125467004
2 10 	 # Alloc Shape
1 1 0 0 0 0 1 1 0 1
0 0 1 1 1 1 0 0 1 0

2 10 	 # U Shape
55.77010133311657 18.919890064263534 45.52171088789871 75.87081359553616 78.00965633354747 12.29819760006765 83.06484470888479 54.13366814844712 35.22202940701236 76.29768416999693
92.34949045559449 59.96603978454913 96.94354805097646 20.83707365500573 52.47313387793173 33.51813124879607 78.31598946721611 40.29358144630824 6.0428929530001785 23.709007588777688
2 5 	 # V Shape
62.521148211780776 0.6601967728512403 68.69337659088222 0.48476772428921455 48.07365517565272
90.79482371293088 95.50636167877707 53.22055711426349 9.938579191503315 95.94523952844956
2 10 	 # Alloc Shape
0 0 0 0 1 1 1 1 1 1
1 1 1 1 0 0 0 0 0 0

2 10 	 # U Shape
45.10000216318449 77.90951776457992 12.093933294519799 95.91068636267684 90.27120560718802 76.89813946127366 8.443859751672855 86.32149379101897 83.56563450258281 47.64241814533041
82.12430501969283 42.00220525529706 55.21473074841471 68.13736372220106 62.421761576527935 64.03781817060461 34.02426612200341 77.53642311234789 65.37277398148132 6.489204098293233
2 5 	 # V Shape
15.09612459152584 17.79850535407833 29.28098385675012 74.35169766776681 16.687792012650405
14.312629184071234 24.37858364030593 15.67695501301527 52.359958355297245 48.20958250665362
2 10 	 # Alloc Shape
0 1 0 0 1 1 0 0 1 1
1 0 1 1 0 0 1 1 0 0

2 10 	 # U Shape
0.4197894240567934 0.2473581379849321 70.97995243783988 99.26989044566396 79.70040698511231 67.81474462451543 28.382738170831622 9.204015676446298 89.14111549935244 13.58323783943527
12.352589555846105 1.3228198240969213 81.86801194191045 96.38034861032348 8.372454289955567 91.43331528544589 80.4373431087685 14.109297733623427 93.28747780674082 81.27296193410892
2 5 	 # V Shape
53.39940826909589 14.103961623890694 58.80295989936586 76.92458635920332 89.21678670142988
92.38018586147606 5.718019528580931 40.839927823294516 32.59056162721983 60.73846653190421
2 10 	 # Alloc Shape
0 0 1 1 1 1 0 0 0 0
1 1 0 0 0 0 1 1 1 1

2 10 	 # U Shape
58.71399644734877 8.365624639696001 61.82130418183582 9.483336737332737 9.514408945992548 31.218125411324426 30.88912221276281 16.385706121864573 44.11086633160932 47.71700677994667
89.16618770693863 8.112941364114512 88.43981518544103 53.882902852309186 30.387343680758672 31.612913774783348 32.637963747760836 77.27633763270146 67.20166694531848 88.27476831719103
2 5 	 # V Shape
26.201082154085743 65.32129553199182 2.8133358239365025 43.98509850284792 30.44918085229169
32.87613428113787 29.17123053608425 76.98375617630666 68.3085095970423 35.192609768655835
2 10 	 # Alloc Shape
1 1 1 1 0 0 0 0 0 0
0 0 0 0 1 1 1 1 1 1

2 10 	 # U Shape
83.833980189419 44.69911562199271 75.07734543355684 37.9044694554877 63.30753712000951 19.924713098881064 55.496583453169166 1.3338124788368155 81.9377410658008 28.66884982228568
86.90408623486412 49.93354629409426 60.12638175320196 14.790583257394985 51.684348495322155 41.785928445146105 81.2126813310917 64.09281677821083 72.2873606963102 81.96150384823314
2 5 	 # V Shape
72.88985323110737 13.058815359039466 24.87125846809719 28.66758813616577 86.76110699032155
26.851694688248195 42.14923014652988 47.2900936232148 40.391940211767995 72.59079936959156
2 10 	 # Alloc Shape
1 1 1 1 0 0 0 0 0 0
0 0 0 0 1 1 1 1 1 1

2 10 	 # U Shape
38.62885594410146 42.05233666934998 99.09483614175576 43.22518420368061 88.1427590477158 54.038381256527224 8.195026536125315 66.5794453849964 58.34033358211539 24.694563668028678
18.774426567515444 84.62740689582095 34.658486485443106 36.04611124029764 83.15119484752337 35.35246927448058 93.74224454703113 44.78101234984341 50.68913723487004 65.50629411144537
2 5 	 # V Shape
60.9373348465609 40.44423077816529 55.80765540654382 29.741210335490862 48.70001868146097
3.804178564975469 94.03882278046109 94.14472693912147 94.39750821855597 35.082402913782005
2 10 	 # Alloc Shape
1 1 1 1 0 0 0 0 1 1
0 0 0 0 1 1 1 1 0 0

2 10 	 # U Shape
45.831818467557575 2.4340297289562107 11.027796987261285 96.04547650116699 89.23278328584541 26.773426602326268 37.99417815397729 26.893335226442417 13.842602839374385 96.9048737577403
81.8503835269041 3.3856184857347427 71.44783758311249 77.51384023593128 54.13639040620076 82.15019899306805 81.9271396264344 72.13773389705187 24.247616069659205 12.797486321901063
2 5 	 # V Shape
93.4530260443351 70.62171299110496 7.372776036891038 71.06437528667269 52.77558081214807
75.30065570865452 16.278572555708337 76.02336452320307 63.922272176821735 45.96509328508088
2 10 	 # Alloc Shape
1 1 1 1 0 0 0 0 1 1
0 0 0 0 1 1 1 1 0 0

2 10 	 # U Shape
47.74424107908042 77.07030236181095 31.312519145772967 83.12552925689248 36.88295603204542 30.009353022744488 44.26917988476179 18.584135024998783 86.99131391407 77.96973964624574
24.75970800156466 64.11107685546642 61.42335427291461 71.40835008894847 21.36299599772252 37.62001435624077 95.71668552383635 15.37385393354188 92.94246085722448 21.13718079714131
2 5 	 # V Shape
14.842979297433478 28.342414185207808 21.093992749409608 84.1685705974961 34.13039685758109
62.572675915759646 83.23658828661631 55.938841444674146 88.03594438838742 29.983935674408237
2 10 	 # Alloc Shape
1 1 0 0 0 0 0 0 1 1
0 0 1 1 1 1 1 1 0 0

2 10 	 # U Shape
93.68335471836977 55.76379370024345 94.54211714436751 74.74552546981118 5.55176459174479 83.87090408312773 68.92893690418941 34.439688437423975 94.38720563366144 18.088786978641068
81.93112316211021 11.570729961518111 53.33310363150746 3.0874421290305154 28.570252745887625 80.69757677653384 32.11193742422327 6.960555147277359 91.53226051409284 76.62596024314851
2 5 	 # V Shape
26.984230757616622 44.76778328523765 20.051868681738995 39.35174558721641 30.681153343582956
2.941421876742034 58.27560919304139 78.53888809279232 77.13197059219429 1.933914541987214
2 10 	 # Alloc Shape
1 1 1 1 0 0 1 1 0 0
0 0 0 0 1 1 0 0 1 1

2 10 	 # U Shape
26.78195723769624 57.238712750401454 29.91250932136753 22.751897662112352 76.44625160363768 11.087285099807264 61.121335759597336 86.16577624673741 37.96470254089167 93.46635341363331
87.99486201842433 84.78333703859498 35.83544226020049 72.83093628036869 87.03541917149894 68.98321782433827 45.14028148351636 91.41231442586474 59.2797519411385 12.87565455111891
2 5 	 # V Shape
11.982210989064523 25.348461291318756 57.422942048098314 51.63186399493887 60.34188748465253
14.558552333834085 90.34724721245163 89.14279934019756 10.683674397266296 38.623447461424696
2 10 	 # Alloc Shape
0 0 0 0 0 0 1 1 1 1
1 1 1 1 1 1 0 0 0 0

2 10 	 # U Shape
99.74617709808055 26.6831322136049 45.53189504405248 81.41772885621806 81.33474470409267 3.012004246658373 5.838528969082302 7.966903671813064 31.412639768116215 56.82947923297414
76.8932041169689 56.35987741011941 28.592142797406495 60.687131426111186 71.50527234075165 29.819994824984786 97.62048937863257 73.8819432578008 4.020040478529252 42.237657388600155
2 5 	 # V Shape
6.8333684604968585 43.824360899792914 22.02517262567466 67.8622184929197 32.66776378067403
17.734075110060864 93.24984745343903 55.23896670463192 91.70692415434377 93.66993307447474
2 10 	 # Alloc Shape
1 0 1 1 0 0 0 0 1 1
0 1 0 0 1 1 1 1 0 0

2 10 	 # U Shape
27.94878693899484 9.28980421193739 75.7162812838446 77.1853210687688 11.67897525974303 96.99208164209819 4.324554216340426 40.03033351673909 13.136810432877832 63.46465677273577
84.23457867247987 39.48722304231295 90.84616092113066 54.950014981336096 59.28389056297435 42.63415763112042 39.37524431603821 52.67365797270733 80.71570443733674 64.54239134220441
2 5 	 # V Shape
1.752977028464875 86.4139689991003 68.28544681321937 66.01903393649653 18.055788725203325
58.819364325428225 19.35990330597267 99.53253912396421 45.686924171841085 90.9369833556919
2 10 	 # Alloc Shape
0 0 1 1 1 1 0 0 0 0
1 1 0 0 0 0 1 1 1 1

2 10 	 # U Shape
31.698439690568115 79.71319486955343 99.09147504142385 56.00370042342189 47.83787974920596 71.07622715743115 90.85092273524124 99.5695881520168 1.8424611619306974 53.898568510368825
61.874477838900376 70.28679329960133 99.07272037051426 28.875046299698603 27.788089611417888 70.62510736621122 23.478842200656512 0.4650484871815075 74.394531946699 72.40510837034128
2 5 	 # V Shape
96.12101658158781 35.697469961053386 61.518762187323716 97.86393528223786 62.57039421012958
62.23564998406334 85.38048157973093 43.389697886991385 91.02352928103863 11.245109148348288
2 10 	 # Alloc Shape
0 0 0 0 1 1 1 1 0 0
1 1 1 1 0 0 0 0 1 1

2 10 	 # U Shape
6.901987409870847 17.257381836328666 26.12641621936743 9.160460941454819 57.88538649541424 30.31973640701544 58.118276569992474 65.71286789354677 4.036197901207894 63.156911714971564
43.72809821036475 21.132727834047728 82.45135980339735 57.39461743481329 30.37963742488334 56.10178410929817 84.82524354729333 17.639615155559994 12.314310071896395 64.20640505598534
2 5 	 # V Shape
59.89963597533319 69.05783383590777 80.14488181641892 83.22359888170995 96.46483234950097
8.678514086275612 44.332859875306596 9.077844664686785 81.41092064421694 25.06344083951346
2 10 	 # Alloc Shape
1 1 0 0 1 1 0 0 1 1
0 0 1 1 0 0 1 1 0 0

2 10 	 # U Shape
81.09240312787998 26.522014374881174 7.051503420110872 40.72887692189787 82.94729502815417 33.15260290206358 86.78798202148562 87.06585872234862 99.68614994469799 80.4028669398816
26.856954835463586 46.210733646784874 4.549163818869328 69.84464346409774 79.33528612004343 12.161374851865093 68.83013519780128 47.73925692889788 2.468275220847782 35.310124104137884
2 5 	 # V Shape
44.56436964942413 64.3761151169135 62.872759394671185 9.569856750074024 17.969770657686524
84.18095651905799 57.39745871485847 64.60859842356162 0.2040133786941789 14.427587390808538
2 10 	 # Alloc Shape
0 0 0 0 0 0 1 1 1 1
1 1 1 1 1 1 0 0 0 0

2 10 	 # U Shape
38.297736997781925 13.163087002366957 5.271312524782479 83.4734242613726 11.965764298470006 90.57869718230685 45.79706976800344 64.29767271612818 29.82491327766076 10.330020213094693
69.67607211406667 47.83002408508591 6.6606862648566185 98.30980690480008 56.8176686083058 92.939446021582 81.73829948054113 59.072189666774 66.97851187166209 85.31995433331689
2 5 	 # V Shape
32.93277182996375 10.474268139039156 63.57370134842672 45.62817987315071 66.8073017111636
84.0912176969487 15.520582376355009 17.23009477237465 83.476119976559 90.55011806179863
2 10 	 # Alloc Shape
0 0 1 1 1 1 1 1 0 0
1 1 0 0 0 0 0 0 1 1

2 10 	 # U Shape
15.642858611085542 69.5752488493993 22.298085465567898 45.27429912689793 44.25238089981467 1.8533272251262334 96.79271381024277 78.62456845920588 24.096816655268462 22.847155631914895
63.94596889771361 77.61350287746873 40.209825873857994 75.89105376672887 78.89345582096625 20.787091064984697 76.0390340855347 39.18925558815428 99.17910799771144 9.856036425525183
2 5 	 # V Shape
78.38725631690663 81.86331617925373 61.793756880520036 81.0230074299931 18.439574064651264
87.4081116309479 36.61380323948362 51.377924750206326 1.8440578324882773 11.297896947956588
2 10 	 # Alloc Shape
0 0 1 1 0 0 1 1 0 1
1 1 0 0 1 1 0 0 1 0

2 10 	 # U Shape
9.714196691797172 65.05499324318487 45.190225555793674 67.38458575308945 8.800219949327992 96.86698964046752 65.76636173706972 25.609566263051143 56.70007851693332 24.770533773778347
26.712051587417708 12.738308208242977 14.750651519383883 36.14204104049305 14.734391880553222 0.9611572321553408 78.3973009486998 69.80749554161056 10.330055683502904 55.94127309722878
2 5 	 # V Shape
98.95009282453672 36.63631613100623 93.95027915615857 47.90014780753107 96.77529706725848
42.988193551057385 54.738598737283425 74.11085654902186 49.37072508077556 70.7943885280561
2 10 	 # Alloc Shape
1 1 1 1 1 1 0 0 0 0
0 0 0 0 0 0 1 1 1 1

2 10 	 # U Shape
42.1881751048227 89.2577147087458 10.818827663214826 32.100611563126215 69.79248299147734 67.07015699534237 82.89909408037573 52.836524911215896 5.565926711657109 21.063825355757803
53.36074567300684 77.54634112687442 49.99341686739475 77.56328833348515 11.42677185329215 58.307961010756884 61.167719321276806 42.681947816369984 23.79657204447465 48.327662903963606
2 5 	 # V Shape
86.70358126143718 15.920742649250197 17.835002854884397 1.386180293950634 36.43994694461138
45.57762048161492 15.089009074674786 67.75125213536224 80.92550813178252 74.53120599693055
2 10 	 # Alloc Shape
1 1 0 0 1 1 0 0 0 0
0 0 1 1 0 0 1 1 1 1

2 10 	 # U Shape
42.31710267814775 56.743324145408415 92.46691602235686 31.820371803322033 40.08939130051349 46.29405524630056 51.50542864451935 17.965238849981514 67.78674016004992 65.8988148150373
86.54427690573311 7.064005728080158 4.254387872868259 69.64039767613008 56.68438795851806 27.449304529353004 59.230902038236955 17.466980922436814 70.87301256356528 74.2226088291249
2 5 	 # V Shape
16.42705385920603 52.997440025791796 52.68435021277966 66.45604631557416 43.10651187842347
11.227772264044333 12.018873269103903 97.71632068097472 4.0110529989336285 33.58842515797158
2 10 	 # Alloc Shape
0 1 1 1 0 0 1 1 0 0
1 0 0 0 1 1 0 0 1 1

2 10 	 # U Shape
2.706933726266969 12.574965119696092 37.733420498490766 60.927784169942036 65.50171419631009 15.8669962215079 72.3361168755592 34.85277761009809 16.95151565696151 93.498831126982
45.68011113221908 54.074421344030995 78.89742953600516 32.548947803728446 14.50705352608006 61.84814193347178 67.135613285751 16.270339998151872 75.95910036995556 91.74800747719051
2 5 	 # V Shape
15.078689410560475 8.381958339298167 47.67025246683594 85.93753175029174 77.8014953346725
83.46064000127996 30.785309905033152 42.16882769640058 47.213250007863905 53.500454463156366
2 10 	 # Alloc Shape
0 0 0 1 1 1 1 1 0 0
1 1 1 0 0 0 0 0 1 1

2 10 	 # U Shape
72.7079616344879 80.59429115231771 42.18116473953537 98.93041970722447 40.88721306025109 0.5509128777750116 26.793179806472388 46.51685382553349 65.73089198804874 43.72686773854883
14.135988515313036 41.10961167019417 10.178657845862382 85.82795243242407 3.3314390265001492 48.28432997793596 71.68096612965105 27.920020436271674 65.10793900845557 74.9312469890754
2 5 	 # V Shape
64.94127818413725 23.88134057303396 39.83161404527984 27.357318785921603 1.3948899919956403
71.93693784145124 76.70423800667007 10.664499932743421 41.98709230916886 63.57489000217189
2 10 	 # Alloc Shape
1 1 1 1 1 0 0 0 0 0
0 0 0 0 0 1 1 1 1 1

2 10 	 # U Shape
0.8582383433455631 19.783180722552952 69.51970968351074 29.403048402681165 69.78609370201451 65.98689720160536 5.41790654148434 65.86468893537963 56.157046927217934 99.70847474812888
89.05225835998968 6.684795275158262 83.65747226974077 77.18583521781882 98.62988979005065 57.98922172496888 80.86294161346972 77.58057547583965 94.85936950139437 88.28180698228546
2 5 	 # V Shape
19.649560645088073 63.57030303390463 25.163634299064697 75.49576240357013 88.00037242282409
60.823654020213425 0.8925079360379562 39.27956519889547 48.443421662191 68.82308115217884
2 10 	 # Alloc Shape
0 0 1 1 0 0 0 0 1 1
1 1 0 0 1 1 1 1 0 0

2 10 	 # U Shape
66.80794039542732 83.81424996501016 44.99379485152073 10.269836978329005 23.670702502472018 5.3362344262236405 18.69372522513254 52.65401330930759 5.077572511197614 46.043736796361
90.62749789144485 61.10390483002243 89.39878702873207 50.40295845913403 81.01320920040021 71.03198045503976 99.68889983315594 76.08086474301196 60.34410703024198 45.442502119742386
2 5 	 # V Shape
57.00592932290803 71.46653466867605 6.167266915959402 47.670567643740924 12.993239148174297
55.55224284616889 60.77232909057816 5.67289705123838 50.440775070174595 6.203558840905076
2 10 	 # Alloc Shape
1 1 1 1 0 0 0 0 0 1
0 0 0 0 1 1 1 1 1 0

2 10 	 # U Shape
50.47759814111629 50.22424582030165 0.4213138981110198 97.3094038004381 35.03449778947836 30.300754121258766 82.99690069293023 77.86223387424022 36.87946782284752 98.81118631653861
30.47945022357653 10.75861277696266 76.70787393575625 89.93828917962604 92.94337300894017 81.34835998429047 39.604692695346074 53.042850544345924 51.06858043523299 41.47176785166632
2 5 	 # V Shape
75.42572399778741 0.3076014364625568 54.70685619258078 27.450856550313997 69.54091235055726
27.122788213734605 19.724048460041722 56.32346060069642 23.641574627476746 54.64909910714467
2 10 	 # Alloc Shape
1 1 0 0 0 0 1 1 1 1
0 0 1 1 1 1 0 0 0 0

2 10 	 # U Shape
29.977129599487775 1.7810964135235419 52.119617451160735 41.70964232392873 77.84770892814052 82.03630420418754 12.254695414406347 39.34631417502852 36.68121431363866 80.97150796584
13.94352933498194 11.256511169039884 65.79476017893599 79.71376792540288 59.51999933840846 42.35295972330353 77.92951858577351 69.00884371691205 56.34495576246683 41.60147471000767
2 5 	 # V Shape
38.126997279929974 90.12328382274855 21.300278435947483 46.38401158897379 41.218622412436225
69.5160013980883 83.67890328607382 66.7074556607576 91.00327028373583 67.33532183223029
2 10 	 # Alloc Shape
1 1 0 0 1 1 0 0 1 1
0 0 1 1 0 0 1 1 0 0

2 10 	 # U Shape
28.963336522770298 48.90748450137248 31.27643211589779 56.766414833452494 99.67551176616476 31.661070064752238 60.42230839256878 82.3884660426222 41.10753097598733 34.072159476991395
3.0585040770018224 71.93768370295737 0.4130113188982598 65.66438944824125 92.51769159976496 47.15257519108356 15.136804851649599 64.46944587212876 0.01115239116500355 76.4621619263374
2 5 	 # V Shape
2.7943183863614385 66.17949589842357 43.443274832573294 49.09792548336841 3.503933799802872
63.89150916527241 65.9480269727354 6.227457248721269 57.35263055641824 52.4411039419182
2 10 	 # Alloc Shape
0 0 0 0 1 1 1 1 0 0
1 1 1 1 0 0 0 0 1 1

2 10 	 # U Shape
56.043415556444806 54.78575929779409 59.92461262320027 67.5183003398298 47.53965643794638 83.7115843371426 36.57863204819901 22.682750711093234 27.50659866531915 81.90215609004615
68.31416185105994 88.74405882338617 95.90732412837669 72.26066428138512 8.043849305189399 65.17722683486588 85.243879550835 62.6109572748058 64.72663874958938 53.6687869035752
2 5 	 # V Shape
78.37193124592498 70.4135355614485 74.13136797387908 41.27251930431627 28.973667599410348
22.522393909498806 68.8686890483747 24.545995217155603 98.58256493200538 4.27464274335655
2 10 	 # Alloc Shape
1 1 0 0 1 1 0 0 0 1
0 0 1 1 0 0 1 1 1 0

2 10 	 # U Shape
82.62996982967536 35.63804553429838 55.56089417978636 77.94533972355657 7.861047953062661 72.18316164793272 92.23373304331834 41.60038548323055 68.39989474677502 66.66272980801146
0.6834872409986037 55.87413910106422 16.10268168046669 36.861917811965085 34.05745593166333 66.56073303033617 79.42681278123563 4.433680853661704 97.14457457456638 84.61210047268074
2 5 	 # V Shape
51.66890208430781 58.078571815153914 13.969582783233502 27.037403372105974 16.72294909807509
32.00055473233857 81.63488892971114 8.528306120126539 21.008864464966116 28.188619082807133
2 10 	 # Alloc Shape
1 1 1 1 0 0 1 1 0 0
0 0 0 0 1 1 0 0 1 1

2 10 	 # U Shape
25.82434864234623 39.259290099404666 16.932920692872244 25.34982783006544 77.10546610209124 54.98569267919879 22.023778094874626 85.18377265459345 20.18187620355042 13.434271190223146
39.01642745759126 26.556688910485036 5.176272640291457 9.927881434066965 61.41414897835712 51.068788110925226 22.9040197599505 8.861347997836367 54.61873342626041 72.14785229192343
2 5 	 # V Shape
6.019859636695523 80.50106947933037 86.99110672497562 49.82975417361698 58.12004834711618
92.38933067363783 80.19564696350213 47.472599347672194 23.78085242620358 81.03481029535263
2 10 	 # Alloc Shape
0 0 1 1 1 1 1 1 0 0
1 1 0 0 0 0 0 0 1 1

2 10 	 # U Shape
79.88326364586756 57.278260924974 58.45453656242695 58.73986401312309 57.614999665803666 25.572620393642033 49.518438479335046 30.526391894411674 96.41556123055133 21.6786490004267
7.495376437159429 12.632227415562348 25.611246489966145 97.83638644897586 66.8327627497379 74.1628403876206 7.697501088625458 21.172308642250204 76.95507305838109 99.09482087222176
2 5 	 # V Shape
12.842639782972576 20.27769339450163 84.17216441788588 7.492915102875264 23.125505168063953
78.0439087209057 27.84495033142821 59.652876578587446 16.769137103046326 62.26061763071864
2 10 	 # Alloc Shape
1 1 1 1 0 0 1 1 0 0
0 0 0 0 1 1 0 0 1 1

2 10 	 # U Shape
48.18773236558687 41.86241762870413 43.21002403643271 39.0366929980535 38.900976717659454 59.663900748372626 12.020213840738258 62.53325339346875 51.30103400026945 52.840170924586474
24.984606244298526 74.01077558833961 83.77130917161035 36.051985447863935 22.14498012456477 1.9106114131226093 48.977864274332006 71.47347464113271 12.897536114692798 57.67061095890188
2 5 	 # V Shape
48.97666505450089 73.11410363666783 71.42841961939808 96.55061709311835 61.90846975269236
33.76292508930704 85.50836059020172 33.59488939168994 44.70755675352426 70.21872889307208
2 10 	 # Alloc Shape
1 1 0 0 1 1 0 0 1 1
0 0 1 1 0 0 1 1 0 0

2 10 	 # U Shape
52.26706778483329 30.69064053459696 81.09243623073723 32.22281258556898 77.4432111844432 99.66911569188369 8.824634954414734 10.95857164494064 36.42198971076074 45.174105876304125
6.807641327071689 50.60917625476641 76.05980976677361 80.56088360215274 88.71692070267734 99.1865831737296 67.69732728048373 25.41187930762988 60.78233119578436 90.58013271855913
2 5 	 # V Shape
13.036997582646004 37.88741573229102 32.342514814687995 83.19390476805411 97.67859043911669
47.899403904178584 78.216038332519 43.84130407177581 85.70418899441904 96.6852359933418
2 10 	 # Alloc Shape
1 0 0 0 1 1 0 0 1 1
0 1 1 1 0 0 1 1 0 0

2 10 	 # U Shape
7.2892049433714075 68.41436314002476 31.455716443663672 21.332657201784112 90.29692168227879 35.077588714041084 23.66693827062364 19.73601338234672 47.85461715708473 43.79314109170495
43.97982874122477 51.091191363034426 72.73943803005524 46.366970479187394 83.95089633505589 48.59012638219876 6.381386806731227 32.34463369870548 76.73962703379061 40.05900940726742
2 5 	 # V Shape
30.2584484638992 92.76584377368039 12.579067917661636 52.882509874908514 38.69118446539025
19.550729317963945 6.149993558877565 66.01238772686355 16.267432821928285 88.15416665208562
2 10 	 # Alloc Shape
1 1 1 1 0 0 1 1 0 0
0 0 0 0 1 1 0 0 1 1

2 10 	 # U Shape
72.7190836351154 17.956586624991168 38.21164675049938 69.06764157583814 20.409007347806664 14.607887896447636 11.54666896321601 82.98911529400337 88.28774470834816 27.59840323493947
79.85184393899887 48.49077078056175 51.38521042044123 72.09123594818368 66.03504570258319 24.609015012840974 25.281699251842603 10.644976048892275 22.005174711581667 97.3037001712506
2 5 	 # V Shape
17.585904492484005 1.574368517514213 72.1744210440809 56.65263401201691 70.58132916387397
5.637851772966373 61.62732373700251 74.66112590458097 84.5423063882188 55.85480420843047
2 10 	 # Alloc Shape
1 0 0 0 0 0 1 1 1 1
0 1 1 1 1 1 0 0 0 0

2 10 	 # U Shape
50.25597041359413 25.095426985986524 90.0650126098072 85.2033460133675 36.1303032056718 36.23560766841953 48.279104280119334 61.187997945890636 92.01628393466295 40.89443941752246
57.883796958787684 65.37888433953327 4.000066054686724 45.96648253981094 37.550065003877094 73.99204937364739 81.63505150184486 9.580667788360964 7.933198819026166 59.2997058432277
2 5 	 # V Shape
70.10003593139595 54.54328389664366 15.392374972507472 71.04656736894086 72.42292204501956
96.44155078509071 55.71498949232399 95.01527293809512 65.71808577343988 71.55270228045377
2 10 	 # Alloc Shape
0 0 1 1 0 0 1 1 1 1
1 1 0 0 1 1 0 0 0 0

2 10 	 # U Shape
6.807404030742226 81.96103344006394 83.52941396792676 21.00706161854289 69.66955162338289 99.36923790641823 91.73566205070966 30.37261909300749 90.74188233888084 43.363182537694236
83.30434630200003 52.57583152032655 52.18018376315812 57.355296944585746 60.37050231806298 37.12889528704175 89.05003760144852 80.39114802836141 37.413192446961844 20.389144448944172
2 5 	 # V Shape
51.24406218972998 11.457606528020403 56.34681395357778 11.116491752331914 21.48334012829546
74.40276396559129 34.34790496050972 1.690742463592787 56.78741937853521 97.76775747072527
2 10 	 # Alloc Shape
0 0 1 0 1 1 0 0 1 1
1 1 0 1 0 0 1 1 0 0

2 10 	 # U Shape
37.71934126103322 54.787484597212725 8.052836900361937 86.56708672218653 20.59730178428898 51.55955341137272 43.21277262528027 1.8704772226342925 70.53088290877079 35.1076929670822
14.629977852535925 93.1407349124036 18.130327315443417 7.241543229058822 7.418761195061984 40.84242708142958 17.156933796857267 34.46840871570662 16.55451982736863 86.08719966789242
2 5 	 # V Shape
37.82974173549708 64.19993161199447 41.72230350504446 55.94145307676851 47.7162638796797
51.015909731065754 67.46385021694013 68.95206610324014 42.79007761164609 34.38815210754882
2 10 	 # Alloc Shape
0 0 1 1 0 0 1 1 1 0
1 1 0 0 1 1 0 0 0 1

2 10 	 # U Shape
31.282618840258515 95.00590232782979 76.86697724099005 74.84604571902777 29.78459463191213 66.92648430195787 63.320215564835514 41.37720958612937 28.346800662195747 32.20780590462377
58.133243823160896 11.289360972285046 57.07717146855422 6.17872514479566 34.88514304801006 25.711041301705862 6.690825187471338 39.9565804816314 25.95248089059141 89.98762722523392
2 5 	 # V Shape
1.418042826025534 17.978338928157978 54.984595082913046 20.934670812723667 32.93126111720595
9.704926953866167 46.73024666892627 42.39456376749588 36.68894312371046 6.828908737672124
2 10 	 # Alloc Shape
0 1 1 1 0 0 1 1 0 0
1 0 0 0 1 1 0 0 1 1

2 10 	 # U Shape
15.983130008087754 28.289990266383867 3.3238205485130234 27.96188109737958 91.90124525220212 99.07580432474283 80.87199342171874 19.618697277556983 59.33953715128706 18.392635392710122
66.42719577077905 9.290477676750164 34.584723040194774 29.234184283868824 91.1758088232865 50.978777022113555 21.353677827482564 35.61789822690204 1.900970192884044 9.820571335877004
2 5 	 # V Shape
99.27416574061102 20.44135156773008 18.237744247210806 79.56672792446294 86.51571670337236
92.3947608694747 4.501579622634678 20.685794091065556 43.15511608523251 93.75286218364502
2 10 	 # Alloc Shape
0 0 0 0 0 1 1 1 1 1
1 1 1 1 1 0 0 0 0 0

2 10 	 # U Shape
30.057909110938162 63.221588916714126 98.0753803337691 46.93836462268973 27.87582191217609 6.270998985878462 23.611881873074125 32.14619510749448 83.21000717512483 66.35664270441674
1.776757114879557 63.543520355717476 19.79552650636117 93.62389226785824 77.47616629525477 16.297545500619194 11.540844895654256 59.42673369438979 94.79456302543092 9.019347951331191
2 5 	 # V Shape
82.1531787856499 18.464051710050487 93.5437951251193 34.72741330819489 41.21584582662139
30.62862239208516 80.2835690426621 74.8169950028506 77.93903418875418 63.83274061386336
2 10 	 # Alloc Shape
1 1 1 0 0 0 0 0 1 1
0 0 0 1 1 1 1 1 0 0

2 10 	 # U Shape
5.972609573642074 12.09171840221881 96.29349034964011 37.10713922672548 99.8381861192241 41.753595525368716 77.28900847738656 88.04165653101754 27.376095179800696 35.00811456745555
84.54835973576932 35.65319048163729 93.03937586999062 53.56938085067973 63.7002791425218 33.99172851784654 30.228366344484105 41.08140878978737 23.941902826662176 46.917619527942165
2 5 	 # V Shape
16.085759265424958 60.7610901804037 94.85150166854864 49.454896141319395 65.20393552406335
30.057902316927454 26.25909806802881 61.92515324911669 76.46862573306991 74.84216826756942
2 10 	 # Alloc Shape
0 0 0 0 1 1 1 1 0 0
1 1 1 1 0 0 0 0 1 1

2 10 	 # U Shape
34.99148794428658 30.613579728398076 44.78434577582183 15.642328076613133 35.08351484771829 5.871980102388285 52.91433674600623 39.10216319842701 41.94511973949424 77.92269013217098
52.422218327058665 66.48650749857636 16.02516608472203 56.57916615591747 3.9320734384423517 84.28845244292515 9.145544690710395 40.51024509088855 68.33060759908828 31.104875461845495
2 5 	 # V Shape
37.34769129933607 69.32727047360773 46.174488514094 46.578208742456276 72.09665750674537
41.22431451483207 3.9497107977942703 58.22259485659455 94.8504160596238 55.49399755415436
2 10 	 # Alloc Shape
0 0 1 1 0 0 0 0 1 1
1 1 0 0 1 1 1 1 0 0

2 10 	 # U Shape
95.7662790151683 96.87772955018865 43.85286667781476 50.772487863281555 92.62383385801397 97.88113069967564 42.35756519692077 42.83023469165158 90.88001844267203 65.16803645368783
3.2881526477694156 34.77929032386133 36.545449187077054 38.21149606524986 80.93764763975028 29.86374742158042 36.43445976194587 42.49490908965888 82.48472566037906 24.97121269118968
2 5 	 # V Shape
91.56875340314888 81.17498217310305 65.40152567368408 40.26164115963206 0.3390743710354083
45.849509187971435 32.9476641047725 61.8441131697115 51.07904803085634 95.45707794360509
2 10 	 # Alloc Shape
1 1 1 1 1 1 0 0 0 0
0 0 0 0 0 0 1 1 1 1

2 10 	 # U Shape
83.69535091111155 24.842197097043815 19.657274001463175 47.11338577524926 41.403884734193255 8.879418694761432 24.903288438013494 47.2065847096832 35.584067285021014 76.33844447271953
64.57976565093742 46.61944895221267 61.99022512347126 47.00020689662684 23.950590561444095 57.5146287416336 42.62839813133542 54.129576988667274 77.51743985609882 13.45188206364213
2 5 	 # V Shape
11.101982703818026 13.452850629405422 42.6565346232015 0.560424386763636 93.27283566383629
25.30351082203952 29.58941650115102 46.60402634212842 38.09142528239904 0.0059848517838467785
2 10 	 # Alloc Shape
1 1 0 0 0 0 0 0 1 1
0 0 1 1 1 1 1 1 0 0

2 10 	 # U Shape
68.55665941851531 70.96746234236682 85.59249254126597 85.42192721932932 57.45693613396776 38.40052897356949 2.0963799014249163 62.218513412430056 28.86327330478098 76.69693215463286
50.775907322961054 40.821440484556895 21.50966196167754 49.1279819530519 80.67215006083619 5.4261808443800685 62.66782836713806 54.15233222880541 7.255349011641066 94.21550666034769
2 5 	 # V Shape
75.77210786371774 87.87433783899988 69.0708445743473 76.99166835748939 10.87598021735432
88.34525161363096 52.069797455538215 18.681336531158934 75.32265446234682 58.41486636674523
2 10 	 # Alloc Shape
0 0 1 1 1 1 0 0 0 0
1 1 0 0 0 0 1 1 1 1

2 10 	 # U Shape
50.39986458206107 59.71617428509529 78.31297496773423 48.90369346678788 44.848319238866075 12.968357840538246 14.786286975986929 35.28587123521525 25.288060810382095 89.96728893983426
6.423418774497936 34.08484184320757 63.856201642128966 9.349614233649529 23.951971486789812 96.07782765184919 7.001297384225358 62.04066362750045 76.83089709451507 29.304799117731474
2 5 	 # V Shape
87.04819183618231 38.1123933800516 64.2387554992317 6.330421955392007 69.58307428421145
55.60220042109479 34.90449993687419 64.65197794829206 12.404199187564679 90.64135845657049
2 10 	 # Alloc Shape
1 1 1 1 0 0 0 0 0 0
0 0 0 0 1 1 1 1 1 1

2 10 	 # U Shape
27.131263868738454 97.5299880163605 65.52611252430258 54.13225402168532 86.65513721201931 59.65939688312678 50.04651562261066 52.54948531807997 80.63760408930123 97.28676757023823
75.1812558056582 29.657391952726442 18.72461078170875 33.456070856288164 85.58978929127353 47.95530133284205 9.604846715624015 7.607198345782318 42.14396294510282 0.7737534655219869
2 5 	 # V Shape
74.42730736829996 21.357169016766385 28.640590938885225 52.35045824509405 80.7991401887728
35.266532570810774 63.37152596804465 41.70010994362144 6.121421749748257 48.358663817926015
2 10 	 # Alloc Shape
0 1 0 0 0 0 1 1 1 1
1 0 1 1 1 1 0 0 0 0

2 10 	 # U Shape
38.8655976135943 57.34950178146371 12.785969714028166 54.71690012090635 58.414920419404105 67.42617955222093 46.404269302489745 82.26672679545217 30.568274388296036 74.16893258813953
22.778930333595106 90.18159340544986 59.97823572022701 80.13161725599846 61.05138176051042 46.95272372078212 28.64112933144083 10.197124567427295 68.29089872987359 38.70270438774202
2 5 	 # V Shape
71.09881380388114 40.447821640813665 57.10108278412008 39.904510272440454 68.17424851858948
80.47169195782067 85.59757145285779 62.83190266400413 79.67964804967343 65.08756961533318
2 10 	 # Alloc Shape
0 0 0 0 1 1 1 1 1 1
1 1 1 1 0 0 0 0 0 0

2 10 	 # U Shape
13.28672980338499 17.315247504685615 31.338714915172673 24.54951332287899 19.53637856219982 60.11514084310418 73.31514845816228 10.323407100055636 1.6318310469703223 45.37125810694772
8.282348946441264 56.86601884973764 54.5573241313289 35.44879907572954 93.9082675872829 44.395497228469274 22.787593814211014 1.3326027845772748 99.07896276794092 5.085355087838106
2 5 	 # V Shape
18.143577049880953 27.539818699154793 91.17585517584533 50.096689609911735 60.18894418063585
49.5719401211091 91.49657131524219 61.26310879857372 57.227904589145105 50.394835580399175
2 10 	 # Alloc Shape
0 0 0 0 1 1 1 1 0 1
1 1 1 1 0 0 0 0 1 0

2 10 	 # U Shape
16.546881664022106 73.56932731392082 94.27585522406976 84.86456713866984 39.00292779247675 42.37370343145418 58.01178703323575 18.758542199232576 8.495199998521274 15.478628313693687
97.29179049533134 32.6502616152782 29.943590608165984 52.065879167306775 55.26695703796625 59.98185801693597 40.72235705829746 90.82011167571365 29.146962926392018 66.74548634497926
2 5 	 # V Shape
91.96854001972345 41.48259119790868 80.3771772426718 77.74032760122495 34.760438429741555
75.20406598267193 8.984356943135396 84.30549960316407 3.0361057974593986 38.89982944396733
2 10 	 # Alloc Shape
0 0 1 1 0 0 1 1 0 0
1 1 0 0 1 1 0 0 1 1

2 10 	 # U Shape
7.692362981356437 28.090162141443507 23.567761802372868 49.66439187553633 71.76056740016621 96.30459709566492 3.518344727842071 95.68247418577953 77.20906324063797 19.88087519668933
97.46840131285876 16.787886148073294 36.030365474346716 84.82510582638545 33.996985275385704 69.11865677845752 8.884938891513839 79.98749330215523 56.225439857982764 3.7869613443070937
2 5 	 # V Shape
58.81587282847194 30.704450766546422 80.88036543729397 49.57417549919201 34.91936895834098
35.49517771659285 90.78127270033428 37.82361675001403 46.36189907519784 16.226094364036392
2 10 	 # Alloc Shape
0 0 0 0 1 1 1 1 1 1
1 1 1 1 0 0 0 0 0 0

2 10 	 # U Shape
16.15314207841452 24.494072353390617 4.0039634307294065 91.98925145335546 1.3613651515928527 32.872229960336206 53.4537371167002 79.2289998029358 74.52748871108115 3.105513928615944
40.07334473986788 59.93383501078049 35.71392228380134 31.884888553248047 59.27139716798825 90.62811416214998 76.57324738272222 9.667673463209404 62.346846428553214 94.72949271690435
2 5 	 # V Shape
45.94740613522337 49.666359205190325 8.230632862787346 38.04941126023993 52.71021916044476
14.863075481913079 48.98993996960055 98.17376116384506 50.94656824075175 4.29670735770844
2 10 	 # Alloc Shape
0 0 1 1 0 0 1 1 1 0
1 1 0 0 1 1 0 0 0 1

2 10 	 # U Shape
86.42847204986322 26.161841567547516 94.30215372872112 55.23077075454059 61.55250499529965 71.56985030909779 62.206399012109806 94.24544546282632 90.0558398925108 45.27080968083869
42.45965275357243 67.68286603099997 97.8857999152436 98.19716926730756 52.42749929095852 16.85453253917103 82.15997801309199 17.322195752038716 36.92239875532345 41.288905807120614
2 5 	 # V Shape
77.79440823771829 6.7714648520175835 69.87553718137607 13.487881241227207 38.13018335757269
74.01710246112891 98.26705788490109 31.023276621962193 97.92447538422401 65.13610971639457
2 10 	 # Alloc Shape
1 1 0 0 1 1 0 0 1 1
0 0 1 1 0 0 1 1 0 0

2 10 	 # U Shape
97.75370765384223 37.457227211035146 66.86316852246841 42.60653326357006 54.26995533019555 40.41711403362525 14.26451974305547 42.93948797735519 16.991566998372875 4.383958619755912
38.9082448869723 27.52682186847889 1.9341917047235757 49.770552975100955 64.12376011200725 43.96626836667086 34.096675482740956 55.00982788443001 33.100649384276615 46.37074210062091
2 5 	 # V Shape
69.70299711845378 55.616353197562404 44.37347279263779 46.368996038824505 42.63174270680118
55.6184638436317 22.12205958126725 57.13872017614566 8.042361633668992 81.08604444217498
2 10 	 # Alloc Shape
1 1 1 1 0 0 0 0 0 0
0 0 0 0 1 1 1 1 1 1

2 10 	 # U Shape
50.744456988316124 14.633652087529004 37.65657100640557 99.97077917762068 99.79586216272058 90.34095333358079 93.58905589877445 3.5441640360262094 90.92651387005158 39.85455615988081
79.33830420415937 96.38539162301963 30.300531709102618 61.952638355442545 35.14852391409855 81.83393049128576 62.13044711404579 19.5894623127149 39.658048587351125 47.22490516327375
2 5 	 # V Shape
47.524833953001334 3.467357388794312 50.34805159804269 54.68230610642966 7.52268000554559
70.65230467172779 73.2761210034469 27.42492336959109 35.79051055342121 85.38025738587972
2 10 	 # Alloc Shape
0 0 0 0 1 1 1 1 0 0
1 1 1 1 0 0 0 0 1 1

2 10 	 # U Shape
18.693564913712613 31.317035274915195 67.33487419334837 95.18504245251965 95.81839944786257 13.089247522373304 55.15165960387699 21.161429554260923 16.446066812187222 18.647855176001205
58.391509636853534 68.15693077074141 78.62004786644874 25.026788492808205 7.540944781163239 15.998036968412455 20.789970460493446 0.7832351268450277 93.26667311142279 5.9066240670082255
2 5 	 # V Shape
1.07508731331043 39.05726931646672 70.14150465815186 98.32832741162292 69.11332288081998
50.92738941049665 96.88781788274207 90.28072608098225 92.9714546204561 5.260466697088839
2 10 	 # Alloc Shape
0 0 0 0 1 1 1 1 0 1
1 1 1 1 0 0 0 0 1 0

2 10 	 # U Shape
57.8000318000997 55.578654803024975 90.65700675268317 10.364950990094336 75.87558620815372 84.8999353720782 69.64959561452756 64.63185501748721 91.89435465428646 29.004357917641755
11.97760564395357 11.523165341564845 80.31743402189178 66.95462102498847 52.708296737591674 26.767768298905192 19.687644162918684 22.934439915200798 80.61866989931013 2.7287605630009093
2 5 	 # V Shape
86.22136199801089 58.98242093412508 13.676775783032413 89.4166255151111 11.445403864894443
72.08718659577079 70.3741939608653 15.861743885202994 76.06672177625727 75.56178255505165
2 10 	 # Alloc Shape
1 1 0 0 1 1 1 1 0 0
0 0 1 1 0 0 0 0 1 1

2 10 	 # U Shape
85.46771442239518 46.614212448711 17.754570992138174 4.064837228560004 33.323502080502095 8.762097702990124 80.15978077155901 85.21867727656438 59.26748233147905 61.48372707607892
66.41612171874195 99.64945083479218 92.64591135402841 31.666659384861397 4.691950754764973 89.44364207596863 58.092315450525554 57.16622387987738 9.872563508419663 9.162870395076549
2 5 	 # V Shape
91.9456475157614 21.096229193583948 83.54560178094195 93.42420179924487 35.8372155845716
54.85067577462044 81.8092766821922 79.17948850087063 78.71423590866665 51.7042914308929
2 10 	 # Alloc Shape
0 0 0 0 0 0 1 1 1 1
1 1 1 1 1 1 0 0 0 0

2 10 	 # U Shape
52.09929880557661 96.51705957499507 53.05863655939521 21.247433341875233 78.10134707653468 77.77871953684253 4.815316017651783 3.0132986821654772 99.34172988758479 35.4805826751484
7.945805006408168 87.84811979578602 41.11090192356217 35.34933467062734 20.738100508249435 59.105478705084835 82.64137537268381 52.294649812019436 3.314607388501245 76.99485130171607
2 5 	 # V Shape
75.59560873543785 74.8069869126631 55.25639770249021 43.47491891306958 53.60087651258779
3.308404836072165 62.942227401839155 3.319025211153226 26.159162663034085 13.157129181633408
2 10 	 # Alloc Shape
1 1 0 0 1 1 0 0 1 0
0 0 1 1 0 0 1 1 0 1

2 10 	 # U Shape
55.217700984688676 79.98796152628552 86.49435075084338 71.22903967667465 21.370717991358045 55.74704972551295 23.684878797092612 88.34878777822449 89.19866653200346 84.9516155656241
17.41205243689663 12.8281798573878 10.74634639159483 39.017690629188785 91.61499190853645 85.92503125320951 83.06691232907639 32.4525985068452 7.584938807940789 5.920029523562453
2 5 	 # V Shape
9.75286987897398 66.31263679858364 83.16414015802958 81.47449620694317 39.79921127806182
22.874208576077713 92.27921506859857 90.5967159212866 28.140354491241805 95.87236459019236
2 10 	 # Alloc Shape
1 1 1 1 0 0 0 0 1 1
0 0 0 0 1 1 1 1 0 0

2 10 	 # U Shape
31.52682142633878 8.511805406299244 42.942189399211784 12.98410034958961 92.13102073847837 25.135362351395194 42.074425783966305 20.567909222475798 26.599420887346337 24.96964732839476
48.11851813693854 22.725509748561546 42.99988815428479 17.561078893323025 41.1233038051 25.374824637417593 81.96118994808931 80.09347239784417 35.35422669488345 40.59168446437993
2 5 	 # V Shape
28.372722665175054 6.761166683149799 95.18336790158203 12.999130834622076 54.19183979418234
89.31263773002715 85.07354313913945 35.63779651658957 20.66345872166465 98.4996987172029
2 10 	 # Alloc Shape
0 0 0 0 1 1 0 0 1 1
1 1 1 1 0 0 1 1 0 0

2 10 	 # U Shape
89.43923147332796 64.73324353899984 10.826784627053998 72.31065118633946 91.39308934468605 5.281315200663661 50.62156420585925 58.7558634418026 79.91645150110186 19.920404324131457
57.50033489542541 57.38049505290571 6.099697266171422 93.14120324758383 2.2856154566067377 55.93071290180601 51.04435866858887 41.64803770819806 26.51063937548748 91.82160657788869
2 5 	 # V Shape
20.56674256130806 74.91082667465747 87.30482057168388 54.00063126586322 92.9972888934792
32.14832348688762 59.53022054473023 58.66073993519378 92.31363128595518 28.041070035987982
2 10 	 # Alloc Shape
1 1 0 0 1 1 0 0 1 0
0 0 1 1 0 0 1 1 0 1

2 10 	 # U Shape
78.28256828181426 3.871954824185886 85.44756361913639 69.94983368900648 54.45021249884911 67.20883995448959 59.084838784483196 0.2094839571535667 70.98579021245338 65.3018812723442
65.45183654607544 24.819706301843514 20.12029092533618 93.34163501426262 62.3522510639535 20.808419141945667 74.79819906193411 3.8009038849416643 66.82279989228138 35.49954899902674
2 5 	 # V Shape
42.10868158213098 9.139274214067317 57.20042907469296 23.82773077868673 57.993926245873936
26.037770886943967 98.89044835220783 42.735690112109594 10.29995875345665 7.363989651644943
2 10 	 # Alloc Shape
0 0 0 0 1 1 0 0 1 1
1 1 1 1 0 0 1 1 0 0

2 10 	 # U Shape
55.56224964469012 88.29313190703644 43.80168740579391 4.205681455400512 67.74545658362997 52.74081636094253 4.290279308263689 53.044429496606114 66.20226158374396 11.506719569895552
82.13738732124239 1.8481384921289812 55.07614252632143 50.652025516806674 0.3005117339258234 53.01700778301295 40.96450077843832 3.0140784894503336 56.542117770907 18.654966153090903
2 5 	 # V Shape
43.048929411287915 44.68312624248095 51.50218005025336 41.07507804812664 82.73234675982464
78.82477810078846 36.58195557620645 86.67838041525 13.357355253648784 13.860439172817129
2 10 	 # Alloc Shape
0 0 0 0 1 1 0 1 1 1
1 1 1 1 0 0 1 0 0 0

2 10 	 # U Shape
88.12167185929054 12.967194763650392 47.14006656272785 54.00995652323519 76.86175599037759 48.03958397691641 7.828243911964905 95.96371142267482 14.448614614058442 66.77538243637872
40.80148208156575 61.286436908764664 30.35276081005388 99.38794271002601 11.357634941008632 27.0962037084304 95.41508991450273 24.458328880356028 87.13287864355577 23.7658611293869
2 5 	 # V Shape
53.838842735052864 34.346670637977326 4.091359632355163 11.179540567783775 98.40774353224009
64.27690674759877 18.49662554486504 74.40120266411249 9.459886829858954 44.09914268625623
2 10 	 # Alloc Shape
0 0 0 0 1 1 0 1 1 1
1 1 1 1 0 0 1 0 0 0

2 10 	 # U Shape
42.59044243999487 82.00432708261798 12.174923706672281 51.656802008324334 70.30565461003461 76.7020621375416 15.815466223816532 14.866954552344602 3.02384120227569 58.88207145168527
22.83669640505297 96.45483686958957 73.62065566317872 85.40378009897356 84.10305357497062 77.76587013969815 36.979217853154424 9.967532656989208 4.38222705959147 71.26234866083514
2 5 	 # V Shape
30.771490579945993 72.3157858964155 78.2198697983766 56.84111762903932 22.96010474189686
8.580136764583667 97.04777592475324 29.84382431261434 97.06655740541686 36.52923386066512
2 10 	 # Alloc Shape
1 1 0 0 1 1 0 0 0 0
0 0 1 1 0 0 1 1 1 1

