2 10 	 # U Shape
35.781360448354896 94.56831868184075 6.004468031538535 86.4042103546211 87.72905261480302 5.119366562045369 65.24186154656549 55.17513686348753 59.7513253239051 48.35286243100021
28.29881608569912 29.772571830177164 56.15089053263611 39.604743604702655 78.87007096788996 41.84843853458769 14.390392077532788 15.090669442067705 5.524135021582377 71.80371937036458
2 5 	 # V Shape
29.231735450413854 19.877387220034304 83.1363922310521 56.7991119724631 8.233974921248077
54.499857393072034 15.895874456727544 67.67623857029605 11.847226487907648 44.49960661200688
2 10 	 # Alloc Shape
1 1 0 1 0 0 1 1 0 0
0 0 1 0 1 1 0 0 1 1

2 10 	 # U Shape
13.394566757579296 77.69745806055802 83.7991512195325 82.93047639084283 2.9156996519808853 39.037449127658455 43.725199216804086 52.063506351133185 49.28726741656841 13.042928220861905
98.43835309944721 6.570232191808534 57.928407774407 58.077482508672794 95.43378655569242 19.744377751367526 8.332540063040506 88.38642177332372 1.569619295094371 79.55946473535244
2 5 	 # V Shape
76.81904394283123 87.20437859531704 91.61100863895552 27.38131929177843 23.638112638259944
31.051984364538765 71.5643258918474 8.273548925340336 67.54864430044265 85.85246688775271
2 10 	 # Alloc Shape
0 1 1 1 1 1 0 0 0 0
1 0 0 0 0 0 1 1 1 1

2 10 	 # U Shape
60.987658024091864 56.826322164893575 84.78356046216565 1.7502076834489788 36.49817618196527 62.22051270167803 22.95526346575568 46.42704790163561 52.46287488422274 68.19708923407795
12.465567755416018 39.32159524036884 13.675186345772905 46.47349977098803 50.22666070352606 13.23335830782506 93.53973069079488 59.924428253908744 55.39143124294241 96.42382297586654
2 5 	 # V Shape
15.22720001435821 40.465879062639424 55.657034743187964 29.191048715355727 66.02489038035729
58.30800231391415 95.70740173013135 66.0649624922221 99.2674962906035 44.57454331885186
2 10 	 # Alloc Shape
1 1 0 0 1 1 0 0 1 1
0 0 1 1 0 0 1 1 0 0

2 10 	 # U Shape
64.39261219721384 48.53989861018972 92.90449450991957 26.988141269516277 81.41789859746345 69.50420734041188 23.55311918944123 95.33026918410357 58.543570853972604 58.30664686753533
15.72095424339446 42.5240464086586 23.502191432124032 60.050732661973626 36.06084225042038 16.88734483529436 34.72464490172318 21.45170196857751 79.45282929965258 79.17093180964537
2 5 	 # V Shape
16.454035686442857 75.03640485122624 5.5896618846013375 23.247042560172016 65.00964314948689
71.82417639248644 48.004946350055455 33.761466765737644 38.970628932173135 85.87971938450035
2 10 	 # Alloc Shape
0 0 1 1 1 1 1 1 0 0
1 1 0 0 0 0 0 0 1 1

2 10 	 # U Shape
41.41411333293501 79.79571732087348 0.616836948610433 19.498122545732265 61.073699082350345 62.14639850416292 6.583765301785349 88.6010008495438 57.52378217995836 61.376300363480105
59.629223690188624 36.56114230315146 14.129742118613898 56.900480491343494 9.071453213858604 35.20784122383988 56.29480718526334 86.41757593580776 40.39902284204145 24.57122058847191
2 5 	 # V Shape
74.60877044945488 20.011020756261722 13.24847804652448 4.536382995459231 88.11558180548468
89.34313549862829 33.375572540755826 33.851102526839426 11.633567689691526 27.132105024013764
2 10 	 # Alloc Shape
0 0 0 0 1 1 0 0 1 1
1 1 1 1 0 0 1 1 0 0

2 10 	 # U Shape
13.203573178512373 52.926257042915545 13.522002069715267 27.680212824903794 0.4601569949792439 43.13181946855153 23.34860630451846 0.1938168079206659 81.69541198718285 61.73959900088396
84.11603602018356 31.027690474366445 84.19263353242822 19.69640679212956 51.32716079237252 54.11581070330966 33.1336646074688 59.72986447347872 37.24150107250742 75.90592199997387
2 5 	 # V Shape
76.95447888334154 58.76517946119335 23.54191403897157 60.32523351904141 61.59068434135448
92.2384302251811 96.83463078752389 58.34751307811003 99.32096748815242 57.191553859965936
2 10 	 # Alloc Shape
1 1 0 0 0 0 0 0 1 1
0 0 1 1 1 1 1 1 0 0

2 10 	 # U Shape
33.60116871555001 87.94629784389713 75.15606054244411 7.712045666568645 52.6244631632767 67.30674227044754 48.762092818895766 52.3962618185111 85.88670385345478 33.56486742296727
13.515543168847632 60.96971800763078 66.02199575582411 97.70320661194685 82.2221657175036 77.8657220082415 94.28522424740099 39.871665076947124 30.22381123692436 69.33172089324822
2 5 	 # V Shape
55.940054848846366 51.5846719674813 22.269923159481465 64.98599258311161 67.73766563468398
38.6347923912712 26.14122341121673 99.87614502902174 26.441570334586974 16.475174075323274
2 10 	 # Alloc Shape
1 1 0 0 0 0 1 1 1 1
0 0 1 1 1 1 0 0 0 0

2 10 	 # U Shape
96.12773962544053 74.06711786110827 55.15577601686053 57.294146847172044 76.27911783782963 74.79072113560095 48.77869949917194 43.93027593735299 44.83062114960561 53.90257288000539
89.99656268160857 55.006349132994345 10.56996731164247 41.4781066043323 46.158030373513405 66.19461387056359 35.08440917364801 96.81178905513482 38.85412936157757 47.60036206177085
2 5 	 # V Shape
31.039469956590537 34.321319277858464 56.63841337648816 51.56421948744008 77.94083049925182
86.72131313324404 41.22512207690452 91.79837780845509 47.119958065814174 38.911086406843566
2 10 	 # Alloc Shape
0 0 1 1 1 1 0 0 1 1
1 1 0 0 0 0 1 1 0 0

2 10 	 # U Shape
43.93958897820289 65.57870191749669 79.69503778553548 54.839396345846005 30.525118653194472 32.92105645054222 21.03960741297344 78.74584000566249 40.418223421314735 70.98663774109556
28.761505143554068 28.61254028906376 33.33160111450552 50.542597062890074 92.18198185756552 72.17049798495994 26.69556919924848 3.743961513831806 44.227462910340634 28.97600873734223
2 5 	 # V Shape
77.18713438712774 40.05980312032889 18.62264390359266 88.83164668571939 80.93405017771319
34.214842236376484 28.769125442699295 61.9892467181856 77.12186912395066 70.21119364459041
2 10 	 # Alloc Shape
1 1 1 1 0 0 1 1 0 0
0 0 0 0 1 1 0 0 1 1

2 10 	 # U Shape
23.182207602770333 56.00340030582003 84.68887605987125 4.579799024276521 71.56000840545458 27.113327525419308 13.102386658070476 20.381257233103977 57.795632157952035 6.37031986957658
97.67189483403314 72.87827406009461 11.607229051712565 61.32165254146612 83.52335354221233 89.29412668505115 15.684975263192847 86.3488268075983 67.49648781570224 17.485331819031515
2 5 	 # V Shape
51.395817799221255 43.177203426445445 81.34132766334729 7.220496224853667 52.04437108183505
71.77244868197018 13.411172028452134 56.756046714441624 90.2381957285162 14.31443156485609
2 10 	 # Alloc Shape
0 0 1 0 1 1 0 0 1 1
1 1 0 1 0 0 1 1 0 0

2 10 	 # U Shape
53.89430360358843 14.604689707378437 15.160182821721847 40.531040738189084 13.177769253327876 80.70549298435687 43.864415252185815 20.195659758923213 20.898242343956632 3.2011491828504046
70.15245041107151 70.27634764595102 77.25480592039763 94.6038224287684 48.80003885346825 95.12786629968552 22.13875432501924 89.7725166527007 8.021193433823704 0.22665332019460305
2 5 	 # V Shape
8.720605356987065 53.12677130022514 31.209644120107626 76.95189749791675 41.88037940090359
55.30658289639273 44.85700638983653 3.91611739727733 26.069513618012785 5.095746732514039
2 10 	 # Alloc Shape
0 0 0 0 1 1 1 1 1 1
1 1 1 1 0 0 0 0 0 0

2 10 	 # U Shape
2.474655416273963 67.18408063341109 50.97499550495061 92.90715399387088 36.3958507402869 48.0700644344267 22.435839098429778 55.16817054109472 47.5970702759977 96.30782631204826
97.16108939526175 84.2755744700984 68.06677715336265 38.697867997182996 80.67642480862685 44.89546808459046 82.50367680393472 37.213268079626516 61.74471079448271 83.28807052679319
2 5 	 # V Shape
34.68428953323115 98.6402560083664 74.83693101128232 89.00192795623923 41.30905155366113
26.943936373340584 72.27433296617798 62.82005543957009 90.6270411624716 24.93459369185277
2 10 	 # Alloc Shape
0 0 1 1 0 0 0 0 1 1
1 1 0 0 1 1 1 1 0 0

2 10 	 # U Shape
89.9935547664188 32.56697569363368 26.831390481617746 48.568702977389265 52.33781111217284 42.27336060774244 51.762204548036635 75.60131961635813 56.97628857560102 48.0931806704092
24.991817502059355 81.99283313680368 42.10859842673638 14.47069345886013 0.8293219332036972 48.25021666914332 37.15461406753031 55.7391172359905 90.57638247796568 56.90481516490171
2 5 	 # V Shape
59.25025408313269 90.63731210052227 67.20377133294357 0.21228553185157484 22.923012264844957
0.45723582858926415 76.16523473312034 23.286489915363862 61.599071750136424 19.205434916098984
2 10 	 # Alloc Shape
1 0 1 1 1 1 0 0 0 0
0 1 0 0 0 0 1 1 1 1

2 10 	 # U Shape
2.3922000044225844 58.048124263458654 85.33678105193181 51.13724455314088 41.100438095399774 52.28319559864932 77.90957336193499 25.10005202148362 53.69475694218927 63.7598158324675
33.31523586818766 85.91215993119783 50.11398138358696 85.58214579897559 43.588782218396084 56.967234687891555 35.278568100093054 68.09540119213386 47.89072338035919 19.996138197463353
2 5 	 # V Shape
86.34553493540093 49.16807523848299 92.16797575181323 79.24171985549856 98.50030621363854
62.77157058971312 32.31953928000878 98.43054433192336 97.32739594567366 75.14060402278513
2 10 	 # Alloc Shape
0 0 1 1 0 0 0 0 1 1
1 1 0 0 1 1 1 1 0 0

2 10 	 # U Shape
74.2278148610396 53.889698056393144 60.85711509254682 61.171897766074366 74.6042164597036 84.59350253802693 7.25106541163667 43.134337833746194 47.28378049099252 63.17844051476011
61.071051156690515 35.884898003163165 32.653453944272826 3.0726773412611985 34.92641249171471 2.2023488203246067 73.27127817729198 15.7121031907269 23.61114400619074 56.730335388216155
2 5 	 # V Shape
96.45324380183466 51.10157736462171 66.13661675387286 23.284642927025068 79.59891111682018
90.27634795060546 62.57486681034737 82.25257001276636 12.487872680792167 86.56733757818554
2 10 	 # Alloc Shape
0 0 1 1 1 1 0 1 0 0
1 1 0 0 0 0 1 0 1 1

2 10 	 # U Shape
67.34281048286152 10.214507545247454 58.677406842974 51.55830273476626 68.76298147536711 31.058924820514243 51.97502572716811 4.9388035749160615 62.642194032600784 89.53421767920207
58.60403306263782 78.15533790096553 34.76150840029939 3.067423397202984 84.22802328551367 5.815194552282266 84.39229920815335 7.7487786422904215 13.223299042229131 92.30754003276847
2 5 	 # V Shape
49.21892048479734 47.22613175423634 83.99801376258111 68.04495159265784 79.64861702261811
79.86400795064016 63.59438858608218 47.656959516830675 51.38380560121448 38.77610953615645
2 10 	 # Alloc Shape
0 0 1 1 1 1 0 0 1 1
1 1 0 0 0 0 1 1 0 0

2 10 	 # U Shape
7.1763256902926065 99.5178397384342 25.570742383137723 23.81139676827948 37.14748551748549 10.328189859437021 0.5681227222786633 93.25080941727362 45.35538150327556 36.51472399160763
70.52499059584072 79.24289152140341 33.55866407778044 34.01010016562016 55.08294989334961 34.906642713311854 18.034969327781447 33.98719311282401 71.77829034946566 29.23402808365867
2 5 	 # V Shape
59.9210943452432 35.98232205499905 57.14965295464369 78.37160728011239 97.12425944372016
10.365844500679867 81.4481085129874 62.76531131283859 66.98003435623478 89.36159462234001
2 10 	 # Alloc Shape
0 1 0 0 0 0 1 1 1 1
1 0 1 1 1 1 0 0 0 0

2 10 	 # U Shape
68.32848503668212 71.54936048182559 96.06445493063156 86.37938442015538 81.72043351689457 23.332432888524924 58.902632672277974 73.51508970634559 92.44426707062911 70.91197706580695
74.20116347832571 62.817263822228185 36.15584041444052 80.71930522950419 57.087905743906205 35.142949971218165 43.37440627055778 21.015089175386848 63.610702265177146 35.132537556812984
2 5 	 # V Shape
34.02702328670162 20.873142738815233 75.91831149300968 77.96392620981638 38.29530355423746
38.738865271389834 85.48602598149706 93.15811622145603 71.85882483595987 62.57970842277678
2 10 	 # Alloc Shape
0 0 0 0 0 0 1 1 1 1
1 1 1 1 1 1 0 0 0 0

2 10 	 # U Shape
80.44647042705665 47.266245268318585 78.50543982792361 50.0691219181063 86.12483142898711 56.39157802482958 96.0244960412959 10.006113314383713 82.76351836416546 59.44577855958778
26.140679743844576 40.56770843974292 7.312424825648344 67.74727623500635 50.43749424562976 10.054368535627411 14.298713535943596 75.8265305504527 43.25748507024482 70.17506508034663
2 5 	 # V Shape
58.53371957589163 63.80566673416846 5.270223146269693 30.79354695601797 52.89244814130476
25.28400694531977 83.44424502747249 9.237346175186435 77.89418412754047 56.538759174310385
2 10 	 # Alloc Shape
1 1 1 1 1 1 0 0 0 0
0 0 0 0 0 0 1 1 1 1

2 10 	 # U Shape
57.21144465448048 84.20963798356597 58.87146445825869 84.33907043352217 40.95509674888127 10.313147090613295 55.71806735011293 39.227585400576615 75.41025295016739 98.09351180173526
98.5707484889901 90.86421856624635 31.095820218593605 82.7406608157864 80.56853917100112 51.6670435156002 75.7835097086941 43.824336954599374 14.773217439661634 11.300249136800344
2 5 	 # V Shape
33.978624012441216 44.0002020308106 3.82547393470416 40.585795871617094 59.921388644336425
71.80628580650787 30.76267256100894 54.39422030892731 55.95874078496424 61.273907880172274
2 10 	 # Alloc Shape
0 0 1 1 0 0 0 0 1 1
1 1 0 0 1 1 1 1 0 0

2 10 	 # U Shape
19.106091748654375 5.927516729405724 94.50579378728212 64.26141119657728 36.05839079166766 69.62131732239708 41.20773329859709 71.59303711937332 42.23441640683884 87.67315804854073
83.35782724680425 44.26759932421851 51.37423308194283 19.151901944534487 30.849316572562703 56.12968673926525 83.26520510869638 99.81612621532948 49.75683186620121 6.6754164342339495
2 5 	 # V Shape
97.34665032820907 66.32398816809992 9.561400917418272 34.48687088786245 25.148180716919022
38.20350898121777 78.51757648312007 56.235903237320336 32.28039862715634 24.249053884189674
2 10 	 # Alloc Shape
0 0 1 1 0 0 0 0 1 1
1 1 0 0 1 1 1 1 0 0

2 10 	 # U Shape
45.73919173443478 62.65682223090654 0.6584695555690523 78.47354753458153 1.1420643240516948 47.78785080076524 84.62303940284359 44.636765706151024 16.912187615325713 63.39772708584507
5.286034207123603 21.46093670213688 12.645058953927323 61.881712671049335 69.87124206975986 53.185640857815585 14.859418499732179 45.85691021344102 7.763440149911016 67.52361064549198
2 5 	 # V Shape
76.26070156248663 9.227380281383379 65.79474399676897 92.72073283589141 58.19807690631503
84.0396815690069 36.816791007110005 42.65585509104426 52.92056150357111 75.46532752538516
2 10 	 # Alloc Shape
1 1 0 0 0 0 1 1 0 0
0 0 1 1 1 1 0 0 1 1

2 10 	 # U Shape
50.00338213013443 45.56979016141982 40.66138184247874 57.347805992810905 77.79706664595273 75.0353644724671 39.79888320234743 55.467538773835635 51.07340140501421 72.88759489318237
3.877601067687886 91.43400935512359 5.33112671137419 63.1237997404973 82.25240363733182 44.543367303888836 30.136346917024138 47.018354238741345 33.51121482884929 45.78328841023727
2 5 	 # V Shape
91.28481045405428 66.56725803491697 39.547224097648105 31.786277437462207 42.995630553188604
0.1980625031092531 95.70965387898787 61.610560237075326 27.24723100326576 56.0942500095706
2 10 	 # Alloc Shape
1 1 0 0 0 0 1 1 1 1
0 0 1 1 1 1 0 0 0 0

2 10 	 # U Shape
72.5546479247015 39.959446925698494 59.51551417725342 49.27151687711333 88.2626753692493 46.76650763423707 79.58439531846025 96.88908803352811 40.95776873068021 25.838991734103033
95.061065712157 8.17755329564812 24.739589644007598 9.896576580420414 67.8944023556969 39.84315056271592 45.365251402211626 21.729033920798756 26.678581602589936 67.87418831022252
2 5 	 # V Shape
59.71525164596101 91.97811914649638 47.24364763461 89.54725125898335 91.77975444407981
59.95681180863628 71.0322127110601 86.82705098963501 34.38494369511641 10.079845437261259
2 10 	 # Alloc Shape
0 0 1 1 0 0 1 1 1 1
1 1 0 0 1 1 0 0 0 0

2 10 	 # U Shape
21.19579851999337 34.03243996061198 57.89077584018381 51.867309317995506 43.24796874599129 58.1808314621057 68.1284184358651 22.95770176380527 43.08863848857206 4.794539188435731
32.39062597288659 52.323097531963526 82.93982226612795 82.52717709548776 4.817326629702801 0.923929361105269 13.365139295567975 81.8524724214295 25.222240087829807 79.02212569723807
2 5 	 # V Shape
6.313470785418929 24.11610357235727 3.87527684200204 70.77904121352387 87.1797496215179
60.57004142266015 38.5634403889347 46.57053235928701 49.158237578107375 20.04029367655359
2 10 	 # Alloc Shape
0 0 0 0 1 1 1 1 1 1
1 1 1 1 0 0 0 0 0 0

2 10 	 # U Shape
11.01802943427609 74.66414497050187 44.844053552045416 9.405335747103061 70.15050766595459 61.111063327271054 53.78976968484124 24.709437097574828 28.9592897774129 86.45003073103292
7.590262003142822 68.4303612852263 90.23143961391138 48.03432175904331 69.4449386193761 56.239269917130976 97.55762807730629 44.54618275826672 49.90772647548515 2.1269877751346034
2 5 	 # V Shape
8.0781637313443 89.94843143969494 59.22764025437872 61.9253620661399 1.379899290625497
64.2258215013581 17.470881933126293 40.36912294035131 83.7599251844923 27.03285550556479
2 10 	 # Alloc Shape
0 0 1 1 1 1 0 0 0 1
1 1 0 0 0 0 1 1 1 0

2 10 	 # U Shape
52.448736941150955 17.9910277978096 83.50104342390856 50.49633506332965 18.488102756333923 57.94028665803356 16.439055300690896 66.88995798846378 63.65542126420046 63.7583817428245
73.97410121449013 78.38919501446888 48.01965044249178 59.77266607639691 24.125946234517905 65.00958220637105 93.06296939467147 15.849545039906243 54.98705812818345 39.24032754631046
2 5 	 # V Shape
23.07384654490442 63.657022783174746 77.02290609493318 56.69054275385701 38.750032179943275
89.11574599178577 39.65193205704577 22.059660274277803 44.593386885255434 32.51639530615805
2 10 	 # Alloc Shape
0 0 1 1 1 1 0 0 1 1
1 1 0 0 0 0 1 1 0 0

2 10 	 # U Shape
71.70314550551188 88.34548823304502 12.933725297754828 9.7934669455213 85.9801191574673 90.98083083626396 93.20653979134461 66.20169159853754 28.393449025432517 88.80993398153912
83.89717094158011 38.61030787664379 20.379012742075254 73.54879505365768 69.16276734354977 39.43961898974755 41.846493363775195 64.57100699244386 29.82371842942497 93.3815498561479
2 5 	 # V Shape
85.32123724981771 95.88511757366497 6.045609163697597 93.28400701941982 93.91233250341516
3.0994081613696878 37.74853848022657 40.12577533376227 88.71977548803406 74.18496821164841
2 10 	 # Alloc Shape
1 1 0 0 0 0 1 1 0 0
0 0 1 1 1 1 0 0 1 1

2 10 	 # U Shape
42.38167927589419 42.94063647407763 89.75328607467155 14.712873522881909 50.15221477229932 45.18208739994244 25.569579111482 59.868090974459406 60.70584524279026 26.743867623252438
41.98443692732329 40.28792529522094 96.80868403657561 46.87237758134177 16.006632630472794 89.36945373739808 49.37570832084134 78.90361207816669 59.70364304212373 17.99339581793674
2 5 	 # V Shape
5.827853855018161 87.45929789308784 37.92724162041087 33.95390080291776 21.993026052323252
19.60496926306017 5.525969345428083 71.16078540114457 63.80416884370066 17.924878267376886
2 10 	 # Alloc Shape
1 1 1 1 0 0 0 0 1 1
0 0 0 0 1 1 1 1 0 0

2 10 	 # U Shape
99.79513723935436 25.369843826519954 93.60760223664316 28.660768843345696 45.91094201778857 39.318122518774814 24.63394022488479 1.4039019158020194 89.72161190032635 90.19243765664878
65.70316813398831 72.06961723482044 2.4490935432675998 38.58590181318577 92.28923911809864 92.9966842600496 28.78396750654163 82.04092490178547 67.0812054662506 9.343074979248655
2 5 	 # V Shape
2.2726722205142047 61.471982602997144 25.01585597813769 55.47451110172273 92.51082453290982
45.97082225715617 63.96039205510166 20.215396741508286 74.25589354430154 98.11973005762503
2 10 	 # Alloc Shape
0 0 1 1 0 0 0 0 1 1
1 1 0 0 1 1 1 1 0 0

2 10 	 # U Shape
16.94366974018171 5.399218402984884 93.41203809378106 50.96855924883188 46.039405567268155 60.901085981389116 62.78281267467677 23.47840387215414 60.79328071796043 63.44434849277937
95.31788178981107 63.40247788470901 31.154933864298396 97.89507961848619 16.648998082323384 62.63185549917457 67.71493173953056 91.13562878999727 0.31706759114503713 55.44172706532757
2 5 	 # V Shape
89.53134036946336 21.903978103954657 46.94004058290646 72.27362741740264 50.05160500696836
2.927631371711037 55.079420353951335 94.28716449777579 71.59591455020936 0.5818826993299164
2 10 	 # Alloc Shape
0 0 1 0 1 1 0 0 1 1
1 1 0 1 0 0 1 1 0 0

2 10 	 # U Shape
60.70019975530209 34.820156938806434 59.32447230404815 70.09628262656932 8.256262220912824 43.77870714166489 75.93538129698092 45.75190388914463 21.107938579399356 8.135046160970683
73.0411856538107 31.535864610453235 89.67618125295613 11.64923187739647 55.85383527328594 79.24967438955802 40.7436247534398 16.254828283605704 58.46126411469399 56.137104189634144
2 5 	 # V Shape
35.32030768902412 58.982412431214456 8.563668104904941 73.39670265801192 23.87034302331491
79.68304963236275 7.526425458086017 13.463260028803447 61.200959146611744 11.11465706403344
2 10 	 # Alloc Shape
0 0 1 1 0 0 1 1 0 0
1 1 0 0 1 1 0 0 1 1

2 10 	 # U Shape
35.528891041160605 95.10367099212233 52.55077471982352 78.39373147700088 6.023232500687858 95.93346285945611 66.59586506862183 9.33827810128951 54.301666195476116 13.326810088277451
45.612279899702 59.136387521780605 94.3111789028784 37.774886707226344 69.66552409673503 30.738067450439722 28.03706760993727 10.476250691583944 98.52281460267996 94.14611847280538
2 5 	 # V Shape
42.1664695484833 22.584911973186216 13.06662317963313 68.07074405652084 18.65166675596618
10.756854287889272 60.17838776149904 77.55771692315669 14.27539751709177 9.38740999865736
2 10 	 # Alloc Shape
1 1 0 0 0 1 1 1 0 0
0 0 1 1 1 0 0 0 1 1

2 10 	 # U Shape
66.41141827344741 53.82977543849835 97.35710751221205 71.66249318767355 96.02697429487822 83.88765935499785 0.7132144336333468 1.0574343737590142 27.160535259769237 9.558148066471217
84.60716707065649 77.20234898726758 6.2813906227901946 78.17456105155091 23.55118634870099 92.6996334697923 74.21872675624894 45.06444575748812 56.280643803117044 30.673774256718232
2 5 	 # V Shape
6.784755397365883 76.5415171030436 13.532999048160299 81.19996943891572 66.54404199679493
27.243464380578576 38.64312373314465 64.13773155310132 11.867718488687817 90.64482923222663
2 10 	 # Alloc Shape
0 0 1 1 1 1 0 0 0 0
1 1 0 0 0 0 1 1 1 1

2 10 	 # U Shape
77.24699949720379 93.77560712268424 3.6449440301903446 81.609313965054 71.0975447986662 28.818680762124128 31.34331931364813 57.414721590807346 50.27351250617863 91.93856526467849
29.404624979493775 75.80445359440226 99.27286816929407 61.57932774044221 58.959857218325816 85.45345961009662 63.35382694640388 56.03726666484229 77.28132861973923 86.84207395594659
2 5 	 # V Shape
44.77294338929318 55.918111862377685 31.273708605819095 66.31444519267554 77.64750681956983
4.818801744978463 36.06192034707865 61.27970750492473 51.53074979088312 41.05856397618937
2 10 	 # Alloc Shape
1 1 0 0 0 0 0 0 1 1
0 0 1 1 1 1 1 1 0 0

2 10 	 # U Shape
7.266019025774861 93.64296942024791 90.72205937114126 13.851077649260922 11.140852326854766 30.212736496369796 44.206632447988135 31.024747090002315 86.37475742638343 52.41124344486946
46.29376061400765 25.759586489185537 92.46190091848501 66.95043406032568 86.44597163798716 1.2063783389129057 73.6148122314967 66.85234104290248 57.829655422056014 50.683994498854304
2 5 	 # V Shape
79.53667449249822 6.574350766556791 77.64198383540581 53.99595775334832 46.582373380664066
62.88956935634465 75.71616293382101 79.24033454793313 39.49861935319231 20.648421717153575
2 10 	 # Alloc Shape
1 1 0 0 0 0 0 0 1 1
0 0 1 1 1 1 1 1 0 0

2 10 	 # U Shape
22.253391428225942 33.78252465314344 99.30371049120271 23.26006629059435 9.411327813634408 73.11255662948425 16.685228985511525 65.05354241910268 97.28436518700505 38.889327884718305
55.576178714864696 47.034208126260104 24.009131932761353 92.63780144698949 12.319591481003433 13.871344480216441 98.79012012995011 2.4378238790247364 1.3889504639166272 81.93272790289556
2 5 	 # V Shape
8.845735587330172 24.832827416901317 86.44393136173801 43.246219087471005 79.97792830432185
6.965545949120077 29.147927983895418 91.80643677490686 42.19408241651939 50.5823403938127
2 10 	 # Alloc Shape
0 0 1 0 1 1 0 0 1 1
1 1 0 1 0 0 1 1 0 0

2 10 	 # U Shape
15.948428542831705 86.59222281205398 28.62017833294892 12.437988051032612 9.287203612598605 30.80144575822302 47.10039740867651 99.63031907727856 64.67340034119661 56.90584490927839
44.91323992928784 7.366313749175024 14.61974106288757 70.44941940057355 77.23244504680088 37.217112611070604 54.82511841969918 12.881269457360156 17.327161943325496 79.49379050840419
2 5 	 # V Shape
28.45952667288676 78.56178759144406 52.522191940662 6.441334084861971 54.090961741573075
17.05474250768785 51.51574524884898 49.694583234495205 50.82733814671718 25.40581872682224
2 10 	 # Alloc Shape
0 1 0 0 0 0 0 1 1 1
1 0 1 1 1 1 1 0 0 0

2 10 	 # U Shape
52.90820635193377 86.92238235787305 67.52448053515893 52.03694583776234 93.84405868809755 18.48592459053293 59.63073449447142 24.835439201597353 4.9158566613482835 73.98506613832657
80.08791916982976 94.20923567099376 94.75633113391767 51.8635628192325 67.59885568584252 74.10546990705996 4.139119741157571 25.929602539016116 19.37288041591333 35.09844243822873
2 5 	 # V Shape
88.60161455900678 21.678722333911416 51.35537359569571 23.921628450598398 20.73378145525289
40.98870865505654 16.277057150458006 95.03916111653712 38.90928658008368 34.4328704473864
2 10 	 # Alloc Shape
1 1 0 0 0 0 1 1 1 1
0 0 1 1 1 1 0 0 0 0

2 10 	 # U Shape
70.97626538346759 4.882153117920307 11.381474909453871 4.718608323042628 78.31256272678847 64.05029568918188 81.15782447767202 62.54831102112423 72.03850590414899 50.12712375633871
48.629607874840374 15.875903523323275 26.820154527816353 63.383565144196375 53.30653732746756 40.422840606308284 84.3442027067526 7.154769242206549 63.965887687524784 58.92947255307354
2 5 	 # V Shape
53.479847277514814 57.229373865413415 41.566665177799635 2.4538000972753937 29.048305595779876
74.65053590140519 15.183763567963194 24.85006717226864 9.398143747273513 51.006556295873814
2 10 	 # Alloc Shape
0 0 0 0 1 1 1 1 0 0
1 1 1 1 0 0 0 0 1 1

2 10 	 # U Shape
99.72390804892463 30.35040445832886 92.56778545162692 5.248995150407032 33.92457679225198 49.17912432322997 90.85310418406833 68.5593514146162 67.11772349117507 31.356294862219702
64.80031466139961 15.85611932440707 81.29468173169305 31.56081002285115 20.11254304733301 10.172844330323604 1.0359851969949596 87.98141451230016 18.69290582211437 57.036488409319574
2 5 	 # V Shape
48.531612136675186 1.691132979568899 31.49688286229483 23.07111696963019 30.46717749785869
2.4106675311050485 6.499466532955478 6.814415326624356 60.788747564404765 18.199801339990717
2 10 	 # Alloc Shape
1 1 0 0 1 1 1 0 1 0
0 0 1 1 0 0 0 1 0 1

2 10 	 # U Shape
27.16417185592357 69.59652980297597 54.09114325003215 47.25053923817634 44.58217700558177 18.368381805224843 0.26497391547026794 33.25639365993056 28.56677315354427 86.18902704140653
6.086255001509633 76.74100123771217 77.98561354363015 3.758987734021224 56.20023879803452 17.49181538847524 18.574957760355314 93.71582545608186 10.011013664795144 69.0455284892671
2 5 	 # V Shape
19.5809959041647 55.92141190376117 61.79234198011423 50.653368838460764 75.1530439760977
41.85601171638391 17.303276162692104 12.716554964295302 37.83786887287637 33.135048412633196
2 10 	 # Alloc Shape
0 0 1 1 1 1 0 0 1 1
1 1 0 0 0 0 1 1 0 0

2 10 	 # U Shape
71.11401577928493 6.545061009005382 87.22394380341628 62.013945858338836 58.55579456669696 93.94408141011647 27.685896845989866 73.75352660058363 8.246786887355507 76.88671811559149
58.201972499731944 41.35044895484255 76.25084927257532 75.28641481902795 29.725640172587507 42.19724506968387 18.58731213234175 54.04741593350959 65.36010275750989 55.85479523938748
2 5 	 # V Shape
4.941317868423923 0.7492306784407599 5.729492437698813 85.89636490971822 14.584522472471395
90.64567853065635 40.85075482697682 95.66674798066119 90.72218774613964 31.038322569442002
2 10 	 # Alloc Shape
0 0 0 0 1 1 1 1 0 1
1 1 1 1 0 0 0 0 1 0

2 10 	 # U Shape
0.5385036185191705 7.0470548103610975 34.43591418887073 19.69036768699588 23.88979483431418 20.022589863334506 12.591702184950183 86.61498564224482 34.00986650416843 87.64698823475929
91.61949949075243 15.099324930739922 35.39996847507324 27.645277244670353 83.12066460841856 1.4203263172501535 3.5276272348270243 8.45234297891604 86.89546528833145 61.49619122737893
2 5 	 # V Shape
72.099432562712 20.012634666139604 74.30311178019102 64.54226781684528 42.23716920929298
0.34478039892611445 11.520644097102329 21.62917406999567 2.983408310840985 6.897002376016992
2 10 	 # Alloc Shape
0 0 0 0 1 1 1 1 0 1
1 1 1 1 0 0 0 0 1 0

2 10 	 # U Shape
72.62192788942691 70.08090268705017 11.517372001337655 23.90226424638817 15.855354996030757 99.09862386413825 27.15404798483757 52.53288765741959 86.41610577747446 50.76587120101175
15.543965441553432 55.7535571804722 62.74681027886043 7.546432039636808 44.82467445364931 34.98192572629818 98.4978985108622 4.601087213660337 27.833439140914596 69.738802082107
2 5 	 # V Shape
38.3142095534275 56.666113244153834 5.328506349864881 47.61130230611088 17.791712280471817
19.254270119274796 86.87154178368314 86.85709758676464 14.681661218765596 72.59938716585982
2 10 	 # Alloc Shape
1 1 0 0 0 0 0 1 1 1
0 0 1 1 1 1 1 0 0 0

2 10 	 # U Shape
37.375598767528714 35.29682044137174 54.48188175276037 38.39457944001459 42.536816808901015 60.941834083823096 80.91981674962877 35.5836571513838 25.268104416031136 86.28539558685873
47.48881622251048 49.72705771276047 51.666575088187386 59.54724944904556 67.68323639442634 88.58071109458068 39.475021087698146 67.40369601607442 21.83145656289237 90.11050532926387
2 5 	 # V Shape
64.18381563768897 46.25916128637324 82.74079456186246 23.694672726465004 96.85472619580122
71.6821055636475 13.636120610866309 93.89531800711019 60.41650991139098 71.93550211473348
2 10 	 # Alloc Shape
0 0 1 1 0 0 1 0 1 1
1 1 0 0 1 1 0 1 0 0

2 10 	 # U Shape
29.352775931100417 65.88509604238251 31.110645384399803 31.809612900742735 10.473065807389792 28.33750829372913 93.66199401169649 9.821057162330805 51.28773419152422 39.7102307133329
59.29475496595479 60.961992253279554 98.01023969243371 19.77478289500263 77.71981046545264 46.44426967149333 67.82152409192625 4.308529178064802 22.240733021173497 48.59269368217058
2 5 	 # V Shape
73.83862714321823 57.386941048861694 67.4288076624632 26.42072180533074 12.06621459523336
46.87097113216596 4.08351281089373 66.16131291377681 41.107579788602045 45.50490664294827
2 10 	 # Alloc Shape
1 1 0 1 0 0 1 1 0 0
0 0 1 0 1 1 0 0 1 1

2 10 	 # U Shape
18.74677127615667 57.72397742912398 85.48211490085438 40.81256185189027 95.74362135386237 35.570456954046406 60.498837213195344 27.78842641222893 60.56801879333894 97.71882213851642
21.48508211201541 77.27591189576842 26.58816888178127 60.422812993535615 47.50943240870684 34.622484405410084 4.218455031637358 84.70255394715036 72.8656799472676 32.58785429577754
2 5 	 # V Shape
99.89775889416008 61.679547870686136 53.33059313504658 14.402799316704806 83.65859715769824
57.1145618066985 1.7310204733758439 11.234739593945175 99.01456302577094 64.33017977951857
2 10 	 # Alloc Shape
0 0 1 1 1 1 0 0 1 1
1 1 0 0 0 0 1 1 0 0

2 10 	 # U Shape
20.827150215256086 4.124457322145092 25.5074707921475 63.75508801735206 95.1984166117063 50.41107678096337 78.08393918287419 37.49931850643207 88.10618866172052 13.164231470458521
73.88632498453174 38.684756525050204 45.07596345266629 23.464320708993124 38.706929881341765 53.56484264038234 69.42214029997132 72.8310690406776 32.320776873157264 99.35872063171973
2 5 	 # V Shape
34.49822906656258 49.717986848513775 63.7857224818093 79.82838302965114 26.61904357541137
99.30708277878598 98.34845778265385 54.33802948580647 70.96939660728736 4.312428015728409
2 10 	 # Alloc Shape
0 0 0 0 1 1 1 1 1 0
1 1 1 1 0 0 0 0 0 1

2 10 	 # U Shape
57.787648840272574 2.087069115344653 75.67555011632349 37.355419920792976 11.811976067534724 39.38659917794855 73.6791090303867 35.51699152576704 38.54204772735083 15.142777013562137
31.227829314414745 65.574620563761 90.22717148498683 13.486909761782407 75.65798023665931 99.84605884325521 75.8275532962616 14.84223047597606 89.02418649405213 12.29255498925279
2 5 	 # V Shape
65.69373891974628 31.970093695215994 61.67286155072349 88.24287419764639 54.50491561831575
28.423295623419765 7.155303462630114 13.777358940212148 22.168599961788104 24.685469683357052
2 10 	 # Alloc Shape
1 0 1 1 0 0 1 1 0 0
0 1 0 0 1 1 0 0 1 1

2 10 	 # U Shape
30.057248684053985 32.70848354572885 25.30569051875611 47.37302009478621 61.9895999831653 40.321714777952344 55.947087770968515 88.1534132479626 45.079190616151976 65.89117790731528
5.337089160710229 83.76821408422089 8.831687822787648 74.55480695828048 9.152739106766916 36.225285139751264 35.81708791179536 20.470165229423575 19.042996030004044 80.94953211958264
2 5 	 # V Shape
45.397626757828235 98.98211536885697 87.93851542439046 68.60840079061623 35.23399678163335
97.92639887518227 41.81390561398243 39.371699576785076 34.18222958325142 40.814551786613066
2 10 	 # Alloc Shape
0 0 1 1 1 1 1 1 0 0
1 1 0 0 0 0 0 0 1 1

2 10 	 # U Shape
44.42978529731898 37.57039143603925 3.590862780477755 26.624488648892974 74.76086526151568 11.47775535406298 15.298281491500031 27.426421490078546 45.28766775024178 83.64118328250785
0.13155292681534814 75.5726373101393 29.04933084337139 62.55070263132166 74.45134842483327 58.36923273016528 81.72566796159224 14.771510115776643 5.693235879403769 42.49311112597296
2 5 	 # V Shape
65.77642687763587 36.060151225311785 83.94279193438112 35.452647005589455 27.854615549719952
29.92168892230217 32.53393763054569 47.832343532849954 60.79049215041439 93.58951315634464
2 10 	 # Alloc Shape
1 1 0 0 0 0 0 0 1 1
0 0 1 1 1 1 1 1 0 0

2 10 	 # U Shape
53.716838321710014 74.69641586215944 53.644361679908656 22.740963956503624 63.02865909730041 49.85666704681987 24.173938805737404 89.65961082923927 22.08132509796742 12.436712903918323
82.23701763750593 3.3226708200038257 16.779677038529694 7.479390547882803 46.06992547813754 30.285130433135333 2.757347390079412 81.14539205272851 30.093780122227887 44.39062440868676
2 5 	 # V Shape
98.40019966498016 57.25082269710652 69.80351397634644 13.259379953323801 9.550434178691368
73.04245241762433 38.13689529771569 53.36401370122829 52.72704968652191 69.13125500444909
2 10 	 # Alloc Shape
1 1 1 1 1 1 0 0 0 0
0 0 0 0 0 0 1 1 1 1

2 10 	 # U Shape
7.437316350002277 23.667262983903527 58.19356362035924 54.31275311205239 57.93085604651351 91.21704248007076 37.564489265015425 74.29841660264455 0.3941805396698639 36.49845571200802
35.83136698919468 51.14463367850145 35.304440321986185 9.128990403836534 36.951957125122924 67.91703441639444 11.262544596698486 71.46428570473617 61.04237025413062 24.46915142307715
2 5 	 # V Shape
70.53317243470877 77.29480972982267 84.92433534127841 80.49014048945345 50.669678633008154
33.9248557460155 68.15139597748853 69.98926471394498 68.91897624334045 85.97774626865771
2 10 	 # Alloc Shape
0 0 1 1 1 1 0 0 0 0
1 1 0 0 0 0 1 1 1 1

2 10 	 # U Shape
46.524192031380466 51.21488454918172 6.46973956043102 45.07659729644945 39.59549657944898 81.14846305140301 24.738085696407975 39.56872378124433 12.471757136055206 0.009500252812355559
60.47057890439594 34.004420839584824 84.1907423788346 19.15519660834083 86.13717892552224 55.638194994313615 22.904679582696495 11.432500265113166 32.910925293510765 64.08040627497108
2 5 	 # V Shape
70.58933956583499 65.0033613677446 56.531163905810224 93.26877365647297 74.1781220934618
81.64435095538798 5.182147800046399 10.207629943358443 0.642567181679432 84.78539203025049
2 10 	 # Alloc Shape
0 0 0 1 1 1 1 1 0 0
1 1 1 0 0 0 0 0 1 1

2 10 	 # U Shape
67.65854769805088 46.47033086304063 75.77629929115365 33.89328058165455 7.045202451877685 77.72845828540727 74.62428230150047 77.62819599455003 25.25859557783595 72.46389726690585
63.071152360516955 71.09924671568928 35.31846002564898 7.798366608019503 71.26045272691182 41.28909587230197 6.299039969387876 38.88620597681661 96.50577358868101 85.27257841432025
2 5 	 # V Shape
85.12828800525224 36.84046863115833 71.78208778309103 97.76295549785397 78.71276549207309
68.4441067281783 60.656237550110525 57.47371655203655 76.65866073565381 14.244837340234028
2 10 	 # Alloc Shape
0 0 1 1 0 0 1 1 0 0
1 1 0 0 1 1 0 0 1 1

2 10 	 # U Shape
82.34425485935743 58.96381306429905 64.95912566504316 82.42980630276705 62.87058009601005 49.47415368328921 79.62042276141077 68.85800585779735 14.603510777841377 9.754741867260252
96.87538105086063 60.27743161585788 93.45380855807144 95.69979766945865 91.26956539356577 20.862696453480645 28.657111146893577 89.95746608980365 55.83270185188226 81.39680310066427
2 5 	 # V Shape
37.81671227022251 30.356324587533578 82.27864496885867 97.86323744904242 51.01203109422647
87.49549538669363 71.45737430968396 57.85942238476969 51.677311920565614 1.6955884047127001
2 10 	 # Alloc Shape
0 0 0 0 1 1 1 1 0 0
1 1 1 1 0 0 0 0 1 1

2 10 	 # U Shape
53.74754561012453 85.87334734869617 67.95367841263 71.35327809256484 60.31478140632842 94.35435425852371 63.622352652078405 96.2109669047096 0.5282562067794316 84.85209473885709
1.1517316685865198 96.17313072902671 30.068681660141237 71.50006972596705 36.54668257478681 44.40000089119697 67.08717742443332 34.71482826436462 8.382588751121467 81.7872915613046
2 5 	 # V Shape
73.27750357258238 66.18608611652935 57.6902133329235 60.47786787968572 46.85619647832044
4.457762118234565 79.56394778381954 61.17238315866735 34.686712701713574 53.75064321396291
2 10 	 # Alloc Shape
1 1 0 0 1 1 1 1 0 0
0 0 1 1 0 0 0 0 1 1

2 10 	 # U Shape
97.11095490276 56.929568158361846 27.300882298714914 62.08265503159581 72.37405499530409 13.541095889298738 43.717696787517355 11.875828198005035 43.132175131995595 44.36375722279124
60.29606605506752 13.936357153964185 84.55522216494742 75.63985758510223 81.58237644224668 99.288281619089 75.13121780081694 69.82992250662396 18.49602320117881 36.07553932581566
2 5 	 # V Shape
21.464895076443824 56.557057290822975 65.84506269452585 8.690794819275782 70.37796166849598
39.864857603463456 11.247540386521958 3.9777174662908643 18.027738064176912 16.09265126514178
2 10 	 # Alloc Shape
1 1 0 0 1 0 0 0 1 1
0 0 1 1 0 1 1 1 0 0

2 10 	 # U Shape
30.350828138110085 93.22963810642025 10.628715799001442 54.293304608726245 70.89440655908236 44.51488034454436 16.225460316027007 76.68465382285541 98.84460341069057 15.434709982321348
43.88059419831172 16.316197366229666 33.44276093039093 21.06483636471378 41.854794363098044 15.377472387397917 48.0592489066089 67.09421410300232 47.371744229658844 68.62555740556424
2 5 	 # V Shape
91.39622141283151 79.76930209809014 1.1883721973914074 95.73781860580644 55.8748570068532
10.15732573955096 75.67194919420221 67.4498925756459 17.037796144310146 62.39205414809924
2 10 	 # Alloc Shape
1 1 0 0 0 0 1 1 0 0
0 0 1 1 1 1 0 0 1 1

2 10 	 # U Shape
61.68446407139836 84.4640487405037 81.95397920354583 79.86985190732135 85.93001446600562 37.27280811069438 79.42439245136902 70.43156836040444 33.83494900513687 49.89939345151831
79.28127899465652 12.288998993629585 79.90827144572773 55.6343393563966 39.134751184008095 89.8852211574887 11.279954963622584 73.36737897754304 58.42687347995707 56.016235409229175
2 5 	 # V Shape
93.40578460820016 82.46128910697725 29.54421783921496 68.55387039944503 85.68504926355493
83.5053768906689 26.602329013706903 1.1587539487060483 44.566693445441864 29.72575676239796
2 10 	 # Alloc Shape
0 0 1 1 1 0 1 1 0 0
1 1 0 0 0 1 0 0 1 1

2 10 	 # U Shape
55.782155530874476 53.04376835949803 88.66759129715123 74.08090071192626 73.2311584119148 76.54530271066503 23.532435756315273 52.18153350436401 97.86694733666191 55.62117248176005
32.779921077544195 11.918878519411557 27.531848263895686 62.129772777213134 17.583729941277415 42.23849577284492 59.04513508466771 43.77878251089532 40.68711832251053 63.79923421316319
2 5 	 # V Shape
91.11498959570017 52.27822861128125 7.716378986384942 61.15788173570178 57.119805337669206
25.88047044792966 10.132718002684637 80.02308014023372 99.18493545152693 61.304806694929184
2 10 	 # Alloc Shape
1 1 1 1 0 0 0 0 1 1
0 0 0 0 1 1 1 1 0 0

2 10 	 # U Shape
39.877988223382374 30.304357496837188 52.47722108042537 39.719861621946414 50.131138045445724 50.77967374122634 17.090848304008645 59.37920732265255 20.444356825220446 29.37745446737522
34.224938384205764 19.209685460193505 59.37729387787517 19.637027652647188 98.33713533447244 69.8628035987498 57.87536619592846 82.31657800421914 96.48895003589301 9.289516569084611
2 5 	 # V Shape
83.11280114707814 29.21117294448681 30.14375993031053 87.5651680656403 45.54857861569058
46.65431466104869 11.924612657841871 91.16618843167309 72.21755490986462 65.57629310683282
2 10 	 # Alloc Shape
1 1 1 1 0 0 1 1 0 0
0 0 0 0 1 1 0 0 1 1

2 10 	 # U Shape
76.23157589095753 82.0999296742345 11.374584668682319 97.49286710295111 32.5611069527959 53.932000016355005 49.72127017853776 82.68901074311792 70.7912328293416 94.39697158623194
41.365332160080946 59.334355290912065 54.200092610771364 74.47770765409147 91.86470283224537 11.377164137635775 62.26829899294197 36.29280756049701 58.09667962957017 11.554296066392633
2 5 	 # V Shape
84.0607260665203 40.48143465749063 52.80029818340534 24.19827238776967 33.83729640312361
80.50937627773177 50.55586285756164 26.29916908341645 96.02401459945364 4.11681990468008
2 10 	 # Alloc Shape
1 1 0 0 0 1 0 0 1 1
0 0 1 1 1 0 1 1 0 0

2 10 	 # U Shape
76.62150996429388 60.57036195006942 45.4700483310314 0.3392631251339151 73.31931436293156 30.586116781660643 20.174902425017915 36.413385732939894 98.45808999849346 79.16907571514685
60.029562287614944 86.11399831006594 61.996142853990186 83.85633076627704 30.85219049840793 98.72653556681324 57.8963285985672 9.417739238149892 95.85971657624702 32.05359286348428
2 5 	 # V Shape
60.18840413942702 84.03868977758043 37.844417172882835 50.30677100186976 50.7250385149092
24.007175233127008 11.857698514603744 12.423106697671571 50.76064737372917 66.92088590491232
2 10 	 # Alloc Shape
1 1 0 0 1 0 0 0 1 1
0 0 1 1 0 1 1 1 0 0

2 10 	 # U Shape
60.7498099837043 23.499567627284314 16.905856860649383 44.827878050372796 38.006809701594655 94.44536004513765 4.243372906859344 8.3720843439811 90.36959188648396 26.00977201413064
19.17540407343058 82.89944765992965 23.669204419146883 13.717331349804763 84.31574077356682 72.30749750701436 6.106780981730065 54.36066058235968 57.48412985194873 44.034004026679405
2 5 	 # V Shape
88.21822689898659 22.817005313752816 47.497915161395134 96.7516194607479 69.9330073133492
42.74059689381796 51.75328391048708 51.208398429747405 76.5208915727674 1.711964489519835
2 10 	 # Alloc Shape
1 1 0 0 0 0 0 0 1 1
0 0 1 1 1 1 1 1 0 0

2 10 	 # U Shape
50.24461363269398 11.338887733076664 55.42770763488603 86.38438609803511 26.041433129155234 33.88395240138548 61.36643518192373 90.04001808647006 61.097390403048294 63.55710024673659
68.34627676564429 9.259506972738386 69.37339097011144 52.86259434429438 42.54453776663693 41.29997360762332 96.10599527267102 49.43608343282163 72.06346845511781 71.46671749703191
2 5 	 # V Shape
28.09935458916505 67.46267043467623 21.036270751828855 45.27855177210698 11.671761202968423
12.522258575582057 24.065837551022362 36.82080578864153 43.05047114138161 14.633588414091337
2 10 	 # Alloc Shape
0 0 1 1 0 0 1 1 0 0
1 1 0 0 1 1 0 0 1 1

2 10 	 # U Shape
43.631592861542835 54.829536167074366 20.510600552370395 2.9041309104506863 96.17131574076895 75.07732780236147 16.92105226595404 19.300415219627787 92.52601990189923 60.56765664443218
97.43860897653333 26.64056134432471 10.08139675011085 64.07533086016369 30.798532647165832 72.73920991157429 47.72164498454459 18.35163808480217 4.909388421245254 19.103775848730052
2 5 	 # V Shape
70.8616435718139 72.32378597461877 58.34971751387533 44.51745740240296 31.561024852113096
26.85708211232467 10.40076933889127 62.56215510777891 35.069213352636574 27.804928839537947
2 10 	 # Alloc Shape
0 0 0 0 1 1 0 0 1 1
1 1 1 1 0 0 1 1 0 0

2 10 	 # U Shape
79.52506991835985 53.19803772000283 55.275048503770165 59.88042808943751 92.69247705743462 91.17628806362677 51.573853608534705 92.41228858091354 49.34968507079607 45.04087789561792
96.1118079684958 45.21185195927998 6.263923661002268 96.75741134048165 11.796749094639258 47.28084344939158 46.15544631167572 26.961669178978788 0.9058519609164706 53.67871557498105
2 5 	 # V Shape
88.2270793605226 27.61011679278309 63.29865566929153 21.574464713871365 83.72472889273172
92.61185986225068 93.39864392130818 69.46344398352144 53.17384928728563 30.752633904024187
2 10 	 # Alloc Shape
0 0 0 0 1 1 1 1 1 1
1 1 1 1 0 0 0 0 0 0

2 10 	 # U Shape
89.90197032441263 78.66470420995978 33.86952716600364 71.2611519513895 23.63664102431239 44.460212681718815 95.97887863886604 30.867985729579882 62.59996914044981 62.722449425752544
42.62689433139174 15.083238851562719 63.64934331381322 17.948693979284226 41.61169790178566 76.93645157398846 92.40651270119604 20.69823712442509 38.13926596990701 77.45090711908013
2 5 	 # V Shape
55.073259672718756 47.79601100117188 20.98341716520612 97.08482260988298 43.75960123494953
33.931305954028836 69.29252369295537 10.790731095144546 93.39558618939495 76.80238498751942
2 10 	 # Alloc Shape
1 1 0 0 0 0 1 1 0 0
0 0 1 1 1 1 0 0 1 1

2 10 	 # U Shape
31.37409211845269 85.17045190383877 4.210197124498604 30.897506047612122 45.66703018750845 42.368999635776085 91.2988922343916 45.5657245333021 51.043016104154994 15.15817624165453
27.076924144199698 50.10418431837148 28.92630662809742 76.90537982676392 21.19012684970413 8.313436233920745 89.76956956466744 49.720488656404285 24.00722255143287 2.980452094506436
2 5 	 # V Shape
16.2021220930647 38.07630474864885 23.32823036031053 85.0256171235499 75.7932107044178
8.927651317887298 67.38094473053067 5.0920532882505976 37.41465887148164 64.50900615477312
2 10 	 # Alloc Shape
1 1 0 0 1 1 0 0 1 1
0 0 1 1 0 0 1 1 0 0

2 10 	 # U Shape
24.509230534249028 41.43309776542237 96.3960628942727 31.774427226667925 47.2496361443687 59.665744209202586 19.906372611430466 31.456830891732835 29.032111005778805 49.58390598278572
82.36963148466508 7.118740050074102 52.207470924441736 7.42297721517462 17.018160782087964 69.49068425575528 38.117216721236055 48.490683079328164 66.2045559037243 12.650807724324753
2 5 	 # V Shape
76.6644996310138 39.53123023425784 10.409419043386503 66.77556275653134 16.328298986993783
20.929298538400964 73.28039028558584 41.83209602895695 56.98105142626323 50.61376794578957
2 10 	 # Alloc Shape
1 1 1 1 0 0 0 0 0 0
0 0 0 0 1 1 1 1 1 1

2 10 	 # U Shape
82.76577295888616 47.09420418242678 62.06932658442863 7.330661859954912 66.16991833364678 5.202214008829486 42.52962956542049 72.38366581378288 27.557026956459772 99.97972518162987
68.87143691275284 74.02060155945723 2.2962814670538845 98.91473273793886 96.97174769673506 46.870029221289485 99.38525704117299 58.056896387762556 58.53054315724939 71.89510705914734
2 5 	 # V Shape
73.60776792388293 2.087910223475231 45.59758932166502 28.27831412508026 86.92444315202185
79.2541329379213 72.16266985137071 68.75891046933066 44.72053703837123 66.37452439805772
2 10 	 # Alloc Shape
1 1 1 0 0 0 0 0 1 1
0 0 0 1 1 1 1 1 0 0

2 10 	 # U Shape
85.96843302539213 37.29607450096547 71.11571285787234 28.967263286846435 80.8365084196734 46.97853158881594 97.3122424858603 14.944495139425262 23.394356635825588 84.63102668947828
53.92712154539304 0.8645177468299403 18.38017520992743 6.238628034262117 90.08793059380861 82.63469596798764 65.46933546875078 7.294152657680108 89.7729843963013 94.8453283095106
2 5 	 # V Shape
2.054536829047615 36.96870005085181 61.01283542844189 92.89014341821971 48.2992460395405
98.83953363642249 11.209807399367321 35.848135568052484 98.94116447467825 30.89595410988363
2 10 	 # Alloc Shape
1 1 1 1 0 0 1 1 0 0
0 0 0 0 1 1 0 0 1 1

2 10 	 # U Shape
36.43736483536817 0.9286577762042669 93.50170542857015 86.42253968150317 40.11286293801744 86.78792189727804 45.78131157216551 94.34281963725168 11.452861496373224 98.18177576855808
13.293650705065485 76.8008788698029 49.71623683984997 87.37761469025854 83.26909104675511 75.22725377709571 98.20218983277871 14.859237937591308 42.85470151047044 34.595492861071264
2 5 	 # V Shape
76.38788845234535 35.511296353494274 33.63488985137104 40.24939129361659 57.24494517963466
37.9372102319292 16.424352266927087 81.65788014957266 92.4756770843492 25.388228777509102
2 10 	 # Alloc Shape
0 0 1 1 0 0 0 1 1 1
1 1 0 0 1 1 1 0 0 0

2 10 	 # U Shape
82.65953900045095 95.42530367153256 12.007702077475956 68.46771396412845 15.469550558349898 21.417370577304585 43.43248184892212 26.990941581296866 55.6347439576126 80.02735039080804
10.140894770384323 58.18472987108877 15.074764560864695 7.057381060582724 9.230930721051255 45.92979480237057 82.77933789187779 99.76520110509723 66.55385252717244 7.917930283810781
2 5 	 # V Shape
56.25004615016721 97.42553193609659 40.53920017410676 93.61550057450543 7.2997591619484155
6.974835629868448 3.9351864328103336 64.62297397325119 19.156885482322505 80.77889935689878
2 10 	 # Alloc Shape
1 1 1 1 0 0 0 0 0 0
0 0 0 0 1 1 1 1 1 1

2 10 	 # U Shape
64.13345539299979 85.86871293002844 30.05940816749211 95.47126921185067 13.534415733364336 44.37978186896249 6.743929711482178 84.12420641759823 17.835156119280615 55.628290565103214
85.80601159161995 90.17346307247863 53.894040131493284 71.49957843406133 6.608367105454183 71.27584326065815 83.27431879884804 15.347697375287739 23.888521087794945 44.52808713951934
2 5 	 # V Shape
8.785573022684979 51.61883687559909 47.01442246235498 6.323766025007982 90.3957406006724
25.878288853976393 26.542212541971477 31.946443393920443 43.67253949320684 68.76698486411729
2 10 	 # Alloc Shape
0 0 1 1 0 0 0 1 1 1
1 1 0 0 1 1 1 0 0 0

2 10 	 # U Shape
19.248198566982953 96.45451084831045 88.47914645547915 23.29138545288536 31.15932747122977 37.68747644663789 17.529856644148445 17.204574742527214 52.74767408259543 0.4818153705761108
15.431683844322697 71.39486160645377 4.295426413348857 41.508173680811225 75.81356984574322 77.92365039565692 15.564437684786558 20.897236968850507 78.7045584106924 66.46533065158054
2 5 	 # V Shape
41.63331946221373 10.360404041853599 52.72758224144483 23.516375698401447 74.09527943471267
85.8190434620809 1.2029898622700097 99.8179093679901 25.086735997540966 64.56442661982898
2 10 	 # Alloc Shape
1 1 1 1 0 0 1 1 0 0
0 0 0 0 1 1 0 0 1 1

2 10 	 # U Shape
89.52685252205336 68.46735269095964 44.616067418899505 43.22343454822668 18.139773268729375 9.999803136701813 24.178481300796417 35.982312597472976 56.891915317890884 79.26666242520007
22.271244733333706 45.1533739127262 97.63570633313898 54.526502945883045 65.09643531922087 11.30327762026483 36.15362472174575 94.80607916099754 56.86665422511958 95.24105879007595
2 5 	 # V Shape
51.33985259467207 3.0016684912879676 61.0091073119244 31.38274842426213 3.2793492061549467
54.00585696839121 19.35318574725713 10.364375856898745 49.718841410885084 16.73242192704192
2 10 	 # Alloc Shape
1 1 0 0 1 1 0 0 1 0
0 0 1 1 0 0 1 1 0 1

2 10 	 # U Shape
33.95933964192647 46.76928986494752 31.52461581002799 82.91040487363767 67.73579876854073 92.41909938157579 15.681855226571539 14.136110068984387 36.764933306376555 46.82288172724316
43.16504732350555 23.060886061730436 92.95632163837477 92.25531390025806 99.13276049497028 88.0435886108677 34.39089935619024 48.92278234535853 77.72923672567926 49.398346860636934
2 5 	 # V Shape
66.5363107152359 81.92342945007582 72.68346509201656 44.81122846350966 64.89456947179663
9.578171544294012 43.260372348133494 71.6608617839463 81.68198011848207 40.921387993344716
2 10 	 # Alloc Shape
1 1 0 0 1 1 0 0 0 0
0 0 1 1 0 0 1 1 1 1

2 10 	 # U Shape
59.77159204049583 71.73614124520302 14.14322980836289 61.71035174872915 44.24133694359518 23.317567968089747 10.657889447598324 56.41626737870021 16.892769606145208 82.77245039196761
7.207096475733643 14.120764114444452 34.70767530151369 8.142058844646927 52.87693422324732 72.5621587182535 87.86396702953036 55.959144969502496 9.144376741865557 69.74407143726624
2 5 	 # V Shape
33.5834410625245 45.912980042290094 79.03585831647199 55.20192879828746 40.44385092959655
38.27709434869922 51.65287626914626 62.14226208289176 69.49538163557469 57.617223301675146
2 10 	 # Alloc Shape
1 1 1 1 0 0 0 0 1 1
0 0 0 0 1 1 1 1 0 0

2 10 	 # U Shape
69.09865157147873 93.80960795184188 86.90648765355344 4.600395796064882 0.5786966377498981 61.29771933077775 62.86089332174868 71.26714190065046 90.69334979009554 8.468716334096626
62.74630735326717 30.906259245600452 26.52871508489787 65.69316863509238 96.10899109696666 16.219027197321445 26.33348633893298 34.15926034946032 40.04897960219925 98.9739011194789
2 5 	 # V Shape
51.57677944560827 41.13245765823223 42.80691076481508 29.337035436914295 59.9265353806004
89.29361781168984 47.11233412120814 62.03710143181874 92.47447934439404 63.450754697571845
2 10 	 # Alloc Shape
1 1 1 0 0 0 1 1 0 0
0 0 0 1 1 1 0 0 1 1

2 10 	 # U Shape
73.02498722363298 91.19755876893169 18.538701546098768 65.31719040429087 99.40781565721454 32.38916420686092 70.80367953228378 27.435388605138854 35.49346455686635 99.24259876117944
34.57266449298473 21.385951476673814 44.66156625936751 7.078061367647781 96.38929022600257 46.49554776115611 11.109794280113682 73.37396045963723 52.81738703691763 14.329090194109206
2 5 	 # V Shape
26.72911902548172 2.087515940473139 3.206968748320249 81.19664734932826 31.2596101990938
30.31345358851133 64.32009029134502 27.61755610502806 35.07445096086962 5.534386295468597
2 10 	 # Alloc Shape
1 1 0 0 0 0 1 1 0 1
0 0 1 1 1 1 0 0 1 0

2 10 	 # U Shape
24.29341327484923 78.79269148468082 24.76608521705951 79.0726066374788 79.50399859312577 53.952142278831786 10.760096731624724 75.37258209556148 28.699891889659803 49.93154027142444
97.66473912606818 80.73565574375287 90.56385611888498 57.756274771728044 44.568870451107976 53.87048264610568 10.396089177726198 72.1844651949215 55.15653634080159 1.7456981088600054
2 5 	 # V Shape
44.40783488504406 97.2806496532447 91.41424039619903 14.35431743714527 7.097251037076157
70.34018321805733 97.52375449372519 71.40351371119833 45.484307648852585 83.84542956498969
2 10 	 # Alloc Shape
0 0 1 1 1 1 0 0 0 0
1 1 0 0 0 0 1 1 1 1

2 10 	 # U Shape
12.516259421307774 81.29344137291109 24.132199156410515 76.72135676592963 57.189285522131414 85.27752722971826 79.7257621213427 27.492823417818858 55.333552843073875 27.659658257849816
41.83969003026918 83.53220673310196 73.1601621513735 96.56503603914773 64.75318919941986 4.401981614166184 30.88400006991 50.319022110075295 2.2091681851267198 86.78815991861418
2 5 	 # V Shape
34.146175279002 70.67600872391398 67.35174489583862 81.8998191314969 51.342560250929424
34.69555894790462 80.69528455894634 62.00370374395633 1.1107320759686456 64.74978067589474
2 10 	 # Alloc Shape
0 0 0 0 1 1 1 1 1 0
1 1 1 1 0 0 0 0 0 1

2 10 	 # U Shape
47.97341291116031 13.162954154798456 67.02977434970818 90.03047854685961 95.42669533527803 87.9007437520826 59.79057623751406 82.76018642924706 63.19329641106999 6.677008226282554
7.014283230160312 16.23922726928999 82.85448360314486 49.72927755294958 12.043115424383222 97.37362513008246 48.42119881431084 74.36975460702065 1.3888273125795214 57.81866785021066
2 5 	 # V Shape
20.21720376249143 36.41424917703164 15.952648007586312 52.3778435384584 93.21189722256399
98.54293451984498 56.58536598125622 75.29469388863562 49.28938009843626 78.24878073992494
2 10 	 # Alloc Shape
0 0 0 0 1 0 1 1 1 1
1 1 1 1 0 1 0 0 0 0

2 10 	 # U Shape
75.18390893067878 99.09830900928772 72.97484193734444 12.282412644474029 63.6632482736954 33.199461037795096 26.257378874985214 68.59786056442981 41.142618430931755 31.18336555053316
42.36185902087561 41.53063844207281 64.49973589286847 53.91432151002444 32.49028330208703 11.853392807449016 26.40634909772683 74.00802038143065 12.569666036134375 95.16226444742053
2 5 	 # V Shape
91.52858759308977 62.25772213845239 73.19618896777602 14.935632328700644 74.19589869084612
55.548407297990046 20.067784035199622 20.667907227207426 33.011757680858345 55.18625748361543
2 10 	 # Alloc Shape
1 1 0 0 1 1 0 0 0 0
0 0 1 1 0 0 1 1 1 1

2 10 	 # U Shape
93.65674402179685 22.66223013883636 64.69787028962803 55.95617396230469 86.42598048147092 7.684831152623472 42.98262186100534 31.170965593711298 51.82996721080551 39.50405366720835
77.14791481939564 4.329757551476964 4.53486274382775 93.47324826068359 51.622855600110476 83.3250227311039 68.2222589237591 32.335169832553426 93.80888489272868 50.145769532018
2 5 	 # V Shape
66.65980476703838 58.72189286557965 75.91764437143237 94.71377595923427 39.4330847578093
78.12483948078889 26.248136254371836 71.35156604148413 90.70055731274414 71.74332785167078
2 10 	 # Alloc Shape
1 1 1 1 0 0 1 1 0 0
0 0 0 0 1 1 0 0 1 1

2 10 	 # U Shape
49.68278553405992 93.9093066694636 31.304482728303263 32.07976350251812 59.31018307013899 38.0497000564614 37.01448838547162 35.876959261230404 27.18769376978385 59.876124916017794
66.78736806822869 1.6924536775767773 60.50562904358843 62.20569934323561 20.55769696574875 58.81109480272282 90.69847079908514 31.842159151644612 76.02868235251657 18.268491676481823
2 5 	 # V Shape
99.2908629373942 87.78353718380009 31.523699668840177 81.14529370172822 52.73192950872421
41.02501656844848 17.884108524863674 20.12261009171513 42.05895200563457 75.49543461974037
2 10 	 # Alloc Shape
1 1 1 1 1 0 0 0 0 0
0 0 0 0 0 1 1 1 1 1

2 10 	 # U Shape
11.049522897086128 9.971177084864102 92.81068392421336 0.7031557061128679 44.82222835786405 25.2017058168996 6.076305520628688 13.416189871549767 54.86889633713219 27.385680382717716
11.78550606197797 83.76558137089253 91.04797288790367 97.6107834884462 52.57152133999752 77.28629865773675 27.417972121987656 48.31288942214056 95.48761837843176 84.85209936632297
2 5 	 # V Shape
45.2068693532876 26.349691217366676 90.76876551074749 71.9592632739613 78.5048443680292
85.12355650144976 94.96260633599853 22.97554512627076 4.234225146137338 93.97363229425895
2 10 	 # Alloc Shape
0 0 0 0 1 1 1 1 1 1
1 1 1 1 0 0 0 0 0 0

2 10 	 # U Shape
1.3282980760019325 53.55399229782966 99.26102202873443 17.969167497757997 41.991354173337825 47.248072095338266 6.127038455745737 94.54781707128977 97.12070351541816 41.30720868253328
85.79704546476502 96.91271636467239 76.54199190947924 79.16909353808389 62.8719330198809 79.2751700198591 74.53847526110768 36.80794701012214 30.829122199586443 39.91787451699268
2 5 	 # V Shape
28.98935389834717 48.17718821566823 0.04695471436843013 86.73075748203875 93.9740787143926
7.7193648978449385 62.69454685840373 72.40816842482117 21.017168265009488 9.576317439123406
2 10 	 # Alloc Shape
0 0 0 0 0 0 1 1 1 1
1 1 1 1 1 1 0 0 0 0

2 10 	 # U Shape
35.77913619684946 27.34876140861645 20.385415762879532 98.84669582618648 86.06788607405933 17.021358104233432 95.86951863282144 78.8678018712965 90.09369728688328 34.1898237054666
63.360147420264965 88.54806083148918 62.551008069443014 5.172131368934085 72.20328822690587 45.36130961837418 9.380386945522712 39.22676871912566 50.424893753737834 56.9744194108154
2 5 	 # V Shape
5.08333058090249 33.85206986549096 80.23449505123637 50.158138967840394 82.45818122673755
74.0186733522572 66.8461817829856 23.58559062748986 29.161735183251015 54.07209549470628
2 10 	 # Alloc Shape
0 0 0 1 1 1 1 1 0 0
1 1 1 0 0 0 0 0 1 1

2 10 	 # U Shape
67.69622305353774 27.572377565627505 69.16993062405403 68.81755734976683 6.899743838605188 53.333600641332836 8.314249739143131 9.391396178735379 34.016990856561435 71.72877634955569
1.8504833589099268 89.08753627105936 38.774169838640525 20.053580933723904 22.26581837317797 88.51923032873864 4.549836334455836 79.08088874515009 1.9934660308334018 70.39210278474033
2 5 	 # V Shape
95.76183405222488 36.78568767506765 83.340710505764 21.220977102542015 30.653088637454186
49.127712238289355 28.906068103620374 83.61913982918277 76.95206872885116 71.85775778765966
2 10 	 # Alloc Shape
1 1 1 1 0 0 0 0 0 0
0 0 0 0 1 1 1 1 1 1

2 10 	 # U Shape
92.57994886537364 74.74218125836606 23.04053285156925 69.56750981042002 9.42675230955583 51.98258974396299 78.54771733760033 36.236279605570346 43.15201459365468 11.359339898415588
24.43078726757121 86.39049799410083 44.865679081409816 31.904641172757387 13.95416011932995 16.00913335251143 65.63552517476032 37.62042461521353 11.087525595238045 75.13164349813385
2 5 	 # V Shape
85.7333796530129 9.421950073078412 4.941599082292269 2.1799372886890267 14.54697491645619
46.31062381411881 64.57946702605713 81.9267368599247 82.4568870314685 59.70525472899473
2 10 	 # Alloc Shape
1 1 0 1 0 0 0 0 0 0
0 0 1 0 1 1 1 1 1 1

2 10 	 # U Shape
50.533226261946204 39.489430767247526 84.33036766553704 89.36018307639935 70.98552993201803 66.10819280959777 62.6066714641839 65.20628025829683 14.629737003328314 66.96676017667538
99.14803886870332 26.040657754897268 54.12970685717363 15.556108123492884 36.08873556444871 53.210733347603664 39.68640117379463 15.728782974208267 95.27140982581801 50.62909292571474
2 5 	 # V Shape
88.19783925890236 18.065764718222432 98.32800873695855 9.194581727960916 86.34399847099735
49.57838819907485 2.7354801701946374 35.18599568343546 38.62048342275567 44.887871053437834
2 10 	 # Alloc Shape
0 0 1 1 1 1 1 1 0 0
1 1 0 0 0 0 0 0 1 1

2 10 	 # U Shape
72.43674589926694 82.80228581689944 65.31998542232778 51.43357311419759 9.784142630807914 80.54672360544971 71.19333561393573 36.08266449504978 40.06740564301122 11.787084953977867
17.49832098893267 38.707668988656906 30.718580475698253 1.4283203562507452 77.18946068135783 60.6881384173326 19.13173935494218 89.77355599752644 76.32674290960372 26.005542138098214
2 5 	 # V Shape
83.6244125100584 36.75678531126344 68.56884120926023 53.202324638228724 55.18916843204279
82.7811346501635 73.22625946573883 9.874870006826997 52.21290249436294 56.64922412680814
2 10 	 # Alloc Shape
1 1 1 1 0 1 0 0 0 0
0 0 0 0 1 0 1 1 1 1

2 10 	 # U Shape
73.2965263113442 66.40286616154869 48.71776206010321 67.76002225214471 30.408187955211595 93.12198936796622 28.47636678016223 62.91947573450037 21.893191974638516 44.20040264358478
96.75830903675087 61.18983705494691 76.51602571407709 23.29756381637178 62.260253155046954 12.39735724746942 75.86661169424545 47.51421006201363 61.368043828588604 19.167007771227574
2 5 	 # V Shape
78.50033074132257 40.23185668787145 71.61861985271499 2.590006536811973 77.55888732090457
17.38213336462051 69.0835577902371 62.67586028718779 64.725513473106 4.139852084847762
2 10 	 # Alloc Shape
1 1 0 0 1 1 0 0 1 1
0 0 1 1 0 0 1 1 0 0

2 10 	 # U Shape
95.92788047995215 0.23678877154258426 47.93009512659331 96.17843634375525 31.384090908222284 99.27813841789003 56.08119888184084 69.59066861348184 28.438419647175095 2.642553103918688
42.20605779109877 14.433759295355653 48.8138366845098 54.74852121613332 1.6337195779474123 0.28428001188067764 21.95008287325385 43.08224599864538 21.98314949945076 26.55571794008419
2 5 	 # V Shape
87.84642167855279 15.599566599358194 96.4259078384401 63.854179800085134 60.03954984792885
89.70343544778994 9.474072337852945 74.42652652912525 67.42664224176751 24.69055841534398
2 10 	 # Alloc Shape
0 0 0 0 1 1 1 1 0 0
1 1 1 1 0 0 0 0 1 1

2 10 	 # U Shape
73.21731848448871 87.71951726091639 60.001921744261054 68.37497210635759 66.54291426953051 11.347858454210225 95.62949541295022 31.93916114761294 22.776666815647108 42.4118775193149
16.855180483377485 56.287676025988844 38.579649168979714 67.517150600324 26.182146575464927 35.96210003596651 26.46084372616986 15.042443000090898 49.68812565166175 47.3783658610517
2 5 	 # V Shape
5.178625858007968 63.59694920057909 69.24803873525423 49.9769837008309 83.10011384900488
88.80413001511823 16.284468911493867 23.898039148508776 98.88026223272851 53.19064782129128
2 10 	 # Alloc Shape
0 0 1 1 1 1 1 1 0 0
1 1 0 0 0 0 0 0 1 1

2 10 	 # U Shape
32.11403748596702 66.94571483102563 63.026305209979895 17.50470626395424 89.17257712108946 90.18844125492099 81.64194886644552 66.49458742091548 5.996906678293323 34.069982311560935
78.89644903747262 90.94780614693869 4.698901957907797 13.789719791682453 34.96787422016676 92.85569075032377 23.071990075138526 89.80193883702714 91.00652576542392 85.30830948267801
2 5 	 # V Shape
51.694535646561356 91.27735621327011 83.46457896668066 30.257843022882234 98.15459676407961
54.14443884392447 35.7829893567662 49.80053169173265 60.9851584764181 42.24465520106605
2 10 	 # Alloc Shape
0 0 1 1 1 1 1 0 0 0
1 1 0 0 0 0 0 1 1 1

