2 4 	 # U Shape
68.87261618213564 16.37314250008992 7.032486680550032 94.10108602458361
56.36813802348253 7.799233938998706 72.26405111248398 15.845217352316643
2 2 	 # V Shape
25.028130674402338 29.348725610219752
69.66107142085949 46.426408804015175
2 4 	 # Alloc Shape
0 0 0 1
1 1 1 0

2 4 	 # U Shape
31.456642464721153 4.321572973662613 75.24449169599731 54.326904387131805
76.71904257147007 79.04487662157868 7.222137937463014 65.97158344078476
2 2 	 # V Shape
5.329933834424705 68.50244527227008
44.335096201326486 46.79961473799611
2 4 	 # Alloc Shape
0 0 1 1
1 1 0 0

2 4 	 # U Shape
24.49932606230849 75.91240490946292 78.93725602180268 15.972922996188899
78.18263562933764 13.451057820501733 28.758460485555805 76.37698201600668
2 2 	 # V Shape
57.603538196853535 1.0285700532849162
76.04229973137375 3.208257717482943
2 4 	 # Alloc Shape
0 1 1 0
1 0 0 1

2 4 	 # U Shape
96.30845742721496 76.56233531067416 70.73141563516712 82.38934184073045
43.54307925378266 70.8376031570175 26.55903962775129 59.48202216844651
2 2 	 # V Shape
82.2344986219729 78.43700185068896
97.25174614254051 60.489832013221545
2 4 	 # Alloc Shape
0 0 1 1
1 1 0 0

2 4 	 # U Shape
10.05740146112185 40.72471068550777 58.29154644665038 74.07205209616811
87.03608417756887 96.65261604026779 45.55648553522168 40.042299907168314
2 2 	 # V Shape
29.89396309634117 82.83600667431183
90.98411699907558 76.6136675251295
2 4 	 # Alloc Shape
0 0 1 1
1 1 0 0

2 4 	 # U Shape
18.87622598870632 42.12222108452447 52.78031450610771 20.778753348575098
67.07717399051621 51.20320611359723 5.829360661661475 54.20978287850391
2 2 	 # V Shape
60.00772469208929 56.034479489279256
64.38806293887376 96.87863935198884
2 4 	 # Alloc Shape
0 0 1 1
1 1 0 0

2 4 	 # U Shape
28.16461931342825 58.82090729486195 11.174940937123989 26.952228245370012
0.1984401045787232 89.65633740470035 93.03274582187791 34.02339528373949
2 2 	 # V Shape
42.25810508566923 67.01963631462054
61.12385915202808 66.09230061283328
2 4 	 # Alloc Shape
1 1 0 0
0 0 1 1

2 4 	 # U Shape
96.08354763118085 85.44347561907131 40.73324766029427 16.7162185992311
46.75948444335317 15.081242619065327 17.89005456367333 70.25238673731998
2 2 	 # V Shape
59.80309013307856 44.26088209546963
61.18159813565509 89.8195670719665
2 4 	 # Alloc Shape
1 1 0 0
0 0 1 1

2 4 	 # U Shape
92.98420183322426 48.302511556093144 50.28733194957139 35.31942526637463
17.013925699601963 10.300315964761941 38.70304293797018 14.647430996922617
2 2 	 # V Shape
19.477633284668304 22.350491388493833
83.25963103362287 86.12971867821182
2 4 	 # Alloc Shape
1 1 0 0
0 0 1 1

2 4 	 # U Shape
56.78649545949946 91.45397647295026 62.64006261919175 49.56239121885867
18.544453199215873 38.87791239143685 57.27042902682571 72.7291890217908
2 2 	 # V Shape
98.77334663318442 19.178860193593795
67.29840020192987 41.533381455637844
2 4 	 # Alloc Shape
1 1 0 0
0 0 1 1

2 4 	 # U Shape
16.965224859373684 36.11120896072957 34.382461494836406 66.61724380136083
69.53322987189918 81.4128701825252 20.273700975190646 30.116599193929616
2 2 	 # V Shape
81.94547669189637 41.83755384480292
60.06872712078939 17.067158970299623
2 4 	 # Alloc Shape
0 0 1 1
1 1 0 0

2 4 	 # U Shape
39.1490160983061 56.80720097922871 96.17517775391212 92.8392468527914
15.141911476702486 49.525406831697815 24.324720808261514 25.568551846971953
2 2 	 # V Shape
88.56288551530423 82.71600870873013
12.896274550604957 52.226223096059044
2 4 	 # Alloc Shape
0 0 1 1
1 1 0 0

2 4 	 # U Shape
3.3813357541024436 12.976606406770564 7.19680801079855 2.7121233677543044
61.39925486194747 70.00104016521874 35.763830050631604 92.20662429001503
2 2 	 # V Shape
26.955384045826158 49.085910015572566
73.15485714300297 0.8795531929041256
2 4 	 # Alloc Shape
0 0 1 1
1 1 0 0

2 4 	 # U Shape
83.56340021718371 36.37571385624654 56.04424824868766 52.25862253218967
56.83749555525598 90.28608383101552 27.647797964142207 50.118048719576734
2 2 	 # V Shape
0.00044499071256698386 4.214445837531333
31.554584165893928 59.23333765076584
2 4 	 # Alloc Shape
0 0 1 1
1 1 0 0

2 4 	 # U Shape
74.41447663069177 73.20529086937675 78.24915681161761 92.4253992152462
57.91915523033466 15.248360259801629 71.34747341035563 35.92904828936799
2 2 	 # V Shape
89.99790117478248 84.06308082454443
70.47738047158322 12.642580942614012
2 4 	 # Alloc Shape
0 0 1 1
1 1 0 0

2 4 	 # U Shape
55.52318039917673 4.355752499253196 16.8388570511378 64.47815844369732
46.61169686737509 6.845121469372362 10.349703671383214 10.135501589644491
2 2 	 # V Shape
32.597412635261826 59.35021325438128
80.56288398715094 74.06840044329034
2 4 	 # Alloc Shape
0 0 1 1
1 1 0 0

2 4 	 # U Shape
28.428838868110084 36.55936798124883 40.07241476215159 16.469569711887
89.88424997688612 56.90461841314848 6.544150293140117 23.41110044159921
2 2 	 # V Shape
43.37187215608959 97.6390861505887
7.022904557188225 61.67289824573234
2 4 	 # Alloc Shape
0 0 1 1
1 1 0 0

2 4 	 # U Shape
14.020273108709237 29.758646648266428 29.97685018610291 67.3340805593304
97.04768554959816 87.48014132298701 62.699930414152604 58.72809753174862
2 2 	 # V Shape
86.70523998882533 4.6795128164002335
46.81818333648127 52.577152945913866
2 4 	 # Alloc Shape
0 0 1 1
1 1 0 0

2 4 	 # U Shape
57.668542084958915 92.75918975067347 3.0064065663492845 71.371824113526
83.71528003408643 81.96817132578447 17.0555529858332 19.929506151617392
2 2 	 # V Shape
81.16688421851474 12.840930294267372
41.209234920587804 5.710881234599219
2 4 	 # Alloc Shape
0 0 1 1
1 1 0 0

2 4 	 # U Shape
10.207280552747255 27.94362294331294 26.720030642451707 28.352367188871263
4.159415961835988 32.745358534800985 99.86352054670704 61.320018150843126
2 2 	 # V Shape
31.11887284194109 51.233867039137074
80.55704296024673 96.50149477652334
2 4 	 # Alloc Shape
1 1 0 0
0 0 1 1

2 4 	 # U Shape
66.23787127011417 58.88879168135309 77.68003633850623 6.912971045155391
80.64366681010672 52.752194901975834 36.91220660793954 8.53791750493903
2 2 	 # V Shape
74.2428707705723 41.42074370359566
25.61508425657032 95.05669551544148
2 4 	 # Alloc Shape
1 1 0 0
0 0 1 1

2 4 	 # U Shape
56.29388180553811 71.2993374025938 58.966665815716 81.59466412918337
40.72678347368354 2.710689517137943 92.42077446671342 41.36869488045216
2 2 	 # V Shape
22.22964635166943 18.06783744675825
13.825743074443908 6.394265396699472
2 4 	 # Alloc Shape
1 1 0 1
0 0 1 0

2 4 	 # U Shape
98.04036762605645 15.243236761010115 4.065861218644917 91.67486751122811
58.06857313198546 71.37384363643575 62.00612889148479 43.416265987085744
2 2 	 # V Shape
28.521601160679268 64.26662190996606
67.88127180715766 89.81981172667759
2 4 	 # Alloc Shape
0 0 1 1
1 1 0 0

2 4 	 # U Shape
45.207858878119026 71.96857231980213 69.6575441705424 29.45292732411785
44.53937395886315 34.97560082084312 7.275996343655877 9.63201154722153
2 2 	 # V Shape
32.8084205175677 21.72174872352912
26.077208754279614 46.010055016343976
2 4 	 # Alloc Shape
0 0 1 1
1 1 0 0

2 4 	 # U Shape
38.34973026489866 91.41790750086133 19.01191547084965 23.988814455141426
76.2493091157902 35.4129131123813 3.3485534165805464 12.878171552017093
2 2 	 # V Shape
70.35461135923768 44.89490511009262
44.98789546045283 83.94436201612874
2 4 	 # Alloc Shape
1 1 0 0
0 0 1 1

2 4 	 # U Shape
57.00754267541882 65.64274588300782 98.07413484087175 89.01447877835983
82.70782950717198 44.647936077536 40.855204851477936 71.32450774411426
2 2 	 # V Shape
35.31714060913068 83.94949978424276
38.59779269990593 41.62581252301872
2 4 	 # Alloc Shape
0 0 1 1
1 1 0 0

2 4 	 # U Shape
52.441457890776164 24.668292352101595 77.02866704215906 35.44449203681659
96.33771348537856 41.107578841086564 86.59424132010432 73.82270307283136
2 2 	 # V Shape
53.89771787517411 77.89711513874926
23.85589459499249 99.88405899449741
2 4 	 # Alloc Shape
1 1 0 0
0 0 1 1

2 4 	 # U Shape
16.668748351630235 41.38497249388754 18.540355158404132 62.721981717067685
41.494262696553974 64.28096197016893 71.05638775445685 96.77277882405633
2 2 	 # V Shape
84.31629918294603 19.27960197416606
57.55686346863187 56.97754707430881
2 4 	 # Alloc Shape
1 1 0 0
0 0 1 1

2 4 	 # U Shape
27.858892209340304 90.59497876196141 5.34739004353364 75.95647588383171
4.41100904561681 64.126304090732 33.0698867534102 78.94133500136246
2 2 	 # V Shape
90.1768670967792 98.08483321775539
71.18872663785618 40.11887363221505
2 4 	 # Alloc Shape
1 1 0 0
0 0 1 1

2 4 	 # U Shape
89.05881054045392 15.79564477350176 44.57453575215117 91.07022981638843
32.61985564711319 89.25476326944855 34.38107470603473 2.359174570557343
2 2 	 # V Shape
31.824635581325566 11.266554037630073
32.604648097148406 97.15962626548405
2 4 	 # Alloc Shape
0 0 1 1
1 1 0 0

2 4 	 # U Shape
76.35263718755857 59.52750689188626 60.54984789892074 33.94427528591597
70.72830533901382 13.926864324060329 66.4924727178763 1.9816231647705962
2 2 	 # V Shape
58.43684234027708 27.68430689045054
35.35950585589004 6.174336069156128
2 4 	 # Alloc Shape
1 1 0 1
0 0 1 0

2 4 	 # U Shape
40.128751394191895 21.36981433651418 71.88165490779322 36.61243687345349
75.9037229025937 12.97586343090904 81.86285809917139 8.30873946850711
2 2 	 # V Shape
0.4843756581682013 45.9271609392909
97.28884476719817 46.2247694599044
2 4 	 # Alloc Shape
0 0 1 1
1 1 0 0

2 4 	 # U Shape
55.23454472630607 11.56701454448691 2.2298483508962796 20.89155036051552
60.01581987662274 72.09380723063711 32.341062514185126 83.94000292514839
2 2 	 # V Shape
52.82345808486182 28.690601352629297
90.25455454957947 50.5888786874706
2 4 	 # Alloc Shape
1 1 0 0
0 0 1 1

2 4 	 # U Shape
18.1108184103556 56.17170295564452 13.533480198546389 50.11253185089757
56.064049693733764 5.66931363833465 35.70818641733224 59.27867019977432
2 2 	 # V Shape
68.1927750800599 87.36895606662091
80.22926148752168 81.44356813361865
2 4 	 # Alloc Shape
1 1 0 0
0 0 1 1

2 4 	 # U Shape
64.44737612176503 19.568835358852223 58.9863732705623 77.13028185861909
36.03752801979293 69.30838190498316 51.60522982143741 27.96561419559508
2 2 	 # V Shape
11.690541056429238 92.48522000374601
7.873068810393102 79.84385527742039
2 4 	 # Alloc Shape
0 0 1 1
1 1 0 0

2 4 	 # U Shape
21.224655421603856 0.2520600553144736 52.03936440760539 14.800888953382362
70.45318608425687 24.00865037010943 22.370879799324538 27.394624314968187
2 2 	 # V Shape
49.57156349159615 82.59663001086292
35.06759087896788 46.59081442558411
2 4 	 # Alloc Shape
0 0 1 1
1 1 0 0

2 4 	 # U Shape
21.545929049649214 47.385633687327555 17.633410901775214 20.832887568787218
7.931893485106711 30.792294543605493 8.985118180527374 72.17710369508444
2 2 	 # V Shape
99.74205784272452 14.551093505328904
6.875068890351876 58.83685987204296
2 4 	 # Alloc Shape
1 1 0 0
0 0 1 1

2 4 	 # U Shape
80.44312203854412 81.46944560610132 76.30146195163054 29.589786209064574
2.234679897664149 63.74406090794543 1.8527606784174866 30.926084489983406
2 2 	 # V Shape
34.88326377093244 34.146555780335184
65.48222882314003 12.574642941613313
2 4 	 # Alloc Shape
0 0 1 1
1 1 0 0

2 4 	 # U Shape
14.793025852058028 1.2249577172819492 51.475412309117644 95.38817030572889
4.72848126587947 48.0918485381683 14.747831368827757 23.075169095062176
2 2 	 # V Shape
86.49539135480418 71.52168018822115
14.672910810732976 67.99266619673404
2 4 	 # Alloc Shape
0 0 1 1
1 1 0 0

2 4 	 # U Shape
37.471804568429235 71.59735282425869 30.191617261557056 88.4795018585439
44.60491360003888 97.3846006478825 28.322918719737444 63.56286907889375
2 2 	 # V Shape
79.89380160775583 35.821864808478345
11.323864138056916 57.11774344026864
2 4 	 # Alloc Shape
1 1 0 0
0 0 1 1

2 4 	 # U Shape
95.30998217512649 23.074752137967536 36.51752007325172 71.82601800816664
64.3444839196832 31.196822479885768 50.55223864029836 55.21693481069856
2 2 	 # V Shape
50.707727053679854 38.60784863647287
41.09342793920002 92.12896443068087
2 4 	 # Alloc Shape
1 1 0 0
0 0 1 1

2 4 	 # U Shape
62.54436575441058 59.0436278027177 60.91379966963868 47.19366549298319
66.16355161578916 13.222262270921991 59.45003791740946 97.23310049609661
2 2 	 # V Shape
78.42306902465528 31.02530113289933
4.052390188206701 41.01679992448881
2 4 	 # Alloc Shape
1 1 0 0
0 0 1 1

2 4 	 # U Shape
72.23978474530225 83.4187219722538 61.34632419033945 99.46208110403212
23.70215961908766 10.57549573759433 53.96361398368358 37.87153106177302
2 2 	 # V Shape
13.84829444993645 82.53368744300877
58.170957750715814 18.791665482453535
2 4 	 # Alloc Shape
0 0 1 1
1 1 0 0

2 4 	 # U Shape
49.88763831847606 56.08119433210136 81.00708733014851 51.46542000757323
47.507027593904695 56.97912964320938 88.94665004779606 71.02118182456336
2 2 	 # V Shape
29.412888535340198 45.07037762247366
56.44073979956471 49.65728381806696
2 4 	 # Alloc Shape
0 0 1 1
1 1 0 0

2 4 	 # U Shape
16.37855637480857 28.022392722614985 84.74031214272453 66.95305365966647
99.40261214830605 12.849751187062786 54.233418800276326 63.221027423260246
2 2 	 # V Shape
31.719465034919203 39.032804995301376
76.99805812512948 19.599063999855172
2 4 	 # Alloc Shape
0 0 1 1
1 1 0 0

2 4 	 # U Shape
99.35225864792147 2.5137159473392345 90.53651543276352 83.08034415615055
80.10879840717755 45.09862790166957 25.254860963588722 90.12212140482706
2 2 	 # V Shape
41.175904349065604 28.393524695947015
9.699366354858007 57.41513431492379
2 4 	 # Alloc Shape
0 0 1 1
1 1 0 0

2 4 	 # U Shape
88.90991664686065 33.71200683755915 29.19919154101497 70.29380954090291
82.5227596181763 75.5606311361054 14.675474127940348 85.06860152886708
2 2 	 # V Shape
57.88544825398125 13.001016576226665
44.12805458068226 36.195429018024406
2 4 	 # Alloc Shape
1 1 0 0
0 0 1 1

2 4 	 # U Shape
56.463273563809516 56.92018543088248 74.21365277594977 48.7317533758025
34.24045558881074 61.788678063811275 47.6401948502954 84.4836912707415
2 2 	 # V Shape
54.59618204446113 68.44414884488182
54.530776689996394 17.804637785401447
2 4 	 # Alloc Shape
0 0 1 1
1 1 0 0

2 4 	 # U Shape
7.666351186874209 34.36936710106805 74.2166484714181 48.27084512682573
33.42449238876417 99.18550983477932 38.25386524885786 91.97173781464451
2 2 	 # V Shape
2.095945360847895 31.441463696979742
87.81996519339535 25.17817078653488
2 4 	 # Alloc Shape
0 0 1 1
1 1 0 0

2 4 	 # U Shape
53.02286561024335 86.77734819537113 58.22964841517333 69.75121452534707
50.52798128945194 56.333723213015475 55.87575147229937 8.80419493857798
2 2 	 # V Shape
14.568106013051274 5.222702011690695
84.50971697496921 84.6462080311728
2 4 	 # Alloc Shape
0 0 1 1
1 1 0 0

2 4 	 # U Shape
60.8324061924476 66.39347678350612 75.02986628549175 40.40894223817399
87.49518687949501 92.61065539605342 89.18309633626515 3.855914405704308
2 2 	 # V Shape
8.210258265547587 34.23757997403919
15.072350529079802 51.93275241100592
2 4 	 # Alloc Shape
0 0 1 1
1 1 0 0

2 4 	 # U Shape
33.11987762262941 86.04334614459087 63.5857897096475 27.831906579157963
11.802819330705782 69.83821019337124 52.9156519581683 32.511416739452685
2 2 	 # V Shape
80.41163585636927 26.910227677076083
82.54404699858786 12.135083271888025
2 4 	 # Alloc Shape
1 1 0 0
0 0 1 1

2 4 	 # U Shape
59.088032036283735 95.42305470117904 82.34952329720643 21.1562898403854
16.498334138453764 3.7890576660313813 3.08074378128671 30.333140343774765
2 2 	 # V Shape
44.0457327286892 96.74569389340343
71.23643771046414 30.90149464232581
2 4 	 # Alloc Shape
0 0 1 1
1 1 0 0

2 4 	 # U Shape
86.86217198487196 30.845805962794458 69.56746803670038 11.075729008725288
72.46355798797023 94.77457082202989 89.33571688850981 49.5567830433073
2 2 	 # V Shape
69.06103914318783 12.636986247439141
98.52622419385 80.89142346029162
2 4 	 # Alloc Shape
1 1 0 0
0 0 1 1

2 4 	 # U Shape
50.62725507650303 0.005006876000435145 37.82992542294361 53.432836170966205
43.97852428145903 15.636616896594136 77.94569723826389 45.970331360225416
2 2 	 # V Shape
82.34273340188936 38.70235649534276
75.33691926998584 16.25642646259896
2 4 	 # Alloc Shape
1 1 0 0
0 0 1 1

2 4 	 # U Shape
33.32879921225105 94.22543852750512 73.26009139277896 19.99005812218675
39.54463030943156 93.11899254200272 77.21017849358168 50.07636827182726
2 2 	 # V Shape
86.55772318862125 60.27018228878796
55.92407240821725 66.06069962778614
2 4 	 # Alloc Shape
1 1 0 0
0 0 1 1

2 4 	 # U Shape
18.616991195398903 99.26072185764563 76.22416023391553 39.93622223870228
69.94159759757515 92.99925941171246 99.94260743348768 10.345035466135288
2 2 	 # V Shape
21.944360003816975 67.7943416940398
24.237044429712352 5.095571853016201
2 4 	 # Alloc Shape
0 0 1 1
1 1 0 0

2 4 	 # U Shape
23.96463065575941 95.46699205049968 8.594540698620335 27.94489956551939
62.96800967402636 25.32298559565016 30.47075681394884 14.886042143609313
2 2 	 # V Shape
42.87750718359508 49.5619238363317
59.17094059440052 75.47434195635194
2 4 	 # Alloc Shape
1 1 0 0
0 0 1 1

2 4 	 # U Shape
67.58735437396741 55.4898480211395 24.897749382369984 43.878114306453554
54.55209320311235 41.69204111983552 5.064187916670482 68.9667734448075
2 2 	 # V Shape
58.01653613536059 26.267386602743002
16.24362941694043 90.86939119837793
2 4 	 # Alloc Shape
1 1 0 0
0 0 1 1

2 4 	 # U Shape
7.2481266104237 77.00460573938142 1.8024434613187479 98.06903438111479
6.503214324469154 42.39388970557963 13.439601162227854 91.9451880911932
2 2 	 # V Shape
69.44138683335579 80.53043221406465
19.73756660425263 71.2964204340235
2 4 	 # Alloc Shape
1 1 0 0
0 0 1 1

2 4 	 # U Shape
95.92757188223108 22.3892157345155 43.79911701775742 54.314561780375016
73.38271063636623 40.4771863733634 6.939151663820264 66.99778021981211
2 2 	 # V Shape
50.632035716660106 10.789367500111135
21.88412288878705 88.15128638503657
2 4 	 # Alloc Shape
1 1 0 0
0 0 1 1

2 4 	 # U Shape
17.554104784082803 88.60824943743366 82.336530759821 62.59677625543036
48.258620732276505 21.822397793951886 6.216019231851011 97.05817834726798
2 2 	 # V Shape
88.30627253380115 82.83940623284104
58.576024777912394 28.996361925212444
2 4 	 # Alloc Shape
0 0 1 1
1 1 0 0

2 4 	 # U Shape
58.24095923671837 27.704178346699926 15.593294967575776 4.509599953828247
11.82723227777126 29.513725621619358 51.16453785678928 36.58646329961469
2 2 	 # V Shape
83.74704774363889 4.908645383781806
43.79333798010339 92.4859469703453
2 4 	 # Alloc Shape
1 1 0 0
0 0 1 1

2 4 	 # U Shape
42.86343827286675 3.4048264374486714 67.64090460850628 64.92636529642806
71.65460323403681 59.29552531249204 31.739881271067926 15.373399840461966
2 2 	 # V Shape
11.451602696463247 92.01691467848207
13.530960819862647 12.257388565162941
2 4 	 # Alloc Shape
0 0 1 1
1 1 0 0

2 4 	 # U Shape
73.65671135111926 16.174148681275213 33.139710825188665 79.24695384333002
93.67829688225294 35.43047711774736 43.9916183235059 55.443849427833115
2 2 	 # V Shape
41.32393765721679 78.63683522986564
37.886334045608486 90.1504457767113
2 4 	 # Alloc Shape
0 0 1 1
1 1 0 0

2 4 	 # U Shape
18.75441240625284 61.28418995894172 92.95553444877724 78.81385096047798
91.89619207341391 65.31375905463327 6.016258304892352 30.363784142736115
2 2 	 # V Shape
42.84611510952383 39.54495949417963
65.77951205272231 56.768265709814
2 4 	 # Alloc Shape
0 0 1 1
1 1 0 0

2 4 	 # U Shape
46.782385730702856 66.02029534856689 61.6029562192715 81.52155718983518
89.78371246380715 45.75002190854413 38.26048431163268 28.953964599753146
2 2 	 # V Shape
71.49327811706424 19.56710345336662
52.04037886699125 9.695523076826573
2 4 	 # Alloc Shape
0 0 1 1
1 1 0 0

2 4 	 # U Shape
23.30460534606801 11.057656764936619 1.8149023704990608 73.87009539385309
35.63137651226285 12.616989326264093 76.69380655374219 5.245175935843793
2 2 	 # V Shape
12.277015919452195 74.61009172690736
76.0183590389469 54.022859514062105
2 4 	 # Alloc Shape
0 0 1 1
1 1 0 0

2 4 	 # U Shape
46.71488570003878 46.16781304306237 93.86439708601365 31.11569180701592
58.71583397798541 44.20936616356457 82.12445407640877 54.40597319119701
2 2 	 # V Shape
65.30874569234886 46.85891376190756
72.71633371478106 79.92542880734061
2 4 	 # Alloc Shape
1 1 0 0
0 0 1 1

2 4 	 # U Shape
74.82634481422396 9.46498236145381 75.49421600865779 69.06542414636742
45.9921151195262 67.87813285227885 71.63994657188945 63.89155670483741
2 2 	 # V Shape
5.263764844557106 15.817008911344699
15.154297135584038 35.682000571795335
2 4 	 # Alloc Shape
0 0 1 1
1 1 0 0

2 4 	 # U Shape
67.5708966751991 40.78067210646934 7.575778397538757 15.602826032239747
28.431999366064996 25.216898723851177 20.615368206695685 42.59283631039327
2 2 	 # V Shape
18.03136339500312 28.970056678912815
30.37499496514314 64.50897707300086
2 4 	 # Alloc Shape
1 1 0 0
0 0 1 1

2 4 	 # U Shape
5.916298576039203 28.84841946050671 41.586919414672266 18.892801760509627
44.18466815135316 40.72553680364318 21.87029823727925 26.675417865738304
2 2 	 # V Shape
67.03123839747025 13.390744133564969
2.17230432478146 24.212150398531552
2 4 	 # Alloc Shape
1 1 0 0
0 0 1 1

2 4 	 # U Shape
74.53192656220418 17.71074133213225 92.00293584974996 84.43771846177015
94.17492612113631 95.48998094314834 98.62043347416439 92.96607244062476
2 2 	 # V Shape
28.709381654327615 22.742422522567274
96.04649787692856 76.56212333851565
2 4 	 # Alloc Shape
0 0 1 1
1 1 0 0

2 4 	 # U Shape
31.320674748212962 93.04296062572368 85.73166163418392 69.15841464359247
96.54625097671496 90.22796711719234 24.891295869286832 9.036625526028086
2 2 	 # V Shape
87.88860274588555 31.597016673039533
63.77915327910541 6.897331732280465
2 4 	 # Alloc Shape
0 0 1 1
1 1 0 0

2 4 	 # U Shape
77.21265917992916 51.41372763116044 77.63081837371688 73.25950377922273
66.94330084009809 4.628206165483684 24.215566114262998 57.498768782116905
2 2 	 # V Shape
83.07629594291906 89.91241424753417
15.067675036868511 51.37814362890125
2 4 	 # Alloc Shape
1 1 0 0
0 0 1 1

2 4 	 # U Shape
56.078872964061524 34.77748482441356 9.820663475341473 32.86274984763546
1.4725277191821151 50.356198180322856 40.35619802513193 16.23755378180788
2 2 	 # V Shape
65.66921929985334 83.65945334802066
11.043543002238632 16.734297516076357
2 4 	 # Alloc Shape
1 1 0 0
0 0 1 1

2 4 	 # U Shape
67.26341017083782 94.94724425966585 74.57589740192756 94.20016503053856
44.537760484471676 84.23086734018904 73.5738243275534 20.71470306571026
2 2 	 # V Shape
99.98059460286404 69.32898837056895
17.997497722141397 30.119739031252447
2 4 	 # Alloc Shape
0 0 1 1
1 1 0 0

2 4 	 # U Shape
96.60804688728632 58.74758953067262 81.15105991120764 47.250904539656545
86.48707422894407 38.685289310993475 28.824351546052952 58.49347348770178
2 2 	 # V Shape
45.44975715345379 87.08763210038202
10.339442560834033 17.014726658399447
2 4 	 # Alloc Shape
0 0 1 1
1 1 0 0

2 4 	 # U Shape
29.322581208022346 70.38448723164579 78.8090254290294 85.21060789254108
15.862762329689362 21.931818808350044 86.87618410117528 9.22812236806736
2 2 	 # V Shape
71.31599264164538 13.509910659636104
69.97075316662043 79.73098184165084
2 4 	 # Alloc Shape
1 1 0 0
0 0 1 1

2 4 	 # U Shape
85.35540266010365 17.28779052069718 7.140036346639245 2.7374918728419684
80.05587279936357 17.515425654428228 1.8712589945427904 74.60232332031359
2 2 	 # V Shape
19.637396392840067 90.35099764257453
79.33491725833277 93.08195759343954
2 4 	 # Alloc Shape
1 1 0 0
0 0 1 1

2 4 	 # U Shape
38.41728428250262 95.82271052169031 61.11720898347953 83.99109190006583
0.7087082540588763 18.955212550643054 41.92939533483826 58.36557656216029
2 2 	 # V Shape
13.064109204231677 35.17875220556188
86.42841651878763 7.732329808967375
2 4 	 # Alloc Shape
0 0 1 1
1 1 0 0

2 4 	 # U Shape
54.92042441873951 30.319037125190974 4.159615915788262 12.792389909852876
6.912346283256032 25.957140641706467 80.26011358065503 36.32175818846086
2 2 	 # V Shape
11.336389450138418 27.07736435818355
16.940573559642637 34.84807144034108
2 4 	 # Alloc Shape
1 1 0 0
0 0 1 1

2 4 	 # U Shape
68.45440219713191 97.2480520006749 42.65229949056648 24.32023681999772
38.06014602804463 78.37838040594498 4.924454245287246 44.65590376707096
2 2 	 # V Shape
8.807364075660228 41.33845413739022
41.97252454835837 25.734270607244625
2 4 	 # Alloc Shape
0 0 1 1
1 1 0 0

2 4 	 # U Shape
9.474927369627695 70.95917423164565 82.89821220527345 3.691529907330915
49.02207556264925 70.0136899171649 33.69308265759901 76.3133885608469
2 2 	 # V Shape
77.50694051839696 82.72000056982262
23.14932996215181 31.39308290425329
2 4 	 # Alloc Shape
0 0 1 1
1 1 0 0

2 4 	 # U Shape
89.63011499491273 21.54939700741718 88.97606058160517 27.911256770139502
60.914037507295845 61.64597355331731 78.27575149451341 69.76059239317355
2 2 	 # V Shape
85.89646341455669 50.54456668916253
57.80233321547138 90.05097318889834
2 4 	 # Alloc Shape
1 1 0 0
0 0 1 1

2 4 	 # U Shape
33.69643086412676 75.18850747889331 12.519572711897597 77.73139666418413
67.44943322218 19.42803271071788 70.9787013246506 4.7502780289509605
2 2 	 # V Shape
97.502600675689 21.71515576659131
38.809159106746236 24.471814389448888
2 4 	 # Alloc Shape
0 1 0 1
1 0 1 0

2 4 	 # U Shape
53.18970909654445 64.10460462679791 4.484749391892251 90.22864504832941
32.29934231226975 85.99004393564555 85.89178081223147 46.41780850134786
2 2 	 # V Shape
91.93723696849278 42.52439704750264
27.35067546814204 65.86341970017163
2 4 	 # Alloc Shape
1 1 0 0
0 0 1 1

2 4 	 # U Shape
65.70433006073027 94.32008534685131 99.04649015339379 2.9773965117692813
40.792941603470965 53.18592178499873 54.83843761214723 62.31255159212586
2 2 	 # V Shape
16.973721176852074 52.27161158765309
20.789141552745882 77.84379782629625
2 4 	 # Alloc Shape
1 1 0 0
0 0 1 1

2 4 	 # U Shape
22.42500962022116 97.09367213479577 36.081947534680396 45.260487614933
82.91761586115844 87.24262573845996 51.992719460259586 64.64993562427867
2 2 	 # V Shape
58.189639577456596 5.253122546766409
68.13030237348676 33.64487041392924
2 4 	 # Alloc Shape
1 1 0 0
0 0 1 1

2 4 	 # U Shape
13.925158481408339 14.161242241952987 36.23819509790229 90.34839884155764
24.305031772630837 32.71464974098125 79.30626447434521 23.25576995422659
2 2 	 # V Shape
47.62312075612415 8.62957472546646
40.59283498306206 63.080757466223915
2 4 	 # Alloc Shape
0 0 0 1
1 1 1 0

2 4 	 # U Shape
43.95901602097164 46.164822454988865 54.57592585224281 86.86695690075587
92.31731884501208 48.72941055254465 49.93158677170075 5.674701818976402
2 2 	 # V Shape
14.096732444692039 21.87454941317759
17.272819080155088 74.2370206128617
2 4 	 # Alloc Shape
0 0 1 1
1 1 0 0

2 4 	 # U Shape
88.94080292364949 46.11345941518417 39.07829024042763 18.76541240356423
1.0388701141530454 53.932825006095165 21.981168801192208 28.977101628212353
2 2 	 # V Shape
10.216282616655192 48.79360743420148
25.717490187159918 52.00934906917192
2 4 	 # Alloc Shape
1 1 0 0
0 0 1 1

2 4 	 # U Shape
24.064949473588438 68.25936011764378 76.14207762309655 42.4357855475904
31.60736299206086 44.520088159792 18.91824233145537 73.82662553579324
2 2 	 # V Shape
84.09487833953897 59.85418294926388
76.58402052577905 7.056613829464253
2 4 	 # Alloc Shape
0 0 1 1
1 1 0 0

2 4 	 # U Shape
64.57256925908008 94.73636958052836 25.419097743476836 84.4261784038729
63.818240614727564 87.14290545267957 97.62270350775096 99.40969256570185
2 2 	 # V Shape
7.384333699789359 10.402026577446232
42.73473334637289 9.480049394938817
2 4 	 # Alloc Shape
1 1 0 0
0 0 1 1

2 4 	 # U Shape
49.723260450880666 49.69478813220708 4.776543045344139 82.54450167654957
84.26381976577309 64.44288057219289 56.69036933687781 68.74995408841939
2 2 	 # V Shape
62.803171436618655 7.546716328302194
15.793189446891652 44.09357516393786
2 4 	 # Alloc Shape
1 1 0 0
0 0 1 1

2 4 	 # U Shape
63.948987012013646 68.98887104327291 28.2244384442913 67.22710644538114
39.41750715038774 71.85446510771446 57.10435810422892 22.39149362283801
2 2 	 # V Shape
1.1727126305130287 98.89656767366482
66.2921063624947 21.129286897707754
2 4 	 # Alloc Shape
0 0 1 1
1 1 0 0

2 4 	 # U Shape
67.46908175500732 41.94878766637697 99.96549778935385 42.32805303743517
79.17034462941717 45.003477628163566 83.6635382041477 79.10300426680253
2 2 	 # V Shape
96.08043917551498 36.99811022792978
70.18325091114855 20.00690953407632
2 4 	 # Alloc Shape
1 1 0 0
0 0 1 1

2 4 	 # U Shape
50.86442115328299 96.03687715047865 3.493244682631047 77.91195697053635
14.54628954845213 35.25331768797793 58.12890328049656 14.806770902417554
2 2 	 # V Shape
72.98545355798794 31.74347752829648
3.7216867222030436 49.998169053056486
2 4 	 # Alloc Shape
1 1 0 0
0 0 1 1

2 4 	 # U Shape
96.24326385086087 5.491256517782506 32.985875671525356 81.27167708373027
34.49521837759897 62.84939024546825 55.57371139781697 53.885134841704726
2 2 	 # V Shape
89.83139497106339 49.07976609036409
80.15484931671669 84.78925482877371
2 4 	 # Alloc Shape
1 1 0 0
0 0 1 1

2 4 	 # U Shape
44.95043861796422 18.7273461753822 82.9413208743058 76.26467205590681
84.61388286897942 95.75864175457203 65.53681679146777 33.162447405310544
2 2 	 # V Shape
71.5071918112393 26.56134313358065
75.52088129865271 61.18015241377576
2 4 	 # Alloc Shape
0 0 1 1
1 1 0 0

