2 4 	 # U Shape
42.02036045877274 48.54270981677824 1.2780814590608647 48.73716073198716
94.18066523433662 85.07950893767787 72.99644702208185 10.873607186897495
2 2 	 # V Shape
89.39041702850812 85.71542470728296
16.508661759522713 63.233401382349605
2 4 	 # Alloc Shape
0 0 1 1
1 1 0 0

2 4 	 # U Shape
34.46244909592174 31.879879686243363 11.166123199466039 8.395314332205706
71.27259356888429 59.95433962576555 5.567367958507841 47.97972816594304
2 2 	 # V Shape
40.16764806306522 84.79789975469745
71.78491793398788 60.20640512488246
2 4 	 # Alloc Shape
0 0 1 1
1 1 0 0

2 4 	 # U Shape
42.71521851154845 39.82290779328825 4.3003532026824605 19.61877500267535
47.645316510921496 3.69427283881798 0.5999679045853412 92.38498567797326
2 2 	 # V Shape
67.7530794630947 98.82567956493898
46.964079560204375 82.35361398459851
2 4 	 # Alloc Shape
1 1 0 0
0 0 1 1

2 4 	 # U Shape
99.39018042440189 32.010280915013 78.90169717367887 21.48035891440828
95.11079470415989 33.47403402097867 50.177260786539634 72.05655303481066
2 2 	 # V Shape
37.191633736019426 15.856975141533535
5.4427613709976725 65.07805944306148
2 4 	 # Alloc Shape
1 1 0 0
0 0 1 1

2 4 	 # U Shape
27.47738237259101 9.61633817228078 97.38502157156927 8.95847638066134
29.046143647284794 11.05234847913933 13.955098956562173 61.12624589559373
2 2 	 # V Shape
38.929420428599414 42.83188860114776
54.89849926431732 39.56933048935058
2 4 	 # Alloc Shape
0 0 1 0
1 1 0 1

2 4 	 # U Shape
64.80564419758134 69.60661747706573 19.30180802665976 76.76322349393081
33.40828943023391 43.795920606277825 31.88702397585751 56.828966892726626
2 2 	 # V Shape
65.86923514330884 57.55585410552345
31.818719398704765 21.800337527051994
2 4 	 # Alloc Shape
1 1 0 0
0 0 1 1

2 4 	 # U Shape
30.097916984093388 8.569480601338675 34.371330696030434 70.93010177714358
97.39682557652591 62.52248400713203 26.93035401785444 65.67088061886622
2 2 	 # V Shape
62.69978191913107 82.56522290722502
53.36939818963534 91.11216648007269
2 4 	 # Alloc Shape
0 0 1 1
1 1 0 0

2 4 	 # U Shape
49.39130011335059 49.74963527482624 64.87221982847005 44.77711603657113
55.063947095236884 97.11752036309947 93.24137189386374 84.06854303886449
2 2 	 # V Shape
12.704826111139933 55.652110587174406
36.64272110414842 91.1795484275974
2 4 	 # Alloc Shape
0 0 1 1
1 1 0 0

2 4 	 # U Shape
64.81904233407127 15.877451404072552 90.89517088833217 8.083322430374407
30.192316712121283 0.01722537388888501 25.707972896460074 27.634497839897463
2 2 	 # V Shape
91.98059583425902 38.52700289790203
3.6185182377181158 35.998498914978825
2 4 	 # Alloc Shape
1 1 0 0
0 0 1 1

2 4 	 # U Shape
26.763891468147072 74.47468581265422 68.57073955676276 42.36536551645757
1.2500061441190313 3.15864159843412 31.478204762786355 1.3307683573032136
2 2 	 # V Shape
21.669144168267618 97.93804270566723
60.55158112510875 79.5657876716976
2 4 	 # Alloc Shape
1 1 0 0
0 0 1 1

2 4 	 # U Shape
94.79500297521538 36.057987839676244 24.699815272037572 5.295186810844732
83.16599395304785 7.837980771565989 95.21754802942424 70.61476278277338
2 2 	 # V Shape
91.15328467690831 81.44408709150505
19.0721612852886 17.59034817259575
2 4 	 # Alloc Shape
1 1 0 0
0 0 1 1

2 4 	 # U Shape
24.84196822431457 75.18671691628543 87.92560630523988 32.037244968918166
29.87078763658917 2.773266075835501 42.265997464635085 6.544658271019488
2 2 	 # V Shape
57.46559438006095 68.79362468714375
56.83058309279075 60.372654739276186
2 4 	 # Alloc Shape
1 1 0 0
0 0 1 1

2 4 	 # U Shape
81.67108835419795 5.40423675871049 5.805899373951339 57.14026076535712
25.272821562615654 41.833640295555576 96.57082195820112 15.266940462214196
2 2 	 # V Shape
53.17537514827936 40.76287665102477
89.70154093477016 73.96120521000661
2 4 	 # Alloc Shape
1 1 0 0
0 0 1 1

2 4 	 # U Shape
5.971972772944523 41.53075156128513 41.580955587688436 44.7604777128373
2.383980400885888 27.399239180774913 95.04112655824949 88.30067682907962
2 2 	 # V Shape
94.07089923703863 75.88901036227374
43.39920625873168 93.75041843727648
2 4 	 # Alloc Shape
1 1 0 0
0 0 1 1

2 4 	 # U Shape
25.036821423134437 33.04821088661958 64.29192718366792 28.402158698075507
34.619571395548036 35.410263238113046 32.48058703912017 82.85301732406789
2 2 	 # V Shape
54.57853350663964 1.836989442987258
74.15786305528037 50.21697830356734
2 4 	 # Alloc Shape
1 1 0 0
0 0 1 1

2 4 	 # U Shape
81.29069496681629 95.3208648526758 81.15250866017377 99.36646858769667
59.0020631837469 58.64190839618002 97.23514300233396 17.97943603763066
2 2 	 # V Shape
11.931394425887165 31.648918525033043
2.7951257785015615 58.563931949812634
2 4 	 # Alloc Shape
1 1 0 0
0 0 1 1

2 4 	 # U Shape
82.29658059287821 30.244553822412502 20.91003056378511 7.256924416241772
37.63322669294579 56.248473578616576 87.25513490307833 3.304441704947503
2 2 	 # V Shape
8.965531399991189 65.3145124864115
67.13210588271136 12.413149197003836
2 4 	 # Alloc Shape
0 0 1 1
1 1 0 0

2 4 	 # U Shape
53.64132554382519 9.092484166469161 6.574940877546687 66.85331729938397
79.16144787696052 46.242776805153284 40.214605823925694 70.15487985287336
2 2 	 # V Shape
7.604137792672061 27.8282875182854
90.5267408738359 94.89558069066827
2 4 	 # Alloc Shape
0 0 1 1
1 1 0 0

2 4 	 # U Shape
44.79663902269472 70.99809655329015 60.452723927455985 1.5716058074189188
46.612051709664435 88.20046494678915 78.02844441963892 65.49281206138899
2 2 	 # V Shape
62.157872341972784 81.6612358880182
29.13424595463794 39.41051418095679
2 4 	 # Alloc Shape
1 1 0 0
0 0 1 1

2 4 	 # U Shape
18.1342002960559 59.5237321380377 47.87158917054371 87.94981834022622
65.34177543195196 14.40852771382316 80.12773914391613 12.317980609859147
2 2 	 # V Shape
27.947712321213835 41.63382035088391
63.53875284888396 15.194873304347677
2 4 	 # Alloc Shape
0 0 1 1
1 1 0 0

2 4 	 # U Shape
46.06861355210167 11.7477429055876 93.45439630578024 11.173844324449789
96.74649553355928 31.81191073565963 28.182995732813932 93.9989221657232
2 2 	 # V Shape
96.05936691465583 70.06614037745034
95.52350409343727 17.497807210117223
2 4 	 # Alloc Shape
0 0 1 1
1 1 0 0

2 4 	 # U Shape
66.35701257130304 11.648283233523937 45.19012065206377 93.96662808339397
59.46659183033961 68.3342026402251 6.028444541662714 40.20721580943673
2 2 	 # V Shape
35.042886545498384 15.235435033827526
60.117442496544385 50.06590143375216
2 4 	 # Alloc Shape
0 0 1 1
1 1 0 0

2 4 	 # U Shape
54.71185969589334 96.49452122746865 13.919124586676324 69.88103112095466
97.51956094037246 99.58282939543165 34.773721164898085 62.57633388317952
2 2 	 # V Shape
94.23759623025943 62.45378976215248
87.28197456685284 69.7575525903039
2 4 	 # Alloc Shape
0 0 1 1
1 1 0 0

2 4 	 # U Shape
82.58921750256431 37.699256956380964 38.372124484832035 64.51001345764172
39.29289943136711 95.35798433660727 10.972764994464313 60.79274869886735
2 2 	 # V Shape
73.38536294066765 61.56671081336219
62.52545471502463 73.34445823050129
2 4 	 # Alloc Shape
0 0 1 1
1 1 0 0

2 4 	 # U Shape
59.65142517586245 20.962951610600676 40.19369310441364 59.5224983967658
61.02680245512897 10.79376491401961 19.256691051904095 45.824795884600256
2 2 	 # V Shape
51.61575064656704 85.72442769312532
57.673197499743424 81.1518435427909
2 4 	 # Alloc Shape
0 0 1 1
1 1 0 0

2 4 	 # U Shape
36.413103867482185 63.550037854073324 84.19721853830143 23.47933466217542
70.57667105508813 75.2439545407674 69.1218977711084 96.33786259380645
2 2 	 # V Shape
57.98827724508724 44.35560510489397
53.67987725149025 0.47618371226565426
2 4 	 # Alloc Shape
0 0 1 1
1 1 0 0

2 4 	 # U Shape
90.66597113220786 71.43900945514943 27.158131279084287 17.165888885672377
77.41139150123325 90.08439010317055 97.02568308970856 47.16820395866904
2 2 	 # V Shape
30.967251911195305 27.22837973746568
55.57564397777889 0.4232538507112471
2 4 	 # Alloc Shape
1 1 0 0
0 0 1 1

2 4 	 # U Shape
60.261439716409484 0.22428442336868137 3.08611388354576 66.44903361004137
79.31311904005688 31.177962446988893 79.65741167296656 91.01628612904085
2 2 	 # V Shape
73.43118604339118 60.98111999732476
14.04884819823683 57.49697704313703
2 4 	 # Alloc Shape
1 1 0 0
0 0 1 1

2 4 	 # U Shape
59.6503535043488 3.8622631145561748 50.678495186094416 81.03264585139243
19.218684029749113 34.69310302587839 11.638754452722011 1.9110881162944349
2 2 	 # V Shape
93.52971726850386 57.78256143765669
40.84251642291484 78.07107278141497
2 4 	 # Alloc Shape
0 0 1 1
1 1 0 0

2 4 	 # U Shape
9.940036941606555 20.19594643609156 81.46930701668074 24.028554656419267
27.202201612061028 42.93679483403394 85.68076038583939 28.026792153324433
2 2 	 # V Shape
47.17202229865482 47.496519815270524
49.95867314903164 44.58569078146528
2 4 	 # Alloc Shape
0 0 1 1
1 1 0 0

2 4 	 # U Shape
59.110690402448085 44.370085898099035 71.62005672219622 75.03610424220204
84.25691175341636 96.19779271273988 56.237498002718134 73.67814420471241
2 2 	 # V Shape
23.09241326650876 71.0763583768709
2.3501785962908195 84.6063913928008
2 4 	 # Alloc Shape
0 0 1 1
1 1 0 0

2 4 	 # U Shape
25.743570835622297 88.56481885509427 88.62414106406843 17.07482602164394
39.66201148690702 58.04356497266413 55.34885169673007 20.141431898977412
2 2 	 # V Shape
6.1729175293708805 79.66330838808192
12.983251373876781 39.75059843704833
2 4 	 # Alloc Shape
0 0 1 1
1 1 0 0

2 4 	 # U Shape
20.09132316705139 81.95702797544516 32.08102920717817 57.01779230555222
47.68421425635054 82.2132332414339 66.46400998193462 62.86869387410713
2 2 	 # V Shape
35.89355005264664 11.639658730854407
58.89340173876628 51.010839892521375
2 4 	 # Alloc Shape
1 1 0 0
0 0 1 1

2 4 	 # U Shape
73.6892954906496 36.28976680473694 27.82258982179121 60.299327949696824
47.501629986920534 98.75456069611546 29.608083567587904 92.08062912251056
2 2 	 # V Shape
23.453398826262127 80.13581077849304
86.53841270077572 18.891198765058594
2 4 	 # Alloc Shape
0 0 1 1
1 1 0 0

2 4 	 # U Shape
76.75514270498843 48.66285503883711 18.44960385310326 5.130677276779694
52.06808778903525 29.23072831306166 81.3293916183285 15.754387619283417
2 2 	 # V Shape
1.6389577194591554 90.76733746613318
41.77250335508427 85.36599380006538
2 4 	 # Alloc Shape
1 1 0 0
0 0 1 1

2 4 	 # U Shape
27.904436519905108 18.31538127779956 95.66205934777487 69.47310230264085
92.56750687644958 98.52582595144503 79.17826787423692 87.41597281318464
2 2 	 # V Shape
94.0798562352798 60.93599872216714
81.96769342290588 97.44945055753863
2 4 	 # Alloc Shape
0 0 1 1
1 1 0 0

2 4 	 # U Shape
27.430647466259884 20.65732555386457 5.279661954738691 81.5331655045315
98.77450739037226 86.91300591477658 0.3916550282197284 26.4513491421662
2 2 	 # V Shape
94.31415231687093 23.83719347596035
23.659672827346267 58.16593184778418
2 4 	 # Alloc Shape
0 0 1 1
1 1 0 0

2 4 	 # U Shape
75.79487592343256 89.68065607312646 10.137025786010323 35.56578074985444
80.73718816692725 65.98460312761391 77.92080597541576 75.50621718437158
2 2 	 # V Shape
32.89995876724111 28.60123835077355
61.871841472358646 38.15608683452879
2 4 	 # Alloc Shape
1 1 0 0
0 0 1 1

2 4 	 # U Shape
0.41498010620136805 64.12069931025196 40.85230873817298 56.55428078685988
86.8781790646336 28.661870429360913 24.460215588989932 82.13093051132184
2 2 	 # V Shape
2.482962560719304 92.59788858755007
34.70019023646961 3.34222136378991
2 4 	 # Alloc Shape
0 0 1 1
1 1 0 0

2 4 	 # U Shape
61.49723628557594 20.997239448083015 33.456344737960066 78.63193424937856
42.540905523891006 72.93805453539383 28.182826376202406 13.108359297364292
2 2 	 # V Shape
6.802750988734529 83.84229943926029
12.209844802966563 7.853778756279761
2 4 	 # Alloc Shape
0 0 1 1
1 1 0 0

2 4 	 # U Shape
49.71992074981084 74.4369028733814 60.35349781620516 17.59225447347732
33.59820178841167 99.32920579228444 44.8663421793674 67.74716014907204
2 2 	 # V Shape
17.243004596442645 67.58157306150852
69.79980445233677 16.018790500333346
2 4 	 # Alloc Shape
0 0 1 1
1 1 0 0

2 4 	 # U Shape
91.34436924333656 20.04650867422525 64.41243113634827 61.97811427460395
77.20715418619385 36.11518626340643 58.24310901845181 34.82367149606891
2 2 	 # V Shape
78.06182656165187 23.596053478058455
70.30920096758557 89.1471645639178
2 4 	 # Alloc Shape
1 1 0 0
0 0 1 1

2 4 	 # U Shape
92.15631833851313 65.77825909826454 46.483266914222945 35.87346251546558
99.51266656768489 93.5778004176494 92.40399429415923 92.56518081742915
2 2 	 # V Shape
35.675162742799984 83.38923337273273
68.83724385560338 91.29338073639563
2 4 	 # Alloc Shape
1 1 0 0
0 0 1 1

2 4 	 # U Shape
70.79187213230122 29.09020617954764 11.910138348443844 34.39404094970928
64.78738533429194 69.87323421995512 91.50249292875912 30.349961795698576
2 2 	 # V Shape
64.61755831990618 1.5314374477036208
96.69876589513214 44.82969113200814
2 4 	 # Alloc Shape
1 1 0 0
0 0 1 1

2 4 	 # U Shape
41.06086127540232 97.45515465849671 96.83085601682907 5.3279026889905605
70.42709694452206 12.112304006654828 44.453790008977855 92.41266138965793
2 2 	 # V Shape
33.716469964112505 47.8156008089111
50.16557469530311 33.257744671332304
2 4 	 # Alloc Shape
0 1 1 0
1 0 0 1

2 4 	 # U Shape
87.57258186062505 75.97450917212983 25.014117989272634 77.82389087310627
77.77074855567756 46.03271815778955 75.49316510886703 3.656673811448652
2 2 	 # V Shape
20.55270349791084 38.74658048605157
92.7116322933608 69.58388717292895
2 4 	 # Alloc Shape
0 0 1 1
1 1 0 0

2 4 	 # U Shape
4.450254710342271 76.10103653040431 80.06953268856198 42.03097332408795
41.57927634495145 9.580600114258752 11.168210464854988 76.79455848603186
2 2 	 # V Shape
10.17958806506628 15.52621419029716
64.12098894011525 46.408911383477744
2 4 	 # Alloc Shape
0 1 1 0
1 0 0 1

2 4 	 # U Shape
9.11218908901219 78.62448527931475 51.71709821394413 77.1559221824789
72.70565811137683 18.7102859833841 33.693006902219395 97.19585252177201
2 2 	 # V Shape
71.09335623881891 69.9128645704309
41.986702691659104 56.45106159464306
2 4 	 # Alloc Shape
1 1 0 0
0 0 1 1

2 4 	 # U Shape
36.59501865094972 22.645399053003644 33.02892473374062 67.83151204463068
65.4054378069418 46.645208451176615 5.6661026752304995 39.88911119207322
2 2 	 # V Shape
27.425898431871175 16.78382515138268
26.840472651173386 61.83226462770571
2 4 	 # Alloc Shape
0 0 1 1
1 1 0 0

2 4 	 # U Shape
12.61259401483158 88.25493512068465 13.935011035765699 69.32608251154954
21.208556461435347 84.54097579708014 37.68385097644643 60.98079222601112
2 2 	 # V Shape
66.47303066834499 35.89825025960789
93.62897754372106 82.92541200543961
2 4 	 # Alloc Shape
1 1 0 0
0 0 1 1

2 4 	 # U Shape
90.16940528296765 26.782402771327483 54.35772876288435 41.95064543531281
0.9997772181269959 4.132208984964548 49.025316500599644 37.83379165077696
2 2 	 # V Shape
88.76876759100303 32.7226810994547
15.778165324699057 11.97513499242896
2 4 	 # Alloc Shape
1 1 0 0
0 0 1 1

2 4 	 # U Shape
51.94955312553344 62.1040114113252 74.31382508823397 5.606730975854656
93.81454496248548 87.50787330183616 46.69380045202206 33.758477399635844
2 2 	 # V Shape
53.044222086620316 50.38548544801387
31.761059301010587 12.47970326599992
2 4 	 # Alloc Shape
0 0 1 1
1 1 0 0

2 4 	 # U Shape
18.77722391505918 93.7064221024921 25.061140948110637 35.273747183590075
64.7927734085644 73.6705301165945 45.11896766856252 13.760031995738764
2 2 	 # V Shape
40.99444518909864 81.6544505518224
27.96932361962319 40.851149984501575
2 4 	 # Alloc Shape
0 0 1 1
1 1 0 0

2 4 	 # U Shape
82.91171565417044 81.64818567114298 17.26280937679665 23.702199840804283
34.39049991961998 68.03947580997368 73.56484876773345 73.5666212163048
2 2 	 # V Shape
21.6141145631623 22.307332475645524
98.75544984206638 58.80418651950375
2 4 	 # Alloc Shape
1 1 0 0
0 0 1 1

2 4 	 # U Shape
48.51772748416925 44.37015837207675 85.92482458426454 35.98229082204087
73.88376858432945 30.839781087576633 60.53815310534843 85.62438232834657
2 2 	 # V Shape
23.33243152017852 41.78467148195366
97.69540907158766 82.70615796249878
2 4 	 # Alloc Shape
0 0 1 1
1 1 0 0

2 4 	 # U Shape
21.735158509920694 69.03144862462793 86.03351472282709 35.963375614351044
35.765359095057406 99.08238860358892 47.235347018279114 33.62620809072535
2 2 	 # V Shape
84.62082232170009 52.66210296679509
41.10394244973114 43.082060768332
2 4 	 # Alloc Shape
0 0 1 1
1 1 0 0

2 4 	 # U Shape
79.06184760505192 98.98512621425064 24.79744645142059 39.15568537417825
48.4498192375703 48.697449161538664 23.577556977402903 32.9804740329767
2 2 	 # V Shape
8.92852530830166 57.223572350825535
99.64806556574634 12.42706463380353
2 4 	 # Alloc Shape
0 0 1 1
1 1 0 0

2 4 	 # U Shape
98.62583853515683 10.849556133826288 58.86379358718089 53.707526465213306
94.36676531254102 20.342060693282438 2.962645610056691 88.62315530080788
2 2 	 # V Shape
32.502735907251314 40.93536548631535
11.986118193179852 22.618261425211696
2 4 	 # Alloc Shape
0 0 1 1
1 1 0 0

2 4 	 # U Shape
55.24263709881924 13.86057216588008 52.6982121157359 79.61518678212546
31.8583084483682 6.579017417155697 46.90443828428227 28.77336641244551
2 2 	 # V Shape
23.01720219849721 39.5614234496372
0.9101173902875459 46.85832916050921
2 4 	 # Alloc Shape
1 1 0 0
0 0 1 1

2 4 	 # U Shape
50.5217784791402 9.407149393441362 41.90730459458144 64.00134989092857
21.6611257018863 57.680822816992716 33.32677100218218 23.215902881161455
2 2 	 # V Shape
35.9799118620243 59.42639750328106
46.44209161301824 44.51363110737373
2 4 	 # Alloc Shape
0 0 1 1
1 1 0 0

2 4 	 # U Shape
42.54924142447072 84.2562173704088 1.9429138718932148 23.409285945721457
96.04542512003245 15.042752650885905 25.14596038682877 60.16244480108437
2 2 	 # V Shape
16.12178057821849 74.14177371686984
35.41551010311539 96.95305445746618
2 4 	 # Alloc Shape
1 1 0 0
0 0 1 1

2 4 	 # U Shape
79.49531048374577 23.76583407177275 56.414680581169506 80.43345413637545
94.7622233749209 41.294923384300155 15.244670902600454 72.79627831155851
2 2 	 # V Shape
61.41355247329845 49.279475057268094
39.12469281842872 2.8027457610231177
2 4 	 # Alloc Shape
0 0 1 1
1 1 0 0

2 4 	 # U Shape
74.25234024961641 0.4860139645292083 64.42859473800125 30.638682789719084
29.078417515824217 85.62368034990952 7.149242115150411 41.70130367047879
2 2 	 # V Shape
95.47786023293266 8.662142809053941
60.741909648729866 25.784893832062373
2 4 	 # Alloc Shape
0 0 1 1
1 1 0 0

2 4 	 # U Shape
71.48068875531423 91.91635581524024 91.2838756104333 53.58336331347957
25.629512395135713 63.164300905678395 9.239157736696779 34.23025197154526
2 2 	 # V Shape
30.299123486897052 95.32291882701709
56.01677871947476 39.203906127293266
2 4 	 # Alloc Shape
0 0 1 1
1 1 0 0

2 4 	 # U Shape
97.50227875252595 5.121317844826489 60.735050737019755 42.43182272648084
30.402520938040723 48.7480653261101 99.7293296577192 39.785901992811645
2 2 	 # V Shape
94.01463106970749 53.21813337789201
39.200650725798106 7.232924557683451
2 4 	 # Alloc Shape
1 1 0 0
0 0 1 1

2 4 	 # U Shape
62.82677367679669 19.83971314501335 83.16564815274653 12.685140324452526
23.116857267845646 83.18229128985605 52.89335227948313 44.87578883865778
2 2 	 # V Shape
19.582830549879894 93.42282001488167
75.13807073179666 19.458148125474416
2 4 	 # Alloc Shape
0 0 1 1
1 1 0 0

2 4 	 # U Shape
37.681462013204126 14.699465004051138 95.27386154741866 48.68222554213711
25.900649450785053 54.039740618009255 18.350096774129565 63.447762509087546
2 2 	 # V Shape
79.38041699399896 87.242315785216
41.85633944171412 66.3392629915648
2 4 	 # Alloc Shape
0 0 1 1
1 1 0 0

2 4 	 # U Shape
69.02013914972122 72.68676349317317 5.325581320114859 67.19041657237422
46.43045212736524 16.550023524594558 31.733122793973056 0.6137975100373949
2 2 	 # V Shape
23.44869523102342 64.04831485551016
15.42255655462924 72.91065926434763
2 4 	 # Alloc Shape
1 1 0 0
0 0 1 1

2 4 	 # U Shape
34.97217234619784 56.10661168815607 37.62620619714788 87.00509342855119
69.03195735312356 68.74353480085146 60.934076920546644 62.498681803093746
2 2 	 # V Shape
70.34883361296127 87.15131658292007
29.411187541970428 16.51253021517325
2 4 	 # Alloc Shape
0 0 1 1
1 1 0 0

2 4 	 # U Shape
79.8354276093141 76.60644826630208 77.49275733685663 52.50195398321197
65.97132796610572 13.200756325460006 52.50277986494887 1.5547125172259202
2 2 	 # V Shape
45.57276741480616 10.506650463611322
88.16833700580426 83.79596620128422
2 4 	 # Alloc Shape
1 1 0 0
0 0 1 1

2 4 	 # U Shape
66.98242627776337 89.76478187008541 83.0324932434575 24.15962662505319
93.64915828523769 9.65273672006518 52.14691566340562 35.62619665481772
2 2 	 # V Shape
16.21982196706515 70.65806900155226
81.15747657029439 22.9209793798818
2 4 	 # Alloc Shape
0 0 1 1
1 1 0 0

2 4 	 # U Shape
96.76490513579127 92.27327106565635 97.20240333012823 23.5205778247631
72.10823121363075 74.825971591699 82.30213195118716 32.06421988372211
2 2 	 # V Shape
57.499763333248296 69.62003282637336
53.29461506397946 31.331600264775084
2 4 	 # Alloc Shape
0 0 1 1
1 1 0 0

2 4 	 # U Shape
82.89071576236073 54.627548342536656 55.2851402370782 54.30306048526873
62.37887797738805 53.72207869579185 43.39584804282506 89.26670334324236
2 2 	 # V Shape
83.84924360813633 9.743909439945197
13.743873930741357 49.401901237558434
2 4 	 # Alloc Shape
1 1 0 0
0 0 1 1

2 4 	 # U Shape
67.41043685403314 72.55505195196179 14.928133102822905 69.07652310821385
80.29719572655948 8.463686226739853 12.242474902157385 89.45597050959049
2 2 	 # V Shape
41.75085600247389 45.02312519412103
57.51592334384764 25.779862419861466
2 4 	 # Alloc Shape
1 1 0 0
0 0 1 1

2 4 	 # U Shape
98.72690122827622 22.508601302296928 93.82947672260624 31.153839021130413
51.92986309144888 29.734922447364585 96.46029790750423 69.00807813052596
2 2 	 # V Shape
32.17314079857183 82.38214695011999
59.13693855004135 54.654721191839606
2 4 	 # Alloc Shape
1 1 0 0
0 0 1 1

2 4 	 # U Shape
86.97047953351316 71.0476780884889 69.57332136436843 72.57682025923772
69.95657018162224 97.05623195263654 86.12797757014293 52.32201800852281
2 2 	 # V Shape
10.385030000353145 99.83121757028901
3.5538421723389724 36.79568329831739
2 4 	 # Alloc Shape
0 0 1 1
1 1 0 0

2 4 	 # U Shape
91.37151908204007 88.81777121227842 29.374257421738715 11.983188317938742
37.10814444469819 86.32668613717975 87.75478166903326 61.770317147579945
2 2 	 # V Shape
35.44122616762853 58.281745825357746
24.489467821184107 11.253889551093366
2 4 	 # Alloc Shape
1 1 0 0
0 0 1 1

2 4 	 # U Shape
83.10711444423104 59.02043549776725 80.39543564512869 68.34060005763907
81.56793448200001 63.89121831994967 73.00070521425872 91.93359691705275
2 2 	 # V Shape
46.191120100963715 87.87400289034109
74.78205941851179 2.974205707916422
2 4 	 # Alloc Shape
0 0 1 1
1 1 0 0

2 4 	 # U Shape
62.79171576181681 74.51752001600458 75.45720766673766 94.14520028500473
32.79723516379902 83.86433593194249 45.12990844100662 48.7830096737492
2 2 	 # V Shape
3.9633273829572713 88.55002490576716
63.6292728346718 38.91438873652604
2 4 	 # Alloc Shape
0 0 1 1
1 1 0 0

2 4 	 # U Shape
80.6817180926812 37.17835159028857 29.887187118901103 5.008647580806159
86.61774745433131 21.66659098550744 81.18949933760135 70.11040756308566
2 2 	 # V Shape
34.54931677419357 22.383412948410843
12.642909323927555 20.049354493619077
2 4 	 # Alloc Shape
1 1 0 0
0 0 1 1

2 4 	 # U Shape
83.1436052719923 52.97796566677836 70.83599418309052 18.66287514568371
18.8179086610621 8.392947152011443 87.02160297176917 51.00452145577841
2 2 	 # V Shape
13.023549752071395 90.25132375195437
48.625846898634315 17.149464520152545
2 4 	 # Alloc Shape
1 1 0 0
0 0 1 1

2 4 	 # U Shape
30.092742872149557 21.65005099358114 73.1750520775898 7.51412939505991
78.04363802982616 52.544650046777654 32.11535638175877 64.8654325403918
2 2 	 # V Shape
30.86160673384326 85.42251404335978
98.40342418331497 58.602568837324434
2 4 	 # Alloc Shape
0 0 1 1
1 1 0 0

2 4 	 # U Shape
14.260767128121676 62.57527388606873 21.231193698996776 37.53317699517162
29.748940679139036 44.22753641706328 23.70728766627722 73.07539579144576
2 2 	 # V Shape
94.99451664306505 84.23266515704138
72.38329542400503 54.1966260379804
2 4 	 # Alloc Shape
1 1 0 0
0 0 1 1

2 4 	 # U Shape
78.05086604598492 66.13909705404754 82.96819340818993 56.14424714428887
86.06809379258266 43.41586681362792 4.67590187502328 88.8604714508878
2 2 	 # V Shape
23.25297806919695 21.00323234957049
0.6363690301556924 83.9718161091009
2 4 	 # Alloc Shape
1 1 0 0
0 0 1 1

2 4 	 # U Shape
80.91034862984921 91.54207274221284 83.03359932578101 76.7407542540548
39.07033639482801 7.499892815404607 2.3520876803642565 53.89425733608695
2 2 	 # V Shape
80.08460187195747 16.981966269758043
38.79721323536515 42.51638134017689
2 4 	 # Alloc Shape
1 1 0 0
0 0 1 1

2 4 	 # U Shape
42.9678748380695 96.71841407625348 52.33004673890878 88.96637908473593
18.634198389459232 2.096006316555199 84.88143402950351 45.16366061906846
2 2 	 # V Shape
9.85756235915437 57.168733442719656
57.0017934799321 26.933206117480413
2 4 	 # Alloc Shape
1 1 0 0
0 0 1 1

2 4 	 # U Shape
40.45961435393154 58.57199919059261 15.881494797221585 59.53157904740548
97.86965056078355 89.61156472443238 39.43795996582483 25.605450672734587
2 2 	 # V Shape
57.900410649846116 56.331276684186214
75.94689317034465 8.179907565660926
2 4 	 # Alloc Shape
0 0 1 1
1 1 0 0

2 4 	 # U Shape
48.77713773450042 87.26074418900119 14.055620958172755 1.9650791963790715
33.27610914919015 87.71936007657047 24.1334589088382 16.41081689296663
2 2 	 # V Shape
71.63274993276866 3.5779172592617425
69.5639476080881 46.82770721722993
2 4 	 # Alloc Shape
1 1 0 0
0 0 1 1

2 4 	 # U Shape
58.17150607871192 65.45487698777532 63.8894148527755 50.147527040643865
56.361591440329526 72.91426100881347 0.35659370572673765 40.32832992624213
2 2 	 # V Shape
2.9096861438899335 61.53765824123675
70.91406389491334 38.17119841437018
2 4 	 # Alloc Shape
0 0 1 1
1 1 0 0

2 4 	 # U Shape
95.44058391610993 66.29414915563952 87.82620548838143 43.539478405261
79.64097061038744 85.51660765525529 16.365990036060907 95.48715030943727
2 2 	 # V Shape
10.880345281382242 57.74500686229326
39.44980862015818 71.72127235446975
2 4 	 # Alloc Shape
0 0 1 1
1 1 0 0

2 4 	 # U Shape
53.2588096582633 36.49143984961524 14.816398864539249 11.27951280690953
73.44986149027334 46.16223188676536 88.83506317771673 28.437674566640148
2 2 	 # V Shape
80.77087124122997 16.19143349447567
27.666470555887056 7.874154994650661
2 4 	 # Alloc Shape
1 1 0 0
0 0 1 1

2 4 	 # U Shape
82.94552728979014 45.15306393708746 17.710770426209834 56.21940822937993
55.32243122656356 75.55115309233558 74.21573712154883 99.82948829951414
2 2 	 # V Shape
22.684551765253058 95.17994066652655
30.78333577512129 72.32882593287073
2 4 	 # Alloc Shape
1 1 0 0
0 0 1 1

2 4 	 # U Shape
95.73543678129897 36.48344084055354 66.34105244014182 57.038911821796304
62.16063216282359 70.99620007114481 81.99654024650968 14.02156655120843
2 2 	 # V Shape
23.13600329585389 48.27496466342483
46.004877795551955 92.46461826143431
2 4 	 # Alloc Shape
0 0 1 1
1 1 0 0

2 4 	 # U Shape
74.0867982665622 14.557512052415245 95.42856257909074 47.59614648413528
83.66161074970748 57.956186940846365 54.44618486414592 38.70567072919818
2 2 	 # V Shape
66.19456202966995 41.40372177225245
82.25345621243747 26.94307078400644
2 4 	 # Alloc Shape
0 0 1 1
1 1 0 0

2 4 	 # U Shape
41.50180107021056 51.03716982493604 28.311941020215038 29.352640171484634
22.8435899768891 21.782405631829693 17.244887093511764 86.6372353885222
2 2 	 # V Shape
76.00934784721379 98.31857931626658
62.44844074864307 17.436744865889008
2 4 	 # Alloc Shape
1 1 0 0
0 0 1 1

2 4 	 # U Shape
24.41983953414408 14.137993132240222 96.64379980636258 49.25113990653573
88.5602247228142 56.39480660382347 31.741244698297 70.42303088510874
2 2 	 # V Shape
46.52661552736124 15.114457827742267
78.03285254063051 99.63756020020037
2 4 	 # Alloc Shape
0 0 1 1
1 1 0 0

2 4 	 # U Shape
65.69265501967233 81.68211882416459 40.1888248619578 30.04713590480581
63.166746317625744 14.910719533653028 9.492004458692538 7.196235011907448
2 2 	 # V Shape
50.7066617006399 72.6838892611743
64.82125342362005 41.059425092566514
2 4 	 # Alloc Shape
0 0 1 1
1 1 0 0

2 4 	 # U Shape
78.40177782847243 19.839618290446705 26.539823111650595 51.448915347924384
44.46528265780805 44.82644562956254 4.242806810657518 46.42816222650801
2 2 	 # V Shape
80.8724675546398 90.42468045530998
78.55948383836687 34.819573743273544
2 4 	 # Alloc Shape
0 0 1 1
1 1 0 0

2 4 	 # U Shape
44.251811104590054 22.1404244237857 50.47901612939788 1.4311358555266773
65.00384304136159 0.545623683862928 1.8966917098361513 48.94561007159015
2 2 	 # V Shape
62.88032171345856 45.989495555558555
31.23143886715424 66.0081107875129
2 4 	 # Alloc Shape
1 1 0 0
0 0 1 1

2 4 	 # U Shape
88.59953791852512 90.3814279333163 78.01387028675192 26.494521977628715
85.49100491917721 94.85561542914834 95.60983484811881 89.01967883278232
2 2 	 # V Shape
77.12279313562756 22.001160033749212
15.781481592253199 54.30030298596043
2 4 	 # Alloc Shape
1 1 0 0
0 0 1 1

