2 4 	 # U Shape
53.00002248954253 30.5918915735916 30.44743591541431 11.17412761755947
24.989901388011447 91.76298978365625 26.414685325337363 71.77736874735561
2 2 	 # V Shape
86.5715034190154 80.70794822453757
21.0550582658828 16.724303145644548
2 4 	 # Alloc Shape
1 1 0 0
0 0 1 1

2 4 	 # U Shape
25.915439993523258 8.740125949289224 96.3000129980708 27.36708070713163
22.801736823802177 47.76553918800738 34.619496868219414 37.03350762899872
2 2 	 # V Shape
72.83149383887549 35.051538450826115
59.32576631428862 82.10860219920336
2 4 	 # Alloc Shape
0 0 1 1
1 1 0 0

2 4 	 # U Shape
84.36627542947687 66.40406478705346 73.3040281223736 58.89087818240956
16.399794093637876 48.35291095040173 72.92600358473831 78.2491669287947
2 2 	 # V Shape
25.7715878184806 14.830774401126911
5.2291236628641435 34.0001213027283
2 4 	 # Alloc Shape
1 1 0 0
0 0 1 1

2 4 	 # U Shape
10.534379961993235 86.93486025097094 81.69805558316739 21.731031962731894
30.976802928545233 62.28513920867632 53.889702602807 91.08254128731524
2 2 	 # V Shape
28.097268704003863 59.764420557983435
17.45884388943989 66.15304337728702
2 4 	 # Alloc Shape
1 1 0 0
0 0 1 1

2 4 	 # U Shape
91.79413986516765 63.656621422787374 21.976203733713472 54.75524336459725
92.07996703472 87.56659420813519 12.759215495203946 30.365373978719955
2 2 	 # V Shape
29.52965716988186 56.910503764257555
74.34196294659989 33.001518527033426
2 4 	 # Alloc Shape
0 0 1 1
1 1 0 0

2 4 	 # U Shape
42.0494496515922 49.89173718518411 57.375168656287244 88.03733819800644
20.071996630407774 42.11780592700119 93.22773435409097 36.3290798030508
2 2 	 # V Shape
1.5004156349900266 89.97274088109545
61.54001669174504 97.09420683125343
2 4 	 # Alloc Shape
0 0 1 1
1 1 0 0

2 4 	 # U Shape
0.9044383533662548 77.47702399200641 12.142450487678925 51.73941425728488
66.5752343841587 76.29128415038006 94.08788806763205 12.398756441911152
2 2 	 # V Shape
20.999573804245497 36.53677020716356
40.12884997359451 59.00054614056987
2 4 	 # Alloc Shape
0 1 0 1
1 0 1 0

2 4 	 # U Shape
63.45309631183994 80.3653268889084 99.47151047735605 3.168633750239369
48.0214013605808 69.10750230085162 36.274142323521495 17.743154151645278
2 2 	 # V Shape
10.92370429369327 5.353954706355768
53.97980105245252 64.16069610883943
2 4 	 # Alloc Shape
0 0 1 0
1 1 0 1

2 4 	 # U Shape
2.5475983546696 20.156320789466562 61.505151589215636 71.37161441141285
98.62454133002613 45.823645214131126 72.65850513370314 91.6104002585932
2 2 	 # V Shape
35.43195408677806 18.20896574965982
70.60858381520413 55.241931873417805
2 4 	 # Alloc Shape
0 0 1 1
1 1 0 0

2 4 	 # U Shape
58.44672916019786 61.604735231775976 30.74144577907734 61.84265999849362
77.51393234993199 94.33650876917967 8.37314066813606 0.3861244309762868
2 2 	 # V Shape
20.02750375319825 47.027837647036954
11.373228655489854 51.60859096718201
2 4 	 # Alloc Shape
0 0 1 1
1 1 0 0

2 4 	 # U Shape
96.1236745473273 75.24588686961921 28.020563696027956 94.62244065916026
98.17457764662505 26.154468766105044 51.6440080094565 31.745645740826433
2 2 	 # V Shape
90.38606826422291 52.58868174050484
37.26826828037262 73.886093692666
2 4 	 # Alloc Shape
1 1 0 0
0 0 1 1

2 4 	 # U Shape
71.75535009543266 36.98541423306185 15.854683716521912 60.30481766016064
31.21415368062854 92.217875856051 76.91979877499108 54.082469303665604
2 2 	 # V Shape
26.826425539294462 73.3030721334873
0.733150854860587 89.60905447485096
2 4 	 # Alloc Shape
1 1 0 0
0 0 1 1

2 4 	 # U Shape
48.8065087270769 49.451055174762836 20.94201517943991 26.21881360813587
62.34512639946268 45.518072408254206 90.88484088644343 55.49923459071615
2 2 	 # V Shape
70.30988760965961 20.51949544912982
26.447630423731226 41.69733406478859
2 4 	 # Alloc Shape
1 1 0 0
0 0 1 1

2 4 	 # U Shape
67.7901217723942 36.49387592755408 22.534953945136493 50.90010027717701
14.443024398515147 94.10353975379161 1.5936433652146365 72.78934984274035
2 2 	 # V Shape
85.85361195870658 87.27652054919555
52.84065440430642 40.841077734630396
2 4 	 # Alloc Shape
0 0 1 1
1 1 0 0

2 4 	 # U Shape
74.01995946476558 69.78897299434962 96.79993477017531 42.71461214526692
77.01033167788354 0.7166604119089093 73.03262335058814 41.67295465281503
2 2 	 # V Shape
85.79896037319111 80.52308193041684
64.33368701750643 24.795128259901965
2 4 	 # Alloc Shape
1 1 0 0
0 0 1 1

2 4 	 # U Shape
60.243981545387356 17.427870674180067 42.95640133701271 41.846399950122304
92.82627623271036 92.83659924741072 31.155852147103 25.064275513904455
2 2 	 # V Shape
87.06401565678568 68.59688543643087
32.08976704445015 66.94029462121013
2 4 	 # Alloc Shape
0 0 1 1
1 1 0 0

2 4 	 # U Shape
60.37551944991748 0.6915925142911394 22.09277140195288 13.416170429504104
39.056412377999315 58.307357909349236 7.079878501183245 60.24420605375605
2 2 	 # V Shape
15.791636401632491 85.02478745723377
7.7151464303560235 10.103813510464777
2 4 	 # Alloc Shape
0 0 1 1
1 1 0 0

2 4 	 # U Shape
73.82948716184298 19.305740126945103 58.76808008108736 61.87151893379771
21.65854253493468 63.41774867011139 47.57502451646671 69.76853380578143
2 2 	 # V Shape
5.307869508584606 53.269368463151366
55.937873003644356 81.09938259135812
2 4 	 # Alloc Shape
0 0 1 1
1 1 0 0

2 4 	 # U Shape
30.889317859641874 22.940538998195215 6.117566507963823 46.85237724779269
2.376043597771016 71.81617935879925 36.86328244638272 55.12897022067015
2 2 	 # V Shape
84.9972806451499 53.07177414357697
99.60667286203041 92.19918453011972
2 4 	 # Alloc Shape
1 1 0 0
0 0 1 1

2 4 	 # U Shape
26.52322132131402 21.550745171953245 11.567581634693747 55.73053389664422
75.44727417260675 74.11212296209798 6.760265551078481 71.32308403007004
2 2 	 # V Shape
13.707094005391863 90.60620957154643
32.14816285101219 57.96831159288443
2 4 	 # Alloc Shape
0 0 1 1
1 1 0 0

2 4 	 # U Shape
48.42131740078661 64.15291243263204 63.76306164928227 22.73997527544416
37.69574169641561 80.02491509824357 69.63293144786678 84.5089035342951
2 2 	 # V Shape
51.1723717898464 69.36751345015153
25.10896137440669 0.6307632774691596
2 4 	 # Alloc Shape
1 1 0 0
0 0 1 1

2 4 	 # U Shape
43.506233209579705 95.41745778954486 96.24854610291891 27.479569082489963
76.54860836738597 93.2412464843737 52.60595653445635 63.450322978524994
2 2 	 # V Shape
48.568849249538815 25.728231672818204
47.328996329014316 77.28868930536356
2 4 	 # Alloc Shape
1 1 0 0
0 0 1 1

2 4 	 # U Shape
80.80203215558906 93.64948375724903 9.295844822640454 99.11570533257684
37.155244139567046 89.81350678596517 65.41817091089298 76.89382819374912
2 2 	 # V Shape
16.902762897776125 67.74958221035816
49.96359143285227 32.562636251375785
2 4 	 # Alloc Shape
1 1 0 0
0 0 1 1

2 4 	 # U Shape
19.992496383687495 96.92806819035586 39.92675099001517 35.10307265594219
32.43273543749231 84.7674761579604 38.36339510748651 48.46020006072932
2 2 	 # V Shape
2.7920634394469346 12.498032517357816
4.963998669215863 35.93089298353204
2 4 	 # Alloc Shape
0 1 0 0
1 0 1 1

2 4 	 # U Shape
79.76280437066835 68.40583534244455 72.69109189840518 94.15261512048222
2.321028219362653 37.60558202746982 90.7250054285806 86.14158379182874
2 2 	 # V Shape
72.53695559848825 32.32657537439202
45.01699610470289 78.35515310818602
2 4 	 # Alloc Shape
1 1 0 0
0 0 1 1

2 4 	 # U Shape
32.627902940796275 36.496107883362725 98.74733882824286 11.944654637993068
88.84325076798484 79.1987639035407 91.51312583312763 96.54898398951444
2 2 	 # V Shape
75.91568295773261 51.39378979916168
39.392135346192305 41.83976811381447
2 4 	 # Alloc Shape
0 0 1 1
1 1 0 0

2 4 	 # U Shape
26.677980579361183 70.06818162377073 4.388534833687152 47.05738410207161
13.65011685000309 23.829424811326316 85.8078621233692 38.35964773097328
2 2 	 # V Shape
71.38940330941325 66.12477459932806
63.967250710281796 41.47782711201822
2 4 	 # Alloc Shape
1 1 0 0
0 0 1 1

2 4 	 # U Shape
93.65626572412498 86.68340197158054 18.925327233848055 72.06792859172535
98.02938256425875 90.12801226123996 99.26303690783803 14.334025104944315
2 2 	 # V Shape
44.66625688076523 66.15453541636936
32.147598708910806 80.60845926555778
2 4 	 # Alloc Shape
1 1 0 0
0 0 1 1

2 4 	 # U Shape
22.466608200672024 78.27895425462721 23.869716778375206 80.50048714127878
67.83476877765997 9.77088156493261 61.801141028418726 78.90509616634866
2 2 	 # V Shape
22.512582451159147 72.18407783331006
50.04072149402751 59.62339101270706
2 4 	 # Alloc Shape
1 1 0 0
0 0 1 1

2 4 	 # U Shape
74.40612431803405 1.9748885869570132 48.66459833071378 28.710538211869043
83.65766144043025 35.093762283138595 5.813848845850833 25.765571820052468
2 2 	 # V Shape
22.482515755431688 74.20067478133699
14.911931130710087 11.988674891849794
2 4 	 # Alloc Shape
0 0 1 1
1 1 0 0

2 4 	 # U Shape
8.15202841094187 7.320238521183309 45.729125336325346 1.980614859064589
3.3853203566165613 27.098517538194233 50.91381914412286 58.221445676220384
2 2 	 # V Shape
14.551023397126883 56.278102490467774
21.14112993861156 95.16981752335076
2 4 	 # Alloc Shape
1 1 0 0
0 0 1 1

2 4 	 # U Shape
9.754237135141786 34.129634876488744 33.35783984141704 6.260592038241198
91.73798313475724 17.795231848083336 47.31560191582194 51.719727725501365
2 2 	 # V Shape
82.76477148802391 30.982210661923904
7.706621149399062 36.24439359341232
2 4 	 # Alloc Shape
1 1 0 0
0 0 1 1

2 4 	 # U Shape
65.49573246243791 46.713228611241654 50.34461575730024 40.57563886349919
66.31726629159785 23.741585289806476 5.858067742668249 76.90955271945415
2 2 	 # V Shape
87.98914834405889 16.855078198257367
3.972826431860832 34.58636513964727
2 4 	 # Alloc Shape
1 1 0 0
0 0 1 1

2 4 	 # U Shape
44.57523774021864 60.90897387810815 75.18630636281118 50.24363075831755
53.39457782738669 43.21099213857467 57.409994025755005 59.24720177598608
2 2 	 # V Shape
63.939728119285554 25.30838289143259
77.4288357882946 45.849617367751485
2 4 	 # Alloc Shape
1 1 0 0
0 0 1 1

2 4 	 # U Shape
13.646283014414507 1.2178780072376383 46.62314139270578 51.41616092704171
8.222571736113792 41.391550603436066 4.1159582038499565 72.13625533575392
2 2 	 # V Shape
35.81179150863053 67.20185763977167
67.96493114856543 56.09253216650115
2 4 	 # Alloc Shape
0 0 1 1
1 1 0 0

2 4 	 # U Shape
15.77602008626674 19.650993000444437 19.296230866742235 75.65207457049765
65.70564629554254 71.8248844726011 64.95994334462753 82.55672492115005
2 2 	 # V Shape
13.645117015344532 28.93781971847964
9.888042856084988 73.2269220699049
2 4 	 # Alloc Shape
0 0 1 1
1 1 0 0

2 4 	 # U Shape
31.477348277439066 51.96649402611412 71.79419067464461 59.691841291142175
24.782999753264857 84.03208529533632 65.06137367446392 54.61095275394479
2 2 	 # V Shape
7.582892401179264 56.59967015112948
94.44719785994438 48.67019288436627
2 4 	 # Alloc Shape
0 0 1 1
1 1 0 0

2 4 	 # U Shape
59.61798941830616 43.00360152977698 85.88137436654898 10.971493795520825
35.10739235533209 22.554575516669328 85.5416567274636 33.74768546348602
2 2 	 # V Shape
7.408364189202821 1.7193193279429253
45.16738237775013 58.530009609259345
2 4 	 # Alloc Shape
1 1 0 0
0 0 1 1

2 4 	 # U Shape
26.596258447949495 45.55626377539163 73.77391709279334 34.209486990026015
88.89865605569702 40.61521156758615 88.07806714614138 12.499501609015496
2 2 	 # V Shape
8.66153672031269 46.905550630246196
36.8214008273456 45.574871731875696
2 4 	 # Alloc Shape
0 0 1 1
1 1 0 0

2 4 	 # U Shape
47.32093562447314 55.12192336941776 33.06546145997012 74.66841994813213
88.23893183084873 22.171107809841395 91.46959492124311 52.8271683932195
2 2 	 # V Shape
6.860758736408268 55.1440256095604
89.28607651966331 85.85415634206146
2 4 	 # Alloc Shape
0 0 1 1
1 1 0 0

2 4 	 # U Shape
54.54413542359661 58.32966140202262 2.9473676166951956 43.64943057743121
43.35836451449118 91.36174283595655 22.134024513837357 48.067469643066396
2 2 	 # V Shape
73.87316613659412 40.952169997455535
75.592789606033 47.56054647142916
2 4 	 # Alloc Shape
1 1 0 0
0 0 1 1

2 4 	 # U Shape
99.19042428877086 75.62706040664312 49.85414116653887 74.25636194872448
96.28278031931038 81.33945796819737 11.310737039275043 75.61100522010076
2 2 	 # V Shape
75.92224587445561 31.58056832195628
58.212923388360515 6.611473632662356
2 4 	 # Alloc Shape
0 0 1 1
1 1 0 0

2 4 	 # U Shape
33.67530347261436 6.715893647546956 3.4278237106563414 92.81072173294864
2.0960457816302847 90.17979550974668 37.45471826359105 75.23970699142461
2 2 	 # V Shape
77.08857961355494 93.17491746136585
13.97562473688071 63.7083511033808
2 4 	 # Alloc Shape
1 1 0 0
0 0 1 1

2 4 	 # U Shape
24.10187542066373 9.01809561493323 85.7345952084618 94.81159757070462
23.67739167159678 90.00244915916352 76.56930886880163 3.8672673034152782
2 2 	 # V Shape
0.9414214097482332 97.03103794247777
14.503879402631014 38.57390359635684
2 4 	 # Alloc Shape
0 0 1 1
1 1 0 0

2 4 	 # U Shape
39.603146311903714 12.616489803209097 92.35006141703397 44.0675683537906
55.284930562082934 94.11402783232784 30.170472953401784 15.788332733524479
2 2 	 # V Shape
16.03698014385282 23.727941013918763
97.69718809837859 77.595283733849
2 4 	 # Alloc Shape
0 0 1 1
1 1 0 0

2 4 	 # U Shape
13.026791323409515 22.157910709637786 73.01732597003567 24.626573619796723
49.89111324123531 45.556029187271065 99.63371071249915 55.816945932762565
2 2 	 # V Shape
15.818022475513672 12.935419680028449
94.90776836484561 49.97959730849399
2 4 	 # Alloc Shape
0 0 1 1
1 1 0 0

2 4 	 # U Shape
51.15900234745325 64.79175171269756 16.461146031514996 39.596135730013735
34.242689879784734 88.48869551123313 27.044417092534278 33.555972016871884
2 2 	 # V Shape
72.21004272770345 65.29450335619364
42.005250370330046 48.94162858181248
2 4 	 # Alloc Shape
1 1 0 0
0 0 1 1

2 4 	 # U Shape
39.03220254907811 61.31520003976995 32.84547588038702 46.78330098886696
66.56155085568743 75.44200229048418 70.07553473427389 98.39638450510222
2 2 	 # V Shape
25.032802699004776 73.2084051669706
21.725085336561946 60.00269751987267
2 4 	 # Alloc Shape
1 1 0 0
0 0 1 1

2 4 	 # U Shape
19.841844942131715 41.970077459871135 75.12041508580658 86.38255441748285
46.10129082981872 62.89845615076596 18.123420893173638 13.332486407107469
2 2 	 # V Shape
56.06131053820314 97.33777564755258
62.428745989587995 73.70270318110558
2 4 	 # Alloc Shape
0 0 1 1
1 1 0 0

2 4 	 # U Shape
23.278700189161782 12.329066549635492 75.66801244397426 90.53267092823648
31.77807348266678 91.38173290119855 47.80100380907285 79.18022712443882
2 2 	 # V Shape
69.51496102989876 74.08454196570304
70.18200475297837 52.51525976072915
2 4 	 # Alloc Shape
0 0 1 1
1 1 0 0

2 4 	 # U Shape
2.182726809495328 91.3002078053524 94.66613494727761 52.52956273484125
85.70517243331763 44.88576236032519 88.01423227550131 0.8164535714587973
2 2 	 # V Shape
80.37093182760725 82.58385009623434
32.45469701977407 97.4156318360708
2 4 	 # Alloc Shape
0 0 1 1
1 1 0 0

2 4 	 # U Shape
76.7131024438972 67.72075355327722 78.09769116149569 47.5437265824955
99.95039259029315 62.239934206538315 36.852541184020914 24.2510926361043
2 2 	 # V Shape
31.996779123197072 50.11655000977127
44.42528273615387 96.32468278048283
2 4 	 # Alloc Shape
0 0 1 1
1 1 0 0

2 4 	 # U Shape
0.6432107136142062 17.05515084011856 84.51744224969299 25.359161006578933
4.547092917667128 41.39263197502687 37.2277642356876 77.34292382674907
2 2 	 # V Shape
35.665972152122585 31.86254617296276
36.68301779265776 36.8179014684389
2 4 	 # Alloc Shape
0 0 1 0
1 1 0 1

2 4 	 # U Shape
28.05209596392033 29.566965475987384 23.56196376040267 62.30129542568681
60.15736344330224 39.006152805727154 54.03529367193083 72.68076168347649
2 2 	 # V Shape
75.85819477390588 97.01211592614091
28.474025233541656 38.57446468614529
2 4 	 # Alloc Shape
0 0 1 1
1 1 0 0

2 4 	 # U Shape
64.65376114632676 30.468030694897585 77.35936536540112 85.56249495892858
68.6582425090333 78.80366208560187 27.017148918431765 36.25857187897488
2 2 	 # V Shape
3.404745021328537 73.73766356421412
27.702610704144693 65.67326794458143
2 4 	 # Alloc Shape
0 0 1 1
1 1 0 0

2 4 	 # U Shape
60.92642387025747 22.051876572295715 64.92440010586134 84.49133554925317
98.77869245273533 34.95961831233719 75.7723647506156 10.588454015418158
2 2 	 # V Shape
20.499196619507252 91.46370000980417
46.53816581083659 13.784086626337789
2 4 	 # Alloc Shape
0 0 1 1
1 1 0 0

2 4 	 # U Shape
53.90176570591373 40.630989286630616 42.84546302829783 32.34531007282515
19.099450589335788 38.27238073154835 15.561590292837845 5.928337185841959
2 2 	 # V Shape
79.39590954432961 11.445834691862789
59.26195079809007 66.55985340695413
2 4 	 # Alloc Shape
1 1 0 0
0 0 1 1

2 4 	 # U Shape
45.2927487855555 33.726594514372145 84.21879326027391 65.0394163163288
27.711885931043913 91.64389023437303 47.27440226672619 64.78889519043695
2 2 	 # V Shape
29.971367638145917 14.104368609636298
28.911586404075496 86.47638364889394
2 4 	 # Alloc Shape
0 0 1 1
1 1 0 0

2 4 	 # U Shape
50.85716466767008 2.5619417944006795 57.59313247150361 88.03387131973895
50.928379448755834 25.39943128151424 84.48311318017913 82.39441740224177
2 2 	 # V Shape
51.698999673693244 0.9195754348438889
56.92325968250336 44.58515662453325
2 4 	 # Alloc Shape
1 1 0 0
0 0 1 1

2 4 	 # U Shape
81.1808245710465 65.61416194029444 9.046543349714876 73.78958393482438
81.3518836777573 30.756295804726353 85.24805663215162 24.857857362932677
2 2 	 # V Shape
93.20753044927538 86.18342450924034
95.80116631223925 59.4959125790295
2 4 	 # Alloc Shape
1 1 0 0
0 0 1 1

2 4 	 # U Shape
44.22774198065602 8.118511010456276 58.3828533840156 6.276837283900816
16.968639720185287 59.82455055341999 63.30636586571205 66.00204255128081
2 2 	 # V Shape
59.88997165847193 92.50556681623834
67.05474430074754 92.48360679703619
2 4 	 # Alloc Shape
1 1 0 0
0 0 1 1

2 4 	 # U Shape
87.33893687423824 43.93807045925989 9.233565819105028 39.86355725122282
60.768085232184454 15.596850021866715 30.626209280996896 18.076586542633443
2 2 	 # V Shape
49.395533882791675 31.31917974789742
52.88762442420174 40.177494404067225
2 4 	 # Alloc Shape
1 1 0 0
0 0 1 1

2 4 	 # U Shape
93.37123253610223 57.11954274727867 4.979565950976827 85.17159178815334
87.09337611397441 5.7844236392036175 64.28528743614639 37.31925728144485
2 2 	 # V Shape
83.112465492355 18.718350733848798
17.51666694311538 68.52031733533528
2 4 	 # Alloc Shape
1 1 0 0
0 0 1 1

2 4 	 # U Shape
99.516757327571 86.43246405143307 18.989641598701425 34.35754790239957
85.21324057880942 79.76724524238675 28.459659076549993 62.61621854159851
2 2 	 # V Shape
82.29106307874117 7.4267831530102075
54.167705660041186 66.16648513214227
2 4 	 # Alloc Shape
1 1 0 0
0 0 1 1

2 4 	 # U Shape
79.82570412857524 0.6936069358956853 17.441959296795407 24.999967496658883
14.292473589742926 30.575437720726317 52.90894828023633 52.589894951385695
2 2 	 # V Shape
35.41569511343835 69.30877609328462
79.70671404755086 98.03286958598069
2 4 	 # Alloc Shape
1 1 0 0
0 0 1 1

2 4 	 # U Shape
1.8741408758382816 31.380185940494965 89.51417151873716 59.209698603758284
12.462332257724684 14.66608239185111 74.46446360060173 52.23953050627868
2 2 	 # V Shape
52.263058356891534 33.324762117033245
13.464936419307739 39.459767354245926
2 4 	 # Alloc Shape
1 1 0 0
0 0 1 1

2 4 	 # U Shape
31.495421836682368 4.744445794857999 57.477299688654604 96.95977907571617
85.00513221276364 56.92110122510967 28.43404433503055 58.40962910680233
2 2 	 # V Shape
23.217448082176006 19.827134973407446
62.75684299641681 43.05542448667743
2 4 	 # Alloc Shape
0 0 1 1
1 1 0 0

2 4 	 # U Shape
70.75290517712084 94.26171626481519 80.20335479790496 97.40499529691171
99.67162864983229 26.249901248294627 20.415413929141778 79.63727810632626
2 2 	 # V Shape
63.29496903599904 63.297312912872286
61.319202411635956 35.50752064126477
2 4 	 # Alloc Shape
0 0 1 1
1 1 0 0

2 4 	 # U Shape
21.935815293754114 12.080380277588997 70.10386449232105 24.66260908821527
19.285262652880487 6.377540096643464 98.74980858027153 31.289953684909655
2 2 	 # V Shape
86.29005768760669 40.6285128917333
93.2295135481622 34.523862680159645
2 4 	 # Alloc Shape
1 1 0 0
0 0 1 1

2 4 	 # U Shape
23.07609289219966 85.6771331947096 75.58782153316146 46.007831369573594
26.579993925091827 41.43244301218124 36.69349921352898 37.274214938038206
2 2 	 # V Shape
2.606944587508131 99.4764762683179
39.9991593468139 69.44236505305449
2 4 	 # Alloc Shape
0 0 1 1
1 1 0 0

2 4 	 # U Shape
42.64008082219931 26.908092866127255 15.541371382217772 8.598089710312474
11.400006433221165 46.016164876068544 11.844400237780583 77.97818195901304
2 2 	 # V Shape
97.3712940594507 80.32246394601074
72.64387456274082 93.8267783225306
2 4 	 # Alloc Shape
1 1 0 0
0 0 1 1

2 4 	 # U Shape
44.433439015337406 97.21193004362641 56.28576370693554 92.723238989096
27.218970429265987 29.89169652484388 82.59289877405126 3.859073874266461
2 2 	 # V Shape
0.8292789162505754 28.50251945934803
53.55870622418541 34.19596171295254
2 4 	 # Alloc Shape
0 1 0 1
1 0 1 0

2 4 	 # U Shape
25.281838530508928 31.114015488268485 63.10655524389311 46.971547279670666
4.0774447406990095 68.24319807826635 35.673798494006526 35.2071072310289
2 2 	 # V Shape
93.87712444569723 20.82101046090904
20.669212931796153 49.37574346058149
2 4 	 # Alloc Shape
1 1 0 0
0 0 1 1

2 4 	 # U Shape
62.10875436111358 60.243976769681986 72.63993910095515 11.684863939445956
80.55385331400305 69.47521711299581 17.16489535627207 6.231075039958012
2 2 	 # V Shape
33.21183749649595 49.03153383091271
3.526820103082995 30.912235220466112
2 4 	 # Alloc Shape
0 0 1 1
1 1 0 0

2 4 	 # U Shape
64.20030645053217 27.460534471794528 36.89159946245426 1.4860897440458376
5.704418852200899 61.3399538526605 58.712224969538326 95.85907829311647
2 2 	 # V Shape
39.46171431883082 70.79411572386714
13.112967261143904 32.60339362482759
2 4 	 # Alloc Shape
1 1 0 0
0 0 1 1

2 4 	 # U Shape
21.768317173024233 79.29413788951456 96.01296164906556 21.038518016680463
68.0786484955811 94.43533952521072 1.9599623863193916 63.86263525127931
2 2 	 # V Shape
72.46182073906752 72.55112524921773
57.72352789535532 50.580612453598384
2 4 	 # Alloc Shape
0 0 1 1
1 1 0 0

2 4 	 # U Shape
80.19637655828099 17.286278281052482 76.03533938104826 52.50399804350687
47.47362477858189 86.51652979657393 54.1713338898878 66.11970153359373
2 2 	 # V Shape
59.70103570131252 95.42362784701258
97.71534656026628 55.278132504004496
2 4 	 # Alloc Shape
0 0 1 1
1 1 0 0

2 4 	 # U Shape
45.79693359126152 5.03838533712938 64.63462010631453 26.771963302059987
85.00264372752552 82.58998515665658 42.64474906078512 8.62312711283353
2 2 	 # V Shape
52.90360629493739 97.1033780011743
35.488557111118205 75.63490141819126
2 4 	 # Alloc Shape
0 0 1 1
1 1 0 0

2 4 	 # U Shape
60.03667486131848 7.398167966127089 76.01020529351767 11.000664529239689
35.994874892796304 66.41963173829042 97.59913438422426 61.52031981342113
2 2 	 # V Shape
23.561598493103 4.1235955877662605
85.45970010867539 29.628994099102833
2 4 	 # Alloc Shape
0 0 1 0
1 1 0 1

2 4 	 # U Shape
79.92065128664962 51.657818683829795 9.740072734045214 66.86057491795856
56.0111146009492 43.599467905511304 14.27538679833118 46.34769626534458
2 2 	 # V Shape
42.67120248144464 80.33860503412264
63.439640163023384 2.0136835299679468
2 4 	 # Alloc Shape
0 0 1 1
1 1 0 0

2 4 	 # U Shape
46.875654099063205 52.08915531167839 28.256047761746828 49.03237112639787
47.59243539376053 20.494073432683567 61.102162107669066 74.1007345116332
2 2 	 # V Shape
89.7511633792578 93.78195266847094
48.970612039299446 32.303412264257226
2 4 	 # Alloc Shape
1 1 0 0
0 0 1 1

2 4 	 # U Shape
67.67869902229971 26.999899155420827 74.76019163465449 47.29862142054089
25.556306741758327 75.00014471355814 49.7926548309641 14.915114992233402
2 2 	 # V Shape
91.08491619833664 10.844416078801377
48.16985875710272 1.0238978274664245
2 4 	 # Alloc Shape
0 0 1 1
1 1 0 0

2 4 	 # U Shape
72.74277426940175 32.783475494788576 70.66613514807477 72.32627535129971
90.2246180950689 33.17530848492505 77.05603541458464 83.99293166230586
2 2 	 # V Shape
81.61858272255917 57.20167339951836
96.2492855054369 14.593100360590904
2 4 	 # Alloc Shape
0 0 1 1
1 1 0 0

2 4 	 # U Shape
12.762253213349627 61.528589456967744 70.89246782956668 89.74907230121097
45.27922088591486 16.27482647482542 41.720600903143726 51.166738838155545
2 2 	 # V Shape
56.32830054509059 70.41653713705037
57.608285534097746 57.076027812105224
2 4 	 # Alloc Shape
0 0 1 1
1 1 0 0

2 4 	 # U Shape
16.181375859041868 29.203029478929555 65.52135391172936 58.4150789043771
22.603009206187664 0.8017352905148156 62.48298514915802 24.39652001984389
2 2 	 # V Shape
36.63534359492083 87.8581794171358
33.9378275477499 92.19417207421657
2 4 	 # Alloc Shape
1 1 0 0
0 0 1 1

2 4 	 # U Shape
75.96106122413833 30.417612903440695 62.2746230629998 44.05498324279182
93.6769178309847 12.93352015917123 74.52294141627621 54.50276077219479
2 2 	 # V Shape
44.97428180227405 82.70095174780761
38.94880743941793 1.52552000927626
2 4 	 # Alloc Shape
0 0 1 1
1 1 0 0

2 4 	 # U Shape
35.40593106929054 49.61900448509292 92.20269816309307 98.26317740487406
63.08758150210602 38.88721282796212 97.11561079058401 37.81860554238904
2 2 	 # V Shape
70.19383373775548 90.7820117844388
12.608095504029748 56.764319630424694
2 4 	 # Alloc Shape
0 0 1 1
1 1 0 0

2 4 	 # U Shape
25.918620346622866 65.50136877831714 17.73662141831397 82.2470495255013
1.4814736540351592 6.77926090947617 76.66118906160756 58.84364428815934
2 2 	 # V Shape
52.06928938195345 25.74354100265934
35.269831008384955 22.566137526752193
2 4 	 # Alloc Shape
1 1 0 0
0 0 1 1

2 4 	 # U Shape
24.979381829533697 16.89245256781574 22.314152881948313 28.021776531526843
35.06825976478159 8.358042911193753 44.300964203682845 51.08609480149696
2 2 	 # V Shape
13.858827677952057 4.340475960543988
18.3042361452721 60.3496309082464
2 4 	 # Alloc Shape
1 1 0 0
0 0 1 1

2 4 	 # U Shape
38.85111536502954 93.53359370779502 31.967110909522955 84.94659079004612
42.927136935286924 47.55639695854882 51.17942581202297 92.38486071146427
2 2 	 # V Shape
3.3072287559772096 47.376426887928716
66.8695025042428 87.06127630309976
2 4 	 # Alloc Shape
1 1 0 0
0 0 1 1

2 4 	 # U Shape
60.06912588457328 57.68095301718371 25.362618515380397 15.013120920882395
96.73061454521934 43.44450121284251 47.72354501456888 90.19505437568908
2 2 	 # V Shape
90.58012893108327 28.142795527408857
36.78037387403853 26.323219501178198
2 4 	 # Alloc Shape
1 1 0 0
0 0 1 1

2 4 	 # U Shape
77.95761166891977 33.53556128623889 1.8011113354540975 30.9890359426675
7.309088209910353 78.1269467874734 79.35876466667531 1.3514582631941718
2 2 	 # V Shape
58.15096945937105 5.080744934772752
40.52074220883263 76.08785914729303
2 4 	 # Alloc Shape
1 1 0 0
0 0 1 1

2 4 	 # U Shape
37.549933043459035 51.66268098437967 98.56745637040301 4.203076808051753
23.800413003944122 57.9319045970952 28.037118412364503 50.918146605378375
2 2 	 # V Shape
46.970046719554205 71.27110065461028
79.9736624625427 58.00915729295375
2 4 	 # Alloc Shape
0 0 1 1
1 1 0 0

2 4 	 # U Shape
37.534632018494385 78.33581075456166 33.29607826062936 41.24227342522697
67.81604526459006 68.80648800421235 62.13119132869232 36.27562161384715
2 2 	 # V Shape
34.451881184982255 1.6778600716334302
26.181108950760866 16.40587699505548
2 4 	 # Alloc Shape
1 1 0 0
0 0 1 1

2 4 	 # U Shape
27.237542566905937 35.280509740883105 78.85547857306594 16.3815271450777
48.82982229694427 71.61366281357854 41.151746018981605 35.4347735158654
2 2 	 # V Shape
95.74080725040453 23.370409039916606
13.504607852814187 96.35220013621846
2 4 	 # Alloc Shape
1 1 0 0
0 0 1 1

2 4 	 # U Shape
31.1027331414121 65.0139356086285 85.97834066396949 62.31021388525975
83.19139568746006 24.32571621551032 85.71679548863767 98.71622643393331
2 2 	 # V Shape
33.63093590526469 49.73845013569359
42.21583436320861 61.03729477233622
2 4 	 # Alloc Shape
1 1 0 0
0 0 1 1

2 4 	 # U Shape
22.565263687946356 71.3786872439176 47.198576233055256 38.859933764430764
23.23181707228703 41.10572196464201 84.98331876012068 58.83708079224513
2 2 	 # V Shape
76.21298784002455 21.465030560137087
86.68940391923327 6.414475073732029
2 4 	 # Alloc Shape
1 1 0 0
0 0 1 1

2 4 	 # U Shape
56.9569050148919 94.94865486275796 75.20583174641308 92.48286570102124
72.93150415983645 40.248625248982876 19.331501685492437 66.47567440696743
2 2 	 # V Shape
95.92243317081991 58.74416961491548
60.08310416675114 3.331471917494777
2 4 	 # Alloc Shape
0 0 1 1
1 1 0 0

2 4 	 # U Shape
65.6141174145498 5.079473566453929 53.98375362602083 10.532431724317192
82.18221947774275 83.32108880553535 99.31544411002183 22.590170791697638
2 2 	 # V Shape
29.76744023807757 52.40905357724448
10.217029408681267 12.875327059478824
2 4 	 # Alloc Shape
0 0 1 1
1 1 0 0

2 4 	 # U Shape
56.82070182994185 1.6383257629479786 56.446846468988966 71.19250207276771
89.60699947096637 87.80030731858865 48.268832933109216 10.211760819796023
2 2 	 # V Shape
5.987602052363128 16.30370312070285
31.773309717250708 63.3817026751914
2 4 	 # Alloc Shape
0 0 1 1
1 1 0 0

