2 6 	 # U Shape
16.37314250008992 7.032486680550032 94.10108602458361 56.36813802348253 7.799233938998706 72.26405111248398
15.845217352316643 25.028130674402338 29.348725610219752 69.66107142085949 46.426408804015175 21.506214371433952
2 3 	 # V Shape
0.0 0.0 0.0
0.0 0.0 0.0
2 6 	 # Alloc Shape
0 0 1 0 0 1
1 1 0 1 1 0

2 6 	 # U Shape
5.329933834424705 68.50244527227008 44.335096201326486 46.79961473799611 66.10593347649595 68.99666319266119
26.33294844455638 1.1478933760174836 77.12944466247652 81.61423262888493 13.964160374829582 57.80067455748411
2 3 	 # V Shape
0.0 0.0 0.0
0.0 0.0 0.0
2 6 	 # Alloc Shape
0 1 0 0 1 1
1 0 1 1 0 0

2 6 	 # U Shape
99.93154094371133 96.30845742721496 76.56233531067416 70.73141563516712 82.38934184073045 43.54307925378266
70.8376031570175 26.55903962775129 59.48202216844651 82.2344986219729 78.43700185068896 97.25174614254051
2 3 	 # V Shape
0.0 0.0 0.0
0.0 0.0 0.0
2 6 	 # Alloc Shape
1 1 1 0 0 0
0 0 0 1 1 1

2 6 	 # U Shape
17.43474177937182 7.706757506996443 12.418971143544589 67.70210397700717 88.9702648433408 13.942505870779243
61.89002837182292 39.5484098062982 45.442457480385535 92.67890405408198 18.87622598870632 42.12222108452447
2 3 	 # V Shape
0.0 0.0 0.0
0.0 0.0 0.0
2 6 	 # Alloc Shape
0 0 0 1 1 0
1 1 1 0 0 1

2 6 	 # U Shape
37.12873952550867 67.56214735118489 17.06741249683961 14.2332602949508 36.01499729733869 83.11497291141919
39.63099047689467 79.98064003628743 7.260298677032773 73.81394754367616 13.829430507556385 54.18377047046747
2 3 	 # V Shape
0.0 0.0 0.0
0.0 0.0 0.0
2 6 	 # Alloc Shape
1 0 1 0 1 1
0 1 0 1 0 0

2 6 	 # U Shape
64.43820755989285 19.747718556896253 77.33226619848897 34.46042209716953 85.04102337554754 34.129814514380676
97.17666350170647 22.342957388458096 63.83999327947865 13.735714139920507 12.939907959777418 65.12757306060938
2 3 	 # V Shape
0.0 0.0 0.0
0.0 0.0 0.0
2 6 	 # Alloc Shape
0 0 1 1 1 0
1 1 0 0 0 1

2 6 	 # U Shape
86.12971867821182 75.62415746610661 5.314331685809215 96.68622804688346 11.856109327104026 64.12533472589591
24.58968990871806 82.63106610216471 63.704149848122114 1.6563355285970527 38.76483785092877 86.52564696641556
2 3 	 # V Shape
0.0 0.0 0.0
0.0 0.0 0.0
2 6 	 # Alloc Shape
1 0 0 1 0 0
0 1 1 0 1 1

2 6 	 # U Shape
4.581175870934306 35.634256423348255 22.042364138234117 64.88442694110604 8.640734624365187 33.9080399380093
65.85747763718442 83.04147370246498 18.89586584229377 1.4632868903693086 22.127113193785597 78.00433424910275
2 3 	 # V Shape
0.0 0.0 0.0
0.0 0.0 0.0
2 6 	 # Alloc Shape
0 0 1 1 1 0
1 1 0 0 0 1

2 6 	 # U Shape
78.98824351069337 58.113972193719995 69.84641963412034 5.974170895963615 18.926509698373163 39.81860334246862
73.7052762111031 55.2216901543784 24.070623413629832 90.95092418328923 2.5207974983498915 29.06698962447649
2 3 	 # V Shape
0.0 0.0 0.0
0.0 0.0 0.0
2 6 	 # Alloc Shape
0 1 1 0 1 1
1 0 0 1 0 0

2 6 	 # U Shape
31.96489329725435 61.98869558843523 21.105105700907956 68.16352945599145 67.40683728649185 84.6801046791486
18.63655738745692 41.81643894052355 26.95019356994367 30.934898555282086 25.642422618079518 45.09251290227907
2 3 	 # V Shape
0.0 0.0 0.0
0.0 0.0 0.0
2 6 	 # Alloc Shape
0 0 0 1 1 1
1 1 1 0 0 0

2 6 	 # U Shape
69.79606577267849 79.67834573931283 30.601259991510965 20.447838187687694 16.9507203286691 82.28746811034218
90.17375139891838 32.03599035561945 38.16377361188492 16.452824256285858 96.54985926472078 22.68949192407116
2 3 	 # V Shape
0.0 0.0 0.0
0.0 0.0 0.0
2 6 	 # Alloc Shape
0 1 0 1 0 1
1 0 1 0 1 0

2 6 	 # U Shape
7.301441479661285 6.997075234332096 15.881278316213487 58.073303643088394 29.768647465324683 62.55582747280126
7.559165657106148 64.84964651219227 27.867089136572552 14.881708896939582 96.11975481021516 84.03580131688044
2 3 	 # V Shape
0.0 0.0 0.0
0.0 0.0 0.0
2 6 	 # Alloc Shape
1 0 0 1 0 1
0 1 1 0 1 0

2 6 	 # U Shape
97.04768554959816 87.48014132298701 62.699930414152604 58.72809753174862 86.70523998882533 4.6795128164002335
46.81818333648127 52.577152945913866 97.90716040133208 3.2350250816627457 41.95755614440223 70.08298267882857
2 3 	 # V Shape
0.0 0.0 0.0
0.0 0.0 0.0
2 6 	 # Alloc Shape
1 1 0 1 1 0
0 0 1 0 0 1

2 6 	 # U Shape
10.188526885095172 47.56768207583345 56.86770524614606 43.199470715278984 4.848321735438866 83.54013582110427
4.9202496435669545 7.512048662896564 60.204562043736566 25.086398421701194 37.86033735662711 17.124926530710404
2 3 	 # V Shape
0.0 0.0 0.0
0.0 0.0 0.0
2 6 	 # Alloc Shape
1 1 0 1 0 1
0 0 1 0 1 0

2 6 	 # U Shape
52.752194901975834 36.91220660793954 8.53791750493903 74.2428707705723 41.42074370359566 25.61508425657032
95.05669551544148 87.42484574273728 41.81272003485789 71.99974696144741 57.050937339642594 23.584240184036677
2 3 	 # V Shape
0.0 0.0 0.0
0.0 0.0 0.0
2 6 	 # Alloc Shape
0 0 0 1 1 1
1 1 1 0 0 0

2 6 	 # U Shape
73.77402315482004 12.474573133117318 20.921967040745116 36.509042484703535 88.9900493352216 65.2853712293533
95.05404990347651 5.428856641544854 55.12983271237364 32.05805389634201 53.97693344484152 31.509665116713403
2 3 	 # V Shape
0.0 0.0 0.0
0.0 0.0 0.0
2 6 	 # Alloc Shape
0 1 0 1 1 1
1 0 1 0 0 0

2 6 	 # U Shape
64.16753358883815 16.62984512338732 88.39221778913866 79.3009775502652 77.60849898514148 98.18179912590989
5.937839543882162 61.13652081580272 61.85897906182116 11.581120982841064 49.44869254623324 10.403749677171225
2 3 	 # V Shape
0.0 0.0 0.0
0.0 0.0 0.0
2 6 	 # Alloc Shape
1 0 0 1 0 1
0 1 1 0 1 0

2 6 	 # U Shape
44.89490511009262 44.98789546045283 83.94436201612874 68.13288613871971 28.1837757823289 5.976852616557737
29.590241800401817 72.35865132659762 57.00754267541882 65.64274588300782 98.07413484087175 89.01447877835983
2 3 	 # V Shape
0.0 0.0 0.0
0.0 0.0 0.0
2 6 	 # Alloc Shape
1 0 1 1 0 0
0 1 0 0 1 1

2 6 	 # U Shape
52.441457890776164 24.668292352101595 77.02866704215906 35.44449203681659 96.33771348537856 41.107578841086564
86.59424132010432 73.82270307283136 53.89771787517411 77.89711513874926 23.85589459499249 99.88405899449741
2 3 	 # V Shape
0.0 0.0 0.0
0.0 0.0 0.0
2 6 	 # Alloc Shape
0 0 1 0 1 0
1 1 0 1 0 1

2 6 	 # U Shape
71.05638775445685 96.77277882405633 84.31629918294603 19.27960197416606 57.55686346863187 56.97754707430881
87.82739223696726 95.78213141141009 42.37130830420494 76.74788605586228 30.510586707732767 16.934556443951866
2 3 	 # V Shape
0.0 0.0 0.0
0.0 0.0 0.0
2 6 	 # Alloc Shape
0 0 1 0 1 1
1 1 0 1 0 0

2 6 	 # U Shape
24.18712495829196 83.60653337460623 98.16542408659168 9.12217882123324 53.794481192339475 15.308502249942935
34.393514190762154 12.64350406270297 39.203235763170376 33.24225025146584 50.81558251250263 82.1534768586349
2 3 	 # V Shape
0.0 0.0 0.0
0.0 0.0 0.0
2 6 	 # Alloc Shape
0 1 1 0 0 0
1 0 0 1 1 1

2 6 	 # U Shape
47.89270545487749 87.73963426420444 17.295341953498287 58.92767949727805 10.406194088491095 72.09101718186963
39.18025721739482 59.11058721300019 10.274217359850779 43.64613818389165 48.88204523072993 1.522738009614577
2 3 	 # V Shape
0.0 0.0 0.0
0.0 0.0 0.0
2 6 	 # Alloc Shape
0 1 1 0 0 1
1 0 0 1 1 0

2 6 	 # U Shape
4.398027406817439 34.23215682936912 53.821997811305124 21.68506610294727 76.80335672092014 57.500670865631854
86.041042620201 0.2791830269024853 11.903987841530494 79.44184557267688 23.785975277541716 87.89754563639914
2 3 	 # V Shape
0.0 0.0 0.0
0.0 0.0 0.0
2 6 	 # Alloc Shape
0 1 1 0 1 0
1 0 0 1 0 1

2 6 	 # U Shape
99.2585007561125 48.5974923784545 64.18188624167837 69.35510751652754 72.37204168490553 95.85669141790409
51.9347947782179 33.07501575494389 37.260660435028036 80.99367752842053 95.97306237700259 75.10749780427791
2 3 	 # V Shape
0.0 0.0 0.0
0.0 0.0 0.0
2 6 	 # Alloc Shape
1 1 1 0 0 1
0 0 0 1 1 0

2 6 	 # U Shape
59.68465277914121 2.482940315254545 8.118626325159184 50.096175857161484 40.4206186407159 85.97072201585614
58.45731528350674 17.38399211148436 52.09417236576079 21.224655421603856 0.2520600553144736 52.03936440760539
2 3 	 # V Shape
0.0 0.0 0.0
0.0 0.0 0.0
2 6 	 # Alloc Shape
0 0 0 1 1 1
1 1 1 0 0 0

2 6 	 # U Shape
63.022749737935634 77.66952300965379 57.38513336737401 44.69311794180895 93.35336698318578 48.12670067573255
37.16206482002059 22.309025606455613 13.549526102730013 48.00187924636232 71.57464027212602 89.69506706707993
2 3 	 # V Shape
0.0 0.0 0.0
0.0 0.0 0.0
2 6 	 # Alloc Shape
1 1 1 0 0 0
0 0 0 1 1 1

2 6 	 # U Shape
66.22629783741971 76.98638068314403 58.671755073547814 28.55805383512944 28.784934661731743 96.18161197664786
8.559265242118796 35.861856978254224 77.01796973179759 6.034576748936837 30.246641513504024 49.89511266728035
2 3 	 # V Shape
0.0 0.0 0.0
0.0 0.0 0.0
2 6 	 # Alloc Shape
1 1 0 1 0 1
0 0 1 0 1 0

2 6 	 # U Shape
52.16321846837301 77.5880447251456 12.398391422105682 57.295549842860524 92.68141165568224 22.891051432414432
10.206091025864694 37.471804568429235 71.59735282425869 30.191617261557056 88.4795018585439 44.60491360003888
2 3 	 # V Shape
0.0 0.0 0.0
0.0 0.0 0.0
2 6 	 # Alloc Shape
1 1 0 1 0 0
0 0 1 0 1 1

2 6 	 # U Shape
95.30998217512649 23.074752137967536 36.51752007325172 71.82601800816664 64.3444839196832 31.196822479885768
50.55223864029836 55.21693481069856 50.707727053679854 38.60784863647287 41.09342793920002 92.12896443068087
2 3 	 # V Shape
0.0 0.0 0.0
0.0 0.0 0.0
2 6 	 # Alloc Shape
1 0 0 1 1 0
0 1 1 0 0 1

2 6 	 # U Shape
18.788550028451535 34.98176171200773 47.27640845645443 28.573574901017473 4.030596770471329 95.69546084102447
12.322652456334904 78.40191924226676 66.32973703276703 7.735933901665981 79.7235264138782 35.77958614637199
2 3 	 # V Shape
0.0 0.0 0.0
0.0 0.0 0.0
2 6 	 # Alloc Shape
1 0 0 1 0 1
0 1 1 0 1 0

2 6 	 # U Shape
99.23089331267737 62.992562697847134 49.88763831847606 56.08119433210136 81.00708733014851 51.46542000757323
47.507027593904695 56.97912964320938 88.94665004779606 71.02118182456336 29.412888535340198 45.07037762247366
2 3 	 # V Shape
0.0 0.0 0.0
0.0 0.0 0.0
2 6 	 # Alloc Shape
1 0 0 0 1 1
0 1 1 1 0 0

2 6 	 # U Shape
62.5756847241481 30.36229639524821 3.9364023282979277 21.966818866126715 40.98715369936568 46.96698408038918
34.61204722416922 49.95166856024987 22.67788279735762 87.15405951183561 99.35225864792147 2.5137159473392345
2 3 	 # V Shape
0.0 0.0 0.0
0.0 0.0 0.0
2 6 	 # Alloc Shape
1 1 0 0 0 1
0 0 1 1 1 0

2 6 	 # U Shape
69.24463957980356 71.80393026367227 31.255428410395357 9.011015547156376 64.05765435993068 48.071848379774465
9.044714141806654 4.241770323817661 37.334124853279235 94.774936028336 21.341866686086707 48.91093084961933
2 3 	 # V Shape
0.0 0.0 0.0
0.0 0.0 0.0
2 6 	 # Alloc Shape
1 1 0 0 1 0
0 0 1 1 0 1

2 6 	 # U Shape
47.6401948502954 84.4836912707415 54.59618204446113 68.44414884488182 54.530776689996394 17.804637785401447
72.17093393412561 98.53532764408172 0.8372136004584085 5.633964336059883 63.82455589045686 7.666351186874209
2 3 	 # V Shape
0.0 0.0 0.0
0.0 0.0 0.0
2 6 	 # Alloc Shape
0 0 1 1 1 1
1 1 0 0 0 0

2 6 	 # U Shape
97.50709188585041 80.8879434946523 81.702037845609 71.74870266307319 10.062787670013984 75.24884467656223
53.02286561024335 86.77734819537113 58.22964841517333 69.75121452534707 50.52798128945194 56.333723213015475
2 3 	 # V Shape
0.0 0.0 0.0
0.0 0.0 0.0
2 6 	 # Alloc Shape
1 0 1 0 0 1
0 1 0 1 1 0

2 6 	 # U Shape
66.39347678350612 75.02986628549175 40.40894223817399 87.49518687949501 92.61065539605342 89.18309633626515
3.855914405704308 8.210258265547587 34.23757997403919 15.072350529079802 51.93275241100592 56.305761891262904
2 3 	 # V Shape
0.0 0.0 0.0
0.0 0.0 0.0
2 6 	 # Alloc Shape
1 1 0 1 0 0
0 0 1 0 1 1

2 6 	 # U Shape
88.83050740071859 69.40521915935149 18.779870737672198 48.075682015233355 5.843617968278503 87.68309741587717
78.05858902233473 16.591673045575682 17.69598079561485 57.347442649960755 11.901217664950003 0.8119708474689902
2 3 	 # V Shape
0.0 0.0 0.0
0.0 0.0 0.0
2 6 	 # Alloc Shape
0 1 0 0 0 1
1 0 1 1 1 0

2 6 	 # U Shape
43.92015903451956 82.73495257799806 53.168576112852776 72.9547651920155 94.65512610649665 2.5985450377742025
83.49480086910394 15.941617598940205 67.90794424217728 50.02701617447125 27.06163204506813 67.11773732779164
2 3 	 # V Shape
0.0 0.0 0.0
0.0 0.0 0.0
2 6 	 # Alloc Shape
0 1 0 1 1 0
1 0 1 0 0 1

2 6 	 # U Shape
30.57660596328029 94.51130061374869 57.050948406285926 38.9369198401006 25.209110611191687 12.770602654014318
72.61336748699394 22.886487983512037 87.04797994898009 33.32879921225105 94.22543852750512 73.26009139277896
2 3 	 # V Shape
0.0 0.0 0.0
0.0 0.0 0.0
2 6 	 # Alloc Shape
0 1 1 1 0 0
1 0 0 0 1 1

2 6 	 # U Shape
73.51162934082114 6.144773353762856 60.44244616672933 67.37313625383496 5.304090976239905 13.781694843929982
22.236797161394794 3.9226643736854694 0.11862747628267334 56.3441002513793 42.126386372702875 13.429693313218982
2 3 	 # V Shape
0.0 0.0 0.0
0.0 0.0 0.0
2 6 	 # Alloc Shape
1 1 1 0 0 0
0 0 0 1 1 1

2 6 	 # U Shape
25.32298559565016 30.47075681394884 14.886042143609313 42.87750718359508 49.5619238363317 59.17094059440052
75.47434195635194 49.92514692137856 43.86818483176119 77.42337879996253 99.39019325825356 60.640216067454055
2 3 	 # V Shape
0.0 0.0 0.0
0.0 0.0 0.0
2 6 	 # Alloc Shape
0 1 0 1 0 1
1 0 1 0 1 0

2 6 	 # U Shape
12.760553611939384 43.51560407404915 29.17511015876656 88.04935000133636 32.6663643748066 7.2481266104237
77.00460573938142 1.8024434613187479 98.06903438111479 6.503214324469154 42.39388970557963 13.439601162227854
2 3 	 # V Shape
0.0 0.0 0.0
0.0 0.0 0.0
2 6 	 # Alloc Shape
0 1 0 1 1 0
1 0 1 0 0 1

2 6 	 # U Shape
73.38271063636623 40.4771863733634 6.939151663820264 66.99778021981211 50.632035716660106 10.789367500111135
21.88412288878705 88.15128638503657 28.95674359940752 17.78662937273826 61.340053549216535 33.33539491781631
2 3 	 # V Shape
0.0 0.0 0.0
0.0 0.0 0.0
2 6 	 # Alloc Shape
1 0 0 1 0 0
0 1 1 0 1 1

2 6 	 # U Shape
28.996361925212444 93.88827478178275 40.36765886630014 13.777645672388362 33.22868169836539 58.24095923671837
27.704178346699926 15.593294967575776 4.509599953828247 11.82723227777126 29.513725621619358 51.16453785678928
2 3 	 # V Shape
0.0 0.0 0.0
0.0 0.0 0.0
2 6 	 # Alloc Shape
0 1 1 0 0 0
1 0 0 1 1 1

2 6 	 # U Shape
36.418442166793085 37.38462158780249 46.8138743884528 88.00917142435819 51.192490125994375 98.22236829587521
95.87797218573775 25.71571330376685 18.898982645998807 44.42935074605803 64.00708996078501 10.443613172308087
2 3 	 # V Shape
0.0 0.0 0.0
0.0 0.0 0.0
2 6 	 # Alloc Shape
0 0 1 1 0 1
1 1 0 0 1 0

2 6 	 # U Shape
77.85062037520443 10.337385775714559 12.996928813455877 64.66995560444516 32.23458854163578 12.984803079747753
79.98520295194793 18.75441240625284 61.28418995894172 92.95553444877724 78.81385096047798 91.89619207341391
2 3 	 # V Shape
0.0 0.0 0.0
0.0 0.0 0.0
2 6 	 # Alloc Shape
1 0 0 1 0 0
0 1 1 0 1 1

2 6 	 # U Shape
23.194557920249515 43.57361690404233 21.834090959441333 89.04174335139776 98.29747785441593 96.51501654282572
76.4869833659676 45.17129712919352 56.14447980796622 69.05182266265436 15.786779744144697 79.14323239603061
2 3 	 # V Shape
0.0 0.0 0.0
0.0 0.0 0.0
2 6 	 # Alloc Shape
0 0 0 1 1 1
1 1 1 0 0 0

2 6 	 # U Shape
5.245175935843793 12.277015919452195 74.61009172690736 76.0183590389469 54.022859514062105 30.816197593191006
60.16738223472914 61.73292773840217 33.84394155606265 45.74290163489996 46.71488570003878 46.16781304306237
2 3 	 # V Shape
0.0 0.0 0.0
0.0 0.0 0.0
2 6 	 # Alloc Shape
0 0 1 1 1 0
1 1 0 0 0 1

2 6 	 # U Shape
36.2577166239884 76.02020993096535 99.66196851565215 84.91876843150041 30.46548720319825 95.50972140926855
28.114405836866908 49.823277213166826 12.28177432710017 97.25725626854697 72.31502735346515 62.920392035630016
2 3 	 # V Shape
0.0 0.0 0.0
0.0 0.0 0.0
2 6 	 # Alloc Shape
0 1 1 0 0 1
1 0 0 1 1 0

2 6 	 # U Shape
60.426474574446665 57.41068441582395 53.9214046345306 82.58612932706501 18.656887993450187 27.619686193541103
87.47490369062866 12.232952300526023 38.342266893689 65.63782426352208 20.16405238933735 37.92577865008574
2 3 	 # V Shape
0.0 0.0 0.0
0.0 0.0 0.0
2 6 	 # Alloc Shape
0 1 1 1 0 0
1 0 0 0 1 1

2 6 	 # U Shape
50.99674257794135 16.485200739092054 49.784287754137004 98.84700541862495 19.23599890683454 74.04841704825745
74.53192656220418 17.71074133213225 92.00293584974996 84.43771846177015 94.17492612113631 95.48998094314834
2 3 	 # V Shape
0.0 0.0 0.0
0.0 0.0 0.0
2 6 	 # Alloc Shape
0 1 0 1 0 1
1 0 1 0 1 0

2 6 	 # U Shape
93.04296062572368 85.73166163418392 69.15841464359247 96.54625097671496 90.22796711719234 24.891295869286832
9.036625526028086 87.88860274588555 31.597016673039533 63.77915327910541 6.897331732280465 38.99076187957872
2 3 	 # V Shape
0.0 0.0 0.0
0.0 0.0 0.0
2 6 	 # Alloc Shape
1 0 1 0 1 0
0 1 0 1 0 1

2 6 	 # U Shape
51.37814362890125 22.384603254451974 32.92513323271553 38.75130418034598 85.38345047018353 36.22931879817599
18.03696330470952 98.68726737663643 39.11291683362983 20.38197891021167 24.88564588394908 10.48066869643478
2 3 	 # V Shape
0.0 0.0 0.0
0.0 0.0 0.0
2 6 	 # Alloc Shape
1 0 0 1 1 1
0 1 1 0 0 0

2 6 	 # U Shape
4.393394101976577 12.847820626200468 27.62393612070203 22.433969260982177 41.86957682351636 41.51534528072701
81.67426735148277 51.68547532952567 3.6361867040209273 53.9509939411263 40.72762510040284 28.372527801249824
2 3 	 # V Shape
0.0 0.0 0.0
0.0 0.0 0.0
2 6 	 # Alloc Shape
0 0 1 0 1 1
1 1 0 1 0 0

2 6 	 # U Shape
87.08763210038202 10.339442560834033 17.014726658399447 18.601626612673673 82.29096322979143 23.1143491599753
71.45545052417623 29.322581208022346 70.38448723164579 78.8090254290294 85.21060789254108 15.862762329689362
2 3 	 # V Shape
0.0 0.0 0.0
0.0 0.0 0.0
2 6 	 # Alloc Shape
1 0 0 0 1 1
0 1 1 1 0 0

2 6 	 # U Shape
85.35540266010365 17.28779052069718 7.140036346639245 2.7374918728419684 80.05587279936357 17.515425654428228
1.8712589945427904 74.60232332031359 19.637396392840067 90.35099764257453 79.33491725833277 93.08195759343954
2 3 	 # V Shape
0.0 0.0 0.0
0.0 0.0 0.0
2 6 	 # Alloc Shape
1 0 0 0 1 0
0 1 1 1 0 1

2 6 	 # U Shape
79.58320538002333 55.735864752372734 94.90550522825431 99.78934532204515 39.106275899076124 94.02680528937579
61.369374031249144 31.010556422870206 69.86208291936325 18.871841243806653 86.27893798290965 78.09078398465823
2 3 	 # V Shape
0.0 0.0 0.0
0.0 0.0 0.0
2 6 	 # Alloc Shape
0 1 1 1 0 0
1 0 0 0 1 1

2 6 	 # U Shape
85.17427404063864 2.366920061941169 68.45440219713191 97.2480520006749 42.65229949056648 24.32023681999772
38.06014602804463 78.37838040594498 4.924454245287246 44.65590376707096 8.807364075660228 41.33845413739022
2 3 	 # V Shape
0.0 0.0 0.0
0.0 0.0 0.0
2 6 	 # Alloc Shape
1 0 1 1 1 0
0 1 0 0 0 1

2 6 	 # U Shape
3.6191409551604714 28.61806211998269 60.61038287520408 36.640297793964514 72.2423421695313 62.32451903686408
31.912604010639868 86.00695798145165 3.2941637967671022 1.6562046520031015 89.63011499491273 21.54939700741718
2 3 	 # V Shape
0.0 0.0 0.0
0.0 0.0 0.0
2 6 	 # Alloc Shape
0 0 1 1 0 1
1 1 0 0 1 0

2 6 	 # U Shape
75.36818765441237 82.82861082072046 31.49284293557476 46.562916291478494 92.29217153183004 45.52806774168888
4.921694679047139 54.533573742579165 81.96871891191626 9.942236326476195 28.18519476615099 24.414117615689335
2 3 	 # V Shape
0.0 0.0 0.0
0.0 0.0 0.0
2 6 	 # Alloc Shape
1 0 0 1 1 1
0 1 1 0 0 0

2 6 	 # U Shape
32.29934231226975 85.99004393564555 85.89178081223147 46.41780850134786 91.93723696849278 42.52439704750264
27.35067546814204 65.86341970017163 46.83615715120332 0.1951078498383274 72.12346919238725 78.18792344512741
2 3 	 # V Shape
0.0 0.0 0.0
0.0 0.0 0.0
2 6 	 # Alloc Shape
0 1 1 1 0 0
1 0 0 0 1 1

2 6 	 # U Shape
89.24510025919436 51.0132439664334 34.3316312636775 32.95254575032748 41.60422829608375 77.10919928611776
19.920004496429023 15.848447255176424 12.061450535376562 11.3704200982505 78.49742892868768 74.83694596729904
2 3 	 # V Shape
0.0 0.0 0.0
0.0 0.0 0.0
2 6 	 # Alloc Shape
1 1 1 1 0 0
0 0 0 0 1 1

2 6 	 # U Shape
20.95169890154176 43.49032366808242 60.55029242713946 33.913728768048955 6.14695733504832 68.15662613980155
13.258332316524047 84.5055100551304 47.63561122298066 90.81966421591218 91.42149829423239 45.77007333801405
2 3 	 # V Shape
0.0 0.0 0.0
0.0 0.0 0.0
2 6 	 # Alloc Shape
1 0 1 0 0 1
0 1 0 1 1 0

2 6 	 # U Shape
40.14746577138314 81.55548051080534 10.173822926198428 31.42779027839948 11.851804472764915 88.94080292364949
46.11345941518417 39.07829024042763 18.76541240356423 1.0388701141530454 53.932825006095165 21.981168801192208
2 3 	 # V Shape
0.0 0.0 0.0
0.0 0.0 0.0
2 6 	 # Alloc Shape
0 1 0 1 0 1
1 0 1 0 1 0

2 6 	 # U Shape
29.723962218627907 63.77165945198971 22.09282019441845 48.86569190412825 83.16698386459232 3.4813640551762615
45.32095256518481 7.1693328012092605 46.74653840500132 36.075430415992535 75.56407201686072 30.074821203463987
2 3 	 # V Shape
0.0 0.0 0.0
0.0 0.0 0.0
2 6 	 # Alloc Shape
0 1 0 1 1 0
1 0 1 0 0 1

2 6 	 # U Shape
97.62270350775096 99.40969256570185 7.384333699789359 10.402026577446232 42.73473334637289 9.480049394938817
94.30202949942743 88.3712110603815 99.60091946292484 63.93093712373834 72.27975538506813 86.36603764983461
2 3 	 # V Shape
0.0 0.0 0.0
0.0 0.0 0.0
2 6 	 # Alloc Shape
1 1 0 0 0 0
0 0 1 1 1 1

2 6 	 # U Shape
77.90096829554895 96.24420089757471 34.01651707779263 30.9414233031139 43.39057215732461 81.23983407728296
63.948987012013646 68.98887104327291 28.2244384442913 67.22710644538114 39.41750715038774 71.85446510771446
2 3 	 # V Shape
0.0 0.0 0.0
0.0 0.0 0.0
2 6 	 # Alloc Shape
1 1 1 0 0 0
0 0 0 1 1 1

2 6 	 # U Shape
41.94878766637697 99.96549778935385 42.32805303743517 79.17034462941717 45.003477628163566 83.6635382041477
79.10300426680253 96.08043917551498 36.99811022792978 70.18325091114855 20.00690953407632 14.129428571800585
2 3 	 # V Shape
0.0 0.0 0.0
0.0 0.0 0.0
2 6 	 # Alloc Shape
0 0 0 1 1 1
1 1 1 0 0 0

2 6 	 # U Shape
49.998169053056486 15.756483326040238 98.15172054375729 52.40695239258722 43.36670933432336 4.307611837208136
96.24326385086087 5.491256517782506 32.985875671525356 81.27167708373027 34.49521837759897 62.84939024546825
2 3 	 # V Shape
0.0 0.0 0.0
0.0 0.0 0.0
2 6 	 # Alloc Shape
0 1 1 0 1 0
1 0 0 1 0 1

2 6 	 # U Shape
18.7273461753822 82.9413208743058 76.26467205590681 84.61388286897942 95.75864175457203 65.53681679146777
33.162447405310544 71.5071918112393 26.56134313358065 75.52088129865271 61.18015241377576 58.18490204745063
2 3 	 # V Shape
0.0 0.0 0.0
0.0 0.0 0.0
2 6 	 # Alloc Shape
0 0 1 0 1 1
1 1 0 1 0 0

2 6 	 # U Shape
99.04890733176549 60.42706221486917 12.10657776164864 71.28189229094609 77.30253426031382 9.442525142685698
98.4251702780108 2.8663596659304513 21.121756511255853 56.115052943846834 99.553813215463 71.55457685459866
2 3 	 # V Shape
0.0 0.0 0.0
0.0 0.0 0.0
2 6 	 # Alloc Shape
1 1 0 1 0 0
0 0 1 0 1 1

2 6 	 # U Shape
60.08261990049161 91.41035191462925 19.240236054337256 88.2871287709745 34.66742123603785 98.67426303567605
29.811318744284076 36.75029883493248 8.64754278752754 33.73459502840848 77.13057959097267 79.42767721090989
2 3 	 # V Shape
0.0 0.0 0.0
0.0 0.0 0.0
2 6 	 # Alloc Shape
1 1 1 1 0 0
0 0 0 0 1 1

2 6 	 # U Shape
29.586082215926478 92.47928606808901 92.32941484729709 51.11548333086444 5.78660596881353 57.20063485791099
10.013419314052296 92.25231997474924 84.61382961213718 73.6501824641618 74.76331402841429 52.384489745880124
2 3 	 # V Shape
0.0 0.0 0.0
0.0 0.0 0.0
2 6 	 # Alloc Shape
1 0 1 0 0 1
0 1 0 1 1 0

2 6 	 # U Shape
52.46459163244247 33.95022438651799 1.6626065155228575 88.81855144516793 46.175554855656465 78.11078136675633
20.83950474729179 90.30624165526584 58.629350586154374 32.709109086877774 9.87224695089175 73.90136143404877
2 3 	 # V Shape
0.0 0.0 0.0
0.0 0.0 0.0
2 6 	 # Alloc Shape
1 0 0 1 1 0
0 1 1 0 0 1

2 6 	 # U Shape
98.14655133646558 99.54968020720251 98.71284019579262 40.40055098903691 12.189228858710987 96.23072292694036
28.10046224451789 0.4669868045816816 80.17205029223588 65.16720654893268 49.09030959730233 47.560217258624405
2 3 	 # V Shape
0.0 0.0 0.0
0.0 0.0 0.0
2 6 	 # Alloc Shape
1 1 0 0 0 1
0 0 1 1 1 0

2 6 	 # U Shape
95.56186150453587 42.7870478728756 70.70436595029777 72.82608421532083 81.26426757699166 71.22983348888354
64.84910741681715 43.59323076341431 91.29586094031653 81.08561961382338 77.43527788463939 69.48456738859923
2 3 	 # V Shape
0.0 0.0 0.0
0.0 0.0 0.0
2 6 	 # Alloc Shape
1 0 0 0 1 1
0 1 1 1 0 0

2 6 	 # U Shape
82.2231085323925 44.551637386867384 37.677302456112095 47.15196820366161 83.81176204629823 4.3984548327809625
65.49670351563047 90.75010854910121 95.47535186590792 45.75153745067403 65.0396926698751 73.52543806646298
2 3 	 # V Shape
0.0 0.0 0.0
0.0 0.0 0.0
2 6 	 # Alloc Shape
1 0 0 1 1 0
0 1 1 0 0 1

2 6 	 # U Shape
91.09358451906245 87.9081435843427 34.687244560926324 80.488513876399 5.3307049859611215 27.76109351194239
13.542538838228246 38.21580573430735 73.10876346159394 3.1783176569080362 88.70012465671418 65.3470298569634
2 3 	 # V Shape
0.0 0.0 0.0
0.0 0.0 0.0
2 6 	 # Alloc Shape
1 1 0 1 0 0
0 0 1 0 1 1

2 6 	 # U Shape
24.319054398614625 17.606290528329637 48.08368135453955 73.91140828711535 37.99677765636276 30.08473558049314
76.81105217648116 97.83847276365006 37.72330684965589 72.79655273477204 95.27380596722739 37.82941851489756
2 3 	 # V Shape
0.0 0.0 0.0
0.0 0.0 0.0
2 6 	 # Alloc Shape
0 0 1 1 0 1
1 1 0 0 1 0

2 6 	 # U Shape
60.09272914802529 84.34344679958853 41.81235934825056 41.514295462282206 70.80457743678193 61.95429035028711
89.95151844388111 90.81735337002438 70.78293770878763 66.14454124751596 2.7526565528694924 76.52878447392243
2 3 	 # V Shape
0.0 0.0 0.0
0.0 0.0 0.0
2 6 	 # Alloc Shape
0 1 0 0 1 1
1 0 1 1 0 0

2 6 	 # U Shape
62.57833421203402 3.296149029026252 54.0534391026675 61.38005331994566 42.025029147984974 41.29492918075739
46.493732119543715 6.135818658431525 8.510092031321935 68.31335802636512 33.34544927019911 41.2998384902606
2 3 	 # V Shape
0.0 0.0 0.0
0.0 0.0 0.0
2 6 	 # Alloc Shape
1 0 1 0 1 0
0 1 0 1 0 1

2 6 	 # U Shape
7.023203165290582 15.534787921760485 88.95761815817697 54.47677985858198 61.161710406007984 19.441399266692937
43.962063117255866 41.87974847269863 31.39781088517618 59.524919132721536 98.19144168320058 1.7292881129610138
2 3 	 # V Shape
0.0 0.0 0.0
0.0 0.0 0.0
2 6 	 # Alloc Shape
0 0 1 1 0 1
1 1 0 0 1 0

2 6 	 # U Shape
20.98972174443198 11.528266905320528 20.311264478062206 35.09503056579919 6.78822213355258 44.79212523442082
37.89380287992348 63.516218271530676 61.85710118624358 36.71701086301309 54.03379999764013 63.844494828788726
2 3 	 # V Shape
0.0 0.0 0.0
0.0 0.0 0.0
2 6 	 # Alloc Shape
1 0 0 1 0 1
0 1 1 0 1 0

2 6 	 # U Shape
60.510707924870964 9.056422787159358 34.38218725347366 87.42279230768814 47.428731688636525 39.055866305033994
64.46342064075301 53.43833998080741 58.65330854970245 6.853217967438619 90.45160177947368 36.23046276924975
2 3 	 # V Shape
0.0 0.0 0.0
0.0 0.0 0.0
2 6 	 # Alloc Shape
1 0 0 1 0 1
0 1 1 0 1 0

2 6 	 # U Shape
49.92020458924596 59.65485550017237 41.03295186948374 13.540031995453594 68.04838390569509 67.9365880403492
42.73903126401301 2.358735936038958 54.91479778153916 76.27948987283081 68.40981627354297 80.07073081881421
2 3 	 # V Shape
0.0 0.0 0.0
0.0 0.0 0.0
2 6 	 # Alloc Shape
1 1 0 0 1 0
0 0 1 1 0 1

2 6 	 # U Shape
20.30399252075229 91.0006788708234 21.8029277047776 14.95307764423317 15.824831955602603 36.69845604768403
87.81268356968678 56.03351161595583 33.01808891874687 30.389977468415385 39.80772617153755 88.15387577365857
2 3 	 # V Shape
0.0 0.0 0.0
0.0 0.0 0.0
2 6 	 # Alloc Shape
0 1 1 0 0 0
1 0 0 1 1 1

2 6 	 # U Shape
66.45477876977158 4.887273814845106 23.35533724834984 23.045639730200296 48.81159215583567 63.67369292260896
29.911633547111414 21.690416977931903 74.89122967648308 76.52083887177112 10.901200767629193 11.614615611217282
2 3 	 # V Shape
0.0 0.0 0.0
0.0 0.0 0.0
2 6 	 # Alloc Shape
1 0 0 0 1 1
0 1 1 1 0 0

2 6 	 # U Shape
26.834913932638095 19.70173077006796 89.44464343213 67.44393716735655 96.81429267879264 99.85706014170316
97.68474519214035 30.51954197440434 45.32759937724061 11.862498294371381 92.66352081873146 55.47114865448848
2 3 	 # V Shape
0.0 0.0 0.0
0.0 0.0 0.0
2 6 	 # Alloc Shape
0 0 1 1 0 1
1 1 0 0 1 0

2 6 	 # U Shape
0.3374812620976275 94.62061795364991 48.161544613611696 44.038942866613255 22.84732060667768 36.818643525426744
48.942096993842156 53.49748763162746 34.843496306064225 52.96328503962631 16.71661692994264 9.185822441297276
2 3 	 # V Shape
0.0 0.0 0.0
0.0 0.0 0.0
2 6 	 # Alloc Shape
0 1 1 0 0 1
1 0 0 1 1 0

2 6 	 # U Shape
15.244638846810787 89.85903014076952 4.849367188567655 51.10115822528931 84.48231104963206 12.97352082378066
63.47519904109888 97.43892145688115 76.31109940338148 27.804586137104458 17.457695859186316 44.73079096470419
2 3 	 # V Shape
0.0 0.0 0.0
0.0 0.0 0.0
2 6 	 # Alloc Shape
0 1 0 1 1 0
1 0 1 0 0 1

2 6 	 # U Shape
42.07285133237618 99.92666753039016 23.482112994262337 91.68105147833352 65.11242168049542 11.017489501452715
14.937858038622043 50.11902913130526 80.06146956988084 42.049626862925585 38.177936568683265 21.587663711103154
2 3 	 # V Shape
0.0 0.0 0.0
0.0 0.0 0.0
2 6 	 # Alloc Shape
1 1 0 1 0 0
0 0 1 0 1 1

2 6 	 # U Shape
46.31048039015161 46.057733364100464 6.195010844413518 51.20086080904227 55.98432503415294 97.18706934916878
38.989617165841274 14.812206339412448 33.31530381282434 51.383939278618364 45.58850310632603 67.58310408991149
2 3 	 # V Shape
0.0 0.0 0.0
0.0 0.0 0.0
2 6 	 # Alloc Shape
1 1 0 0 0 1
0 0 1 1 1 0

2 6 	 # U Shape
19.92905099464679 71.01111529028923 51.886639587665805 55.84353740317521 26.391210525872545 69.82248370623444
48.963083753192336 49.82593067736422 55.881403759743144 37.22794807611488 50.98340089390957 89.06600639479659
2 3 	 # V Shape
0.0 0.0 0.0
0.0 0.0 0.0
2 6 	 # Alloc Shape
0 1 1 1 0 0
1 0 0 0 1 1

2 6 	 # U Shape
20.893179561981334 40.42495521406412 63.29566558398613 28.50902705000131 33.83778521593499 93.12852507160999
49.881773261252214 76.48988474846584 55.71062538050755 52.94690971332929 97.32346395395996 76.02051942141757
2 3 	 # V Shape
0.0 0.0 0.0
0.0 0.0 0.0
2 6 	 # Alloc Shape
0 0 1 0 0 1
1 1 0 1 1 0

2 6 	 # U Shape
66.59165328048348 25.251877000762935 33.19117814869823 96.16384687829994 88.96847171887894 78.88607828770844
18.302002673186692 65.3664019343557 52.81976580579377 53.89872794036326 52.59702498830878 27.20164371025866
2 3 	 # V Shape
0.0 0.0 0.0
0.0 0.0 0.0
2 6 	 # Alloc Shape
1 0 0 1 0 1
0 1 1 0 1 0

2 6 	 # U Shape
2.37669996780564 59.23274100789765 76.02958968235149 71.03114413600066 67.26418237764742 75.18094497396764
24.2776151857771 17.260522715008964 84.59036454284019 12.418090874890463 4.44595220741294 39.20248311763721
2 3 	 # V Shape
0.0 0.0 0.0
0.0 0.0 0.0
2 6 	 # Alloc Shape
0 1 0 1 1 1
1 0 1 0 0 0

2 6 	 # U Shape
74.20776711425353 9.229406086094205 80.32410088840084 90.6940576974904 33.39274766361206 34.71731166381215
95.24533410505394 79.84456952342944 10.437057739972888 73.6850366044901 30.8633360741672 28.48832707210873
2 3 	 # V Shape
0.0 0.0 0.0
0.0 0.0 0.0
2 6 	 # Alloc Shape
0 0 1 1 0 1
1 1 0 0 1 0

2 6 	 # U Shape
40.757572685225554 66.26957868143117 29.403409667144174 32.827284457582174 12.350288950972155 36.599381686845334
38.502908206408314 3.1083959953020934 56.73201113621103 4.370962874230044 66.62755418675935 92.59323862388456
2 3 	 # V Shape
0.0 0.0 0.0
0.0 0.0 0.0
2 6 	 # Alloc Shape
1 1 0 1 0 0
0 0 1 0 1 1

2 6 	 # U Shape
26.87413978864589 71.19786808603021 61.10380405603023 42.40937149454847 99.45678948399002 52.55187467014226
67.30417663801371 6.604065831900852 20.69031840450234 57.6550330366382 93.70306307812865 63.10516175762767
2 3 	 # V Shape
0.0 0.0 0.0
0.0 0.0 0.0
2 6 	 # Alloc Shape
0 1 1 0 1 0
1 0 0 1 0 1

2 6 	 # U Shape
98.4565159309791 19.916902822406847 37.56181482312044 59.00950975932903 97.13607843306342 6.336204396586642
62.288285513096156 82.18237254686358 83.57088189735632 6.582491331510076 20.48160744259637 42.63118599408625
2 3 	 # V Shape
0.0 0.0 0.0
0.0 0.0 0.0
2 6 	 # Alloc Shape
1 0 0 1 1 0
0 1 1 0 0 1

