2 6 	 # U Shape
67.19770812804666 80.65937981616575 98.2741914544214 63.56607347968526 21.59232560471803 54.902743208427964
54.55599580092261 23.40760731470016 11.372584300707944 49.965926704895466 15.210842242178801 53.268608055726965
2 3 	 # V Shape
0.0 0.0 0.0
0.0 0.0 0.0
2 6 	 # Alloc Shape
0 1 1 0 1 0
1 0 0 1 0 1

2 6 	 # U Shape
77.9033750778338 80.82665107388681 72.50253897321808 8.298246975113798 89.35202013442563 37.744615355590696
32.58557061995017 34.277815410322724 33.43115286943138 20.42154424717051 20.03034431052746 27.789370772642307
2 3 	 # V Shape
0.0 0.0 0.0
0.0 0.0 0.0
2 6 	 # Alloc Shape
1 1 0 0 1 0
0 0 1 1 0 1

2 6 	 # U Shape
44.89217570018435 3.127758666552116 85.91044903080123 18.252879402305165 72.83094463286277 96.73682786626925
89.83157458733268 83.43715027909192 59.05078040283765 36.14592485935443 16.483069676401783 44.02117604413666
2 3 	 # V Shape
0.0 0.0 0.0
0.0 0.0 0.0
2 6 	 # Alloc Shape
0 0 1 0 1 1
1 1 0 1 0 0

2 6 	 # U Shape
66.90624907683382 95.78432732211525 70.22516656958899 32.740784060362095 69.34995744350451 16.052483281843998
31.547908291880912 68.11911118116751 8.927461229817634 74.7194856213263 32.435363100594614 57.98082207386922
2 3 	 # V Shape
0.0 0.0 0.0
0.0 0.0 0.0
2 6 	 # Alloc Shape
1 0 1 0 1 0
0 1 0 1 0 1

2 6 	 # U Shape
66.99439053354557 89.29616473916475 34.75577283238365 63.16655437677292 18.84931951882429 34.82845613823618
98.47770719590596 75.16312390912312 83.30600433851461 14.20305629591706 1.4979197663230304 85.72744718510954
2 3 	 # V Shape
0.0 0.0 0.0
0.0 0.0 0.0
2 6 	 # Alloc Shape
0 1 0 1 1 0
1 0 1 0 0 1

2 6 	 # U Shape
30.33046825081763 33.142930215218634 5.6686266327217405 2.9364493641441447 12.613087143994761 9.960114391646325
16.2180741260738 15.088139339611384 31.239040116674577 55.98006166047904 34.80439103883216 34.941538274791654
2 3 	 # V Shape
0.0 0.0 0.0
0.0 0.0 0.0
2 6 	 # Alloc Shape
1 1 0 0 0 0
0 0 1 1 1 1

2 6 	 # U Shape
20.73784250938192 37.98911969876221 18.36164144725356 48.636239703774564 6.0526567455402525 4.2419133629680195
66.71035088709226 7.007925347440236 59.371493098051516 74.47905627836555 84.69962489307773 51.21036801743922
2 3 	 # V Shape
0.0 0.0 0.0
0.0 0.0 0.0
2 6 	 # Alloc Shape
0 1 0 1 0 0
1 0 1 0 1 1

2 6 	 # U Shape
84.70515087557428 8.203183389714397 10.632956221260637 78.4312915867613 86.44172191561195 36.487598048204276
9.833603119427892 85.86359397906354 11.010505217052724 11.659282648731484 42.50028772481438 2.7473008201872595
2 3 	 # V Shape
0.0 0.0 0.0
0.0 0.0 0.0
2 6 	 # Alloc Shape
1 0 0 1 0 1
0 1 1 0 1 0

2 6 	 # U Shape
64.17193905198543 52.643768843088054 19.26123361340779 98.0328347703074 15.401655534776438 85.27445826207841
66.40850174178757 23.212703741814522 74.63002634900829 5.71361284285018 49.02589209577363 48.41880968973011
2 3 	 # V Shape
0.0 0.0 0.0
0.0 0.0 0.0
2 6 	 # Alloc Shape
0 1 0 1 0 1
1 0 1 0 1 0

2 6 	 # U Shape
9.126212613680684 42.97912425720938 10.295325343922846 34.63125746312026 69.44834491879061 41.72053638608515
15.282440000454978 74.32985398212696 45.77500920520032 12.78628031348774 39.830299483347154 20.38676940658898
2 3 	 # V Shape
0.0 0.0 0.0
0.0 0.0 0.0
2 6 	 # Alloc Shape
0 0 0 1 1 1
1 1 1 0 0 0

2 6 	 # U Shape
89.6899061088446 73.2361862940488 61.49198892672592 83.787946609322 67.93946260325609 72.01669376618976
77.49984858573738 72.42834324397249 34.57105941923246 23.14300747464855 20.099338300343494 85.58314238699519
2 3 	 # V Shape
0.0 0.0 0.0
0.0 0.0 0.0
2 6 	 # Alloc Shape
0 0 1 1 1 0
1 1 0 0 0 1

2 6 	 # U Shape
3.868298120726754 85.78662007173622 31.587092085253722 76.81318820327756 46.41811569966483 86.7039179933782
98.75364091488161 71.75912165394719 77.20540388991715 48.98743190881294 48.818924654364004 85.69142863339384
2 3 	 # V Shape
0.0 0.0 0.0
0.0 0.0 0.0
2 6 	 # Alloc Shape
0 1 0 1 0 1
1 0 1 0 1 0

2 6 	 # U Shape
79.43365640947773 12.074559325072265 2.3251633557041074 10.117916502015534 83.55923926055615 67.21389956550617
67.26525953156872 11.91770675391467 76.5748551582324 43.84211714787843 28.53041058506832 79.64808960053527
2 3 	 # V Shape
0.0 0.0 0.0
0.0 0.0 0.0
2 6 	 # Alloc Shape
1 1 0 0 1 0
0 0 1 1 0 1

2 6 	 # U Shape
15.937568085119958 92.94748028203662 62.7059638262372 85.96008386557212 13.43566036345819 81.8458092755456
60.71513282276902 83.03070796838867 83.07191004919153 38.88340751949772 92.03323669738758 46.066238983791784
2 3 	 # V Shape
0.0 0.0 0.0
0.0 0.0 0.0
2 6 	 # Alloc Shape
0 1 0 1 0 1
1 0 1 0 1 0

2 6 	 # U Shape
82.97276340531977 19.855646934806657 28.34868065251638 89.41344998544075 72.87877097592421 6.336080100595554
66.23879647019024 18.83946226423251 40.23139349665954 19.114261496647835 38.199446403330874 58.352509543974385
2 3 	 # V Shape
0.0 0.0 0.0
0.0 0.0 0.0
2 6 	 # Alloc Shape
0 1 0 1 1 0
1 0 1 0 0 1

2 6 	 # U Shape
96.38473240177946 77.49644455007515 15.346813083653677 88.76333174360931 13.252633853040885 74.59069953528311
86.25294351647898 69.54657234043782 40.34046829351043 72.23059360820744 38.0003450984854 99.41288242804912
2 3 	 # V Shape
0.0 0.0 0.0
0.0 0.0 0.0
2 6 	 # Alloc Shape
1 1 0 1 0 0
0 0 1 0 1 1

2 6 	 # U Shape
63.44559693751205 8.91404032268931 63.43565006749879 21.7257902543882 67.73717104534356 45.700212871632694
43.764560524207766 63.912427431695306 88.34387295450777 36.20968695773541 81.63247421661988 83.05530687908154
2 3 	 # V Shape
0.0 0.0 0.0
0.0 0.0 0.0
2 6 	 # Alloc Shape
1 0 0 1 1 0
0 1 1 0 0 1

2 6 	 # U Shape
46.790903407130045 40.92499611935676 56.10350512322172 74.3333268497659 30.255828755394177 39.45303889932485
24.828343079164206 79.1456546285054 53.82491531091088 8.695106746576787 5.163051653824013 37.02530431212172
2 3 	 # V Shape
0.0 0.0 0.0
0.0 0.0 0.0
2 6 	 # Alloc Shape
1 0 0 1 1 0
0 1 1 0 0 1

2 6 	 # U Shape
62.52876099944962 1.0649195240721943 63.48538904664461 38.48050374145483 23.620239810273404 1.4911714483096028
43.430067206226454 26.153177591436883 35.12247332167949 94.48013973674563 8.937897132779538 21.684660784992438
2 3 	 # V Shape
0.0 0.0 0.0
0.0 0.0 0.0
2 6 	 # Alloc Shape
1 0 1 0 1 0
0 1 0 1 0 1

2 6 	 # U Shape
20.88357362363239 19.00556514299334 47.80045527150825 78.0131541882551 68.60484009937741 44.797600310135735
59.4665788868578 29.963572953258044 82.13248259341285 38.27510862423392 80.55744036651943 69.67384625970024
2 3 	 # V Shape
0.0 0.0 0.0
0.0 0.0 0.0
2 6 	 # Alloc Shape
0 0 0 1 1 0
1 1 1 0 0 1

2 6 	 # U Shape
60.367787825036515 47.64445836582516 49.52623357507554 86.50713425760196 81.28340440206516 98.08159685451777
70.71324852404784 5.248495359258087 8.112635320772366 1.197635742207459 19.634817491186197 64.48679599442261
2 3 	 # V Shape
0.0 0.0 0.0
0.0 0.0 0.0
2 6 	 # Alloc Shape
0 1 1 1 1 0
1 0 0 0 0 1

2 6 	 # U Shape
38.264139229061435 25.49466040659918 19.429718755939195 85.52515748533425 14.026637455174173 23.40678558662561
87.41740906036736 25.29186056004773 93.22867338541705 43.17300865919056 69.76427597551736 25.64432131415656
2 3 	 # V Shape
0.0 0.0 0.0
0.0 0.0 0.0
2 6 	 # Alloc Shape
0 1 0 1 0 1
1 0 1 0 1 0

2 6 	 # U Shape
82.48487995276035 14.179179214165904 78.49533941585301 78.50904701400188 67.22657966231444 95.48323035854213
54.190307427204374 69.7968743086611 20.17337478378547 91.5296466814015 13.437851341443519 65.0472160731303
2 3 	 # V Shape
0.0 0.0 0.0
0.0 0.0 0.0
2 6 	 # Alloc Shape
1 0 1 0 1 1
0 1 0 1 0 0

2 6 	 # U Shape
63.4514527342242 60.26223841510583 18.23408524645499 9.584423436427924 6.344104241893844 42.14045443113107
33.40260261121505 49.131239021708154 34.2572111194416 45.37055801458004 77.71952027084976 80.66822888726432
2 3 	 # V Shape
0.0 0.0 0.0
0.0 0.0 0.0
2 6 	 # Alloc Shape
1 1 0 0 0 0
0 0 1 1 1 1

2 6 	 # U Shape
7.236750781159884 77.93824552079698 77.25357092641812 13.823085759362918 21.340258010933123 47.67747007986082
62.34947315558015 69.75293346552235 88.10212597932527 52.949897443896695 37.08553890021299 15.978750425922517
2 3 	 # V Shape
0.0 0.0 0.0
0.0 0.0 0.0
2 6 	 # Alloc Shape
0 1 1 0 0 1
1 0 0 1 1 0

2 6 	 # U Shape
42.88170230599643 88.17976402192848 64.1866460742373 1.515632175397219 27.116203355784762 75.65571618925887
0.7684009086915689 84.92952584694878 20.183724147313807 42.25796477177962 53.99839576185861 49.69164447542534
2 3 	 # V Shape
0.0 0.0 0.0
0.0 0.0 0.0
2 6 	 # Alloc Shape
1 0 1 0 0 1
0 1 0 1 1 0

2 6 	 # U Shape
11.378751815194965 61.29261900697319 71.56344739977271 47.00683709970988 49.75529503771517 83.31246001870973
49.59182835389279 95.59957156456927 38.38289962600096 55.0533484051394 84.10530330547644 46.76195412642985
2 3 	 # V Shape
0.0 0.0 0.0
0.0 0.0 0.0
2 6 	 # Alloc Shape
0 0 1 1 0 1
1 1 0 0 1 0

2 6 	 # U Shape
63.456776559548686 54.42625224688674 89.50485801127543 42.00836398421781 79.9606408154763 12.110468232992645
14.38651179853131 4.5684515878942396 59.70758890615953 26.32435827171985 95.72147400365911 3.121834912166521
2 3 	 # V Shape
0.0 0.0 0.0
0.0 0.0 0.0
2 6 	 # Alloc Shape
1 1 1 0 0 1
0 0 0 1 1 0

2 6 	 # U Shape
47.85110496633107 9.081644417920554 63.93464717638583 63.98840461457138 57.81605731701344 3.34960488748407
40.52588277022049 55.52271619860575 10.708868627248712 79.40807569219565 6.706589474910595 41.65555879757906
2 3 	 # V Shape
0.0 0.0 0.0
0.0 0.0 0.0
2 6 	 # Alloc Shape
1 0 1 0 1 0
0 1 0 1 0 1

2 6 	 # U Shape
1.1424995386404846 34.857436065611836 4.4553220295096345 64.17205906884469 22.271618192650944 60.315178502956535
71.04591577505813 36.95848394242203 7.901712981146347 45.435141661619774 69.67556468812795 81.27187003953944
2 3 	 # V Shape
0.0 0.0 0.0
0.0 0.0 0.0
2 6 	 # Alloc Shape
0 1 0 1 0 1
1 0 1 0 1 0

2 6 	 # U Shape
88.43087815767882 59.98489243622266 48.89290978920625 5.9869674107508875 45.2437991230357 95.37130731060297
73.12890448028146 11.212013321338732 65.1872974025015 77.02134809051034 69.50292184544354 74.66547512332717
2 3 	 # V Shape
0.0 0.0 0.0
0.0 0.0 0.0
2 6 	 # Alloc Shape
1 1 0 0 0 1
0 0 1 1 1 0

2 6 	 # U Shape
88.15418697028623 49.38854822245319 57.07217125893458 99.38361713204301 33.17372939374121 32.69012965461966
3.4823409982681186 86.72313649020107 29.69462141610396 73.67321217835573 50.314855423700614 48.90694052434592
2 3 	 # V Shape
0.0 0.0 0.0
0.0 0.0 0.0
2 6 	 # Alloc Shape
1 0 1 1 0 0
0 1 0 0 1 1

2 6 	 # U Shape
68.05986692109774 10.7948304938427 98.1821002004254 84.53422365803715 45.36161678088415 68.788750582986
70.80201232479362 50.84987313093784 90.70380742645112 21.21946950274548 23.962278377278302 2.5453707408201187
2 3 	 # V Shape
0.0 0.0 0.0
0.0 0.0 0.0
2 6 	 # Alloc Shape
0 0 0 1 1 1
1 1 1 0 0 0

2 6 	 # U Shape
61.88043434337154 35.61868211275032 72.73177996963285 83.2561348239665 43.909229063252496 97.22642158404699
49.50066185753806 60.46720964909136 24.15299217413426 85.14869157164519 18.81650103159249 46.07335757785128
2 3 	 # V Shape
0.0 0.0 0.0
0.0 0.0 0.0
2 6 	 # Alloc Shape
0 0 1 0 1 1
1 1 0 1 0 0

2 6 	 # U Shape
57.35355963491394 21.277422716321027 8.378531660192856 81.45193979756287 19.04829643368827 30.839408693522984
3.535970211202666 0.8741636598340374 62.98662501930475 37.89982978396908 40.442296617451646 17.392591412175573
2 3 	 # V Shape
0.0 0.0 0.0
0.0 0.0 0.0
2 6 	 # Alloc Shape
1 1 0 1 0 1
0 0 1 0 1 0

2 6 	 # U Shape
38.42951372278759 40.08176069551267 97.5728618913409 50.28330659320594 30.507456677135593 81.6735276303397
96.45236472672022 35.36616749372082 51.53986270240307 36.49352228433823 42.31999230966213 66.3710156303991
2 3 	 # V Shape
0.0 0.0 0.0
0.0 0.0 0.0
2 6 	 # Alloc Shape
0 0 1 1 0 1
1 1 0 0 1 0

2 6 	 # U Shape
91.73236272337961 44.737256481738186 34.81442636167085 69.01244709460612 38.391322948971954 86.30626843034177
77.88460799616722 25.150743330955507 73.89329794911511 11.471310836124848 82.0073967827611 89.59038419424562
2 3 	 # V Shape
0.0 0.0 0.0
0.0 0.0 0.0
2 6 	 # Alloc Shape
1 1 0 1 0 0
0 0 1 0 1 1

2 6 	 # U Shape
93.6091520686005 58.05941064936045 66.91421282712759 44.58424934487593 20.375158247138568 47.36171519315189
21.95193682067741 26.972239215736483 51.56272367738407 32.920509043230474 29.311078375912423 88.04057123876102
2 3 	 # V Shape
0.0 0.0 0.0
0.0 0.0 0.0
2 6 	 # Alloc Shape
1 1 0 1 0 0
0 0 1 0 1 1

2 6 	 # U Shape
64.27336998669242 98.85659238096916 63.15724193362413 57.63099016433999 32.441768516680845 88.6875551871066
2.929148101909096 12.760083216384043 63.796724606065865 61.138613768642855 53.43818154669155 55.880143120233484
2 3 	 # V Shape
0.0 0.0 0.0
0.0 0.0 0.0
2 6 	 # Alloc Shape
1 1 0 0 0 1
0 0 1 1 1 0

2 6 	 # U Shape
27.583859711188417 21.533795172540373 96.47872408519443 98.83601761365537 1.3524612499422384 75.58188609217491
89.84194068896166 24.180134835190913 49.71624436734709 78.4934077368109 82.33786410728182 28.131554496612544
2 3 	 # V Shape
0.0 0.0 0.0
0.0 0.0 0.0
2 6 	 # Alloc Shape
0 0 1 1 0 1
1 1 0 0 1 0

2 6 	 # U Shape
62.34426532954879 88.37039122169737 9.824661201878893 83.15572286385874 66.76949286513059 0.189806194564901
95.35971709762407 50.15097774142397 94.53527464338718 33.4663352330741 15.21183499497668 25.082166878121757
2 3 	 # V Shape
0.0 0.0 0.0
0.0 0.0 0.0
2 6 	 # Alloc Shape
0 1 0 1 1 0
1 0 1 0 0 1

2 6 	 # U Shape
18.116759912718837 9.38242231724644 72.24509200804235 61.115292735691426 31.2613915287147 61.465442785554266
46.06002057949055 46.95126425038018 40.92002556331244 99.19636574167255 77.6202005372875 10.112437801915375
2 3 	 # V Shape
0.0 0.0 0.0
0.0 0.0 0.0
2 6 	 # Alloc Shape
0 0 1 0 0 1
1 1 0 1 1 0

2 6 	 # U Shape
8.212880746097284 52.58423648845647 57.64784811632266 43.46847857264524 27.722901198172313 42.728868439432745
78.89072243280054 60.3739754458658 86.33219981308933 53.26490253202319 53.946121083717294 38.710356474210364
2 3 	 # V Shape
0.0 0.0 0.0
0.0 0.0 0.0
2 6 	 # Alloc Shape
0 1 0 1 0 1
1 0 1 0 1 0

2 6 	 # U Shape
78.1278257721499 53.599710874006945 9.626284931337892 14.255260690815753 13.791310291309522 78.78662084133636
17.74888406589944 85.74522763988995 44.70480620236461 27.343554313763253 32.7378217979175 60.718033810425176
2 3 	 # V Shape
0.0 0.0 0.0
0.0 0.0 0.0
2 6 	 # Alloc Shape
1 0 0 0 0 1
0 1 1 1 1 0

2 6 	 # U Shape
25.5151832306345 51.27835980560585 88.47728690854568 36.51117983611246 99.5616813814052 37.87258826339508
96.70488294095698 71.14000056651722 10.420512816093353 37.08075261138375 20.807353764294202 72.59459454866834
2 3 	 # V Shape
0.0 0.0 0.0
0.0 0.0 0.0
2 6 	 # Alloc Shape
0 0 1 1 1 0
1 1 0 0 0 1

2 6 	 # U Shape
26.260342662831547 73.60657802840139 68.59898621097061 72.7000557012741 95.14314132336314 50.75135748531531
5.744645341240384 50.12540112678175 35.43285900044118 70.87265532813677 65.0358673987578 52.28570317616571
2 3 	 # V Shape
0.0 0.0 0.0
0.0 0.0 0.0
2 6 	 # Alloc Shape
1 0 1 0 1 0
0 1 0 1 0 1

2 6 	 # U Shape
82.15539889481063 48.67577894199595 90.25399667674087 58.07793596267534 21.684236294971015 44.6539588851793
73.72834431914231 80.51212419820017 78.0232250686981 12.994309071266253 88.60660860482821 44.27972022416545
2 3 	 # V Shape
0.0 0.0 0.0
0.0 0.0 0.0
2 6 	 # Alloc Shape
1 0 1 1 0 0
0 1 0 0 1 1

2 6 	 # U Shape
59.974400071479 16.75279066564913 2.6770833867751365 25.956595029073792 86.57592960637457 63.65835971654915
96.30063847419572 62.64905899411251 72.00227428096922 10.523846946047321 20.813372317078503 35.8521789621982
2 3 	 # V Shape
0.0 0.0 0.0
0.0 0.0 0.0
2 6 	 # Alloc Shape
0 0 0 1 1 1
1 1 1 0 0 0

2 6 	 # U Shape
6.525884334555765 45.59801779594353 50.284382949839156 82.63407279808031 8.097241199762239 7.247690105963733
13.668072883035986 91.8818735085959 74.63415505692512 62.47834713194861 23.203073076758507 38.38425944098083
2 3 	 # V Shape
0.0 0.0 0.0
0.0 0.0 0.0
2 6 	 # Alloc Shape
0 0 1 1 0 0
1 1 0 0 1 1

2 6 	 # U Shape
3.1510595129461416 27.421222384943977 47.648534419719454 86.8302779996439 2.461965265125332 71.137259832991
61.94080589306803 54.695772538380496 90.10915878674035 42.43945700180149 89.82323680453344 55.94781164541334
2 3 	 # V Shape
0.0 0.0 0.0
0.0 0.0 0.0
2 6 	 # Alloc Shape
0 0 0 1 0 1
1 1 1 0 1 0

2 6 	 # U Shape
22.045236043363793 74.4570351252405 89.49739790107625 49.674941729880295 12.957711451815367 88.14805277443587
5.95396297438956 71.9002855193687 18.02766810780112 58.22338697344579 14.599182117633713 94.7910507957497
2 3 	 # V Shape
0.0 0.0 0.0
0.0 0.0 0.0
2 6 	 # Alloc Shape
1 1 1 0 0 0
0 0 0 1 1 1

2 6 	 # U Shape
71.15141999707181 96.28738010647896 1.1248852689311084 11.34208925824024 3.540960377453295 63.7019886497282
27.7772260872544 6.212485612535357 18.72806469441084 27.419893298161735 44.86065535542271 4.587326443457085
2 3 	 # V Shape
0.0 0.0 0.0
0.0 0.0 0.0
2 6 	 # Alloc Shape
1 1 0 0 0 1
0 0 1 1 1 0

2 6 	 # U Shape
76.23992804920152 87.01580120911672 88.45646334612404 26.679915844535852 64.812748216369 67.50573462741174
4.301110634921146 21.676762367767854 74.71398145971274 92.2655419727096 11.51411093733824 25.180889464212797
2 3 	 # V Shape
0.0 0.0 0.0
0.0 0.0 0.0
2 6 	 # Alloc Shape
1 1 0 0 1 1
0 0 1 1 0 0

2 6 	 # U Shape
22.30437679595989 35.14955052955595 40.37613334555063 33.49933888117721 47.19054054634294 62.558386298251776
20.958553942661652 90.90757712696522 17.039795197125873 63.66088852910007 84.14352649802814 10.135827463255309
2 3 	 # V Shape
0.0 0.0 0.0
0.0 0.0 0.0
2 6 	 # Alloc Shape
1 0 1 0 0 1
0 1 0 1 1 0

2 6 	 # U Shape
95.94523952844956 27.857732834516213 26.825093727073067 44.29625640088065 14.512688494539605 63.89922892738233
48.584820214899025 96.16381816187112 36.968734532081626 50.386600532382744 23.137709333818535 63.93755608867059
2 3 	 # V Shape
0.0 0.0 0.0
0.0 0.0 0.0
2 6 	 # Alloc Shape
1 0 0 0 0 1
0 1 1 1 1 0

2 6 	 # U Shape
16.559278697057202 60.93566815573175 95.76266987276392 47.38602239916304 96.8519360310525 30.601206534326998
44.27952630667764 50.4202301001622 26.857679146168355 33.91056073224389 29.27448536688557 70.79253587408797
2 3 	 # V Shape
0.0 0.0 0.0
0.0 0.0 0.0
2 6 	 # Alloc Shape
0 0 1 1 1 0
1 1 0 0 0 1

2 6 	 # U Shape
0.4197894240567934 0.2473581379849321 70.97995243783988 99.26989044566396 79.70040698511231 67.81474462451543
28.382738170831622 9.204015676446298 89.14111549935244 13.58323783943527 12.352589555846105 1.3228198240969213
2 3 	 # V Shape
0.0 0.0 0.0
0.0 0.0 0.0
2 6 	 # Alloc Shape
0 0 0 1 1 1
1 1 1 0 0 0

2 6 	 # U Shape
76.92458635920332 89.21678670142988 92.38018586147606 5.718019528580931 40.839927823294516 32.59056162721983
60.73846653190421 81.81977312456509 79.98540104488346 27.85018488199934 65.35546759060577 51.72394675466971
2 3 	 # V Shape
0.0 0.0 0.0
0.0 0.0 0.0
2 6 	 # Alloc Shape
1 0 1 0 0 0
0 1 0 1 1 1

2 6 	 # U Shape
8.112941364114512 88.43981518544103 53.882902852309186 30.387343680758672 31.612913774783348 32.637963747760836
77.27633763270146 67.20166694531848 88.27476831719103 26.201082154085743 65.32129553199182 2.8133358239365025
2 3 	 # V Shape
0.0 0.0 0.0
0.0 0.0 0.0
2 6 	 # Alloc Shape
0 1 0 1 0 1
1 0 1 0 1 0

2 6 	 # U Shape
51.09477925490946 42.56814408978655 96.59188529308092 89.40979951021197 83.833980189419 44.69911562199271
75.07734543355684 37.9044694554877 63.30753712000951 19.924713098881064 55.496583453169166 1.3338124788368155
2 3 	 # V Shape
0.0 0.0 0.0
0.0 0.0 0.0
2 6 	 # Alloc Shape
0 0 1 1 0 1
1 1 0 0 1 0

2 6 	 # U Shape
13.058815359039466 24.87125846809719 28.66758813616577 86.76110699032155 26.851694688248195 42.14923014652988
47.2900936232148 40.391940211767995 72.59079936959156 81.81470463454194 30.48310281959139 94.26565375298303
2 3 	 # V Shape
0.0 0.0 0.0
0.0 0.0 0.0
2 6 	 # Alloc Shape
0 1 0 1 1 0
1 0 1 0 0 1

2 6 	 # U Shape
42.578450341369546 91.07430397227655 24.153629129339482 29.4741557447197 78.39476231208002 80.08862163617079
11.994879961357341 53.90801268183585 52.9198932301437 5.210592551099092 80.72290900931516 35.13592370367897
2 3 	 # V Shape
0.0 0.0 0.0
0.0 0.0 0.0
2 6 	 # Alloc Shape
1 1 0 1 0 1
0 0 1 0 1 0

2 6 	 # U Shape
84.62468562224836 37.5556920264602 28.62764968405308 91.46893296176303 24.688471176414673 38.842681862067465
92.43919852863903 12.719107015667985 44.82401983763299 40.10495849719492 56.475455284457475 40.66402457082855
2 3 	 # V Shape
0.0 0.0 0.0
0.0 0.0 0.0
2 6 	 # Alloc Shape
0 1 0 1 0 1
1 0 1 0 1 0

2 6 	 # U Shape
24.247616069659205 12.797486321901063 93.4530260443351 70.62171299110496 7.372776036891038 71.06437528667269
52.77558081214807 75.30065570865452 16.278572555708337 76.02336452320307 63.922272176821735 45.96509328508088
2 3 	 # V Shape
0.0 0.0 0.0
0.0 0.0 0.0
2 6 	 # Alloc Shape
0 0 1 1 0 1
1 1 0 0 1 0

2 6 	 # U Shape
30.009353022744488 44.26917988476179 18.584135024998783 86.99131391407 77.96973964624574 24.75970800156466
64.11107685546642 61.42335427291461 71.40835008894847 21.36299599772252 37.62001435624077 95.71668552383635
2 3 	 # V Shape
0.0 0.0 0.0
0.0 0.0 0.0
2 6 	 # Alloc Shape
0 1 0 1 1 0
1 0 1 0 0 1

2 6 	 # U Shape
57.47806352400096 28.623877917834385 10.257597275434138 1.562572958471864 67.63890967729697 9.184636629622545
59.797914234215895 11.17518464985009 21.71767172041381 95.10738920079258 63.426856508445184 6.724189263222846
2 3 	 # V Shape
0.0 0.0 0.0
0.0 0.0 0.0
2 6 	 # Alloc Shape
1 1 0 0 1 1
0 0 1 1 0 0

2 6 	 # U Shape
82.75741939962323 97.48627313623027 44.905653421774204 89.65372239786558 44.1150221583827 60.14097422400019
56.61736383551169 85.55021308869982 94.19530781314836 61.385813044574924 63.70592920883661 19.460840352862853
2 3 	 # V Shape
0.0 0.0 0.0
0.0 0.0 0.0
2 6 	 # Alloc Shape
1 0 0 1 0 1
0 1 1 0 1 0

2 6 	 # U Shape
51.83674661247962 79.00351531738423 39.89277275466843 11.897232208000508 4.356605642194189 15.78438476563495
17.978309736890907 19.193461820220215 19.23430855174625 99.622908145151 55.78640762555105 69.57846683141173
2 3 	 # V Shape
0.0 0.0 0.0
0.0 0.0 0.0
2 6 	 # Alloc Shape
1 1 1 0 0 0
0 0 0 1 1 1

2 6 	 # U Shape
17.216309833133568 51.90959192173777 95.00121556731816 4.29285197424476 65.79979063476603 87.10584972548088
43.08351822469583 39.582366803493215 83.22888433583292 47.524242550194984 5.671207147933077 49.34550869091973
2 3 	 # V Shape
0.0 0.0 0.0
0.0 0.0 0.0
2 6 	 # Alloc Shape
0 1 0 0 1 1
1 0 1 1 0 0

2 6 	 # U Shape
60.687131426111186 71.50527234075165 29.819994824984786 97.62048937863257 73.8819432578008 4.020040478529252
42.237657388600155 6.8333684604968585 43.824360899792914 22.02517262567466 67.8622184929197 32.66776378067403
2 3 	 # V Shape
0.0 0.0 0.0
0.0 0.0 0.0
2 6 	 # Alloc Shape
1 1 0 1 0 0
0 0 1 0 1 1

2 6 	 # U Shape
45.84847762249985 8.849971204614537 83.30796218879375 14.891067711385197 46.52654511619598 28.800680575363145
24.73092076921524 31.9929272258621 41.53003349922846 15.698971697217301 49.46756037670863 40.3364090936972
2 3 	 # V Shape
0.0 0.0 0.0
0.0 0.0 0.0
2 6 	 # Alloc Shape
1 0 1 0 0 0
0 1 0 1 1 1

2 6 	 # U Shape
86.52167818162923 26.735143855355926 39.71146060567936 39.944807878280905 42.16322913288998 36.027341332529026
63.28958754008206 61.652792922682934 97.17478278521129 85.70764663459457 55.68413765039206 86.92092982214031
2 3 	 # V Shape
0.0 0.0 0.0
0.0 0.0 0.0
2 6 	 # Alloc Shape
1 0 0 0 1 0
0 1 1 1 0 1

2 6 	 # U Shape
51.082578703005375 7.9140488943046154 36.72355912839467 5.078113817220331 34.90974328573827 10.240353850931594
53.104912270792624 50.44893565385671 56.242637339718996 51.35934035773971 53.50935811106196 41.06099006623787
2 3 	 # V Shape
0.0 0.0 0.0
0.0 0.0 0.0
2 6 	 # Alloc Shape
1 0 1 0 1 0
0 1 0 1 0 1

2 6 	 # U Shape
52.56449162540983 47.10164011388866 40.28599620243888 64.41845591587536 22.70184042511505 36.68114050767106
85.18574690000703 68.83747068984346 81.30050246511709 25.745847144428346 54.99480782363852 59.81638230621618
2 3 	 # V Shape
0.0 0.0 0.0
0.0 0.0 0.0
2 6 	 # Alloc Shape
0 1 0 1 0 1
1 0 1 0 1 0

2 6 	 # U Shape
12.314310071896395 64.20640505598534 59.89963597533319 69.05783383590777 80.14488181641892 83.22359888170995
96.46483234950097 8.678514086275612 44.332859875306596 9.077844664686785 81.41092064421694 25.06344083951346
2 3 	 # V Shape
0.0 0.0 0.0
0.0 0.0 0.0
2 6 	 # Alloc Shape
0 1 1 1 0 1
1 0 0 0 1 0

2 6 	 # U Shape
7.051503420110872 40.72887692189787 82.94729502815417 33.15260290206358 86.78798202148562 87.06585872234862
99.68614994469799 80.4028669398816 26.856954835463586 46.210733646784874 4.549163818869328 69.84464346409774
2 3 	 # V Shape
0.0 0.0 0.0
0.0 0.0 0.0
2 6 	 # Alloc Shape
0 0 1 0 1 1
1 1 0 1 0 0

2 6 	 # U Shape
1.682104651693983 89.67482224258791 12.16993640681794 0.11577013979463535 60.02955586611447 9.733823661512453
58.82422555196922 19.319962914434917 0.8880067809071024 2.1109564556567095 38.54969224576151 96.37268506192534
2 3 	 # V Shape
0.0 0.0 0.0
0.0 0.0 0.0
2 6 	 # Alloc Shape
0 1 1 0 1 0
1 0 0 1 0 1

2 6 	 # U Shape
22.8809807957535 90.8637277255911 86.59537718995138 46.86181142234943 85.05948384835207 88.23551450163092
23.68154699305275 11.760137308197226 72.08462404887155 55.53637031933799 35.34961765115933 49.482892335140825
2 3 	 # V Shape
0.0 0.0 0.0
0.0 0.0 0.0
2 6 	 # Alloc Shape
0 1 0 0 1 1
1 0 1 1 0 0

2 6 	 # U Shape
95.81976335793969 52.48018812867148 42.205138277823096 25.60098932905558 69.93834633584542 65.60462448188946
22.963721318940266 69.3969882785731 34.56500901747172 43.575073213106506 83.5026921544012 20.178021967008476
2 3 	 # V Shape
0.0 0.0 0.0
0.0 0.0 0.0
2 6 	 # Alloc Shape
1 0 1 0 0 1
0 1 0 1 1 0

2 6 	 # U Shape
36.24521857059084 51.87620324353727 84.2425320400143 29.32766081276579 52.57718124462587 59.532867932641686
11.157582844951019 5.857562745293176 51.156534821952974 35.99149028829073 0.3840565132622098 22.45551649854204
2 3 	 # V Shape
0.0 0.0 0.0
0.0 0.0 0.0
2 6 	 # Alloc Shape
1 1 0 0 1 1
0 0 1 1 0 0

2 6 	 # U Shape
15.96440020777682 64.4637959205512 74.28199881865312 86.2741233017344 33.45145386563272 33.73773332487339
1.6695007753458335 39.95065896509067 14.666731430645996 48.965100275949055 3.9532471890842302 76.53757183961639
2 3 	 # V Shape
0.0 0.0 0.0
0.0 0.0 0.0
2 6 	 # Alloc Shape
1 0 1 1 1 0
0 1 0 0 0 1

2 6 	 # U Shape
16.058502876399317 46.80748851557907 89.19537056134551 57.45652716214769 46.66929003411361 73.4975207014991
11.035466114116566 74.6800430925103 68.58024323061564 51.413330210689324 98.59473308228073 88.518159709119
2 3 	 # V Shape
0.0 0.0 0.0
0.0 0.0 0.0
2 6 	 # Alloc Shape
1 0 1 1 0 0
0 1 0 0 1 1

2 6 	 # U Shape
14.519879122850154 86.37347233236389 6.455063207708312 62.056098143653415 69.65242725938519 87.34628145082011
68.68862148440635 15.774233398968363 30.763468749266178 38.693374950671235 34.00799406534766 70.193453559924
2 3 	 # V Shape
0.0 0.0 0.0
0.0 0.0 0.0
2 6 	 # Alloc Shape
0 1 0 1 1 0
1 0 1 0 0 1

2 6 	 # U Shape
31.820371803322033 40.08939130051349 46.29405524630056 51.50542864451935 17.965238849981514 67.78674016004992
65.8988148150373 86.54427690573311 7.064005728080158 4.254387872868259 69.64039767613008 56.68438795851806
2 3 	 # V Shape
0.0 0.0 0.0
0.0 0.0 0.0
2 6 	 # Alloc Shape
0 0 1 1 0 1
1 1 0 0 1 0

2 6 	 # U Shape
50.31983855374942 20.404458296212734 11.800987450476807 63.67818500146644 43.98756124855585 42.56276157508553
29.571628688714156 75.15531736217874 9.086055083750777 60.37595862077316 95.95899411750574 92.91094225619072
2 3 	 # V Shape
0.0 0.0 0.0
0.0 0.0 0.0
2 6 	 # Alloc Shape
1 0 1 1 0 0
0 1 0 0 1 1

2 6 	 # U Shape
78.89742953600516 32.548947803728446 14.50705352608006 61.84814193347178 67.135613285751 16.270339998151872
75.95910036995556 91.74800747719051 15.078689410560475 8.381958339298167 47.67025246683594 85.93753175029174
2 3 	 # V Shape
0.0 0.0 0.0
0.0 0.0 0.0
2 6 	 # Alloc Shape
1 0 0 1 1 0
0 1 1 0 0 1

2 6 	 # U Shape
25.83152168656878 37.80687551212723 72.7079616344879 80.59429115231771 42.18116473953537 98.93041970722447
40.88721306025109 0.5509128777750116 26.793179806472388 46.51685382553349 65.73089198804874 43.72686773854883
2 3 	 # V Shape
0.0 0.0 0.0
0.0 0.0 0.0
2 6 	 # Alloc Shape
0 1 1 0 0 1
1 0 0 1 1 0

2 6 	 # U Shape
73.30683722966621 39.73034938691048 71.61811591233975 65.53559356880886 56.35681060481248 53.22650604445114
51.22897581746497 35.06291854064829 93.94142751363087 74.6955604094105 92.64244723002105 84.29151076648441
2 3 	 # V Shape
0.0 0.0 0.0
0.0 0.0 0.0
2 6 	 # Alloc Shape
1 1 0 1 0 0
0 0 1 0 1 1

2 6 	 # U Shape
89.05225835998968 6.684795275158262 83.65747226974077 77.18583521781882 98.62988979005065 57.98922172496888
80.86294161346972 77.58057547583965 94.85936950139437 88.28180698228546 19.649560645088073 63.57030303390463
2 3 	 # V Shape
0.0 0.0 0.0
0.0 0.0 0.0
2 6 	 # Alloc Shape
1 0 0 0 1 1
0 1 1 1 0 0

2 6 	 # U Shape
16.208352342724343 29.851935042008428 93.5816699437819 10.529282530321426 66.80794039542732 83.81424996501016
44.99379485152073 10.269836978329005 23.670702502472018 5.3362344262236405 18.69372522513254 52.65401330930759
2 3 	 # V Shape
0.0 0.0 0.0
0.0 0.0 0.0
2 6 	 # Alloc Shape
0 1 1 1 1 0
1 0 0 0 0 1

2 6 	 # U Shape
45.442502119742386 57.00592932290803 71.46653466867605 6.167266915959402 47.670567643740924 12.993239148174297
55.55224284616889 60.77232909057816 5.67289705123838 50.440775070174595 6.203558840905076 75.91842178995061
2 3 	 # V Shape
0.0 0.0 0.0
0.0 0.0 0.0
2 6 	 # Alloc Shape
0 1 1 0 1 0
1 0 0 1 0 1

2 6 	 # U Shape
42.04672036962385 27.605160600539048 81.03170245000113 28.390501666660974 59.697534969140676 63.35570049813295
59.367623105185395 33.89639178621301 57.916474948438704 53.6175820201985 71.70754785122611 86.70567386648491
2 3 	 # V Shape
0.0 0.0 0.0
0.0 0.0 0.0
2 6 	 # Alloc Shape
0 1 1 0 1 0
1 0 0 1 0 1

2 6 	 # U Shape
42.64189723711531 93.85331605679774 93.85623488154914 48.43812484051623 48.7586966884908 83.59485455770731
80.47883244046655 29.977129599487775 1.7810964135235419 52.119617451160735 41.70964232392873 77.84770892814052
2 3 	 # V Shape
0.0 0.0 0.0
0.0 0.0 0.0
2 6 	 # Alloc Shape
0 1 1 0 1 0
1 0 0 1 0 1

2 6 	 # U Shape
77.92951858577351 69.00884371691205 56.34495576246683 41.60147471000767 38.126997279929974 90.12328382274855
21.300278435947483 46.38401158897379 41.218622412436225 69.5160013980883 83.67890328607382 66.7074556607576
2 3 	 # V Shape
0.0 0.0 0.0
0.0 0.0 0.0
2 6 	 # Alloc Shape
1 1 0 0 0 1
0 0 1 1 1 0

2 6 	 # U Shape
23.3856510289571 51.96942710337365 58.54203445290338 25.65149366613858 26.491901514389138 90.13985961990288
52.96591507187832 25.645903059151255 11.286641911209816 33.055453770298534 68.29392293049159 64.19356689164796
2 3 	 # V Shape
0.0 0.0 0.0
0.0 0.0 0.0
2 6 	 # Alloc Shape
0 1 1 0 0 1
1 0 0 1 1 0

2 6 	 # U Shape
33.671948789741904 98.65403969547172 46.36326511373711 63.14050001913778 68.1058328780614 24.896105203329565
46.59092921748724 78.47295231702968 14.986459886648396 64.06225729388973 19.327985367476884 56.7819524860365
2 3 	 # V Shape
0.0 0.0 0.0
0.0 0.0 0.0
2 6 	 # Alloc Shape
0 1 1 0 1 0
1 0 0 1 0 1

2 6 	 # U Shape
83.61826321515328 78.11690095944127 3.1163303944757526 39.21873541631518 33.329507445742465 94.04664824656238
42.714019703655914 50.80026142607282 63.504822359467795 82.98601389879374 69.8614711237972 37.02007176371212
2 3 	 # V Shape
0.0 0.0 0.0
0.0 0.0 0.0
2 6 	 # Alloc Shape
1 1 0 0 0 1
0 0 1 1 1 0

2 6 	 # U Shape
52.3923457537616 66.63071053199448 15.247573223993516 1.9740757015414 82.45934976596638 5.8839113105911505
95.95912227171034 56.24226549441913 94.03271408081342 23.48338789045732 68.35127969579942 37.10917532953238
2 3 	 # V Shape
0.0 0.0 0.0
0.0 0.0 0.0
2 6 	 # Alloc Shape
0 1 0 0 1 0
1 0 1 1 0 1

2 6 	 # U Shape
62.27351819751712 51.62360308112911 33.4032880663913 50.91413245823151 17.678181145551097 71.13187924779105
56.34768849751814 8.751817384833348 70.22383821352693 20.985600194792685 70.76569453101862 71.89319736710209
2 3 	 # V Shape
0.0 0.0 0.0
0.0 0.0 0.0
2 6 	 # Alloc Shape
1 1 0 1 0 0
0 0 1 0 1 1

2 6 	 # U Shape
20.18187620355042 13.434271190223146 39.01642745759126 26.556688910485036 5.176272640291457 9.927881434066965
61.41414897835712 51.068788110925226 22.9040197599505 8.861347997836367 54.61873342626041 72.14785229192343
2 3 	 # V Shape
0.0 0.0 0.0
0.0 0.0 0.0
2 6 	 # Alloc Shape
0 0 1 1 0 0
1 1 0 0 1 1

