2 6 	 # U Shape
66.61016674853227 98.78954482759622 25.69684226038301 2.830592527249809 63.57191154610017 84.73123874866262
73.61746251160108 2.0807111923490385 11.16031306650328 29.77237418558598 68.69701913398437 86.16260560016462
2 3 	 # V Shape
0.0 0.0 0.0
0.0 0.0 0.0
2 6 	 # Alloc Shape
0 1 1 0 0 1
1 0 0 1 1 0

2 6 	 # U Shape
48.72692251182058 77.43526868070362 70.19395329201085 84.61163478187427 54.64522507230467 36.120290452001534
79.89975192714984 94.4988225697505 56.07477242738293 80.42391506770842 74.81615320766906 16.14324502292124
2 3 	 # V Shape
0.0 0.0 0.0
0.0 0.0 0.0
2 6 	 # Alloc Shape
0 0 1 1 0 1
1 1 0 0 1 0

2 6 	 # U Shape
93.46049678640077 98.84978760439247 1.1016694853989928 78.49027539184023 68.5363618812411 51.56439876610372
26.911317057926087 66.47814707939085 77.71244527963273 47.56657052864103 98.77862418860187 49.6245389887526
2 3 	 # V Shape
0.0 0.0 0.0
0.0 0.0 0.0
2 6 	 # Alloc Shape
1 1 0 1 0 0
0 0 1 0 1 1

2 6 	 # U Shape
32.61636809313586 14.801784040784916 79.58857042351877 52.32421134251235 89.41743127354745 79.44157271704151
62.935313391969416 6.712698614922486 78.72700131278835 37.892602602275716 47.06223867204675 7.910067289179656
2 3 	 # V Shape
0.0 0.0 0.0
0.0 0.0 0.0
2 6 	 # Alloc Shape
0 1 0 1 1 1
1 0 1 0 0 0

2 6 	 # U Shape
53.64650914948324 47.60264751661714 64.73905014785001 48.82682202390717 53.93450990860965 91.91128399601479
45.55562943106152 63.67424723928856 60.33596639220248 25.6353254245148 75.91786639369761 54.108503959386454
2 3 	 # V Shape
0.0 0.0 0.0
0.0 0.0 0.0
2 6 	 # Alloc Shape
1 0 0 1 0 1
0 1 1 0 1 0

2 6 	 # U Shape
15.072594151523566 39.472709418728726 54.89220750580015 47.2472579334963 74.63560006321292 57.7507682467018
53.9137083991767 41.52168868506033 26.349231633707003 4.046598393017186 81.59876824365779 65.938069900606
2 3 	 # V Shape
0.0 0.0 0.0
0.0 0.0 0.0
2 6 	 # Alloc Shape
0 1 1 1 0 0
1 0 0 0 1 1

2 6 	 # U Shape
32.783075020539776 53.07051792506614 96.91947741222198 93.02280983380332 87.31209059209539 33.96121612440991
81.32173383876619 37.99816678066706 0.7713667317334472 11.384884850088827 69.18196784854324 74.11111854408419
2 3 	 # V Shape
0.0 0.0 0.0
0.0 0.0 0.0
2 6 	 # Alloc Shape
0 1 1 1 0 0
1 0 0 0 1 1

2 6 	 # U Shape
38.1370200924934 87.06653428282672 28.28861645349776 99.89639182169402 67.52971019533747 93.79689257074294
70.03345441403044 56.30449235923633 61.90877537379767 4.095008744288197 79.76060888723599 53.734462020054295
2 3 	 # V Shape
0.0 0.0 0.0
0.0 0.0 0.0
2 6 	 # Alloc Shape
0 1 0 1 0 1
1 0 1 0 1 0

2 6 	 # U Shape
93.81916332415791 49.01083331431635 47.4554144543864 22.856039719385667 52.84243045034036 84.43733973173534
50.34480848583364 74.25094523047159 11.940838216092331 2.2905487640318856 51.28200481738716 24.47330573914409
2 3 	 # V Shape
0.0 0.0 0.0
0.0 0.0 0.0
2 6 	 # Alloc Shape
1 0 1 1 0 1
0 1 0 0 1 0

2 6 	 # U Shape
2.1977495277442083 3.18622152017487 33.45459054227437 73.11408218765727 6.609480201595607 31.722629696119842
19.32056286420487 29.394707750518158 52.162889555225654 44.482424488415994 1.359439970958387 60.00669347339558
2 3 	 # V Shape
0.0 0.0 0.0
0.0 0.0 0.0
2 6 	 # Alloc Shape
0 0 0 1 1 0
1 1 1 0 0 1

2 6 	 # U Shape
49.356942845116016 54.1987020488821 72.99703112503907 2.0143207160926435 95.66422504627117 66.66236098405408
8.93184328568466 67.39163049072262 76.26571777385563 72.56961326337996 19.874891199696233 67.99379833648031
2 3 	 # V Shape
0.0 0.0 0.0
0.0 0.0 0.0
2 6 	 # Alloc Shape
1 0 0 0 1 1
0 1 1 1 0 0

2 6 	 # U Shape
29.101033083179672 87.53208747361792 52.66235768494724 68.93079697040628 84.25638412469254 24.6304469358981
17.92757932839182 24.76765222196937 36.577116935407716 89.89097823442224 50.03433988139159 94.47884064050022
2 3 	 # V Shape
0.0 0.0 0.0
0.0 0.0 0.0
2 6 	 # Alloc Shape
1 1 1 0 1 0
0 0 0 1 0 1

2 6 	 # U Shape
57.72654827556168 60.69686564843195 63.2732948373433 84.38382322944092 18.49355359054362 55.95690198896401
4.020483312341183 44.98580019511258 37.19201339909096 70.92327455021773 54.17628390815361 82.09599793387457
2 3 	 # V Shape
0.0 0.0 0.0
0.0 0.0 0.0
2 6 	 # Alloc Shape
1 1 1 0 0 0
0 0 0 1 1 1

2 6 	 # U Shape
56.708781099791985 10.78847471362241 93.56638480454893 21.321943055973648 87.94267477346679 56.879710220874294
53.946828324831706 65.45996033449792 35.505121801040005 72.95044248462015 56.49901399478282 66.07817350075872
2 3 	 # V Shape
0.0 0.0 0.0
0.0 0.0 0.0
2 6 	 # Alloc Shape
1 0 1 0 1 0
0 1 0 1 0 1

2 6 	 # U Shape
59.70392453441341 50.00536295311796 74.64883734612825 80.0040541949605 66.75155951583979 79.40613943854639
14.53215923747525 74.62622294812459 56.74831602581597 94.70987278881798 50.89174679969393 40.10628164460345
2 3 	 # V Shape
0.0 0.0 0.0
0.0 0.0 0.0
2 6 	 # Alloc Shape
1 0 1 0 1 1
0 1 0 1 0 0

2 6 	 # U Shape
26.815716013393732 34.637293102775956 55.914979580523635 9.03867236400442 72.76498300120508 1.1744451463684968
46.39155451829991 30.479332921028647 64.40695670111259 98.94391265419254 14.475290818116992 62.389133745541784
2 3 	 # V Shape
0.0 0.0 0.0
0.0 0.0 0.0
2 6 	 # Alloc Shape
0 1 1 0 1 0
1 0 0 1 0 1

2 6 	 # U Shape
9.442726886389362 68.34537551946096 56.14619456614821 30.31465359174198 51.60318707060689 44.38730385756857
62.98166278206918 11.767980159684088 24.173564615552902 17.662855407546875 45.18627677867227 3.9142191864877995
2 3 	 # V Shape
0.0 0.0 0.0
0.0 0.0 0.0
2 6 	 # Alloc Shape
0 1 1 1 0 1
1 0 0 0 1 0

2 6 	 # U Shape
84.04888359518348 21.473035235963046 9.663648354591247 32.18801029016273 81.543633038723 35.99139289296248
34.628153464429126 79.21257514016162 62.83852942983993 45.542810740313165 27.11176830618296 76.27310981944072
2 3 	 # V Shape
0.0 0.0 0.0
0.0 0.0 0.0
2 6 	 # Alloc Shape
1 0 0 0 1 0
0 1 1 1 0 1

2 6 	 # U Shape
67.99035727518132 16.850051882232965 47.7403236780687 58.011012272641274 49.670171015165266 75.35695312404039
40.06186393742859 99.79892702306726 95.83287601980452 26.122765922945078 71.15886228359469 71.58674346230386
2 3 	 # V Shape
0.0 0.0 0.0
0.0 0.0 0.0
2 6 	 # Alloc Shape
1 0 0 1 0 1
0 1 1 0 1 0

2 6 	 # U Shape
62.21406952275531 33.04427962081946 19.254793120586367 69.83006524658056 29.91088169369688 58.063106251989026
42.58103319245809 8.625236157415472 8.782086329748795 43.608487013695516 6.266525028098258 57.39794010306479
2 3 	 # V Shape
0.0 0.0 0.0
0.0 0.0 0.0
2 6 	 # Alloc Shape
0 1 1 1 1 0
1 0 0 0 0 1

2 6 	 # U Shape
7.383863295667048 78.43898776811004 62.406766934140954 25.602788503019834 93.69561086108024 36.33586770808207
29.826532395965245 1.5016343697940027 59.293929017685066 68.63935151665402 40.03808155869745 2.0363265704965383
2 3 	 # V Shape
0.0 0.0 0.0
0.0 0.0 0.0
2 6 	 # Alloc Shape
0 1 0 0 1 1
1 0 1 1 0 0

2 6 	 # U Shape
33.09367606065037 27.99823158889897 55.17474699650595 21.599506598230565 6.778894308558181 64.32476817921273
15.857478731273012 54.882850998095364 91.95927687669446 83.9014159758341 42.37358520351305 94.65115729639201
2 3 	 # V Shape
0.0 0.0 0.0
0.0 0.0 0.0
2 6 	 # Alloc Shape
1 0 1 0 0 1
0 1 0 1 1 0

2 6 	 # U Shape
28.890274572779862 14.209837108864399 54.307912346543866 35.62299752064786 70.52992428740727 76.81784718181416
49.9698379827909 22.040317020757016 34.823202108926864 6.800080449173739 10.994238390612022 54.76648335464075
2 3 	 # V Shape
0.0 0.0 0.0
0.0 0.0 0.0
2 6 	 # Alloc Shape
0 0 1 1 1 0
1 1 0 0 0 1

2 6 	 # U Shape
79.79780625944358 70.21276609296635 26.942591404232775 86.46564294191032 55.57357756472735 75.75246360207342
1.6039128642750478 7.918055467203344 68.146445215303 8.105024810184336 80.02358740647732 6.072580870190514
2 3 	 # V Shape
0.0 0.0 0.0
0.0 0.0 0.0
2 6 	 # Alloc Shape
1 1 0 1 0 1
0 0 1 0 1 0

2 6 	 # U Shape
9.119217968212611 86.93799366843594 48.593161507174145 27.58194613292457 53.136111963713795 71.40731360068685
55.599499591072096 82.54404375577458 19.87657299153699 23.187577488626687 30.605606529546094 90.93002853712632
2 3 	 # V Shape
0.0 0.0 0.0
0.0 0.0 0.0
2 6 	 # Alloc Shape
0 1 1 0 1 0
1 0 0 1 0 1

2 6 	 # U Shape
54.7783924895483 89.63001811778169 77.80553866883737 33.8355592602637 80.22354027189776 16.222279399725924
89.6161437795221 98.26609362011173 48.97204638588135 2.2149934012894557 61.507262482267635 74.94381939279712
2 3 	 # V Shape
0.0 0.0 0.0
0.0 0.0 0.0
2 6 	 # Alloc Shape
0 0 1 1 1 0
1 1 0 0 0 1

2 6 	 # U Shape
95.28626943735034 6.698987177544469 13.837138232246327 95.83083569849524 8.125800108581016 87.5973965743071
98.23291243653071 23.623174079331843 6.142715913393926 39.9462096245507 29.95959041763747 96.33171255546958
2 3 	 # V Shape
0.0 0.0 0.0
0.0 0.0 0.0
2 6 	 # Alloc Shape
1 0 1 1 0 0
0 1 0 0 1 1

2 6 	 # U Shape
39.292029476595935 27.286025029005913 58.31301570187022 26.169485422124396 37.916128843783916 83.59261586089332
19.57153056383304 16.146846587444696 13.017405868529352 23.642940123027223 77.89624314275837 95.79976087564384
2 3 	 # V Shape
0.0 0.0 0.0
0.0 0.0 0.0
2 6 	 # Alloc Shape
1 1 1 1 0 0
0 0 0 0 1 1

2 6 	 # U Shape
66.99422245313067 2.6189255300985925 66.40613589570026 34.237248596690385 91.31948085145319 71.12221668844832
16.318512096955995 4.304608249365726 90.55228864336954 77.24105382467789 37.43163109423029 16.497465857538117
2 3 	 # V Shape
0.0 0.0 0.0
0.0 0.0 0.0
2 6 	 # Alloc Shape
1 0 0 0 1 1
0 1 1 1 0 0

2 6 	 # U Shape
43.57032857122757 21.76895732098332 98.31116853781377 10.691770125870992 69.37728663492544 97.32334713444632
51.691507275940886 90.04920807782513 51.86366970761601 37.1500918182951 17.19242554936864 97.08909007670673
2 3 	 # V Shape
0.0 0.0 0.0
0.0 0.0 0.0
2 6 	 # Alloc Shape
0 0 1 0 1 1
1 1 0 1 0 0

2 6 	 # U Shape
58.67826485694968 37.61113211048659 35.1556937158267 82.33839563407187 8.447424528186009 4.572566300914249
24.89574107515924 13.029377888436466 99.85142086659687 44.577960588248885 37.28069475031961 31.42250505220122
2 3 	 # V Shape
0.0 0.0 0.0
0.0 0.0 0.0
2 6 	 # Alloc Shape
1 1 0 1 0 0
0 0 1 0 1 1

2 6 	 # U Shape
74.38781104161417 93.36291807098534 94.88697739584212 34.009239997289455 21.967904549475403 41.25013827965696
89.63280742466404 60.158361036994926 49.76071953742228 38.88822349551987 13.422668249987623 6.749779247339427
2 3 	 # V Shape
0.0 0.0 0.0
0.0 0.0 0.0
2 6 	 # Alloc Shape
0 1 1 0 0 1
1 0 0 1 1 0

2 6 	 # U Shape
27.347689493682893 60.56229443275545 85.95948297939508 84.01414937311235 84.20087777223918 43.709247052466914
91.24999470867147 47.60897629113301 55.83211218045737 71.20443739927967 63.366349055059636 99.20820962943576
2 3 	 # V Shape
0.0 0.0 0.0
0.0 0.0 0.0
2 6 	 # Alloc Shape
0 0 1 1 1 0
1 1 0 0 0 1

2 6 	 # U Shape
9.114308556468842 18.08537978151582 28.534929637810514 59.30861751188172 30.493589140870302 49.99101648999178
15.123342351988045 71.36968016659937 87.38538472845534 35.47005790892081 31.634804913270585 87.45548447132046
2 3 	 # V Shape
0.0 0.0 0.0
0.0 0.0 0.0
2 6 	 # Alloc Shape
1 0 0 1 1 0
0 1 1 0 0 1

2 6 	 # U Shape
43.91025921251227 10.254055898781655 63.73905137859322 28.024941476507024 64.3995281121458 80.80956972330154
50.403041328442924 11.35844694297048 53.96879224965685 88.96060408779806 21.31399526242088 29.745743403896995
2 3 	 # V Shape
0.0 0.0 0.0
0.0 0.0 0.0
2 6 	 # Alloc Shape
0 0 1 0 1 1
1 1 0 1 0 0

2 6 	 # U Shape
86.11911705924587 3.771872287037148 91.10084657905433 88.41673566161762 42.28231139524875 51.69374361003909
91.3684431832986 51.88091962010968 30.49216021083757 28.827158531193962 62.86141568883817 50.29849178452992
2 3 	 # V Shape
0.0 0.0 0.0
0.0 0.0 0.0
2 6 	 # Alloc Shape
0 0 1 1 0 1
1 1 0 0 1 0

2 6 	 # U Shape
73.39550159251371 59.892090833713965 12.336370194412972 67.23455830506461 92.91249855357542 37.2252006303477
31.65188483337531 41.87891546559076 0.5030047020278205 82.84306281217293 58.91920040476849 7.023122869014021
2 3 	 # V Shape
0.0 0.0 0.0
0.0 0.0 0.0
2 6 	 # Alloc Shape
1 0 1 0 1 1
0 1 0 1 0 0

2 6 	 # U Shape
5.817675583405901 10.860130868060425 9.341747321174477 50.59766112639815 56.98407790271103 60.87319044615624
62.59181816434657 94.4444643080001 8.935280607063268 16.935410856695576 58.35941314192845 83.07129359134159
2 3 	 # V Shape
0.0 0.0 0.0
0.0 0.0 0.0
2 6 	 # Alloc Shape
0 0 1 1 1 0
1 1 0 0 0 1

2 6 	 # U Shape
79.31719504561453 26.40050466536332 3.6246265497804853 61.31444292185794 35.737106322237864 50.14894134584207
68.46649912953136 66.52240833153587 46.46673373774569 44.55312468152659 69.87570807356923 17.570382687903784
2 3 	 # V Shape
0.0 0.0 0.0
0.0 0.0 0.0
2 6 	 # Alloc Shape
1 0 0 1 0 1
0 1 1 0 1 0

2 6 	 # U Shape
11.663867685309015 24.706896173699022 58.53376449408886 6.406443146406893 44.62456225449443 82.19029606164757
3.707914344353336 41.54411206401796 18.159274652117364 79.49695664184446 10.855827004616147 73.16832441082941
2 3 	 # V Shape
0.0 0.0 0.0
0.0 0.0 0.0
2 6 	 # Alloc Shape
1 0 1 0 1 1
0 1 0 1 0 0

2 6 	 # U Shape
65.55074269803771 31.432875360408985 48.852029409832284 36.08518023080385 20.094156285702148 47.57260051336173
50.43485191581931 17.819575155066893 50.59724448369952 21.777426663844313 52.406806299786076 79.65972988368978
2 3 	 # V Shape
0.0 0.0 0.0
0.0 0.0 0.0
2 6 	 # Alloc Shape
1 1 0 1 0 0
0 0 1 0 1 1

2 6 	 # U Shape
43.558158803654145 58.0343223949413 61.64341768983546 96.39453971502822 62.12184476936277 46.57694940429678
28.023809179294968 38.45041391407153 28.21049546143899 8.50455930073839 99.0743847407909 32.675633287988546
2 3 	 # V Shape
0.0 0.0 0.0
0.0 0.0 0.0
2 6 	 # Alloc Shape
0 1 1 1 0 0
1 0 0 0 1 1

2 6 	 # U Shape
12.118594742780353 11.449800510147156 58.746867499362274 35.77719929234178 24.739505155498197 98.38001829211949
67.95956918938508 79.39475449813172 14.267406123996128 66.15185592718274 39.122833044404835 66.81801531070768
2 3 	 # V Shape
0.0 0.0 0.0
0.0 0.0 0.0
2 6 	 # Alloc Shape
0 0 1 0 0 1
1 1 0 1 1 0

2 6 	 # U Shape
11.091241713652023 38.77875915207925 99.80674690605284 58.71434443099404 24.263130089405728 23.82694004942153
86.85605656674471 61.12353642581779 60.45649511048893 2.6155046044895602 62.93593005257113 45.14605088816065
2 3 	 # V Shape
0.0 0.0 0.0
0.0 0.0 0.0
2 6 	 # Alloc Shape
0 0 1 1 0 0
1 1 0 0 1 1

2 6 	 # U Shape
11.511336316763076 70.59188013214204 37.233349860153176 16.127787602579968 60.12073383220541 94.51447801688204
17.47153103832758 30.069289229043285 31.641962355157727 10.622807899631859 3.537386784712937 10.314929301509835
2 3 	 # V Shape
0.0 0.0 0.0
0.0 0.0 0.0
2 6 	 # Alloc Shape
0 0 0 0 1 1
1 1 1 1 0 0

2 6 	 # U Shape
4.239466174174722 18.32893683095458 87.91416448190508 49.4120072071529 34.82822886926288 27.8671300761282
48.609364514745245 66.63587135528483 68.69282983201579 22.644879438398636 93.00634200389783 89.20544765192717
2 3 	 # V Shape
0.0 0.0 0.0
0.0 0.0 0.0
2 6 	 # Alloc Shape
0 0 1 1 0 0
1 1 0 0 1 1

2 6 	 # U Shape
23.661812835017038 64.08895419753495 56.81611202090776 47.06749814724148 12.819683512597202 92.33319576369009
78.17946076135736 5.407008111681499 90.65555151879326 49.36146747897402 34.250138422334366 27.874684347716684
2 3 	 # V Shape
0.0 0.0 0.0
0.0 0.0 0.0
2 6 	 # Alloc Shape
0 1 0 1 0 1
1 0 1 0 1 0

2 6 	 # U Shape
39.744069597628865 25.674985920724993 45.70607703606957 27.725521810844945 39.41350402529454 21.204652892413645
29.52430379402302 65.20610516083477 47.68843079276978 20.003436529641693 81.96140158021815 65.47415566603571
2 3 	 # V Shape
0.0 0.0 0.0
0.0 0.0 0.0
2 6 	 # Alloc Shape
1 0 1 1 0 0
0 1 0 0 1 1

2 6 	 # U Shape
48.561722850261106 66.61158785278192 14.41971741233644 11.952700981643838 62.75482005319461 77.36501992217477
77.41408832688568 51.3354380306353 35.89379178202815 59.0665080711321 11.59973107818807 16.468132265747137
2 3 	 # V Shape
0.0 0.0 0.0
0.0 0.0 0.0
2 6 	 # Alloc Shape
0 1 0 0 1 1
1 0 1 1 0 0

2 6 	 # U Shape
17.031812296287676 94.22322085134158 66.76263619225504 96.23505332424843 12.68888496051347 23.381558906918166
89.55131799036467 65.24412162036745 94.42810007812717 90.15343223662524 94.17964665803957 41.48711015418145
2 3 	 # V Shape
0.0 0.0 0.0
0.0 0.0 0.0
2 6 	 # Alloc Shape
0 1 0 1 0 0
1 0 1 0 1 1

2 6 	 # U Shape
12.18887212796309 85.48752037649167 93.45705310858217 67.76183128219697 0.8417692480578887 33.37117641007878
55.488484117188555 54.869222814280775 75.83698863035451 44.35468165631264 92.22258514147238 78.4200946636417
2 3 	 # V Shape
0.0 0.0 0.0
0.0 0.0 0.0
2 6 	 # Alloc Shape
0 1 1 1 0 0
1 0 0 0 1 1

2 6 	 # U Shape
8.42186891758152 23.679354888922845 68.58419161808025 15.588690149894402 98.84977907601645 60.467429005386265
79.41936109865586 21.25881241027975 70.53173217858655 88.17985450225379 54.44786414237763 94.23446973164725
2 3 	 # V Shape
0.0 0.0 0.0
0.0 0.0 0.0
2 6 	 # Alloc Shape
0 1 1 0 1 0
1 0 0 1 0 1

2 6 	 # U Shape
33.82487550872483 34.46650385473157 27.434788854622116 21.235701963399944 78.36858120191039 44.75509139748437
93.43100848962753 11.505660477872315 61.28201354675363 50.52261836009945 76.88855734600153 83.17679415296156
2 3 	 # V Shape
0.0 0.0 0.0
0.0 0.0 0.0
2 6 	 # Alloc Shape
0 1 0 0 1 0
1 0 1 1 0 1

2 6 	 # U Shape
25.07397334262763 35.71552901834155 40.844657866440514 16.277879681831575 30.724325914644744 55.266851688186804
8.070448047363154 91.51186196073566 46.35962704685331 48.30351368138036 40.544426622148436 35.742237011426646
2 3 	 # V Shape
0.0 0.0 0.0
0.0 0.0 0.0
2 6 	 # Alloc Shape
1 0 1 0 0 1
0 1 0 1 1 0

2 6 	 # U Shape
80.30909831979525 60.026576778731375 12.431639940550177 94.31413118307273 22.828386230768526 19.363307914075456
96.2050542775715 5.139398949305418 17.30111320863764 41.46687238577743 16.886474214882618 38.58361426628891
2 3 	 # V Shape
0.0 0.0 0.0
0.0 0.0 0.0
2 6 	 # Alloc Shape
0 1 0 1 1 0
1 0 1 0 0 1

2 6 	 # U Shape
46.65137447600407 94.94062832840673 4.839011769141677 22.93149679805555 75.02137564284 58.91267228599732
20.04465824842584 4.303257732315036 40.65196774446459 7.51212644897008 96.65985193237407 34.6725845169748
2 3 	 # V Shape
0.0 0.0 0.0
0.0 0.0 0.0
2 6 	 # Alloc Shape
1 1 0 1 0 1
0 0 1 0 1 0

2 6 	 # U Shape
84.37618235412687 37.66525445349509 72.3427134561033 63.483990020094325 89.62633136784348 55.591178246987404
56.3850605914832 33.218531240008865 33.817851004007814 4.211825325016461 57.04459206970287 34.56846223419855
2 3 	 # V Shape
0.0 0.0 0.0
0.0 0.0 0.0
2 6 	 # Alloc Shape
0 0 1 1 0 1
1 1 0 0 1 0

2 6 	 # U Shape
87.3111251152653 10.032769294695632 15.244970742317621 87.77743035943365 62.862518612949 78.09778217523382
78.5233892767926 7.910793967928454 86.85287806285038 61.385723523946325 32.046075704016054 53.7140077712662
2 3 	 # V Shape
0.0 0.0 0.0
0.0 0.0 0.0
2 6 	 # Alloc Shape
0 0 0 1 1 1
1 1 1 0 0 0

2 6 	 # U Shape
70.39499473932435 40.56640182848808 12.92666945052633 65.07205865856106 42.4763072208561 27.363049552298047
88.2341032538024 46.94524395116878 83.29883856767553 53.52638388424764 23.73017156356353 6.221272089551377
2 3 	 # V Shape
0.0 0.0 0.0
0.0 0.0 0.0
2 6 	 # Alloc Shape
0 1 0 1 1 1
1 0 1 0 0 0

2 6 	 # U Shape
29.911887596968832 3.6375105510295214 82.88175756448827 58.47413968289386 45.47402648943928 66.34107044541052
93.43717373645072 21.05407878173331 9.863713552395826 1.3101074378287225 5.92870753821686 91.52847799511711
2 3 	 # V Shape
0.0 0.0 0.0
0.0 0.0 0.0
2 6 	 # Alloc Shape
0 0 1 1 1 0
1 1 0 0 0 1

2 6 	 # U Shape
52.94194980922185 72.39821478567663 46.003849309130196 9.833387812108263 7.556452480693632 35.618524490459755
48.027434730877175 49.405345156518024 48.51734257692789 90.57584901457204 73.30537605318538 71.80089548604049
2 3 	 # V Shape
0.0 0.0 0.0
0.0 0.0 0.0
2 6 	 # Alloc Shape
1 1 1 0 0 0
0 0 0 1 1 1

2 6 	 # U Shape
53.9900981610858 70.96004380361158 63.287090822397204 48.75451824649551 17.864914567962142 98.89022719377209
77.7618137624968 88.19421013040571 64.67888476592104 19.88348626871921 81.38946098785951 2.429532026930481
2 3 	 # V Shape
0.0 0.0 0.0
0.0 0.0 0.0
2 6 	 # Alloc Shape
0 0 1 1 0 1
1 1 0 0 1 0

2 6 	 # U Shape
37.33788901528566 77.40516470514952 83.7906725776523 5.152233171751918 50.52672823026679 69.34415552508037
67.62242606454396 16.600903926839294 3.549263499051092 41.14808694744815 2.831868489856515 53.59043298696531
2 3 	 # V Shape
0.0 0.0 0.0
0.0 0.0 0.0
2 6 	 # Alloc Shape
0 1 1 0 1 0
1 0 0 1 0 1

2 6 	 # U Shape
52.66383130175846 83.77569397282033 35.24389639084722 24.31787687645509 64.7522926239261 67.20949723427204
31.80262443143129 17.203083555624932 8.784119319528239 57.71364149356392 98.53716140300523 32.38468795173215
2 3 	 # V Shape
0.0 0.0 0.0
0.0 0.0 0.0
2 6 	 # Alloc Shape
1 1 1 0 0 1
0 0 0 1 1 0

2 6 	 # U Shape
43.37972120027377 5.3877663374270135 40.551745726035634 92.53837364520408 86.81157164173334 70.87737543179905
4.4471139536330195 45.08925359307809 91.23305604416296 19.043305022854984 13.900699502693536 91.69634412042824
2 3 	 # V Shape
0.0 0.0 0.0
0.0 0.0 0.0
2 6 	 # Alloc Shape
1 0 0 1 1 0
0 1 1 0 0 1

2 6 	 # U Shape
29.77607813598089 49.035340501685745 61.621351956821776 46.50673522454103 35.80401383296826 77.15297781303985
68.25371540513457 5.777861014787955 64.11975566948055 80.01277369790964 33.926064088197826 61.78875754319291
2 3 	 # V Shape
0.0 0.0 0.0
0.0 0.0 0.0
2 6 	 # Alloc Shape
0 1 0 0 1 1
1 0 1 1 0 0

2 6 	 # U Shape
97.86406615543366 80.67170221972705 21.65958560987692 37.5695674397001 73.35427639800027 15.711687463035584
15.987608374651307 14.38378364390469 64.84725204304756 10.103957120267248 74.84030526560164 22.311390173968725
2 3 	 # V Shape
0.0 0.0 0.0
0.0 0.0 0.0
2 6 	 # Alloc Shape
1 1 0 1 0 0
0 0 1 0 1 1

2 6 	 # U Shape
71.3910208044557 74.89850378876609 59.18020761656244 61.93532535384981 72.60699074686033 8.793694201514956
12.616243852687969 82.88917065211763 73.37646051765586 26.50156506581377 38.31779675068607 81.71445537277923
2 3 	 # V Shape
0.0 0.0 0.0
0.0 0.0 0.0
2 6 	 # Alloc Shape
1 0 0 1 1 0
0 1 1 0 0 1

2 6 	 # U Shape
4.935988527024804 67.04526455209468 77.62950940419758 76.06219357776823 68.79763527224762 99.46778766107737
70.11399787899354 50.00275290116362 64.12682494848775 86.92645606951204 97.81411001585025 10.54217820769997
2 3 	 # V Shape
0.0 0.0 0.0
0.0 0.0 0.0
2 6 	 # Alloc Shape
0 1 1 0 0 1
1 0 0 1 1 0

2 6 	 # U Shape
8.174614827344428 28.206351815172837 22.751050290057016 78.50315777487975 86.80986140442386 94.27246045166396
17.781766385199603 76.63374296885875 25.133024402651493 63.51735145277754 80.74267057026306 37.794097258756175
2 3 	 # V Shape
0.0 0.0 0.0
0.0 0.0 0.0
2 6 	 # Alloc Shape
0 0 0 1 0 1
1 1 1 0 1 0

2 6 	 # U Shape
68.29181719315739 39.41290202681223 21.03076898972046 99.72973409643764 69.39900037748991 77.2854402834023
59.418436893131556 74.25217521264355 80.61767409310279 31.73021060334662 68.87148596947587 68.5929199973568
2 3 	 # V Shape
0.0 0.0 0.0
0.0 0.0 0.0
2 6 	 # Alloc Shape
1 0 0 1 0 1
0 1 1 0 1 0

2 6 	 # U Shape
48.59421823528991 48.729452906633455 13.578674375466072 93.29590615765572 44.473073111775385 60.79081456390013
57.10477645719707 34.71845483180024 46.486516795294506 74.45375825236255 83.32506205386598 14.995993676902252
2 3 	 # V Shape
0.0 0.0 0.0
0.0 0.0 0.0
2 6 	 # Alloc Shape
0 1 0 1 0 1
1 0 1 0 1 0

2 6 	 # U Shape
29.762450993585233 36.57683585475946 66.2971951795582 71.52224047400873 50.660516988358204 87.63744307600322
18.48992282190578 80.01416954473032 72.27731229711532 67.86954975336992 84.84867974923822 82.66941032863443
2 3 	 # V Shape
0.0 0.0 0.0
0.0 0.0 0.0
2 6 	 # Alloc Shape
1 0 0 1 0 1
0 1 1 0 1 0

2 6 	 # U Shape
78.89352561129867 35.65686542790313 28.510391970621395 29.011558445183482 22.085001714327312 26.37326831042637
48.79627168718047 83.77896874197883 99.97271869473951 52.512906342954636 85.00517644700174 5.879590993527605
2 3 	 # V Shape
0.0 0.0 0.0
0.0 0.0 0.0
2 6 	 # Alloc Shape
1 0 0 1 0 1
0 1 1 0 1 0

2 6 	 # U Shape
3.4973751398113317 92.70430472525409 24.628328828071144 1.355091096909744 50.9200693587611 62.606083454551786
0.6178347477156176 61.275674219034805 30.512944587604085 38.41146966126037 51.56575676853166 46.35305031888923
2 3 	 # V Shape
0.0 0.0 0.0
0.0 0.0 0.0
2 6 	 # Alloc Shape
1 1 0 0 0 1
0 0 1 1 1 0

2 6 	 # U Shape
52.998139812113465 9.308859960752558 46.54758168893197 74.49165835428764 73.27072001608836 30.653764615019398
53.00076224720166 62.42946047061082 79.20803932601706 82.26566013897491 52.42080021146317 54.74343411296031
2 3 	 # V Shape
0.0 0.0 0.0
0.0 0.0 0.0
2 6 	 # Alloc Shape
1 0 0 1 1 0
0 1 1 0 0 1

2 6 	 # U Shape
78.97414848556144 69.17249650073721 6.51956503538067 68.13882883110438 27.70673098205676 92.98954802331768
51.051007894943055 80.61020770919582 23.24691619493935 9.024925942144357 39.24488772513865 18.620787227258496
2 3 	 # V Shape
0.0 0.0 0.0
0.0 0.0 0.0
2 6 	 # Alloc Shape
1 0 0 1 0 1
0 1 1 0 1 0

2 6 	 # U Shape
36.48460487707016 8.286762388141877 22.667328178796076 91.81099093392307 60.496549154144795 24.33533952614949
14.516488071792534 38.24904496703018 83.23362081486559 59.472488388523246 3.366675140973918 61.88715331559177
2 3 	 # V Shape
0.0 0.0 0.0
0.0 0.0 0.0
2 6 	 # Alloc Shape
1 0 0 1 1 0
0 1 1 0 0 1

2 6 	 # U Shape
60.29230908343113 51.12010330236371 62.17124525819965 86.36649360647714 98.15164267642031 19.224418261989683
9.772075800914815 1.307546441436458 17.111006305614097 95.5370588314578 62.6450274169302 60.52389297317022
2 3 	 # V Shape
0.0 0.0 0.0
0.0 0.0 0.0
2 6 	 # Alloc Shape
1 1 1 0 1 0
0 0 0 1 0 1

2 6 	 # U Shape
23.310005029836077 53.323953067018984 49.72419300777108 57.5978622263035 55.0959400129857 25.711048804058635
10.832243991231438 17.734977459547874 45.374202749498515 33.90455571294336 53.286783877741954 65.24541181322694
2 3 	 # V Shape
0.0 0.0 0.0
0.0 0.0 0.0
2 6 	 # Alloc Shape
1 1 0 1 0 0
0 0 1 0 1 1

2 6 	 # U Shape
35.714351370693066 55.285712411931684 36.41789380625077 12.913596319161059 70.54670139248957 35.153257973524376
72.80417638941334 88.9545519537029 72.8134705059203 43.848183613029704 19.480899637256456 19.53507950744262
2 3 	 # V Shape
0.0 0.0 0.0
0.0 0.0 0.0
2 6 	 # Alloc Shape
0 1 0 0 1 1
1 0 1 1 0 0

2 6 	 # U Shape
84.75118568077282 7.386404115713474 65.79387775513659 54.57095064867008 87.9025658043962 73.74871701056355
89.96943091908425 44.529546539015996 34.76751310788715 2.9483586862234845 75.68877928588748 66.0733268843015
2 3 	 # V Shape
0.0 0.0 0.0
0.0 0.0 0.0
2 6 	 # Alloc Shape
0 0 1 1 1 0
1 1 0 0 0 1

2 6 	 # U Shape
84.21767686333885 10.428098714973377 7.987309964812628 36.50950755974514 36.91947749404408 54.31076673234614
35.65073437133764 59.75859405919337 30.348240628793878 90.72375192240823 23.089283640155767 90.73213563236835
2 3 	 # V Shape
0.0 0.0 0.0
0.0 0.0 0.0
2 6 	 # Alloc Shape
1 0 0 0 1 0
0 1 1 1 0 1

2 6 	 # U Shape
37.17187094768589 93.05189998923035 50.121991643055885 84.29235957120478 72.42669033415073 6.554950826199257
13.74961390110464 96.19545801359956 77.35697375386343 33.38847478488815 20.24772702082447 6.158543424880625
2 3 	 # V Shape
0.0 0.0 0.0
0.0 0.0 0.0
2 6 	 # Alloc Shape
1 0 0 1 1 0
0 1 1 0 0 1

2 6 	 # U Shape
43.02885940193505 35.186303026538404 84.62657258552039 6.956606461480385 12.511354623143312 60.53577039851571
67.5619934269181 93.56605915448195 87.12328683500795 41.69108603918347 16.25948155941106 51.82355926281414
2 3 	 # V Shape
0.0 0.0 0.0
0.0 0.0 0.0
2 6 	 # Alloc Shape
0 0 1 0 1 1
1 1 0 1 0 0

2 6 	 # U Shape
2.5516805413567933 84.03283015712003 90.47871623312228 2.9511633122327074 56.66941368068269 48.39228925041867
36.337687948727584 89.53920120736285 13.338414430382638 92.42913704128419 23.425958569293737 26.961262113458663
2 3 	 # V Shape
0.0 0.0 0.0
0.0 0.0 0.0
2 6 	 # Alloc Shape
0 0 1 0 1 1
1 1 0 1 0 0

2 6 	 # U Shape
0.2911929518822687 35.60683116270137 91.83501613114431 53.76092172451115 51.264334986134706 61.763564474583966
22.948284520292674 8.21242051159321 49.56303898608966 97.41818832031747 56.04250307878035 89.85379289002267
2 3 	 # V Shape
0.0 0.0 0.0
0.0 0.0 0.0
2 6 	 # Alloc Shape
0 1 1 0 1 0
1 0 0 1 0 1

2 6 	 # U Shape
97.41005410980745 31.06304154327568 45.94383438298573 82.85461884325646 82.41052995884208 3.708579545299484
16.546249706903883 80.51803320496111 14.996958631232937 30.34886393358024 85.28478045107597 16.19297001383091
2 3 	 # V Shape
0.0 0.0 0.0
0.0 0.0 0.0
2 6 	 # Alloc Shape
1 0 1 1 0 0
0 1 0 0 1 1

2 6 	 # U Shape
81.3627325091852 53.35325353157568 86.83543863929746 54.679355576470144 94.19195167792428 71.58666292749997
78.65023908342913 52.77993701246528 85.89561561881492 14.597058056493385 1.0776701599289673 18.093560654962715
2 3 	 # V Shape
0.0 0.0 0.0
0.0 0.0 0.0
2 6 	 # Alloc Shape
0 0 0 1 1 1
1 1 1 0 0 0

2 6 	 # U Shape
15.84208446209624 53.39506066812143 63.282668520776056 13.422575676839422 66.91155315350402 90.6303997569417
62.98236157570215 33.91989507972285 45.88079134877201 85.81199019667748 2.32488419698782 62.130076590732145
2 3 	 # V Shape
0.0 0.0 0.0
0.0 0.0 0.0
2 6 	 # Alloc Shape
0 1 0 0 1 1
1 0 1 1 0 0

2 6 	 # U Shape
68.02884862855618 87.4226757222771 68.1522643717554 17.583459361880426 48.99934531284798 18.2842729877163
86.14776293325872 74.35471398474441 43.13105844013122 53.32194782398696 1.7583891973424914 32.553664192611684
2 3 	 # V Shape
0.0 0.0 0.0
0.0 0.0 0.0
2 6 	 # Alloc Shape
0 1 1 0 1 0
1 0 0 1 0 1

2 6 	 # U Shape
44.384400893334096 36.59558846145345 23.94141493956875 91.52199989936473 68.61057161771552 55.76385997262124
16.740948593631945 80.35230855037358 10.680955143023274 66.56613737163315 31.70546609986199 91.33203496533285
2 3 	 # V Shape
0.0 0.0 0.0
0.0 0.0 0.0
2 6 	 # Alloc Shape
1 0 1 1 1 0
0 1 0 0 0 1

2 6 	 # U Shape
5.282145842366437 11.948248082901047 42.95427933089262 41.356238660266996 62.41859138264439 76.8875468433641
55.553689372509396 58.76363182493173 91.91289672533316 69.93634392468903 7.904257524566328 83.14640478534557
2 3 	 # V Shape
0.0 0.0 0.0
0.0 0.0 0.0
2 6 	 # Alloc Shape
0 0 0 0 1 1
1 1 1 1 0 0

2 6 	 # U Shape
37.17967640323954 32.99060151017643 99.0500745307139 30.315622499400906 78.80380561263075 20.948292257809655
27.283976456404837 92.48147318277071 1.564369866322135 86.7078231835923 72.46091977803026 5.771879492824549
2 3 	 # V Shape
0.0 0.0 0.0
0.0 0.0 0.0
2 6 	 # Alloc Shape
1 0 1 0 1 1
0 1 0 1 0 0

2 6 	 # U Shape
85.60097185021583 42.40729380524948 4.909863823392313 34.375612038792426 33.23536286066655 43.99541619481921
72.76848110222711 72.20067496015548 92.42242303338031 75.17994509111325 88.53314222531796 98.01951813135639
2 3 	 # V Shape
0.0 0.0 0.0
0.0 0.0 0.0
2 6 	 # Alloc Shape
1 1 0 0 0 0
0 0 1 1 1 1

2 6 	 # U Shape
30.601978356033587 23.64443937495031 37.05509659165611 30.561364030156458 20.87692435157482 44.51249601663295
79.08322022092997 3.132005986783004 9.450089851250343 55.838906917066424 96.70474026090862 16.430731816408816
2 3 	 # V Shape
0.0 0.0 0.0
0.0 0.0 0.0
2 6 	 # Alloc Shape
0 1 1 0 0 1
1 0 0 1 1 0

2 6 	 # U Shape
68.39535288998061 45.5155103916619 91.74045995675216 27.922576215389473 89.95674190174753 29.343294013035383
86.92137532401789 80.17954071065907 81.5336477935092 78.50199878144431 56.230564086106796 53.64471453974296
2 3 	 # V Shape
0.0 0.0 0.0
0.0 0.0 0.0
2 6 	 # Alloc Shape
0 0 1 0 1 0
1 1 0 1 0 1

2 6 	 # U Shape
26.492351809192083 77.79166578752744 77.99738071539542 80.79579551466318 4.812338440493347 57.30197288821447
42.85823760159665 22.59299572151845 47.783174945908705 11.670947844655677 38.64793608957366 52.65278310248137
2 3 	 # V Shape
0.0 0.0 0.0
0.0 0.0 0.0
2 6 	 # Alloc Shape
0 1 1 1 0 0
1 0 0 0 1 1

2 6 	 # U Shape
7.023466337288086 27.67659381307834 82.46421274110669 68.15346567148785 74.52637403751854 80.58283387359424
80.41268708199152 86.20335465032586 58.295097181364206 53.35399596127369 11.047336651467488 17.177834103683875
2 3 	 # V Shape
0.0 0.0 0.0
0.0 0.0 0.0
2 6 	 # Alloc Shape
0 0 1 0 1 1
1 1 0 1 0 0

2 6 	 # U Shape
34.183342402037596 84.63394260981426 28.309637554151156 67.57505423881366 21.978855866486857 85.70077568439117
61.80447050764718 28.39556632428214 70.84776585006047 43.97817335226816 23.642344620760248 85.07720659820589
2 3 	 # V Shape
0.0 0.0 0.0
0.0 0.0 0.0
2 6 	 # Alloc Shape
0 1 0 1 1 0
1 0 1 0 0 1

