2 6 	 # U Shape
82.22980968987521 71.99250989537036 21.210885234101863 87.24294447722278 3.249553042759634 50.201722769270596
55.08827706107127 98.44448105028233 42.23906786035789 83.3544091636263 70.59166434906898 77.46457683997028
2 3 	 # V Shape
0.0 0.0 0.0
0.0 0.0 0.0
2 6 	 # Alloc Shape
1 0 0 1 0 0
0 1 1 0 1 1

2 6 	 # U Shape
29.899865650024548 53.7745219418836 66.56275378248544 36.4328800568146 62.30186193345604 64.27248852452114
41.99818200973734 40.324243401016226 39.042032609654065 40.618952247249155 7.966610538989782 5.683120141208375
2 3 	 # V Shape
0.0 0.0 0.0
0.0 0.0 0.0
2 6 	 # Alloc Shape
0 0 1 0 1 1
1 1 0 1 0 0

2 6 	 # U Shape
46.37114431790922 92.57973266470142 33.83470832690559 10.534379961993235 86.93486025097094 81.69805558316739
21.731031962731894 30.976802928545233 62.28513920867632 53.889702602807 91.08254128731524 28.097268704003863
2 3 	 # V Shape
0.0 0.0 0.0
0.0 0.0 0.0
2 6 	 # Alloc Shape
1 1 0 0 0 1
0 0 1 1 1 0

2 6 	 # U Shape
87.56659420813519 12.759215495203946 30.365373978719955 29.52965716988186 56.910503764257555 74.34196294659989
33.001518527033426 60.78523073725284 51.56753531483024 91.98007246232733 20.136661118531173 0.16447577600704477
2 3 	 # V Shape
0.0 0.0 0.0
0.0 0.0 0.0
2 6 	 # Alloc Shape
1 0 0 0 1 1
0 1 1 1 0 0

2 6 	 # U Shape
42.8529155415448 91.8601877512503 69.17541593241666 67.68012876754904 72.88958406327272 8.576320518805858
65.07335305887787 60.90488119033741 32.40859070526398 16.80875831648271 29.663584132308017 0.10926258781018827
2 3 	 # V Shape
0.0 0.0 0.0
0.0 0.0 0.0
2 6 	 # Alloc Shape
0 0 1 1 1 1
1 1 0 0 0 0

2 6 	 # U Shape
21.54033690963183 85.00659465396039 36.99892463660712 22.821247935454547 85.99326513042675 46.575077893392304
67.81169710862007 37.78759770783561 71.64335552866723 36.50197873994559 55.1521872294001 58.62687002943826
2 3 	 # V Shape
0.0 0.0 0.0
0.0 0.0 0.0
2 6 	 # Alloc Shape
0 1 0 0 1 0
1 0 1 1 0 1

2 6 	 # U Shape
12.149158646230273 96.9742712023998 86.38092279224774 9.92905573924363 34.265500273325614 3.6127052386988323
58.684087946666175 79.738549578538 96.91310570839595 96.85052507178072 7.902950509210371 18.474297802999107
2 3 	 # V Shape
0.0 0.0 0.0
0.0 0.0 0.0
2 6 	 # Alloc Shape
0 1 1 0 1 0
1 0 0 1 0 1

2 6 	 # U Shape
82.78123360964413 4.7536989692292035 76.98532438293519 96.56015630530149 3.0873134596241747 59.08960123475244
74.83358272644884 19.843054054272514 45.226602184668685 25.276902709816994 81.7256460880359 95.08608038638602
2 3 	 # V Shape
0.0 0.0 0.0
0.0 0.0 0.0
2 6 	 # Alloc Shape
1 0 1 1 0 0
0 1 0 0 1 1

2 6 	 # U Shape
29.79648675085953 54.567740312415545 86.24527807014488 97.17677906701826 42.020647150345546 99.84272883028322
36.95634666183851 21.87221906176703 21.164242092224995 56.525376802731365 12.960435073458065 72.75931105719518
2 3 	 # V Shape
0.0 0.0 0.0
0.0 0.0 0.0
2 6 	 # Alloc Shape
0 1 1 1 1 0
1 0 0 0 0 1

2 6 	 # U Shape
60.12846829000312 78.02640101157219 25.134084645613097 12.910201568416902 19.10085716024116 14.174869019113656
20.21727036016836 2.5115899860385205 91.7213840245407 58.4897681016744 37.69122799691945 95.8583388689209
2 3 	 # V Shape
0.0 0.0 0.0
0.0 0.0 0.0
2 6 	 # Alloc Shape
1 1 0 0 0 0
0 0 1 1 1 1

2 6 	 # U Shape
5.3528109550113 80.5126363199286 31.172871057546715 65.00659237024757 17.14198223450768 80.01108798624738
40.250834314536 6.040716813355996 60.243981545387356 17.427870674180067 42.95640133701271 41.846399950122304
2 3 	 # V Shape
0.0 0.0 0.0
0.0 0.0 0.0
2 6 	 # Alloc Shape
0 1 0 1 0 1
1 0 1 0 1 0

2 6 	 # U Shape
85.88539912754625 25.016313710386704 60.37551944991748 0.6915925142911394 22.09277140195288 13.416170429504104
39.056412377999315 58.307357909349236 7.079878501183245 60.24420605375605 15.791636401632491 85.02478745723377
2 3 	 # V Shape
0.0 0.0 0.0
0.0 0.0 0.0
2 6 	 # Alloc Shape
1 0 1 0 1 0
0 1 0 1 0 1

2 6 	 # U Shape
41.37737339418399 0.14446131712595456 93.30317754527829 85.96270273081488 7.119029432072288 23.701682545985147
73.61484085983349 26.02828542059501 16.771961723145623 97.46847379175001 39.167381101368356 30.889317859641874
2 3 	 # V Shape
0.0 0.0 0.0
0.0 0.0 0.0
2 6 	 # Alloc Shape
0 0 1 1 0 0
1 1 0 0 1 1

2 6 	 # U Shape
21.96513022338953 43.810491758683966 88.42863758298174 4.987925451626962 53.68653469955609 25.46312179960708
39.83457517212088 23.24035893464179 61.229421993794034 82.94242301078948 92.46908436497371 14.886116166459084
2 3 	 # V Shape
0.0 0.0 0.0
0.0 0.0 0.0
2 6 	 # Alloc Shape
0 1 1 0 0 1
1 0 0 1 1 0

2 6 	 # U Shape
5.767769217676777 87.87914938951232 52.91242960474568 28.144259387048866 78.00447843497629 52.28878129354835
48.112623398235165 14.00774452313912 23.885033816735678 32.45827433078815 69.93890857347482 23.494528842582863
2 3 	 # V Shape
0.0 0.0 0.0
0.0 0.0 0.0
2 6 	 # Alloc Shape
0 1 1 0 0 1
1 0 0 1 1 0

2 6 	 # U Shape
15.1354791646083 77.96857115315946 36.70745072039567 12.510074729084685 67.1147121548804 73.70610604919108
38.270868430255675 71.93536534246581 78.85594693686994 51.69800437847903 24.52483002407976 69.57574767540267
2 3 	 # V Shape
0.0 0.0 0.0
0.0 0.0 0.0
2 6 	 # Alloc Shape
0 1 0 0 1 1
1 0 1 1 0 0

2 6 	 # U Shape
39.92675099001517 35.10307265594219 32.43273543749231 84.7674761579604 38.36339510748651 48.46020006072932
2.7920634394469346 12.498032517357816 4.963998669215863 35.93089298353204 78.06962434491588 10.915397628833723
2 3 	 # V Shape
0.0 0.0 0.0
0.0 0.0 0.0
2 6 	 # Alloc Shape
1 1 1 1 0 1
0 0 0 0 1 0

2 6 	 # U Shape
0.7716472820713749 38.55807243552173 27.272865489917407 74.03370816092279 93.31743865118548 93.67561454984498
0.38870686586055525 6.637855862288944 2.1181951202162153 80.94783498903617 63.57293882924806 7.256092793071645
2 3 	 # V Shape
0.0 0.0 0.0
0.0 0.0 0.0
2 6 	 # Alloc Shape
1 1 1 0 0 1
0 0 0 1 1 0

2 6 	 # U Shape
22.89677431194469 40.98998285880819 42.63385761073629 74.62634777320461 79.80337227620271 70.54193261138666
57.72304822361366 98.73587145179246 65.33158921740504 15.465128914451409 11.233924060815948 56.74041018991043
2 3 	 # V Shape
0.0 0.0 0.0
0.0 0.0 0.0
2 6 	 # Alloc Shape
0 0 0 1 1 1
1 1 1 0 0 0

2 6 	 # U Shape
34.859772021048045 88.15016608189065 82.680587803321 16.800677524168307 40.48062959423362 59.36574250913008
60.20371552059447 67.06534957643146 84.81624102751216 76.52292638228666 59.79090586383682 18.42442842175519
2 3 	 # V Shape
0.0 0.0 0.0
0.0 0.0 0.0
2 6 	 # Alloc Shape
0 1 1 0 0 1
1 0 0 1 1 0

2 6 	 # U Shape
79.92245236761097 80.99071090557382 38.925466495797956 55.25207968037492 59.19450110692232 21.980997388888433
8.454245952201344 48.32775469939234 40.61495517055577 83.02552123193124 10.308267343659061 84.41824595779683
2 3 	 # V Shape
0.0 0.0 0.0
0.0 0.0 0.0
2 6 	 # Alloc Shape
1 1 0 0 1 0
0 0 1 1 0 1

2 6 	 # U Shape
27.098517538194233 50.91381914412286 58.221445676220384 14.551023397126883 56.278102490467774 21.14112993861156
95.16981752335076 17.359953387709236 24.463685740621376 36.3937749711405 96.90022504173835 6.976131386398343
2 3 	 # V Shape
0.0 0.0 0.0
0.0 0.0 0.0
2 6 	 # Alloc Shape
0 1 1 0 0 1
1 0 0 1 1 0

2 6 	 # U Shape
87.61544194770315 83.02939626724555 38.578552957091304 65.95838145120399 75.48947863489133 65.49573246243791
46.713228611241654 50.34461575730024 40.57563886349919 66.31726629159785 23.741585289806476 5.858067742668249
2 3 	 # V Shape
0.0 0.0 0.0
0.0 0.0 0.0
2 6 	 # Alloc Shape
1 0 0 0 1 1
0 1 1 1 0 0

2 6 	 # U Shape
16.728461908129077 66.852298776765 23.511018925987116 89.4653540656715 62.63041167890431 12.730417876986621
37.10822034856962 51.04215351811674 21.18999098129285 72.76894552473156 92.43204580315333 2.509263981784493
2 3 	 # V Shape
0.0 0.0 0.0
0.0 0.0 0.0
2 6 	 # Alloc Shape
0 1 0 1 0 1
1 0 1 0 1 0

2 6 	 # U Shape
91.8980834424634 49.78959760043718 42.43688178131381 25.154702472247457 44.767985871807326 62.46179641596436
89.81337163272029 97.48704187817567 15.77602008626674 19.650993000444437 19.296230866742235 75.65207457049765
2 3 	 # V Shape
0.0 0.0 0.0
0.0 0.0 0.0
2 6 	 # Alloc Shape
1 0 1 1 1 0
0 1 0 0 0 1

2 6 	 # U Shape
6.935285266320013 69.26258617614577 60.3106109186574 55.94958707460642 18.233689850442104 19.90777018690172
67.44224999145696 55.145559866808 2.549812999240242 89.75474578588954 33.23401655589936 12.72819823525989
2 3 	 # V Shape
0.0 0.0 0.0
0.0 0.0 0.0
2 6 	 # Alloc Shape
0 1 1 0 0 1
1 0 0 1 1 0

2 6 	 # U Shape
81.8517847772066 15.316080553439892 68.16772153532776 9.671364737445998 33.902986684198545 42.448860842958155
9.572958591461035 87.60185791539055 74.0997567368816 14.993398565645123 57.64802277166372 26.596258447949495
2 3 	 # V Shape
0.0 0.0 0.0
0.0 0.0 0.0
2 6 	 # Alloc Shape
1 0 1 0 0 1
0 1 0 1 1 0

2 6 	 # U Shape
83.46280992758841 63.64023123688819 10.148959515601785 60.65395892189548 40.71382468432885 66.35104607881547
17.633356400321876 12.428754379364992 78.78817311107315 51.48339735099008 17.479969497543536 11.409590041839834
2 3 	 # V Shape
0.0 0.0 0.0
0.0 0.0 0.0
2 6 	 # Alloc Shape
1 1 0 0 1 1
0 0 1 1 0 0

2 6 	 # U Shape
0.5965467047569395 74.93083023549424 49.562365726635036 81.74355512907705 66.20134393776331 19.020202315987422
13.728248146122613 74.10376405388523 89.83364019741346 91.12288802044003 73.26367971554797 44.655122953735884
2 3 	 # V Shape
0.0 0.0 0.0
0.0 0.0 0.0
2 6 	 # Alloc Shape
0 1 0 1 0 0
1 0 1 0 1 1

2 6 	 # U Shape
29.12174581149908 17.42381011405194 69.7078490808231 31.214850504491164 31.48927457711147 75.96318101928541
38.89638632290172 78.10447580784553 33.67530347261436 6.715893647546956 3.4278237106563414 92.81072173294864
2 3 	 # V Shape
0.0 0.0 0.0
0.0 0.0 0.0
2 6 	 # Alloc Shape
0 0 1 1 1 0
1 1 0 0 0 1

2 6 	 # U Shape
98.73762819246853 59.500530429319255 4.323101682473673 79.87942915269433 13.99029436467134 15.127843543905383
40.57843816704533 70.90080606838515 31.033085293631412 42.70696637802599 58.12116127091556 40.60713230501043
2 3 	 # V Shape
0.0 0.0 0.0
0.0 0.0 0.0
2 6 	 # Alloc Shape
1 0 0 1 0 0
0 1 1 0 1 1

2 6 	 # U Shape
72.68053586865982 88.58380638189965 32.491038112255424 48.40168592361346 38.889039484619644 33.006194216737065
18.55301616784396 86.27257156956396 21.678565552830598 52.22558583701813 62.13395712866724 60.204871483375314
2 3 	 # V Shape
0.0 0.0 0.0
0.0 0.0 0.0
2 6 	 # Alloc Shape
1 1 1 0 0 0
0 0 0 1 1 1

2 6 	 # U Shape
49.97959730849399 38.20253034688806 10.148528037945114 2.6353591636657514 39.37748886565523 27.56742642853982
90.04353620975466 61.82184342139774 8.018375310757353 20.626159307331847 75.262065486928 36.27330205208581
2 3 	 # V Shape
0.0 0.0 0.0
0.0 0.0 0.0
2 6 	 # Alloc Shape
0 1 1 0 0 1
1 0 0 1 1 0

2 6 	 # U Shape
61.31520003976995 32.84547588038702 46.78330098886696 66.56155085568743 75.44200229048418 70.07553473427389
98.39638450510222 25.032802699004776 73.2084051669706 21.725085336561946 60.00269751987267 74.60970820224424
2 3 	 # V Shape
0.0 0.0 0.0
0.0 0.0 0.0
2 6 	 # Alloc Shape
0 1 0 1 1 0
1 0 1 0 0 1

2 6 	 # U Shape
56.06131053820314 97.33777564755258 62.428745989587995 73.70270318110558 89.71567287302256 4.377346461115339
22.599507632494177 64.65921040593796 78.48781737147793 50.18246481067736 0.6528755699695021 12.505954433475964
2 3 	 # V Shape
0.0 0.0 0.0
0.0 0.0 0.0
2 6 	 # Alloc Shape
1 1 0 0 1 0
0 0 1 1 0 1

2 6 	 # U Shape
57.81555446438305 60.01664947137056 31.10382707553153 33.215153152497166 57.56226550538938 51.16500223077507
63.10386051017919 21.848123109979646 43.550765425072846 87.68205717814305 43.37868601360121 67.14433418649323
2 3 	 # V Shape
0.0 0.0 0.0
0.0 0.0 0.0
2 6 	 # Alloc Shape
1 1 0 0 1 0
0 0 1 1 0 1

2 6 	 # U Shape
6.177182214259602 60.071056610737294 48.74571803399243 55.13545075056536 97.23334424284509 77.50987741667987
14.604197415148334 73.11712936624413 4.550697923849434 20.50146542046507 48.1465231225902 35.1016522421724
2 3 	 # V Shape
0.0 0.0 0.0
0.0 0.0 0.0
2 6 	 # Alloc Shape
0 0 1 1 1 0
1 1 0 0 0 1

2 6 	 # U Shape
72.1143139678245 39.12790098127436 72.20664615324401 59.00905090661721 76.83794445260807 53.34178061666886
10.191906452567089 85.915357094757 30.041465338781205 43.13958408162962 23.492476792315863 43.83028402184064
2 3 	 # V Shape
0.0 0.0 0.0
0.0 0.0 0.0
2 6 	 # Alloc Shape
1 0 1 0 1 0
0 1 0 1 0 1

2 6 	 # U Shape
27.71465428522252 56.50341642915729 58.8660291251726 75.39884871734859 18.035470536378483 83.20922648174425
44.86956921412476 38.12069969925839 41.18202830655622 71.61720117705025 68.37878201658478 13.856949771388793
2 3 	 # V Shape
0.0 0.0 0.0
0.0 0.0 0.0
2 6 	 # Alloc Shape
0 1 1 0 0 1
1 0 0 1 1 0

2 6 	 # U Shape
75.7723647506156 10.588454015418158 20.499196619507252 91.46370000980417 46.53816581083659 13.784086626337789
99.15860142543788 18.5587078049368 2.178528755004361 55.902935009511914 32.8555675865408 53.90176570591373
2 3 	 # V Shape
0.0 0.0 0.0
0.0 0.0 0.0
2 6 	 # Alloc Shape
0 0 1 1 1 0
1 1 0 0 0 1

2 6 	 # U Shape
62.8944565952659 28.901183139512575 0.3769184472362186 45.2927487855555 33.726594514372145 84.21879326027391
65.0394163163288 27.711885931043913 91.64389023437303 47.27440226672619 64.78889519043695 29.971367638145917
2 3 	 # V Shape
0.0 0.0 0.0
0.0 0.0 0.0
2 6 	 # Alloc Shape
1 1 0 0 0 1
0 0 1 1 1 0

2 6 	 # U Shape
88.03387131973895 50.928379448755834 25.39943128151424 84.48311318017913 82.39441740224177 51.698999673693244
0.9195754348438889 56.92325968250336 44.58515662453325 65.29791485222572 10.874695855040727 58.62656042001916
2 3 	 # V Shape
0.0 0.0 0.0
0.0 0.0 0.0
2 6 	 # Alloc Shape
1 0 0 1 1 0
0 1 1 0 0 1

2 6 	 # U Shape
11.643960067099568 86.22202915116614 8.688794864578108 31.988660712282336 77.54307458036934 68.32406889192009
44.22774198065602 8.118511010456276 58.3828533840156 6.276837283900816 16.968639720185287 59.82455055341999
2 3 	 # V Shape
0.0 0.0 0.0
0.0 0.0 0.0
2 6 	 # Alloc Shape
0 1 0 1 1 0
1 0 1 0 0 1

2 6 	 # U Shape
43.93807045925989 9.233565819105028 39.86355725122282 60.768085232184454 15.596850021866715 30.626209280996896
18.076586542633443 49.395533882791675 31.31917974789742 52.88762442420174 40.177494404067225 79.52895842101843
2 3 	 # V Shape
0.0 0.0 0.0
0.0 0.0 0.0
2 6 	 # Alloc Shape
1 0 1 1 0 0
0 1 0 0 1 1

2 6 	 # U Shape
86.86229004501067 7.404319327448805 39.23765173942086 14.587716320115241 97.06008134213478 4.317363746034397
58.16737584923193 74.08998928405535 20.927561070894875 66.43393253112184 50.42502298198372 50.91199378935656
2 3 	 # V Shape
0.0 0.0 0.0
0.0 0.0 0.0
2 6 	 # Alloc Shape
1 0 1 0 1 0
0 1 0 1 0 1

2 6 	 # U Shape
87.8196096407302 44.13758814851646 47.06096140624552 48.68435803800797 37.475403504762596 32.715299953337286
83.48138520798794 29.04282921992164 16.13365885180007 33.666398892617046 57.701378164490414 65.80796165788821
2 3 	 # V Shape
0.0 0.0 0.0
0.0 0.0 0.0
2 6 	 # Alloc Shape
0 1 1 1 0 0
1 0 0 0 1 1

2 6 	 # U Shape
52.23953050627868 52.263058356891534 33.324762117033245 13.464936419307739 39.459767354245926 36.84825063817002
25.40956160320914 44.38576709386005 12.288360905902307 95.57188772779271 61.32109541255567 35.20499585179462
2 3 	 # V Shape
0.0 0.0 0.0
0.0 0.0 0.0
2 6 	 # Alloc Shape
1 1 1 0 0 1
0 0 0 1 1 0

2 6 	 # U Shape
97.34582380783944 25.073844281335777 70.75290517712084 94.26171626481519 80.20335479790496 97.40499529691171
99.67162864983229 26.249901248294627 20.415413929141778 79.63727810632626 63.29496903599904 63.297312912872286
2 3 	 # V Shape
0.0 0.0 0.0
0.0 0.0 0.0
2 6 	 # Alloc Shape
0 0 1 0 1 1
1 1 0 1 0 0

2 6 	 # U Shape
19.285262652880487 6.377540096643464 98.74980858027153 31.289953684909655 86.29005768760669 40.6285128917333
93.2295135481622 34.523862680159645 97.78709609103511 18.080661418910005 8.043175658170142 58.835435683789385
2 3 	 # V Shape
0.0 0.0 0.0
0.0 0.0 0.0
2 6 	 # Alloc Shape
0 0 1 1 1 0
1 1 0 0 0 1

2 6 	 # U Shape
63.55664825919858 46.816693746524166 95.324879526772 31.368211974502202 69.69196369430492 89.30460822240539
56.92548981754548 66.05831914693121 62.652328953267364 0.9393216061919896 89.43757025881247 16.109321991885405
2 3 	 # V Shape
0.0 0.0 0.0
0.0 0.0 0.0
2 6 	 # Alloc Shape
0 0 1 1 0 1
1 1 0 0 1 0

2 6 	 # U Shape
69.91748234047718 69.51526574709784 93.63004179740622 22.387147723578458 27.588202810505614 32.017455462385115
4.109481376101865 64.02962456789584 87.88747867398995 79.91029791012724 71.99018618057535 48.351278594758526
2 3 	 # V Shape
0.0 0.0 0.0
0.0 0.0 0.0
2 6 	 # Alloc Shape
1 1 1 0 0 0
0 0 0 1 1 1

2 6 	 # U Shape
20.669212931796153 49.37574346058149 81.30789604214205 9.091932612097143 11.497744246741593 9.69357699979938
62.10875436111358 60.243976769681986 72.63993910095515 11.684863939445956 80.55385331400305 69.47521711299581
2 3 	 # V Shape
0.0 0.0 0.0
0.0 0.0 0.0
2 6 	 # Alloc Shape
0 1 1 1 0 0
1 0 0 0 1 1

2 6 	 # U Shape
27.460534471794528 36.89159946245426 1.4860897440458376 5.704418852200899 61.3399538526605 58.712224969538326
95.85907829311647 39.46171431883082 70.79411572386714 13.112967261143904 32.60339362482759 90.70738351356718
2 3 	 # V Shape
0.0 0.0 0.0
0.0 0.0 0.0
2 6 	 # Alloc Shape
0 1 0 0 1 1
1 0 1 1 0 0

2 6 	 # U Shape
57.72352789535532 50.580612453598384 18.81474290193762 24.622734382758516 92.38316915714276 86.26244664921849
72.31137216237468 55.48493427996544 96.4586107137452 99.4332250394225 28.31593861783761 57.70576586214102
2 3 	 # V Shape
0.0 0.0 0.0
0.0 0.0 0.0
2 6 	 # Alloc Shape
0 1 0 0 1 1
1 0 1 1 0 0

2 6 	 # U Shape
5.03838533712938 64.63462010631453 26.771963302059987 85.00264372752552 82.58998515665658 42.64474906078512
8.62312711283353 52.90360629493739 97.1033780011743 35.488557111118205 75.63490141819126 78.05011358677882
2 3 	 # V Shape
0.0 0.0 0.0
0.0 0.0 0.0
2 6 	 # Alloc Shape
0 1 0 1 1 0
1 0 1 0 0 1

2 6 	 # U Shape
30.980813394931694 84.14776496312763 70.90698999774585 5.6636235193727185 36.99747439657896 85.14002819274674
49.246057821531295 90.9820122667076 40.618803202514734 35.974388954474165 57.17958517178947 32.9182972525103
2 3 	 # V Shape
0.0 0.0 0.0
0.0 0.0 0.0
2 6 	 # Alloc Shape
0 0 1 0 0 1
1 1 0 1 1 0

2 6 	 # U Shape
39.19732084032634 91.69015103644993 79.37260663700138 32.84114486748256 51.03792360121335 48.53732452164644
73.59994993434967 73.97903482691001 29.282599611216508 34.12078539864684 14.565707362969304 86.68421903478661
2 3 	 # V Shape
0.0 0.0 0.0
0.0 0.0 0.0
2 6 	 # Alloc Shape
0 1 1 0 1 0
1 0 0 1 0 1

2 6 	 # U Shape
2.5002257147067386 47.11630635771837 7.211141369077678 87.58339023716643 0.45923144388122505 40.10668021241827
5.922221643653691 33.43888819483265 85.63063349736777 72.04071231453446 57.986274511158534 21.25357741670887
2 3 	 # V Shape
0.0 0.0 0.0
0.0 0.0 0.0
2 6 	 # Alloc Shape
0 1 0 1 0 1
1 0 1 0 1 0

2 6 	 # U Shape
99.70025741854904 86.64783808124481 5.11510009007734 81.34662369461546 30.456486802761173 83.95896532306423
64.39753241650068 74.37626902222053 52.91764003243168 33.04531754345149 64.01469894622817 36.02659818774685
2 3 	 # V Shape
0.0 0.0 0.0
0.0 0.0 0.0
2 6 	 # Alloc Shape
1 0 0 1 0 1
0 1 1 0 1 0

2 6 	 # U Shape
71.48622365745163 41.61759168506961 89.15031896891433 5.377730908963974 88.1699631857525 81.80962791933253
27.58433322562148 6.714804412381136 10.642395153513407 98.98673963473753 63.56645641709021 47.76843226185612
2 3 	 # V Shape
0.0 0.0 0.0
0.0 0.0 0.0
2 6 	 # Alloc Shape
1 1 1 0 0 1
0 0 0 1 1 0

2 6 	 # U Shape
38.94880743941793 1.52552000927626 86.38806309239375 50.63961650992205 29.60362893954005 88.25800161408506
53.37453808937915 25.844788175962897 47.61098244937284 62.9201270510493 17.34313266789601 54.22749697332987
2 3 	 # V Shape
0.0 0.0 0.0
0.0 0.0 0.0
2 6 	 # Alloc Shape
0 0 1 0 1 1
1 1 0 1 0 0

2 6 	 # U Shape
65.50136877831714 17.73662141831397 82.2470495255013 1.4814736540351592 6.77926090947617 76.66118906160756
58.84364428815934 52.06928938195345 25.74354100265934 35.269831008384955 22.566137526752193 29.408831395328484
2 3 	 # V Shape
0.0 0.0 0.0
0.0 0.0 0.0
2 6 	 # Alloc Shape
0 0 1 0 0 1
1 1 0 1 1 0

2 6 	 # U Shape
4.340475960543988 18.3042361452721 60.3496309082464 46.51750377887739 93.80234264729094 87.25309720419946
51.16194277404542 24.868040518671908 38.85111536502954 93.53359370779502 31.967110909522955 84.94659079004612
2 3 	 # V Shape
0.0 0.0 0.0
0.0 0.0 0.0
2 6 	 # Alloc Shape
0 0 1 0 1 1
1 1 0 1 0 0

2 6 	 # U Shape
85.68059623292926 99.1734173721146 62.84114290298982 33.265090100564954 80.19010347672264 12.303093399439014
46.88096678051012 83.9611633881558 75.14144845739102 7.077063829770647 75.25737983569782 16.364009874487063
2 3 	 # V Shape
0.0 0.0 0.0
0.0 0.0 0.0
2 6 	 # Alloc Shape
1 1 0 1 0 0
0 0 1 0 1 1

2 6 	 # U Shape
79.35876466667531 1.3514582631941718 58.15096945937105 5.080744934772752 40.52074220883263 76.08785914729303
52.24446380781931 78.48975320017163 52.068903640642525 3.2478905703136163 88.36087828279246 26.013377277901593
2 3 	 # V Shape
0.0 0.0 0.0
0.0 0.0 0.0
2 6 	 # Alloc Shape
1 0 1 1 0 1
0 1 0 0 1 0

2 6 	 # U Shape
75.56136815256743 95.05488347010906 47.55286154197397 88.84495407480055 34.43679475584355 49.628409874885136
5.260706657288994 76.27552254151279 30.838370906828416 40.515233079314804 75.45186460943724 36.6887432919148
2 3 	 # V Shape
0.0 0.0 0.0
0.0 0.0 0.0
2 6 	 # Alloc Shape
1 0 1 1 0 0
0 1 0 0 1 1

2 6 	 # U Shape
27.237542566905937 35.280509740883105 78.85547857306594 16.3815271450777 48.82982229694427 71.61366281357854
41.151746018981605 35.4347735158654 95.74080725040453 23.370409039916606 13.504607852814187 96.35220013621846
2 3 	 # V Shape
0.0 0.0 0.0
0.0 0.0 0.0
2 6 	 # Alloc Shape
0 1 1 0 1 0
1 0 0 1 0 1

2 6 	 # U Shape
33.63093590526469 49.73845013569359 42.21583436320861 61.03729477233622 46.31425766844311 44.58354766721331
81.42997856085252 11.600289489769144 53.790962769030784 22.565263687946356 71.3786872439176 47.198576233055256
2 3 	 # V Shape
0.0 0.0 0.0
0.0 0.0 0.0
2 6 	 # Alloc Shape
0 1 0 1 0 1
1 0 1 0 1 0

2 6 	 # U Shape
84.69365194376365 73.67028189174415 48.866381919093826 75.0131414077412 56.9569050148919 94.94865486275796
75.20583174641308 92.48286570102124 72.93150415983645 40.248625248982876 19.331501685492437 66.47567440696743
2 3 	 # V Shape
0.0 0.0 0.0
0.0 0.0 0.0
2 6 	 # Alloc Shape
0 0 0 1 1 1
1 1 1 0 0 0

2 6 	 # U Shape
82.18221947774275 83.32108880553535 99.31544411002183 22.590170791697638 29.76744023807757 52.40905357724448
10.217029408681267 12.875327059478824 2.024418760664992 62.687949067805505 91.21196105989729 98.15720080134737
2 3 	 # V Shape
0.0 0.0 0.0
0.0 0.0 0.0
2 6 	 # Alloc Shape
1 1 1 0 0 0
0 0 0 1 1 1

2 6 	 # U Shape
29.835711962263357 93.41211642012723 78.898564049851 8.974866808887539 83.08934580816685 31.490623706657473
18.605678658735325 56.83015747844895 16.9577675667269 4.1253126704495 87.6825403730222 88.00250478190323
2 3 	 # V Shape
0.0 0.0 0.0
0.0 0.0 0.0
2 6 	 # Alloc Shape
1 1 1 1 0 0
0 0 0 0 1 1

2 6 	 # U Shape
53.772677840916614 42.719360865355895 84.79664463416167 77.38660960972406 73.5726274504148 45.93988561368073
42.279306906567 81.69883373747291 32.75822286680555 52.62268486745614 78.05730894296211 58.75063033111718
2 3 	 # V Shape
0.0 0.0 0.0
0.0 0.0 0.0
2 6 	 # Alloc Shape
1 0 1 1 0 0
0 1 0 0 1 1

2 6 	 # U Shape
86.23504917748672 40.268894590989625 57.095443426306346 39.2875252331935 93.46521465735366 17.796170262150845
3.0036651163028782 8.795545768018243 60.519659082750934 56.492903149514575 58.73056260313264 65.72291408935908
2 3 	 # V Shape
0.0 0.0 0.0
0.0 0.0 0.0
2 6 	 # Alloc Shape
1 1 0 0 1 0
0 0 1 1 0 1

2 6 	 # U Shape
44.644361444418394 23.980239590527663 79.9316286220504 61.42478123904871 13.207106430902705 75.43662685541317
25.308860231807838 31.635007008279324 46.16651090414737 40.01672445992392 79.9139715622825 50.267415452989624
2 3 	 # V Shape
0.0 0.0 0.0
0.0 0.0 0.0
2 6 	 # Alloc Shape
1 0 1 0 0 1
0 1 0 1 1 0

2 6 	 # U Shape
13.898764598922986 67.04057361889353 20.310339907541387 84.05503313865957 48.24674600116935 34.12740500795686
54.08761153355559 86.86787712132912 75.59661967584128 25.324879656700627 55.49117978576705 65.72117256440264
2 3 	 # V Shape
0.0 0.0 0.0
0.0 0.0 0.0
2 6 	 # Alloc Shape
0 1 0 1 1 0
1 0 1 0 0 1

2 6 	 # U Shape
90.37459828571657 34.61144572635077 42.97439024931954 24.64256037402508 36.62854894234439 53.41617817198012
81.63794707275814 59.755528686310235 49.75465997392155 27.699380993742285 60.665860888352874 76.32202656950061
2 3 	 # V Shape
0.0 0.0 0.0
0.0 0.0 0.0
2 6 	 # Alloc Shape
1 0 1 1 0 0
0 1 0 0 1 1

2 6 	 # U Shape
94.97984465262498 12.650710678209443 84.57489986039494 37.026837680405066 84.78430227156414 63.150692557912116
27.80854925502033 4.188199190012498 34.65488027255119 23.639591861650054 52.18971684276125 51.420899403759925
2 3 	 # V Shape
0.0 0.0 0.0
0.0 0.0 0.0
2 6 	 # Alloc Shape
1 1 1 0 0 0
0 0 0 1 1 1

2 6 	 # U Shape
19.74462853700125 33.53918687975427 74.18339420767545 28.28141057109972 14.668101384559161 35.26034095204604
72.47766482764646 15.23803926088596 21.807786792335794 65.84926711165234 94.3434972338698 42.28962746097174
2 3 	 # V Shape
0.0 0.0 0.0
0.0 0.0 0.0
2 6 	 # Alloc Shape
0 1 1 0 0 1
1 0 0 1 1 0

2 6 	 # U Shape
16.914933230634333 81.23735436879755 10.501027874645995 17.321541327133026 31.571584882100858 64.39965710118075
8.255941541208156 81.73552624666746 12.071618015212515 89.14601488883027 80.63731345921295 83.02647677768505
2 3 	 # V Shape
0.0 0.0 0.0
0.0 0.0 0.0
2 6 	 # Alloc Shape
1 1 0 0 0 1
0 0 1 1 1 0

2 6 	 # U Shape
66.33885708061153 22.735069478238724 51.30077902001254 17.80709055547809 93.79140977812057 98.22310479019107
36.97648898186367 74.92649796835803 53.3906162792254 66.21528842344128 94.9245564668146 64.64292613158723
2 3 	 # V Shape
0.0 0.0 0.0
0.0 0.0 0.0
2 6 	 # Alloc Shape
1 0 1 0 0 1
0 1 0 1 1 0

2 6 	 # U Shape
32.92523417701961 25.413719950769163 57.11478346143104 17.89659964584972 83.76202409444723 99.84026145206849
8.542065914661789 37.86338376856071 3.8378266155869145 36.618283951367545 72.40397336633248 8.311882612527688
2 3 	 # V Shape
0.0 0.0 0.0
0.0 0.0 0.0
2 6 	 # Alloc Shape
1 0 1 0 0 1
0 1 0 1 1 0

2 6 	 # U Shape
29.030352687620077 11.625750689421011 31.119119846093955 26.118682056905442 59.6148585747123 89.57303232477855
87.32068451188397 43.43983963630592 83.84411765232662 45.6656879964887 47.46066924787742 30.27006088852349
2 3 	 # V Shape
0.0 0.0 0.0
0.0 0.0 0.0
2 6 	 # Alloc Shape
0 0 0 0 1 1
1 1 1 1 0 0

2 6 	 # U Shape
1.1199221577550045 45.88581408964062 97.29992955045617 98.40987015379832 88.12190145467889 56.920281558558095
94.39006592421002 36.73377514180009 18.176463727673784 11.856424552375366 69.21145946807476 83.49663105642267
2 3 	 # V Shape
0.0 0.0 0.0
0.0 0.0 0.0
2 6 	 # Alloc Shape
0 0 1 1 1 0
1 1 0 0 0 1

2 6 	 # U Shape
45.025938978604344 9.930874429097136 96.60196479317808 98.70174892101025 62.979352689843616 30.843038121325172
37.37695016989054 48.5312040068187 79.29145690187298 86.17855381598352 67.50208177541266 8.606246298578702
2 3 	 # V Shape
0.0 0.0 0.0
0.0 0.0 0.0
2 6 	 # Alloc Shape
1 0 1 0 0 1
0 1 0 1 1 0

2 6 	 # U Shape
70.54804803939037 27.59012302461823 62.36194848121591 84.38127125267165 73.59769722959571 26.706044711563415
22.770452647201424 89.92891086513262 67.32253996126836 43.29255082681045 46.05809407276856 91.46792819157102
2 3 	 # V Shape
0.0 0.0 0.0
0.0 0.0 0.0
2 6 	 # Alloc Shape
1 0 0 1 1 0
0 1 1 0 0 1

2 6 	 # U Shape
91.80291931247652 34.20195342790579 9.008448734711838 26.31486007005548 13.767268711165814 0.4946237488306471
41.73974706811128 59.43883875047712 11.399999855650977 52.32090898251892 65.7661830201122 43.15153800898875
2 3 	 # V Shape
0.0 0.0 0.0
0.0 0.0 0.0
2 6 	 # Alloc Shape
1 0 1 0 0 0
0 1 0 1 1 1

2 6 	 # U Shape
88.01467506433367 17.17442248074571 14.74908184341076 63.24219683503629 14.215033443926684 56.42846833286412
65.60237736599096 39.584133826992215 69.31954843930393 51.873320631635565 52.68576002030386 55.36002584652563
2 3 	 # V Shape
0.0 0.0 0.0
0.0 0.0 0.0
2 6 	 # Alloc Shape
1 0 0 1 0 1
0 1 1 0 1 0

2 6 	 # U Shape
64.88372532726284 67.63282446794138 83.51527628619091 73.47598131265778 28.05517975287649 83.37820868307318
1.8214604669358425 70.53216032266606 36.29559168705219 46.76259472838772 15.853198589362593 53.49020088145859
2 3 	 # V Shape
0.0 0.0 0.0
0.0 0.0 0.0
2 6 	 # Alloc Shape
1 0 1 1 0 0
0 1 0 0 1 1

2 6 	 # U Shape
93.57593519111049 33.12643786076131 20.005051707227672 0.44458204875420515 98.04234204249472 98.48854914452001
34.45897362071301 0.37658251910481777 36.84152200540874 74.74817839943707 48.51046490052836 23.98758669227581
2 3 	 # V Shape
0.0 0.0 0.0
0.0 0.0 0.0
2 6 	 # Alloc Shape
1 1 0 0 1 1
0 0 1 1 0 0

2 6 	 # U Shape
82.56132320983463 15.9439872484329 18.418122934568594 91.86604648735532 21.143343661127812 50.92715233097124
83.64712389831296 56.99362178254525 62.088565409582486 32.91334632646379 18.86335263634712 15.280560027008372
2 3 	 # V Shape
0.0 0.0 0.0
0.0 0.0 0.0
2 6 	 # Alloc Shape
0 0 0 1 1 1
1 1 1 0 0 0

2 6 	 # U Shape
45.90874018140918 26.837141727853187 59.05893064062927 14.268043727392964 31.525655009503595 97.0554681136705
68.24528583596413 51.251349576241765 65.04817444712347 29.418894582405052 27.20153175465908 33.474154844148174
2 3 	 # V Shape
0.0 0.0 0.0
0.0 0.0 0.0
2 6 	 # Alloc Shape
0 0 1 0 1 1
1 1 0 1 0 0

2 6 	 # U Shape
82.50591075282956 43.10725344725098 26.224688676666187 15.931276609745792 9.612764862747536 81.90815294701578
0.7356238249852765 69.04206576199243 51.698651532999186 62.151474937858275 9.485187054756006 29.479604177130337
2 3 	 # V Shape
0.0 0.0 0.0
0.0 0.0 0.0
2 6 	 # Alloc Shape
1 0 0 0 1 1
0 1 1 1 0 0

2 6 	 # U Shape
69.47977340561238 45.01610012440357 45.03439341585727 16.39379339702851 48.76755957474428 33.43061488453265
70.02963713305171 32.58491813199621 47.94940305219944 43.15479874329816 52.089795995699795 22.898111899389974
2 3 	 # V Shape
0.0 0.0 0.0
0.0 0.0 0.0
2 6 	 # Alloc Shape
1 1 0 0 0 1
0 0 1 1 1 0

2 6 	 # U Shape
22.293473058404302 32.047168496602566 65.81803070737747 17.773812239463627 46.28012587650217 53.877960899371836
85.94115311217746 52.28632315955771 81.07409632456975 31.617310319548697 83.01143828546147 8.115842644416693
2 3 	 # V Shape
0.0 0.0 0.0
0.0 0.0 0.0
2 6 	 # Alloc Shape
0 1 1 0 0 1
1 0 0 1 1 0

2 6 	 # U Shape
16.180775099375346 33.408088820256275 48.39567436197248 32.270726616099246 85.69688749377885 45.01955792766906
51.51594113854947 69.63900465335064 53.25462190346292 97.23101817873528 4.176787311732899 19.593134267109992
2 3 	 # V Shape
0.0 0.0 0.0
0.0 0.0 0.0
2 6 	 # Alloc Shape
0 0 1 0 1 1
1 1 0 1 0 0

2 6 	 # U Shape
87.3633949493766 74.75852637207942 72.21049263325183 60.30634133173572 21.09981990734787 8.122819266580361
16.36854869020872 74.68782059961542 48.615067573030004 45.982725466920286 89.17000915486365 21.38456807528414
2 3 	 # V Shape
0.0 0.0 0.0
0.0 0.0 0.0
2 6 	 # Alloc Shape
1 0 1 1 0 0
0 1 0 0 1 1

2 6 	 # U Shape
46.0906106497587 90.67176819451228 61.48674421578616 0.31077575615755526 82.27440225100591 49.441645702919914
87.68978946785543 21.84719583113094 65.17428249700103 55.657621025568204 58.31227120390775 21.37967147856663
2 3 	 # V Shape
0.0 0.0 0.0
0.0 0.0 0.0
2 6 	 # Alloc Shape
0 1 0 0 1 1
1 0 1 1 0 0

2 6 	 # U Shape
51.75394385642401 90.4445839744516 70.33343212602448 13.684873666528773 7.004631393404381 9.070681458017027
7.949051471543722 6.418908414712188 82.41881121689933 7.510737257288714 73.36217121153793 8.674020466116772
2 3 	 # V Shape
0.0 0.0 0.0
0.0 0.0 0.0
2 6 	 # Alloc Shape
1 1 0 1 0 1
0 0 1 0 1 0

2 6 	 # U Shape
13.432005966763072 63.95849508376256 26.283544318707097 15.846615520977469 99.56860495740813 55.56347288635576
2.965008140700609 8.122732591936632 16.07585013598688 88.70996860406044 21.636065888154977 94.6082289877019
2 3 	 # V Shape
0.0 0.0 0.0
0.0 0.0 0.0
2 6 	 # Alloc Shape
1 1 1 0 1 0
0 0 0 1 0 1

2 6 	 # U Shape
63.26973220285637 82.83064455004897 33.77780771001264 71.867438678672 10.490813064762195 11.240149506922915
28.542154385331298 72.00484531789189 39.28168078831102 76.0359730796463 47.319098654448986 97.65185084490162
2 3 	 # V Shape
0.0 0.0 0.0
0.0 0.0 0.0
2 6 	 # Alloc Shape
1 1 0 1 0 0
0 0 1 0 1 1

