2 6 	 # U Shape
90.07148541170122 3.342142762634459 95.69493362751167 13.720932135607644 28.382835295794585 60.60831843588289
94.42251360530422 85.2735541109285 0.2259233518513537 52.122602722029285 55.20376332645666 48.53774136627097
2 3 	 # V Shape
0.0 0.0 0.0
0.0 0.0 0.0
2 6 	 # Alloc Shape
1 0 1 0 0 1
0 1 0 1 1 0

2 6 	 # U Shape
70.26223552552463 32.7569476263423 33.464752910605576 97.80580790165189 62.45821117353524 95.03135246995254
76.74756506204888 82.50092532147735 40.66403018066617 45.13084114213143 40.06316273616736 99.51381603385585
2 3 	 # V Shape
0.0 0.0 0.0
0.0 0.0 0.0
2 6 	 # Alloc Shape
1 0 0 1 1 0
0 1 1 0 0 1

2 6 	 # U Shape
50.06968045476531 80.47895388034705 41.02212119714822 4.858846643868464 57.132489087817554 26.408711905480708
69.35274547123701 90.98386663323498 57.33931548352338 63.653014232632565 58.07677765297908 31.37816480900576
2 3 	 # V Shape
0.0 0.0 0.0
0.0 0.0 0.0
2 6 	 # Alloc Shape
0 1 0 0 1 1
1 0 1 1 0 0

2 6 	 # U Shape
1.7975962627419517 56.27371589961477 34.93463132204641 64.410883687405 28.17861581171356 42.52563612120112
37.94504577114115 12.93922910055243 60.332682945919544 7.200462339384417 36.18695170131202 45.46880494546578
2 3 	 # V Shape
0.0 0.0 0.0
0.0 0.0 0.0
2 6 	 # Alloc Shape
0 1 0 1 0 1
1 0 1 0 1 0

2 6 	 # U Shape
54.70604007681732 87.3712627595173 64.82279666620049 43.073219205941726 40.93321428493234 78.62786082732735
26.29882201764524 28.05147311477191 2.3047985152560013 67.24630103931936 14.318095630376915 8.235383414956143
2 3 	 # V Shape
0.0 0.0 0.0
0.0 0.0 0.0
2 6 	 # Alloc Shape
0 1 1 0 1 1
1 0 0 1 0 0

2 6 	 # U Shape
29.012193658782714 62.65293919225703 65.94759538408164 6.772616162569478 35.54429248010227 33.47240774767726
17.75063672167354 0.8003339782281182 1.0438402094721133 59.74588046391233 8.463852035212138 31.566823692866553
2 3 	 # V Shape
0.0 0.0 0.0
0.0 0.0 0.0
2 6 	 # Alloc Shape
0 1 1 0 1 0
1 0 0 1 0 1

2 6 	 # U Shape
65.93433507146706 14.922368526773322 74.65837898057559 64.14475956156164 29.82310292316368 37.58278953194599
98.86278651751473 34.45949402799181 34.34450006512751 61.36534543751032 61.839271273933996 1.3353422191246023
2 3 	 # V Shape
0.0 0.0 0.0
0.0 0.0 0.0
2 6 	 # Alloc Shape
0 0 1 1 0 1
1 1 0 0 1 0

2 6 	 # U Shape
9.9891736873853 0.9081175501778449 64.96046671099162 98.95822492575643 1.1819958309691847 38.21432659166004
24.910193594225273 19.887622483848478 93.56657324354366 5.147986937981209 76.4490402530103 15.962312063490213
2 3 	 # V Shape
0.0 0.0 0.0
0.0 0.0 0.0
2 6 	 # Alloc Shape
0 0 0 1 0 1
1 1 1 0 1 0

2 6 	 # U Shape
58.323988818320316 75.68197905240665 19.68318371593024 42.4055674236703 45.841183532988296 8.509524722727202
49.35515643402045 40.960767939094225 34.37577599428793 32.35590793746111 66.86041227407233 84.47775859269386
2 3 	 # V Shape
0.0 0.0 0.0
0.0 0.0 0.0
2 6 	 # Alloc Shape
1 1 0 1 0 0
0 0 1 0 1 1

2 6 	 # U Shape
68.6116734830431 29.9692894993413 21.5357823464707 78.83087899319129 77.58489459474069 4.172595062186934
64.54853695442804 12.819310250608618 54.765250294230746 29.152344665594654 82.58451161973028 9.735237194458534
2 3 	 # V Shape
0.0 0.0 0.0
0.0 0.0 0.0
2 6 	 # Alloc Shape
1 1 0 1 0 0
0 0 1 0 1 1

2 6 	 # U Shape
41.54121688300787 13.894023695206915 61.99329823170243 99.71593259304164 31.350395683565758 56.92835573906858
51.74725101399057 34.88339716485302 37.380861752883746 70.49617802582667 48.93081514417029 35.84642873847758
2 3 	 # V Shape
0.0 0.0 0.0
0.0 0.0 0.0
2 6 	 # Alloc Shape
0 0 1 1 0 1
1 1 0 0 1 0

2 6 	 # U Shape
74.71700872339463 34.74941846440953 66.12133682000852 65.45539998323858 23.29759428922995 42.09747700081974
67.65435155499492 60.53452862559077 60.86805065416605 3.948342177566533 90.54359547749587 88.90563808994844
2 3 	 # V Shape
0.0 0.0 0.0
0.0 0.0 0.0
2 6 	 # Alloc Shape
1 0 1 1 0 0
0 1 0 0 1 1

2 6 	 # U Shape
66.95639799794574 9.6649524879869 54.798151954342046 87.21333282434506 10.684084347728561 69.36977294911125
31.89429381969031 58.48688948292688 46.46034051195838 63.02115702366978 91.5853735803117 85.874211666461
2 3 	 # V Shape
0.0 0.0 0.0
0.0 0.0 0.0
2 6 	 # Alloc Shape
1 0 1 1 0 0
0 1 0 0 1 1

2 6 	 # U Shape
99.10112719649689 90.01465523352601 15.142577922920763 60.767475183650596 47.82043133828816 82.86244464591645
92.94254509519651 82.876510815628 2.676703691902571 89.02708182425278 16.429847990240674 33.397227460555825
2 3 	 # V Shape
0.0 0.0 0.0
0.0 0.0 0.0
2 6 	 # Alloc Shape
0 1 1 0 1 1
1 0 0 1 0 0

2 6 	 # U Shape
36.04378901528516 0.4862687774620622 24.72208979412813 82.99071951997287 41.116032229476154 8.99145839845562
97.47374998493828 65.23622640319752 65.61555863113277 92.75162708400106 93.30226187676534 87.8256588886791
2 3 	 # V Shape
0.0 0.0 0.0
0.0 0.0 0.0
2 6 	 # Alloc Shape
0 0 0 1 1 0
1 1 1 0 0 1

2 6 	 # U Shape
29.77564612911696 87.16733040703059 72.371058508394 73.51129129438877 42.73451042443378 98.37138578781456
29.341799651052924 98.90772503799285 23.58187690175072 82.40099645738277 67.08017260938597 67.12339310097364
2 3 	 # V Shape
0.0 0.0 0.0
0.0 0.0 0.0
2 6 	 # Alloc Shape
1 0 1 0 0 1
0 1 0 1 1 0

2 6 	 # U Shape
60.03849247602334 76.60723991419141 27.681539893338936 25.514437297942973 15.913573585227624 78.14761004527917
17.52325413706958 58.95883211368814 9.979331795149015 32.2677669468899 73.8462677787882 28.385943782335787
2 3 	 # V Shape
0.0 0.0 0.0
0.0 0.0 0.0
2 6 	 # Alloc Shape
1 0 1 0 0 1
0 1 0 1 1 0

2 6 	 # U Shape
94.75383118599196 58.67730010725127 81.31355920573414 25.125457159025977 64.11315655900918 16.57803577572212
25.332269592996326 93.13555007806424 89.73316030283085 74.29063262274185 47.35033634019899 88.05503018277317
2 3 	 # V Shape
0.0 0.0 0.0
0.0 0.0 0.0
2 6 	 # Alloc Shape
1 0 1 0 1 0
0 1 0 1 0 1

2 6 	 # U Shape
39.325549273507946 93.58335243236881 82.98802986003807 84.04899875516601 69.33951381912135 79.7917673036475
46.45693916825089 89.99122081055371 97.03503236319627 41.118983498084475 90.55898273960102 71.25822058460683
2 3 	 # V Shape
0.0 0.0 0.0
0.0 0.0 0.0
2 6 	 # Alloc Shape
0 1 0 1 0 1
1 0 1 0 1 0

2 6 	 # U Shape
0.8116182850531062 12.964919659576701 59.63193535446456 20.855665374026632 33.45373731967132 90.8137535680587
37.911492130067735 86.6771400880359 1.8645036501427015 88.67769747840647 34.95280842917102 20.176480858674616
2 3 	 # V Shape
0.0 0.0 0.0
0.0 0.0 0.0
2 6 	 # Alloc Shape
0 0 1 0 1 1
1 1 0 1 0 0

2 6 	 # U Shape
72.18135354312413 30.916436401681402 40.15403243849425 12.548247873155372 84.0018319658635 73.37491241448966
28.847579879366712 51.580664248815836 68.81479255262745 80.71339658115116 47.823097958505045 79.33813580098905
2 3 	 # V Shape
0.0 0.0 0.0
0.0 0.0 0.0
2 6 	 # Alloc Shape
1 0 0 0 1 1
0 1 1 1 0 0

2 6 	 # U Shape
95.83857115421776 75.93918249492008 42.86142650139849 68.77992581274428 48.51266222208387 82.28700600126349
33.90999821466119 62.40255302208223 12.998630401233314 13.31179294914323 97.68748945190742 55.23894178319977
2 3 	 # V Shape
0.0 0.0 0.0
0.0 0.0 0.0
2 6 	 # Alloc Shape
1 0 1 1 0 1
0 1 0 0 1 0

2 6 	 # U Shape
90.45176214579898 8.088101666623482 68.97407989041365 61.7731641758984 25.662017410000338 99.97419299050934
85.92871445561696 47.57618512928625 99.87123114553901 40.34172461770513 43.4930259285687 68.84467174338394
2 3 	 # V Shape
0.0 0.0 0.0
0.0 0.0 0.0
2 6 	 # Alloc Shape
1 0 0 1 0 1
0 1 1 0 1 0

2 6 	 # U Shape
39.77416020873478 64.44616628974448 92.7489304008031 22.679054713975123 89.70351119519802 25.500485841400046
62.18360325683211 14.788345533547487 49.377663648735826 94.77711632499198 45.07249141636838 72.84366401949913
2 3 	 # V Shape
0.0 0.0 0.0
0.0 0.0 0.0
2 6 	 # Alloc Shape
0 1 1 0 1 0
1 0 0 1 0 1

2 6 	 # U Shape
41.94839022482725 4.7162663136521505 72.5914902791483 34.321610895148694 43.903783553670586 39.78152657892032
86.24483471260454 27.76143076886696 61.139218037071466 21.913211640693696 30.641462947745758 73.4408213056018
2 3 	 # V Shape
0.0 0.0 0.0
0.0 0.0 0.0
2 6 	 # Alloc Shape
0 0 1 1 1 0
1 1 0 0 0 1

2 6 	 # U Shape
71.23910782116178 48.129963094248204 16.561580422064782 8.936170812274757 4.620090607194383 69.282970636004
19.7383246475739 98.32079017653977 64.8758525563568 74.45000522381679 46.43492489816964 27.515277735597977
2 3 	 # V Shape
0.0 0.0 0.0
0.0 0.0 0.0
2 6 	 # Alloc Shape
1 0 0 0 0 1
0 1 1 1 1 0

2 6 	 # U Shape
52.31408848812848 9.58949840013037 46.57348138926272 26.81621966988056 38.66031001301706 57.66229803852926
78.43920703208337 69.29913353655328 24.32311204510037 86.74362892237333 54.925667789087605 16.006248046577298
2 3 	 # V Shape
0.0 0.0 0.0
0.0 0.0 0.0
2 6 	 # Alloc Shape
0 0 1 0 1 1
1 1 0 1 0 0

2 6 	 # U Shape
26.547669760040915 10.946047011384529 45.36690400616854 61.20733570947645 69.36984609944204 97.86024317147083
10.526073880888143 42.19493737830425 91.42331465732654 52.16587009345063 68.09502012105494 84.86669652932888
2 3 	 # V Shape
0.0 0.0 0.0
0.0 0.0 0.0
2 6 	 # Alloc Shape
1 0 0 1 0 1
0 1 1 0 1 0

2 6 	 # U Shape
53.4192341617737 20.192436374711043 66.35243293217806 22.03877833896556 48.96126668450288 43.63374811602315
19.75263520024374 49.95384143785764 82.48864794504091 93.80296941338462 64.86000398362131 40.35595540902855
2 3 	 # V Shape
0.0 0.0 0.0
0.0 0.0 0.0
2 6 	 # Alloc Shape
1 0 1 0 0 1
0 1 0 1 1 0

2 6 	 # U Shape
20.628009483908393 70.97656606457736 52.11599313014238 83.50083053752176 98.67741492774286 1.1092715844224554
14.577039368407307 72.6516043524211 45.634414217543885 38.78686606887596 23.517145426682916 7.514838185518746
2 3 	 # V Shape
0.0 0.0 0.0
0.0 0.0 0.0
2 6 	 # Alloc Shape
0 0 0 1 1 0
1 1 1 0 0 1

2 6 	 # U Shape
78.42607699605992 86.09224480705113 28.26103103111781 20.853404836648302 40.082798496945315 46.32744258233307
47.6675653884821 93.23092012207084 52.267837951660624 98.62002304362693 56.67598599186374 35.587421870050804
2 3 	 # V Shape
0.0 0.0 0.0
0.0 0.0 0.0
2 6 	 # Alloc Shape
1 1 0 0 0 1
0 0 1 1 1 0

2 6 	 # U Shape
51.89437209436469 3.89839930794037 25.359323607297156 23.961022845000212 36.82542307382227 33.02055388746313
31.497364153770867 99.77122962801849 57.653735449396784 37.4451001554101 52.377610243113345 92.39633263644681
2 3 	 # V Shape
0.0 0.0 0.0
0.0 0.0 0.0
2 6 	 # Alloc Shape
1 0 0 1 1 0
0 1 1 0 0 1

2 6 	 # U Shape
17.099504129326093 63.32783083457287 18.645817346810635 90.26564978657844 4.898422604432573 63.41988319437276
38.48945941388562 2.6274309211487323 50.41542067879833 74.52702254298939 62.396522275801736 6.988266545960576
2 3 	 # V Shape
0.0 0.0 0.0
0.0 0.0 0.0
2 6 	 # Alloc Shape
0 1 0 1 0 1
1 0 1 0 1 0

2 6 	 # U Shape
42.07503772712445 54.80955453780033 5.633222746734656 99.41618172327154 10.778562327230556 98.69716197036693
37.17568417452796 99.65727401737341 28.038291518168535 4.588186891572277 94.44459564919265 54.98618923843345
2 3 	 # V Shape
0.0 0.0 0.0
0.0 0.0 0.0
2 6 	 # Alloc Shape
1 0 0 1 0 1
0 1 1 0 1 0

2 6 	 # U Shape
57.37543396649512 55.76363594647847 88.86996999324003 87.32841659128053 73.07644386576851 67.89430265365074
81.46593942805804 84.75301467542916 75.47242729554851 20.48232850677535 56.87044832496832 36.01643276756796
2 3 	 # V Shape
0.0 0.0 0.0
0.0 0.0 0.0
2 6 	 # Alloc Shape
0 0 0 1 1 1
1 1 1 0 0 0

2 6 	 # U Shape
14.720002850319513 94.27218601483345 19.09227641398379 89.63735239187083 14.452234716868805 43.83728957862157
86.1878366739155 85.39789386945219 71.04617895384827 91.55617884582571 79.51437425689704 80.58181513065145
2 3 	 # V Shape
0.0 0.0 0.0
0.0 0.0 0.0
2 6 	 # Alloc Shape
0 1 0 1 0 0
1 0 1 0 1 1

2 6 	 # U Shape
32.06552090005459 67.94122301877373 84.36167592491796 75.53302902041658 10.118468852624707 32.87390949986758
88.42263533349015 88.20345285062106 6.253940041106021 17.37208213397642 35.43941724768839 19.7285780055362
2 3 	 # V Shape
0.0 0.0 0.0
0.0 0.0 0.0
2 6 	 # Alloc Shape
0 0 1 1 0 1
1 1 0 0 1 0

2 6 	 # U Shape
20.9676372412388 89.15437945756062 89.6702260597748 49.971487223044754 12.341507855967793 83.53544885984954
18.340709904411746 66.08235740598259 78.6282655964066 85.60403727205772 81.38273327698697 64.71000163526095
2 3 	 # V Shape
0.0 0.0 0.0
0.0 0.0 0.0
2 6 	 # Alloc Shape
0 1 1 0 0 1
1 0 0 1 1 0

2 6 	 # U Shape
29.156923328534933 90.10299590077821 20.665366596660164 49.22219702601153 65.99013045023 82.00117065609402
49.86108133056344 62.58502032502326 9.057709154999415 3.8978506798799994 22.773308390671176 92.77149927215928
2 3 	 # V Shape
0.0 0.0 0.0
0.0 0.0 0.0
2 6 	 # Alloc Shape
0 1 1 1 1 0
1 0 0 0 0 1

2 6 	 # U Shape
13.723091354422012 15.554774008315686 52.09504410308157 52.419714762045444 30.39483526125991 97.17640342524003
42.439929609318895 72.33302306543466 73.15192908621434 49.019149507850145 69.59290592047381 53.79561615024093
2 3 	 # V Shape
0.0 0.0 0.0
0.0 0.0 0.0
2 6 	 # Alloc Shape
0 0 0 1 0 1
1 1 1 0 1 0

2 6 	 # U Shape
75.69810384841844 53.862272842660396 17.073425668522024 21.554587674060897 54.93706820534483 98.98362544710275
71.06074258069181 11.524221909004051 22.2437646153423 13.369880251620447 81.65795086148081 55.4265802092543
2 3 	 # V Shape
0.0 0.0 0.0
0.0 0.0 0.0
2 6 	 # Alloc Shape
0 1 0 1 0 1
1 0 1 0 1 0

2 6 	 # U Shape
92.12628715830323 89.34858748349801 74.90741800357101 69.44112901479333 11.399765804197015 50.18398816718943
68.65507946808181 53.24059052546771 72.25041457064039 15.949885617507487 21.36281818167739 64.60960874000628
2 3 	 # V Shape
0.0 0.0 0.0
0.0 0.0 0.0
2 6 	 # Alloc Shape
1 1 0 1 0 0
0 0 1 0 1 1

2 6 	 # U Shape
45.09768516167685 55.44866817922474 53.9194900687862 17.220478843375975 18.083411501761816 12.846714348307387
97.16458886397909 79.46859664784513 17.773160061258466 56.84835495771065 7.800890975713825 43.272311604708634
2 3 	 # V Shape
0.0 0.0 0.0
0.0 0.0 0.0
2 6 	 # Alloc Shape
0 1 1 0 1 0
1 0 0 1 0 1

2 6 	 # U Shape
98.4072508526486 71.0004653302284 46.056659778698894 81.06982837577414 88.32779729828783 87.49497942658309
39.5390098310535 23.205995371887077 68.00383776967037 68.11960717623896 88.60354610455559 49.79262116583318
2 3 	 # V Shape
0.0 0.0 0.0
0.0 0.0 0.0
2 6 	 # Alloc Shape
1 1 0 0 0 1
0 0 1 1 1 0

2 6 	 # U Shape
99.82633030948801 90.01015870343231 24.152589345662655 42.594672939960255 81.63650797016173 56.78923368304899
37.148059382653344 41.32838352498717 19.136924626375908 85.26415418621073 26.095724864638026 58.47641291786188
2 3 	 # V Shape
0.0 0.0 0.0
0.0 0.0 0.0
2 6 	 # Alloc Shape
1 1 0 0 1 0
0 0 1 1 0 1

2 6 	 # U Shape
53.340315661916115 91.2037880342899 80.67086908193536 24.45596128014501 22.030673042242654 50.270082743558056
20.54748050298183 4.362258114963513 72.41432698719643 22.511051918104485 41.858696299231426 53.456971717168145
2 3 	 # V Shape
0.0 0.0 0.0
0.0 0.0 0.0
2 6 	 # Alloc Shape
1 1 0 1 0 0
0 0 1 0 1 1

2 6 	 # U Shape
3.4293510563869423 39.42023851050762 14.317669493889218 97.75546325899975 50.07912382164703 71.95747699517273
95.08792632232321 59.32454346698909 55.39658149963272 4.247743156759142 85.99283824788596 2.444230715623563
2 3 	 # V Shape
0.0 0.0 0.0
0.0 0.0 0.0
2 6 	 # Alloc Shape
0 0 0 1 0 1
1 1 1 0 1 0

2 6 	 # U Shape
62.61314986875989 84.6678748067566 99.21596125052959 35.376060055570434 32.48540768738426 32.991507732258555
24.4487575532509 27.642409900618105 36.45843819340093 48.28494134909461 92.2895050028712 57.10471795087152
2 3 	 # V Shape
0.0 0.0 0.0
0.0 0.0 0.0
2 6 	 # Alloc Shape
1 1 1 0 0 0
0 0 0 1 1 1

2 6 	 # U Shape
57.858106327549564 52.84001538090111 24.157248906854512 79.43090787298998 90.74406095193481 75.87358015739483
8.626977251940282 71.2950544692579 93.01261253882356 76.14587586514557 98.86614074982673 98.76971377964719
2 3 	 # V Shape
0.0 0.0 0.0
0.0 0.0 0.0
2 6 	 # Alloc Shape
1 0 0 1 1 0
0 1 1 0 0 1

2 6 	 # U Shape
86.04029124886623 5.720363896266689 50.85777903984293 69.51465712693383 87.39045971283568 36.581898591693474
16.810668734001176 75.64981803059989 93.78717597497568 60.37518915578182 20.885585735974953 99.37145499449112
2 3 	 # V Shape
0.0 0.0 0.0
0.0 0.0 0.0
2 6 	 # Alloc Shape
1 0 0 1 1 0
0 1 1 0 0 1

2 6 	 # U Shape
61.39758947906373 79.6217828090473 80.89079037162062 17.128571631200984 15.652697928067239 12.60578309735687
34.071302878724474 52.89980904940338 18.225652276695026 5.512101362369403 80.82665290171991 35.27579864613286
2 3 	 # V Shape
0.0 0.0 0.0
0.0 0.0 0.0
2 6 	 # Alloc Shape
1 1 1 1 0 0
0 0 0 0 1 1

2 6 	 # U Shape
76.44447385652627 28.595967992398208 29.58036376327453 48.70727790047091 71.71487763750193 49.45166985337593
13.560890521592995 65.73353383010753 41.55697833801062 83.29772783621738 10.599078786272331 16.138677516980128
2 3 	 # V Shape
0.0 0.0 0.0
0.0 0.0 0.0
2 6 	 # Alloc Shape
1 0 0 0 1 1
0 1 1 1 0 0

2 6 	 # U Shape
93.55867139832196 32.544992973696765 79.97702728732165 81.2863504254356 91.89586984502873 14.982560306325121
68.25793929068928 28.53683498131806 66.65245032133137 83.77146372327806 35.89987924080491 0.7086750918808726
2 3 	 # V Shape
0.0 0.0 0.0
0.0 0.0 0.0
2 6 	 # Alloc Shape
1 0 0 0 1 1
0 1 1 1 0 0

2 6 	 # U Shape
4.299148520608631 58.64528443030136 28.255379017993832 17.51789868240673 55.90773607711157 33.36097068307926
4.40085740878875 84.72412772055863 61.82313348692414 38.29493020888839 51.770016960816335 12.927753389958674
2 3 	 # V Shape
0.0 0.0 0.0
0.0 0.0 0.0
2 6 	 # Alloc Shape
1 0 0 0 1 1
0 1 1 1 0 0

2 6 	 # U Shape
50.08293070550851 33.85939723609464 11.674034494255004 74.688384431907 60.83159841926251 74.23888766408238
26.783677973356756 88.95659477505427 82.18424935253248 11.07732764980861 58.08103497643182 81.36353569094895
2 3 	 # V Shape
0.0 0.0 0.0
0.0 0.0 0.0
2 6 	 # Alloc Shape
1 0 0 1 1 0
0 1 1 0 0 1

2 6 	 # U Shape
39.01650325944801 76.56637690453131 77.11644479198988 61.84341031437617 86.5884950627049 59.7455453404241
46.04708574613291 85.13476929437567 18.13370292330677 80.84269308863945 55.23385536902609 78.80562623943064
2 3 	 # V Shape
0.0 0.0 0.0
0.0 0.0 0.0
2 6 	 # Alloc Shape
1 0 1 0 1 0
0 1 0 1 0 1

2 6 	 # U Shape
56.592957604180214 67.14541387159048 73.86977953319874 79.54930505399861 39.48125651359785 52.37593914740467
31.875498485040467 2.591639395740397 68.68772795206854 24.23809899369128 74.70198638366462 63.14592696197532
2 3 	 # V Shape
0.0 0.0 0.0
0.0 0.0 0.0
2 6 	 # Alloc Shape
1 1 0 1 0 0
0 0 1 0 1 1

2 6 	 # U Shape
51.29189627290276 39.062412270080216 60.738086534823246 70.90444860622662 42.381934578761495 94.62640876849264
5.786990897787014 79.39616658507796 89.93267726601832 80.82966819986275 21.332377485510754 15.085935451996612
2 3 	 # V Shape
0.0 0.0 0.0
0.0 0.0 0.0
2 6 	 # Alloc Shape
1 0 0 0 1 1
0 1 1 1 0 0

2 6 	 # U Shape
48.188360749529444 89.99879879087949 33.67434142887355 93.18482664186513 94.88372001886562 4.112399613146589
66.53671439482105 97.93487005747579 18.024249900854095 96.48829441531025 28.159506535215673 67.57053263843605
2 3 	 # V Shape
0.0 0.0 0.0
0.0 0.0 0.0
2 6 	 # Alloc Shape
0 0 1 1 1 0
1 1 0 0 0 1

2 6 	 # U Shape
77.53026396368685 48.89573817840701 9.78247638823737 54.962762979132926 42.28842799235406 37.05935766674756
88.87452359833111 77.01066632360896 18.25041648318775 9.0445119366945 34.39249285767288 80.05171042056016
2 3 	 # V Shape
0.0 0.0 0.0
0.0 0.0 0.0
2 6 	 # Alloc Shape
1 0 0 1 1 0
0 1 1 0 0 1

2 6 	 # U Shape
24.765483102100248 29.03559893843479 16.041240707911776 22.455650633470412 41.05765264843701 89.74455354736222
26.829429346121437 6.97025407605949 8.134979643844332 57.66129958520101 56.231347129522035 95.91685981460985
2 3 	 # V Shape
0.0 0.0 0.0
0.0 0.0 0.0
2 6 	 # Alloc Shape
0 1 1 0 0 1
1 0 0 1 1 0

2 6 	 # U Shape
16.090810252031385 24.86642020005374 39.104515328483544 74.23121109778266 39.72043683390132 13.437775485415205
52.79117853692893 17.366010040213244 62.668463014493426 10.426796172780161 40.73989298589146 8.51799585864953
2 3 	 # V Shape
0.0 0.0 0.0
0.0 0.0 0.0
2 6 	 # Alloc Shape
0 1 0 1 1 1
1 0 1 0 0 0

2 6 	 # U Shape
31.73106560935455 33.90048940419216 39.87676992402708 9.68642808833523 83.88468784999696 56.61612662357275
83.67374094473155 2.8091318651062624 41.028131402899284 64.63548566013529 85.32038506727285 7.237398904404923
2 3 	 # V Shape
0.0 0.0 0.0
0.0 0.0 0.0
2 6 	 # Alloc Shape
0 1 0 0 1 1
1 0 1 1 0 0

2 6 	 # U Shape
23.050683236937385 16.38984321582343 78.71239965376144 92.57754249510639 38.16401473340694 87.69572208376776
79.29297459920572 64.40942826461564 27.87581475441051 61.24798538399756 0.6180883678854276 82.34357472691138
2 3 	 # V Shape
0.0 0.0 0.0
0.0 0.0 0.0
2 6 	 # Alloc Shape
0 0 1 1 1 0
1 1 0 0 0 1

2 6 	 # U Shape
32.54500992189372 41.68695433311631 3.758175058761515 71.60966303733422 72.64067456735519 74.01823940144253
76.57868178744789 23.105542600339156 43.55471086359955 93.75212574125788 67.18604729106414 40.67574130983751
2 3 	 # V Shape
0.0 0.0 0.0
0.0 0.0 0.0
2 6 	 # Alloc Shape
0 1 0 0 1 1
1 0 1 1 0 0

2 6 	 # U Shape
81.76348762720686 12.807383598781064 10.851138830865391 13.049767934995792 20.665853899480158 42.644865761911255
7.596547349521798 70.07490866511796 27.785182264581564 76.53316530483343 34.67724454797298 32.27769769793854
2 3 	 # V Shape
0.0 0.0 0.0
0.0 0.0 0.0
2 6 	 # Alloc Shape
1 0 0 0 0 1
0 1 1 1 1 0

2 6 	 # U Shape
49.93466398672184 2.4220760828632892 97.4122020587236 44.618734324795696 62.78981724592724 11.742142928495003
74.3228709952584 45.68565788866867 98.24805818798798 68.07660392817135 46.49495297727137 16.160161575531095
2 3 	 # V Shape
0.0 0.0 0.0
0.0 0.0 0.0
2 6 	 # Alloc Shape
0 0 1 0 1 0
1 1 0 1 0 1

2 6 	 # U Shape
44.362914642819504 25.16312048699143 70.3434879401812 77.31798052149 94.34055112837507 1.9512020650502504
70.0026006633014 56.31087942788062 64.99573064922144 90.46728271387188 15.699092061920272 42.441003533667946
2 3 	 # V Shape
0.0 0.0 0.0
0.0 0.0 0.0
2 6 	 # Alloc Shape
0 0 1 0 1 0
1 1 0 1 0 1

2 6 	 # U Shape
44.366133147512265 81.99137460646327 34.00060892764781 22.59649168543024 1.042840324638139 29.70921789516755
60.991923644398646 97.75687109717187 7.079658464233141 31.656499554626116 45.34834814690455 92.26278448655717
2 3 	 # V Shape
0.0 0.0 0.0
0.0 0.0 0.0
2 6 	 # Alloc Shape
0 1 1 1 0 0
1 0 0 0 1 1

2 6 	 # U Shape
90.08380399843617 79.86365078648302 46.401142815918064 30.888208241791794 91.68588906607255 91.93074507148489
15.48825065951105 27.039526370204335 63.368560806968176 25.80196233913259 96.19485758039805 15.1817775505118
2 3 	 # V Shape
0.0 0.0 0.0
0.0 0.0 0.0
2 6 	 # Alloc Shape
1 1 0 0 0 1
0 0 1 1 1 0

2 6 	 # U Shape
12.108581851882615 81.00201811254895 18.370193312386597 45.20340271645614 33.31292966643266 88.77070015858247
57.47062480716881 20.34453564283791 70.6988446512282 89.6709853549648 7.587028597807366 64.5102710875163
2 3 	 # V Shape
0.0 0.0 0.0
0.0 0.0 0.0
2 6 	 # Alloc Shape
0 1 0 0 1 1
1 0 1 1 0 0

2 6 	 # U Shape
11.458099079555407 30.836680730177534 5.922919237954227 80.27772648560722 5.424965174877771 89.77651919854246
54.85717752994687 30.264910208682828 34.48740836142933 29.213283348888687 40.82647419930922 18.32734778459316
2 3 	 # V Shape
0.0 0.0 0.0
0.0 0.0 0.0
2 6 	 # Alloc Shape
0 0 0 1 0 1
1 1 1 0 1 0

2 6 	 # U Shape
71.1394991662471 21.184627036971683 78.29284149971008 18.464596511288367 28.118703727388084 80.86554287759388
81.2843090608922 88.6086097796054 95.81582400489668 62.11956301481919 55.99622046023892 91.4521506140995
2 3 	 # V Shape
0.0 0.0 0.0
0.0 0.0 0.0
2 6 	 # Alloc Shape
1 0 1 0 0 1
0 1 0 1 1 0

2 6 	 # U Shape
60.2188640310917 84.5481567870685 85.06896167275525 96.37589482713862 82.62756062749574 51.5365711717106
83.75790893656814 2.4662554309329954 76.41395552573914 7.410060783411964 20.058032901258148 23.103160139312816
2 3 	 # V Shape
0.0 0.0 0.0
0.0 0.0 0.0
2 6 	 # Alloc Shape
0 1 0 1 1 1
1 0 1 0 0 0

2 6 	 # U Shape
20.662770678096877 90.93233418317429 26.834304885433912 36.01015364033239 98.0743808185728 18.903323400153226
2.752906895135032 77.97029572533906 41.411467161458525 19.347312291270967 57.14695445902274 71.07592032928784
2 3 	 # V Shape
0.0 0.0 0.0
0.0 0.0 0.0
2 6 	 # Alloc Shape
1 0 0 1 1 0
0 1 1 0 0 1

2 6 	 # U Shape
23.308688057924375 61.29405587879207 78.88071106567895 22.991534582798266 99.5948955988349 9.630027648179418
82.25545546325522 28.639603135411427 20.648608031241412 58.34239992236071 69.79005058232269 61.91288266923116
2 3 	 # V Shape
0.0 0.0 0.0
0.0 0.0 0.0
2 6 	 # Alloc Shape
0 1 1 0 1 0
1 0 0 1 0 1

2 6 	 # U Shape
70.28956878143153 63.51418777237765 95.00024126211991 53.637195853050045 99.94796312524039 32.63553766640257
53.74947209998718 26.000903044686297 12.512476394662364 51.282253184922176 56.65007578988824 13.704464720249964
2 3 	 # V Shape
0.0 0.0 0.0
0.0 0.0 0.0
2 6 	 # Alloc Shape
0 1 1 0 0 1
1 0 0 1 1 0

2 6 	 # U Shape
99.6128594794506 15.43757003427617 97.31428466940805 32.02858134656348 94.40841456730514 8.255087392425809
88.9985200129071 12.943789855399112 33.18426321124874 43.68915309018276 21.290726926112512 21.897338152918767
2 3 	 # V Shape
0.0 0.0 0.0
0.0 0.0 0.0
2 6 	 # Alloc Shape
0 0 1 0 1 0
1 1 0 1 0 1

2 6 	 # U Shape
8.469062379215464 12.39092214817904 58.660535718999604 19.842503337617188 82.67117260086471 37.832749815446974
68.46835500282499 1.17114576017745 13.725209929802284 93.48721833348355 6.100854851341387 16.042181792965472
2 3 	 # V Shape
0.0 0.0 0.0
0.0 0.0 0.0
2 6 	 # Alloc Shape
0 1 1 0 1 1
1 0 0 1 0 0

2 6 	 # U Shape
67.86641379067748 95.38012673452081 99.81995044739337 4.153264565752101 12.011832726271654 87.12398696766222
6.7725091520809855 83.77791528598547 79.11067402216428 4.300724753878438 64.89867930468543 49.3920409977524
2 3 	 # V Shape
0.0 0.0 0.0
0.0 0.0 0.0
2 6 	 # Alloc Shape
1 0 1 0 0 1
0 1 0 1 1 0

2 6 	 # U Shape
66.1512108552828 46.91990547531021 45.814108999884475 6.2561635118814625 48.07416484950189 82.94735790679445
18.153900356030796 39.797312215671575 93.2453648117305 19.729633759480237 84.46289396392008 41.91122426509351
2 3 	 # V Shape
0.0 0.0 0.0
0.0 0.0 0.0
2 6 	 # Alloc Shape
1 1 0 0 0 1
0 0 1 1 1 0

2 6 	 # U Shape
47.95355481457738 56.77519634650044 68.44249140721107 32.410734754909875 82.70345090091223 39.32273600229045
79.77691492038346 28.757367645800503 88.15138940673684 80.12610357617619 21.572942300974816 72.6352535925425
2 3 	 # V Shape
0.0 0.0 0.0
0.0 0.0 0.0
2 6 	 # Alloc Shape
0 1 1 0 1 0
1 0 0 1 0 1

2 6 	 # U Shape
13.103542292592774 91.37280078504747 30.66059834983379 30.962121288127786 81.00247333219168 7.262790118416396
13.028590340275636 34.79962654293636 48.862020170401124 1.1049294515917851 2.3579996402569914 40.04380045965499
2 3 	 # V Shape
0.0 0.0 0.0
0.0 0.0 0.0
2 6 	 # Alloc Shape
0 1 0 1 1 0
1 0 1 0 0 1

2 6 	 # U Shape
83.0549306679263 44.575598517839175 8.138320608557192 63.97680499164501 86.51147767165406 3.458380252633919
8.264333144828273 37.368632034208524 68.75303901525685 22.40691889157056 82.36844481644886 75.20721042268464
2 3 	 # V Shape
0.0 0.0 0.0
0.0 0.0 0.0
2 6 	 # Alloc Shape
1 1 0 1 0 0
0 0 1 0 1 1

2 6 	 # U Shape
79.11384029768541 15.042609555416753 14.411663407226893 22.4226924739109 82.45185713335356 16.899734274674362
83.9184441883481 30.800157386377357 91.15359208033675 54.67320058559447 9.606537823609207 1.2909914627245112
2 3 	 # V Shape
0.0 0.0 0.0
0.0 0.0 0.0
2 6 	 # Alloc Shape
1 0 0 0 1 1
0 1 1 1 0 0

2 6 	 # U Shape
1.0274076715468317 36.701223597508715 83.98802848740681 0.7216933436506312 81.86918536481443 81.55255457623987
51.170411231445335 25.569254375573745 93.8753739797375 28.965361454118632 52.270526235131534 40.19230298811007
2 3 	 # V Shape
0.0 0.0 0.0
0.0 0.0 0.0
2 6 	 # Alloc Shape
0 1 0 0 1 1
1 0 1 1 0 0

2 6 	 # U Shape
71.56908700788416 90.52419628162728 10.697402018308043 34.65833515332789 45.4012029779565 15.25650095126757
82.67540129475518 24.241304612877947 84.64699017822612 43.40245327403181 8.258401233810197 66.75633329171438
2 3 	 # V Shape
0.0 0.0 0.0
0.0 0.0 0.0
2 6 	 # Alloc Shape
1 1 0 0 1 0
0 0 1 1 0 1

2 6 	 # U Shape
33.07800603896903 21.700599975857827 65.0826107615066 56.59682657178248 44.0265462647823 42.74430666767965
68.90620548814016 18.48260368126018 67.99386288910553 13.44721189692607 49.25547358169487 15.227574728410598
2 3 	 # V Shape
0.0 0.0 0.0
0.0 0.0 0.0
2 6 	 # Alloc Shape
0 1 0 1 1 1
1 0 1 0 0 0

2 6 	 # U Shape
65.07760927092781 94.5362813899035 46.96498265599431 13.280644817747078 32.739026885981495 67.06569165652435
10.690551494564183 12.364957930976129 89.42108923369965 85.01646023677561 9.287313285025423 33.48352413286347
2 3 	 # V Shape
0.0 0.0 0.0
0.0 0.0 0.0
2 6 	 # Alloc Shape
1 1 0 0 1 1
0 0 1 1 0 0

2 6 	 # U Shape
62.71384780798081 5.525881220736939 98.59240016228063 2.241658216654474 83.38612540614386 0.0017347160321645738
23.62138614349083 66.14892272310706 8.576349539201022 94.18365837441483 48.78681697959541 87.77993392121573
2 3 	 # V Shape
0.0 0.0 0.0
0.0 0.0 0.0
2 6 	 # Alloc Shape
1 0 1 0 1 0
0 1 0 1 0 1

2 6 	 # U Shape
12.81898376875027 25.958974225713828 31.128289812280375 55.95029190225532 1.0362331263833902 13.233945956090388
4.691396740085763 53.4134322206633 60.5244052170848 14.278844583557614 74.59634023974901 59.437440377183094
2 3 	 # V Shape
0.0 0.0 0.0
0.0 0.0 0.0
2 6 	 # Alloc Shape
1 0 1 1 0 0
0 1 0 0 1 1

2 6 	 # U Shape
67.67264530073435 94.73117415861014 72.09307238978424 88.10122911171763 9.23176443694176 25.910374285688686
81.61849468466725 32.840328800073124 25.15488629139595 38.345432430975826 65.95128294868307 16.165035674918315
2 3 	 # V Shape
0.0 0.0 0.0
0.0 0.0 0.0
2 6 	 # Alloc Shape
0 1 1 1 0 0
1 0 0 0 1 1

2 6 	 # U Shape
68.38410304378031 2.568420085080103 53.93851507309536 14.909814275145884 50.81868813210807 37.63564701739776
36.14714854650857 69.1711861855143 95.64509400262311 72.55109464037106 84.18845589166756 66.15176805616346
2 3 	 # V Shape
0.0 0.0 0.0
0.0 0.0 0.0
2 6 	 # Alloc Shape
1 0 0 0 1 1
0 1 1 1 0 0

2 6 	 # U Shape
19.43824175457075 65.5053989547675 87.11314199420109 48.65556559721378 30.257421823378827 3.7728283332351564
33.10334972011477 78.26180238595887 45.91792094974546 75.87790011587573 22.82384083761301 2.873800364697965
2 3 	 # V Shape
0.0 0.0 0.0
0.0 0.0 0.0
2 6 	 # Alloc Shape
0 0 1 0 1 1
1 1 0 1 0 0

2 6 	 # U Shape
68.124574671843 17.782140240787015 71.11199778859566 84.57581279501926 57.90211450688726 85.08107333848312
30.126285168759935 96.26583300694949 11.250581186292784 39.2566560492774 65.50383606891239 30.736432073755115
2 3 	 # V Shape
0.0 0.0 0.0
0.0 0.0 0.0
2 6 	 # Alloc Shape
1 0 1 1 0 1
0 1 0 0 1 0

2 6 	 # U Shape
74.250121392501 11.02492989802254 3.246048554326808 28.989812922811787 38.206538161176695 23.620797288419027
60.302042697041436 46.80707824404905 28.148523302252205 18.146432619354734 90.41837415927174 42.128756209974874
2 3 	 # V Shape
0.0 0.0 0.0
0.0 0.0 0.0
2 6 	 # Alloc Shape
1 0 0 1 0 0
0 1 1 0 1 1

2 6 	 # U Shape
69.59310181119082 93.79807956209731 30.68929771038761 92.75950813781043 89.87194095977533 27.751259201014655
19.896700310159932 18.12778371694651 63.29290010488248 2.1906628717570653 5.2138986309622215 2.61481230237105
2 3 	 # V Shape
0.0 0.0 0.0
0.0 0.0 0.0
2 6 	 # Alloc Shape
0 1 0 1 1 1
1 0 1 0 0 0

2 6 	 # U Shape
65.1291989409081 11.185387112007506 32.6708216193698 67.68113381047957 88.21214197704694 46.5665887386726
62.953412094125696 47.347175707588576 5.57349663989426 27.830174595166813 33.355008603625656 5.34064544147288
2 3 	 # V Shape
0.0 0.0 0.0
0.0 0.0 0.0
2 6 	 # Alloc Shape
0 0 1 1 1 1
1 1 0 0 0 0

2 6 	 # U Shape
9.459912265846404 57.867596806052866 1.4534798599336818 58.435757928234786 47.81240851718982 0.47872284949285193
74.85963308046436 18.755153597420183 20.894783836021634 67.6266219854328 59.37006085212442 30.027855860772203
2 3 	 # V Shape
0.0 0.0 0.0
0.0 0.0 0.0
2 6 	 # Alloc Shape
0 1 0 1 0 0
1 0 1 0 1 1

2 6 	 # U Shape
18.771516784492636 73.97769709139955 1.3386405046123095 27.426957034865385 27.15697501944382 75.18094133429956
75.9141562535393 30.21248099891506 11.476888575698553 18.399608557232472 8.8748530843202 11.600784213846115
2 3 	 # V Shape
0.0 0.0 0.0
0.0 0.0 0.0
2 6 	 # Alloc Shape
0 1 0 0 1 1
1 0 1 1 0 0

