2 4 	 # U Shape
51.31167122678871 31.828442487209863 53.919993742564806 22.12549424277599
80.648135792427 34.22546256146843 53.888884906714466 0.587378555105833
2 2 	 # V Shape
61.71471877710693 71.39859738166186
82.95638337241195 54.25644012161392
2 4 	 # Alloc Shape
0 0 1 1
1 1 0 0

2 4 	 # U Shape
67.29367191665858 25.75924329206177 70.11513197244875 65.70000593742624
18.200775771189427 32.20629928291008 88.75374569208283 8.334916104975676
2 2 	 # V Shape
73.82198840489954 131.71873932146175
37.09355108849225 90.89989194619551
2 4 	 # Alloc Shape
1 1 0 0
0 0 1 1

2 4 	 # U Shape
18.983453299709897 81.54922601389539 36.250668057515135 3.9864423244588054
99.61429610759363 68.01742634766164 73.53416790201952 66.12096185629673
2 2 	 # V Shape
94.3227978188915 37.32514943843734
155.1324902577224 109.74573738113392
2 4 	 # Alloc Shape
1 1 0 0
0 0 1 1

2 4 	 # U Shape
10.83477024445072 73.05155600196885 76.73161001573766 33.25531603475677
75.46175654990421 76.95666815211962 60.23400881912353 59.52032219843977
2 2 	 # V Shape
74.22468219738832 106.99735919447282
107.9177500427532 83.45525691115887
2 4 	 # Alloc Shape
0 0 1 1
1 1 0 0

2 4 	 # U Shape
63.86079282274959 21.402570433952185 41.757764842293035 46.68141805992988
8.30692156172197 57.02729080512439 22.851756266476887 3.572971978146555
2 2 	 # V Shape
64.61995744398902 85.32155041072491
59.2661703036889 24.628845612184747
2 4 	 # Alloc Shape
0 0 1 1
1 1 0 0

2 4 	 # U Shape
66.23180737805964 35.41302720760841 43.915701403233655 77.55158765326317
62.869061880210374 9.799092114564267 65.15860600727822 96.86160083513528
2 2 	 # V Shape
93.25364812916916 104.22055024840232
71.8581099415364 108.35878470823025
2 4 	 # Alloc Shape
1 1 0 0
0 0 1 1

2 4 	 # U Shape
85.38148940056969 92.570243244667 30.214491180817895 47.41303614194492
74.03154678696606 65.06372227822905 26.761772236847527 38.9271280785603
2 2 	 # V Shape
100.6609181304783 55.54550312417524
134.13441168663698 60.16852823151554
2 4 	 # Alloc Shape
0 0 1 1
1 1 0 0

2 4 	 # U Shape
76.28285643107034 68.79920820376579 0.9493379703321425 41.39895914480699
47.962577251254025 23.117884345467154 51.1657575310747 43.611962307868865
2 2 	 # V Shape
102.22691702467633 42.29561873010276
65.02383222546682 69.35688897718966
2 4 	 # Alloc Shape
1 1 0 0
0 0 1 1

2 4 	 # U Shape
40.15942087704071 27.88163745855844 60.40894955045737 7.96724169393287
49.51479078272803 47.407198550859356 73.58054371264411 29.345630302342073
2 2 	 # V Shape
61.9882650686067 66.73828079357789
50.36573304588773 89.6348425441036
2 4 	 # Alloc Shape
1 1 0 0
0 0 1 1

2 4 	 # U Shape
45.9958508118848 22.824041399759775 89.10693263595945 9.41523275818199
64.89916686370597 30.88836566172104 68.85376502817054 23.222407379354127
2 2 	 # V Shape
56.43572330677992 93.92673980850184
68.81427489289712 89.00414769363715
2 4 	 # Alloc Shape
0 0 1 1
1 1 0 0

2 4 	 # U Shape
44.30711279584959 37.684684568187755 56.731837983441146 41.287517029972484
95.34019253511123 59.66790155943681 47.4086027042263 99.54995385290914
2 2 	 # V Shape
73.49790398262223 79.26153399435586
129.10043081097697 110.90158283732764
2 4 	 # Alloc Shape
0 0 1 1
1 1 0 0

2 4 	 # U Shape
25.470487483795225 39.5915995688079 6.844400138000351 80.00336390112763
6.872825308014841 3.7295544350340215 19.929428094547454 22.228023525836683
2 2 	 # V Shape
58.32117095149165 86.74845524952288
9.1655930795027 28.55132607797332
2 4 	 # Alloc Shape
1 1 0 0
0 0 1 1

2 4 	 # U Shape
55.25027768441883 51.60449356069093 84.01556338113794 10.50565714094155
0.7784874103525574 68.91801790725933 2.0380497727165325 96.02759711124496
2 2 	 # V Shape
84.40969478268872 92.85618493102362
69.141340521568 96.14485007505009
2 4 	 # Alloc Shape
1 1 0 0
0 0 1 1

2 4 	 # U Shape
56.43668576875422 97.97467326327107 11.219551751326906 9.232479508424374
14.839980988838274 42.21926105920155 27.201723371826148 3.844023221795656
2 2 	 # V Shape
106.31958772623176 18.518430652743234
50.62433977685336 29.374231951120105
2 4 	 # Alloc Shape
1 1 0 0
0 0 1 1

2 4 	 # U Shape
7.13300404398769 38.01113697089416 37.333329508232936 14.754168458585914
93.73316463012038 72.88271387695335 75.41516436855063 14.54041797685559
2 2 	 # V Shape
38.28351154043648 39.76991099701929
132.67779657402303 83.38130613076444
2 4 	 # Alloc Shape
0 0 1 1
1 1 0 0

2 4 	 # U Shape
97.02113415647177 45.104794919448864 68.03007517418482 38.6032697668678
63.72864879141932 64.2000961897927 49.87127135320487 81.72021691506517
2 2 	 # V Shape
136.0393864647595 68.21714225339316
120.13662849534191 90.62819484481298
2 4 	 # Alloc Shape
1 1 0 0
0 0 1 1

2 4 	 # U Shape
14.307068305012493 37.786918416005314 47.3198341016048 55.977891908731706
97.43729598527916 42.23266328419537 33.2462540281946 83.03891886436551
2 2 	 # V Shape
38.32263866960721 100.39905046159699
97.74273758767592 91.92636760937404
2 4 	 # Alloc Shape
0 0 1 1
1 1 0 0

2 4 	 # U Shape
18.00785772571856 96.721129967827 57.448874960365806 83.71521111766238
33.369117337842965 90.73274560269708 44.96062840963363 40.05801562854373
2 2 	 # V Shape
100.4627783515132 117.9097935825042
94.61256753826552 68.59366835895955
2 4 	 # Alloc Shape
0 0 1 1
1 1 0 0

2 4 	 # U Shape
97.95397273416984 48.04140179167715 1.8004910367168447 20.81371173047758
30.701881235516293 52.9709158649072 37.365664279385605 63.88081905703178
2 2 	 # V Shape
139.49121999617074 21.065012587296508
61.773470741276 82.68837268062663
2 4 	 # Alloc Shape
1 1 0 0
0 0 1 1

2 4 	 # U Shape
52.927931356406944 98.35752668542685 83.23080559092237 35.30543021975223
54.85925419891542 91.03356619413911 36.04854666489441 22.011354689304486
2 2 	 # V Shape
100.22457264929142 109.56893061339045
95.66126564695125 56.31572705435322
2 4 	 # Alloc Shape
0 0 1 1
1 1 0 0

2 4 	 # U Shape
98.72164762916871 23.999308412303932 87.03368651986658 51.47055536017506
67.508024472097 31.86985697831751 56.911174628854155 67.97348041733427
2 2 	 # V Shape
105.67275166536518 92.30347716886652
68.05377104532133 123.6463879979301
2 4 	 # Alloc Shape
1 1 0 0
0 0 1 1

2 4 	 # U Shape
66.25763455465022 42.0913823846028 72.46529070906324 28.755811997145653
64.90491708295151 98.47835861620223 57.50670316104027 62.115212417267685
2 2 	 # V Shape
86.15854842496054 87.74858007689643
98.54596291447417 109.48626097929542
2 4 	 # Alloc Shape
0 0 1 1
1 1 0 0

2 4 	 # U Shape
38.30645510752282 13.410214921530006 19.994782580351046 95.80227710803472
17.89762932165182 59.24573911459766 83.91948209053359 61.12671680306345
2 2 	 # V Shape
50.88300289699933 108.19727258839066
75.20194937260163 108.6852639877913
2 4 	 # Alloc Shape
0 0 1 1
1 1 0 0

2 4 	 # U Shape
65.18194393535104 81.70383979382132 51.16098067691206 0.7739536436820682
39.40628422433282 76.34647822318956 4.695446960356575 97.38707780600917
2 2 	 # V Shape
111.21768895387717 51.78242602175462
79.92571396401345 101.0513476256565
2 4 	 # Alloc Shape
1 1 0 0
0 0 1 1

2 4 	 # U Shape
69.90262345511692 39.66510669731436 61.20810494403379 34.742300417339365
99.59961974053017 43.83133629585274 81.59812726192126 76.35591562585113
2 2 	 # V Shape
108.38983343265176 61.229625069312355
106.99554334908146 104.0039302587771
2 4 	 # Alloc Shape
1 1 0 0
0 0 1 1

2 4 	 # U Shape
23.237505734680198 30.867877409796197 15.15851304183239 68.91811590707493
2.968104418016637 24.68318361273876 52.65487809358361 48.942999219272856
2 2 	 # V Shape
31.784676971018644 84.07171254031199
24.78151447200425 76.37263088767867
2 4 	 # Alloc Shape
1 1 0 0
0 0 1 1

2 4 	 # U Shape
18.44770768163816 58.15971147012951 91.91259427700007 28.622773714684747
20.914678663454588 52.048697315306434 8.888617579747393 55.042721155822406
2 2 	 # V Shape
60.77779755202843 105.20932904508058
58.49748804134023 61.59257145585789
2 4 	 # Alloc Shape
0 0 1 1
1 1 0 0

2 4 	 # U Shape
88.5697933071757 33.55251042380456 94.76509553670303 56.46704219384359
67.85853629042715 22.410502258819943 72.58290801594602 75.73100719202779
2 2 	 # V Shape
116.38673657354596 146.60412687431082
77.60985808520574 99.24249497434465
2 4 	 # Alloc Shape
1 1 0 0
0 0 1 1

2 4 	 # U Shape
5.044956100669107 70.65958067914954 87.06145468978171 19.322345544362584
13.016940720660507 56.57292255491823 94.26907069579356 12.08196014010059
2 2 	 # V Shape
71.17067716368268 99.21777658478265
65.98097806255896 97.50709094832348
2 4 	 # Alloc Shape
1 1 0 0
0 0 1 1

2 4 	 # U Shape
42.7668706878219 38.77115982527347 47.453595651241734 93.76190501407703
89.53474383497536 58.35423713765866 29.997376662899157 65.89533071639873
2 2 	 # V Shape
46.83724068228579 133.0590489823008
91.4596623362819 71.57842395083838
2 4 	 # Alloc Shape
0 0 1 1
1 1 0 0

2 4 	 # U Shape
39.009469734047165 74.57017733548696 89.85184717421004 49.781189203630774
68.25159349268242 8.38669993159301 26.711604808972677 22.317063486917366
2 2 	 # V Shape
78.44030259358243 138.39205039867315
74.67118185084274 44.47648453875527
2 4 	 # Alloc Shape
0 0 1 1
1 1 0 0

2 4 	 # U Shape
56.04575468119629 9.101612311294415 77.85109454323643 76.90031607166647
53.51207802694711 69.30472817458013 0.36739528627336426 97.3476983963103
2 2 	 # V Shape
64.40633155082907 78.09949832255285
105.90832936926223 97.64754764951194
2 4 	 # Alloc Shape
0 0 1 1
1 1 0 0

2 4 	 # U Shape
43.16138069193518 13.22770278406381 6.37409430045447 66.03751997681292
40.82310991482121 91.75520519086339 54.1129367508965 87.884700948041
2 2 	 # V Shape
43.17902244845783 70.50277038331409
108.59827304905234 110.48286156048698
2 4 	 # Alloc Shape
0 0 1 1
1 1 0 0

2 4 	 # U Shape
61.4397546462776 39.18155720609351 30.386334704658978 29.406653761979662
75.19676934331397 2.6763985609398855 0.836672938633598 83.20133507361207
2 2 	 # V Shape
84.08106660601962 49.35011566548944
76.96924455963706 83.88296279063891
2 4 	 # Alloc Shape
1 1 0 0
0 0 1 1

2 4 	 # U Shape
83.62273912031823 62.41719675893428 8.247444707113427 72.21156837606716
5.8737085508797415 40.2871733451554 58.12903434433273 29.41532180266162
2 2 	 # V Shape
97.57235747113057 80.24029809871129
45.31792627872819 75.47828528490697
2 4 	 # Alloc Shape
1 1 0 0
0 0 1 1

2 4 	 # U Shape
93.13089533798723 63.12113992801665 80.56808069836137 32.87661745147091
65.16199229432482 95.31304424550962 80.76279103504133 20.720629038925566
2 2 	 # V Shape
139.20300147659805 85.51427162740619
139.46344974388234 95.0561528981697
2 4 	 # Alloc Shape
0 0 1 1
1 1 0 0

2 4 	 # U Shape
53.69149654576305 9.824890961639298 49.8328682985677 69.97794690253018
89.55146778149332 34.90226445403676 29.390386954558423 4.906434067086451
2 2 	 # V Shape
63.21037972092929 107.59401545511835
107.70769814662303 31.665352999391672
2 4 	 # Alloc Shape
0 0 1 1
1 1 0 0

2 4 	 # U Shape
41.393975779112566 31.205434622717053 22.05693452283384 94.77070231850287
29.402811000352756 14.169309799849817 74.97468276702031 71.49860987206765
2 2 	 # V Shape
51.541536525553994 102.02270353947839
30.696358986936005 83.22553098736061
2 4 	 # Alloc Shape
1 1 0 0
0 0 1 1

2 4 	 # U Shape
81.57107978600882 76.31194369007817 74.19277237442036 16.723953105941124
44.68929599870846 74.08621555063925 12.19635904369113 45.79710929291046
2 2 	 # V Shape
90.94169476370848 75.79189422905198
112.23274040313412 56.227021451132345
2 4 	 # Alloc Shape
0 0 1 1
1 1 0 0

2 4 	 # U Shape
96.43731582141363 72.81586747629895 95.9394449401578 47.56777789627616
11.459904968845757 20.922084649364315 57.71667608395548 19.34041283702046
2 2 	 # V Shape
102.2680222767137 125.89649369989932
21.419955699731553 63.37319678943351
2 4 	 # Alloc Shape
1 1 0 0
0 0 1 1

2 4 	 # U Shape
42.61281354684229 61.181155702475465 0.07565083617669943 78.25976611176259
94.2914998875048 99.92580271851142 80.51128403210042 79.80854660103674
2 2 	 # V Shape
76.9117557097683 78.26320685420822
164.44575299772336 147.2496610260697
2 4 	 # Alloc Shape
0 0 1 1
1 1 0 0

2 4 	 # U Shape
76.25083013478267 66.11840663066303 32.99273667636021 23.105430093365943
98.8089749977135 79.97371667890246 51.697361996497804 44.95983699663649
2 2 	 # V Shape
100.47052343140973 38.51984089770399
126.5611535225598 88.09112634364911
2 4 	 # Alloc Shape
1 1 0 0
0 0 1 1

2 4 	 # U Shape
10.747915006572628 81.21492963380436 19.63114670056466 62.885576058817726
19.88516545735992 90.75426965004826 66.59965953396461 88.04935712222009
2 2 	 # V Shape
87.74909409580505 64.08963676843541
107.98156271446058 93.67069203306716
2 4 	 # Alloc Shape
1 1 0 0
0 0 1 1

2 4 	 # U Shape
15.363641740015288 80.89945912929531 78.98239814323854 82.95123420876777
75.6570565910256 5.447849460498477 60.01471980978149 12.120286729941032
2 2 	 # V Shape
89.5068404119044 88.4984596805447
78.0532648111893 66.47253685034116
2 4 	 # Alloc Shape
0 0 1 1
1 1 0 0

2 4 	 # U Shape
88.93682356464046 52.15366866623463 45.857737208812225 43.759528790942625
62.52275954440307 54.31326638328516 96.49917255382275 40.19198032539919
2 2 	 # V Shape
108.41489966634073 87.58958334463281
68.14582334264529 109.75800561645295
2 4 	 # Alloc Shape
1 1 0 0
0 0 1 1

2 4 	 # U Shape
82.729959600503 90.90157281136817 42.19945564534196 64.18701658156604
98.5536039791401 31.088324524070167 22.325469043474467 71.19024400841543
2 2 	 # V Shape
97.8299276198191 87.33272313088378
113.65771694709927 90.96062434834963
2 4 	 # Alloc Shape
1 1 0 0
0 0 1 1

2 4 	 # U Shape
39.769775626240374 61.17981065314916 59.36814799457236 63.23050376524101
43.8906568351099 86.72330787328345 13.501764837231967 81.29247061863498
2 2 	 # V Shape
69.93580547178485 87.08390688688755
110.87184530200935 82.70229985468161
2 4 	 # Alloc Shape
0 0 1 1
1 1 0 0

2 4 	 # U Shape
53.84606584526415 82.99314275494817 92.22439193663683 5.964216460663474
91.63416434135657 50.43278591995789 10.178739880847642 12.705920942376924
2 2 	 # V Shape
86.1422633276357 97.10596219162319
119.83581567221792 20.365537862008843
2 4 	 # Alloc Shape
0 0 1 1
1 1 0 0

2 4 	 # U Shape
89.28386718945158 43.7054662323201 6.468279221058193 89.59829558902419
83.3608115315527 92.29004665925648 67.1843071438011 45.675984862767315
2 2 	 # V Shape
109.46731915464125 89.99838408453718
102.30878551331871 82.80398222480858
2 4 	 # Alloc Shape
0 0 1 1
1 1 0 0

2 4 	 # U Shape
67.0682210600597 59.27889140526883 35.32709819129961 12.250336658053108
42.23486846665927 12.687708251972584 86.1740240212524 65.11653571488002
2 2 	 # V Shape
85.20343760251241 39.210171230079865
53.30201880131564 116.95111120281771
2 4 	 # Alloc Shape
1 1 0 0
0 0 1 1

2 4 	 # U Shape
33.05368145690909 50.39147846259701 69.14828060320856 94.26810565117954
43.02358014580135 31.47142442745855 27.057316151172948 87.77334206170106
2 2 	 # V Shape
79.76302502998612 111.26940011008992
56.916726217585676 95.88174844161915
2 4 	 # Alloc Shape
0 0 1 1
1 1 0 0

2 4 	 # U Shape
44.11232283240945 43.796256319430995 6.858065895028975 63.02821199512431
32.081279798476025 34.66028675152426 24.6008002399862 19.24342393997086
2 2 	 # V Shape
70.48285700705446 68.01320069590773
35.69015176444911 27.787704573116955
2 4 	 # Alloc Shape
0 0 1 1
1 1 0 0

2 4 	 # U Shape
26.156225007610303 18.624465945730517 45.262683605492086 60.359793463164976
23.908222568164184 57.24310586296723 87.39214260468977 99.83477896378953
2 2 	 # V Shape
30.85736319975112 86.53416242698053
74.16705211082575 175.41575701773633
2 4 	 # Alloc Shape
0 0 1 1
1 1 0 0

2 4 	 # U Shape
14.725643320898673 94.42730289105059 97.91625968178543 51.84442500613411
36.57482236428894 53.365853597564005 75.55169802247181 70.5361257774215
2 2 	 # V Shape
101.585497217181 132.6260277764115
67.58095332259172 120.72139007569433
2 4 	 # Alloc Shape
1 1 0 0
0 0 1 1

2 4 	 # U Shape
99.63470075248532 27.57237527227806 99.98670840983925 74.4671039415382
2.7935347917780295 96.07942783409305 41.26518793616689 18.158775751399414
2 2 	 # V Shape
118.60803684073394 162.16384907367964
98.56237410939653 50.70488500273442
2 4 	 # Alloc Shape
0 0 1 1
1 1 0 0

2 4 	 # U Shape
22.065173726022593 53.794121232595224 40.05068953043315 13.40682111705027
82.44643025694626 99.83614884119221 18.201374387444 49.136882845609385
2 2 	 # V Shape
71.04958033420706 52.389825862060086
172.26457125566486 67.00130510433677
2 4 	 # Alloc Shape
0 0 1 1
1 1 0 0

2 4 	 # U Shape
18.370712092940465 26.406030143219017 16.794930737258973 58.36935711704939
80.18438618136385 50.81028599810694 74.17999929856498 45.7506755574621
2 2 	 # V Shape
35.521271688127996 69.11627291134845
123.925331344533 88.94519061232671
2 4 	 # Alloc Shape
0 0 1 1
1 1 0 0

2 4 	 # U Shape
80.45022331898475 22.369482272555473 39.078195944918434 91.69420553736141
13.96571549628004 26.196708165072067 19.90213727321173 76.2188333313685
2 2 	 # V Shape
83.28478531380591 104.75848140294846
28.12483956826309 88.48522350894679
2 4 	 # Alloc Shape
1 1 0 0
0 0 1 1

2 4 	 # U Shape
80.75306193411026 96.35885914344394 67.90545715249966 71.33807114537595
22.747544112696183 19.032071842265253 5.599732600368368 54.664546831858004
2 2 	 # V Shape
170.6019756180217 124.64052360086191
41.445068827416215 56.97891294935625
2 4 	 # Alloc Shape
1 1 0 0
0 0 1 1

2 4 	 # U Shape
57.2414322647485 20.467645815572777 99.77298262040458 1.3933548472897628
45.46127644306047 90.7228288475435 53.9802925647869 92.49857307574632
2 2 	 # V Shape
62.26448463166348 100.54720897469252
95.4884009131176 117.55644182733317
2 4 	 # Alloc Shape
0 0 1 1
1 1 0 0

2 4 	 # U Shape
7.982626885294042 80.31682958152136 77.80250929696754 40.92157828607705
62.11171542007254 74.57185986700196 43.73622080148037 76.17221399869396
2 2 	 # V Shape
85.39417949012508 114.51168957558005
92.79827358172798 119.3868624498577
2 4 	 # Alloc Shape
0 0 1 1
1 1 0 0

2 4 	 # U Shape
12.90308320559701 92.84018983043524 28.890170077204836 45.025122543881565
45.16493958000787 42.69835163122661 73.04737212854921 7.20143178312227
2 2 	 # V Shape
98.18495094213893 51.429578888587216
71.04666844999285 74.14890499028667
2 4 	 # Alloc Shape
1 1 0 0
0 0 1 1

2 4 	 # U Shape
69.5889243151871 61.68878746012629 46.50349549065266 87.12348461257169
98.90511443429607 12.97405291679089 44.31925872675274 64.74959312288917
2 2 	 # V Shape
107.01314616853809 113.25703782449717
102.28261665145405 74.62295660035673
2 4 	 # Alloc Shape
0 0 1 1
1 1 0 0

2 4 	 # U Shape
60.3181273218374 53.951142789068776 43.594554697011745 58.019854792105775
84.40461686660996 2.9512667640604784 41.41752682939589 25.763973933958162
2 2 	 # V Shape
106.11382484497929 68.1422784795555
86.38707063350563 57.986546569229006
2 4 	 # Alloc Shape
0 0 1 1
1 1 0 0

2 4 	 # U Shape
30.66538084453524 82.33490641215285 80.38372135534445 98.03743437380811
68.25360503216184 95.26728784335313 80.0286426848574 28.381689438683523
2 2 	 # V Shape
92.59160520901028 156.4917611513978
122.85108556998816 100.82159138717097
2 4 	 # Alloc Shape
0 0 1 1
1 1 0 0

2 4 	 # U Shape
38.44632875341761 50.67026988922597 48.04079750102675 17.92303645706841
82.71441802293148 29.43906792313501 8.077491849288442 41.75318196975487
2 2 	 # V Shape
56.25574059279184 49.121930739427455
103.03078330049759 42.41838455468657
2 4 	 # Alloc Shape
0 0 1 1
1 1 0 0

2 4 	 # U Shape
14.09337565987765 71.32925953545967 82.92890078087748 84.03473967533695
72.94961103342949 67.17266703106766 71.77767032395123 61.904595492793504
2 2 	 # V Shape
81.37845798263933 120.61673197191979
96.81852351713485 114.07065475868129
2 4 	 # Alloc Shape
0 0 1 1
1 1 0 0

2 4 	 # U Shape
19.443769182573988 36.72888973080737 69.6991039781599 31.39955733923977
3.7855464546841966 98.85363392737312 28.963313990025874 27.210003536480244
2 2 	 # V Shape
50.45579553512987 83.28753524386212
100.07887934349719 33.64031912295576
2 4 	 # Alloc Shape
0 0 1 1
1 1 0 0

2 4 	 # U Shape
62.16633625010096 28.280509725962144 77.79726338709496 12.116582566041888
76.48841898485797 27.387015892468792 80.54606095318198 79.439672930389
2 2 	 # V Shape
83.56674375459723 82.20540491221038
80.65371006970355 88.67068199033373
2 4 	 # Alloc Shape
1 1 0 0
0 0 1 1

2 4 	 # U Shape
94.10454999711564 24.911858082918858 54.34690991102371 13.877646903833096
58.82823411784883 35.54552581218903 71.98565567826854 2.8409123720968044
2 2 	 # V Shape
108.71900812668851 64.89943215784432
69.75567142330091 74.17908459363237
2 4 	 # Alloc Shape
1 1 0 0
0 0 1 1

2 4 	 # U Shape
14.628418828079026 76.25807993152905 81.45601887509665 6.525333647686049
18.730411829220483 25.720159559787735 87.97663671416679 72.79904633369453
2 2 	 # V Shape
79.4091579567175 87.89423188189454
30.705060848112197 109.94324059692156
2 4 	 # Alloc Shape
1 1 0 0
0 0 1 1

2 4 	 # U Shape
73.32346562986338 66.25787018909179 73.54360497287354 50.2867925637566
12.821436511994055 54.80385702582717 32.675949120147294 70.35847431471835
2 2 	 # V Shape
88.86685459213511 105.88007712541891
57.595277892655055 98.04640089679218
2 4 	 # Alloc Shape
1 1 0 0
0 0 1 1

2 4 	 # U Shape
2.39181506726005 71.89041453303905 20.45883358198458 48.68657945473044
81.13613987213706 4.410719183671985 47.640963516806345 60.337733817306805
2 2 	 # V Shape
73.24310664141778 66.38873130994742
85.24409963338894 82.9524709298893
2 4 	 # Alloc Shape
1 1 0 0
0 0 1 1

2 4 	 # U Shape
88.30365162208726 21.316515695125947 60.34802290280259 57.250745458332084
90.85446703147367 32.33080873984934 53.31363822175545 68.72916436058719
2 2 	 # V Shape
96.97830211704144 116.18962878082971
116.25976022203952 96.61671592837634
2 4 	 # Alloc Shape
0 0 1 1
1 1 0 0

2 4 	 # U Shape
16.33565785182507 34.797135556851714 61.46503952611787 68.55021669187525
50.971892150987365 60.29225266371101 58.28960956113056 75.92422286049337
2 2 	 # V Shape
47.679762707655 116.57218115693068
104.18429084807065 96.89262421027334
2 4 	 # Alloc Shape
0 0 1 1
1 1 0 0

2 4 	 # U Shape
80.59713553988556 70.24937069369524 91.76159757679882 59.353170409302955
47.00933097024746 58.976050607327714 65.25903603166127 33.97878806244034
2 2 	 # V Shape
104.1301016110273 98.59926690096677
61.162511490999414 67.00140643195014
2 4 	 # Alloc Shape
1 1 0 0
0 0 1 1

2 4 	 # U Shape
81.95744757164081 28.658379597110574 33.438577576184116 69.58487844210448
85.3243765161065 0.6575327115652785 17.20116955761363 14.657813884361538
2 2 	 # V Shape
107.71580724658799 101.33544968258417
85.38115980776344 31.60409179856305
2 4 	 # Alloc Shape
0 0 1 1
1 1 0 0

2 4 	 # U Shape
75.2531865884921 46.34976361084697 41.82962087557832 15.311527765159427
25.18442423868357 69.50602815169336 67.09314942610285 49.42431925845556
2 2 	 # V Shape
88.42385104789273 57.084588017031585
81.59414506094737 106.5895230727476
2 4 	 # Alloc Shape
1 1 0 0
0 0 1 1

2 4 	 # U Shape
31.33440180902165 26.32275774989693 53.53203225626597 6.335387893175126
96.10178774842826 8.666720187980637 57.59313339480517 32.445251924124655
2 2 	 # V Shape
57.37649641547159 59.45862150282666
101.7000898058752 74.9600605787017
2 4 	 # Alloc Shape
0 0 1 1
1 1 0 0

2 4 	 # U Shape
44.44756275425924 25.529050174320766 71.73875811979838 44.48640059240883
13.959487446156905 74.2604557017436 30.630166019817917 86.6239569124685
2 2 	 # V Shape
48.613180965357735 106.50758439207547
77.46870217213497 87.04463897445703
2 4 	 # Alloc Shape
0 0 1 1
1 1 0 0

2 4 	 # U Shape
99.37451095214516 62.044214263317365 53.84204346091638 84.81787662291201
60.7786133635211 53.78869935452785 12.415827421159264 75.97561243570674
2 2 	 # V Shape
114.03180880270014 117.44902559552612
76.4806817819937 77.62357974653607
2 4 	 # Alloc Shape
0 0 1 1
1 1 0 0

2 4 	 # U Shape
49.69519285157907 36.62529277699558 82.82399981199069 22.044671626395086
19.980116318612772 37.4855350515252 34.49022151353041 57.43329427730167
2 2 	 # V Shape
74.063698778098 88.39677146095329
54.337292338577214 58.833624690303004
2 4 	 # Alloc Shape
1 1 0 0
0 0 1 1

2 4 	 # U Shape
55.11716938273339 80.2729075838087 11.168226585102548 64.29824938307608
31.51960620007942 23.767548165616926 35.464715666248345 90.11084554127072
2 2 	 # V Shape
130.17900174839272 66.35501876911725
46.30616947615049 98.18550084441335
2 4 	 # Alloc Shape
1 1 0 0
0 0 1 1

2 4 	 # U Shape
66.45181619577616 35.227865311926045 86.28376850724388 58.74608455491125
77.23653986544056 92.30037447907249 98.6811707761824 45.500837038215046
2 2 	 # V Shape
86.90692166960385 97.60205253779962
129.63944425189445 138.08477894338475
2 4 	 # Alloc Shape
0 0 1 1
1 1 0 0

2 4 	 # U Shape
83.95512537195006 11.219864133646794 90.28446078223698 20.245257984992904
55.81660917519138 42.678829974036645 20.096686442556834 91.25103837637877
2 2 	 # V Shape
86.73381706296328 97.50920493659824
60.08511554253462 99.25273680665158
2 4 	 # Alloc Shape
1 1 0 0
0 0 1 1

2 4 	 # U Shape
85.19346123891033 27.273888206999853 64.86649625182923 96.99915509464103
19.613061993197224 13.312706155105513 8.367511763520186 94.08308970443947
2 2 	 # V Shape
101.01688101340969 136.54669873384557
25.180263586609332 101.79529090147669
2 4 	 # Alloc Shape
1 1 0 0
0 0 1 1

2 4 	 # U Shape
44.5219062804903 55.94539970299599 4.248629282382222 79.63198446458105
69.78664689345732 16.36079891168404 9.623395219775698 88.75968485221645
2 2 	 # V Shape
80.88330890837679 83.7826715804713
80.03697714564993 94.77865365088216
2 4 	 # Alloc Shape
1 1 0 0
0 0 1 1

2 4 	 # U Shape
16.045896759246215 84.21708356077035 37.85179942402836 70.15584921195781
76.57580788769806 1.9261374229375572 66.88320683658021 95.3835779431855
2 2 	 # V Shape
92.65242350692291 99.09615225225832
77.39202764477898 128.18419315696337
2 4 	 # Alloc Shape
1 1 0 0
0 0 1 1

2 4 	 # U Shape
62.03887883947932 96.23164682379507 42.33046683433056 18.198973304890586
83.4388409184679 6.5673243570338435 58.80482380195296 76.75957713613131
2 2 	 # V Shape
116.18644103901187 49.3075106965177
85.86354879639538 133.76453948010328
2 4 	 # Alloc Shape
1 1 0 0
0 0 1 1

2 4 	 # U Shape
2.6240102155227207 6.315506443253338 75.08816689498413 16.940204431198058
31.809840616038297 37.391437676073735 81.36344046208406 75.95329623485173
2 2 	 # V Shape
6.436642821705343 82.20034335406578
62.32428669585433 95.32162487823761
2 4 	 # Alloc Shape
0 0 1 1
1 1 0 0

2 4 	 # U Shape
24.16255871690981 34.7441160438762 51.88856593516489 10.443262280340393
46.46000759300604 49.223766934455796 44.18507876852171 47.23616834995208
2 2 	 # V Shape
36.77349460092245 54.38832597864904
75.81818209954756 69.79670900831798
2 4 	 # Alloc Shape
0 0 1 1
1 1 0 0

2 4 	 # U Shape
57.66621855690827 23.869058750474014 81.93510522679777 89.10808184448462
39.637565324634274 93.32457905372499 31.022658306026983 61.840748413394884
2 2 	 # V Shape
78.17944426826143 118.86118221313919
116.21285187873589 83.2081327636204
2 4 	 # Alloc Shape
0 0 1 1
1 1 0 0

2 4 	 # U Shape
3.886527339410528 11.840624596936012 61.8242008039061 75.46095517272195
83.74184866922822 86.66616204740475 86.20546532283461 12.457926793689655
2 2 	 # V Shape
13.612956946157908 81.45280659180926
110.42865860140499 96.63422131190575
2 4 	 # Alloc Shape
0 0 1 1
1 1 0 0

2 4 	 # U Shape
0.10888493501817198 0.4523547729446298 52.657263904416915 88.56353629727782
36.82442544563161 61.51103647674056 36.953677934984405 80.34258313821435
2 2 	 # V Shape
0.5369562088799168 110.99696685067363
87.39000294568595 90.92524082002241
2 4 	 # Alloc Shape
0 0 1 1
1 1 0 0

2 4 	 # U Shape
64.65142380983377 9.288792121446987 37.076822391810246 92.43607503643348
39.041623575009 72.32257775575546 27.11725687294266 14.636436689850562
2 2 	 # V Shape
72.12784537562968 120.2881616771749
91.44933864006387 30.697384630124763
2 4 	 # Alloc Shape
0 0 1 1
1 1 0 0

2 4 	 # U Shape
29.36675552820327 88.82297587394926 46.38750775026349 16.829457679795546
5.392523868422828 75.91318705806897 95.27456719080254 22.317962876131713
2 2 	 # V Shape
93.90836621852901 63.131005480467536
81.24246978900428 97.0811682434217
2 4 	 # Alloc Shape
1 1 0 0
0 0 1 1

2 4 	 # U Shape
50.527546586662986 72.1646945931789 11.114747124419955 15.719212842146046
95.67165140612028 65.63767303029164 88.82601431899401 9.67028854292209
2 2 	 # V Shape
105.7702635681255 24.640726925798695
156.22427456155248 90.26864071655785
2 4 	 # Alloc Shape
1 1 0 0
0 0 1 1

2 4 	 # U Shape
28.3843455319288 62.7041502658177 16.713092410827024 72.82959144935566
20.550380224018195 4.028685802386334 47.01498329680902 56.25617314896808
2 2 	 # V Shape
65.16467050582679 72.94633714217201
23.04591272353915 81.39565494074573
2 4 	 # Alloc Shape
1 1 0 0
0 0 1 1

2 4 	 # U Shape
82.54634498790634 14.560157711685484 61.95038759547029 70.93566022679454
87.74847532203289 54.069199685405536 57.34004351649411 61.5623567901348
2 2 	 # V Shape
85.75666453547626 128.44305470369807
121.11147809874639 117.94130503468728
2 4 	 # Alloc Shape
0 0 1 1
1 1 0 0

2 4 	 # U Shape
5.433197043518678 61.217030682553975 49.580388498911056 40.35950786782192
88.47010625028598 4.703116856628464 11.46992287367976 84.4085173587786
2 2 	 # V Shape
61.58999173736502 52.79920890270061
92.71254539879504 86.11654513111304
2 4 	 # Alloc Shape
0 0 1 1
1 1 0 0

