2 4 	 # U Shape
68.87261618213564 16.37314250008992 7.032486680550032 94.10108602458361
56.36813802348253 7.799233938998706 72.26405111248398 15.845217352316643
2 2 	 # V Shape
81.14786718179694 99.06962748568377
58.734342037955436 80.75290308092934
2 4 	 # Alloc Shape
1 1 0 0
0 0 1 1

2 4 	 # U Shape
31.456642464721153 4.321572973662613 75.24449169599731 54.326904387131805
76.71904257147007 79.04487662157868 7.222137937463014 65.97158344078476
2 2 	 # V Shape
35.54787845828117 92.35613813721565
121.75045786425089 69.81378864766842
2 4 	 # Alloc Shape
0 0 1 1
1 1 0 0

2 4 	 # U Shape
24.49932606230849 75.91240490946292 78.93725602180268 15.972922996188899
78.18263562933764 13.451057820501733 28.758460485555805 76.37698201600668
2 2 	 # V Shape
86.29925232549786 94.74588631541852
81.40519974493306 104.21279697360535
2 4 	 # Alloc Shape
1 1 0 0
0 0 1 1

2 4 	 # U Shape
96.30845742721496 76.56233531067416 70.73141563516712 82.38934184073045
43.54307925378266 70.8376031570175 26.55903962775129 59.48202216844651
2 2 	 # V Shape
109.91014016188251 97.64115568512302
72.03427751226621 69.97554334104609
2 4 	 # Alloc Shape
0 0 1 1
1 1 0 0

2 4 	 # U Shape
10.05740146112185 40.72471068550777 58.29154644665038 74.07205209616811
87.03608417756887 96.65261604026779 45.55648553522168 40.042299907168314
2 2 	 # V Shape
47.775556265390975 84.0772092377116
104.49968755830348 54.92091092209682
2 4 	 # Alloc Shape
0 0 1 1
1 1 0 0

2 4 	 # U Shape
18.87622598870632 42.12222108452447 52.78031450610771 20.778753348575098
67.07717399051621 51.20320611359723 5.829360661661475 54.20978287850391
2 2 	 # V Shape
49.6712533496713 61.915801571447574
85.3116275249692 54.391738248227654
2 4 	 # Alloc Shape
0 0 1 1
1 1 0 0

2 4 	 # U Shape
28.16461931342825 58.82090729486195 11.174940937123989 26.952228245370012
0.1984401045787232 89.65633740470035 93.03274582187791 34.02339528373949
2 2 	 # V Shape
75.08369218184299 30.637764408059855
89.73348325925524 104.56929641599575
2 4 	 # Alloc Shape
1 1 0 0
0 0 1 1

2 4 	 # U Shape
96.08354763118085 85.44347561907131 40.73324766029427 16.7162185992311
46.75948444335317 15.081242619065327 17.89005456367333 70.25238673731998
2 2 	 # V Shape
130.42918451294395 50.05072045449872
52.61378180935881 72.07367174296334
2 4 	 # Alloc Shape
1 1 0 0
0 0 1 1

2 4 	 # U Shape
92.98420183322426 48.302511556093144 50.28733194957139 35.31942526637463
17.013925699601963 10.300315964761941 38.70304293797018 14.647430996922617
2 2 	 # V Shape
131.87852732113706 77.71269211331945
18.738236596805763 40.73468282365815
2 4 	 # Alloc Shape
1 1 0 0
0 0 1 1

2 4 	 # U Shape
56.78649545949946 91.45397647295026 62.64006261919175 49.56239121885867
18.544453199215873 38.87791239143685 57.27042902682571 72.7291890217908
2 2 	 # V Shape
92.1505499314008 102.6969521175835
44.94224526138484 106.21327229962466
2 4 	 # Alloc Shape
1 1 0 0
0 0 1 1

2 4 	 # U Shape
16.965224859373684 36.11120896072957 34.382461494836406 66.61724380136083
69.53322987189918 81.4128701825252 20.273700975190646 30.116599193929616
2 2 	 # V Shape
39.174199437237384 86.61492445512643
109.17837394440207 46.93015539452129
2 4 	 # Alloc Shape
0 0 1 1
1 1 0 0

2 4 	 # U Shape
39.1490160983061 56.80720097922871 96.17517775391212 92.8392468527914
15.141911476702486 49.525406831697815 24.324720808261514 25.568551846971953
2 2 	 # V Shape
61.28471877002395 112.22150509482913
62.714575832155184 37.189389698417315
2 4 	 # Alloc Shape
0 0 1 1
1 1 0 0

2 4 	 # U Shape
3.3813357541024436 12.976606406770564 7.19680801079855 2.7121233677543044
61.39925486194747 70.00104016521874 35.763830050631604 92.20662429001503
2 2 	 # V Shape
15.446490122475863 8.57766094274566
86.48375784604023 127.65589243153148
2 4 	 # Alloc Shape
1 1 0 0
0 0 1 1

2 4 	 # U Shape
83.56340021718371 36.37571385624654 56.04424824868766 52.25862253218967
56.83749555525598 90.28608383101552 27.647797964142207 50.118048719576734
2 2 	 # V Shape
119.93895220488197 106.10045943881825
129.18874401350203 61.389133162617014
2 4 	 # Alloc Shape
0 0 1 1
1 1 0 0

2 4 	 # U Shape
74.41447663069177 73.20529086937675 78.24915681161761 92.4253992152462
57.91915523033466 15.248360259801629 71.34747341035563 35.92904828936799
2 2 	 # V Shape
81.73654216873476 104.89590409178918
62.42087061415819 102.7341626878294
2 4 	 # Alloc Shape
1 1 0 0
0 0 1 1

2 4 	 # U Shape
55.52318039917673 4.355752499253196 16.8388570511378 64.47815844369732
46.61169686737509 6.845121469372362 10.349703671383214 10.135501589644491
2 2 	 # V Shape
58.459070282877626 71.32311792538441
47.942191068597424 12.978001356673765
2 4 	 # Alloc Shape
0 0 1 1
1 1 0 0

2 4 	 # U Shape
28.428838868110084 36.55936798124883 40.07241476215159 16.469569711887
89.88424997688612 56.90461841314848 6.544150293140117 23.41110044159921
2 2 	 # V Shape
52.658087200021505 40.46124711441797
142.79251135024703 25.919283583403228
2 4 	 # Alloc Shape
0 0 1 1
1 1 0 0

2 4 	 # U Shape
14.020273108709237 29.758646648266428 29.97685018610291 67.3340805593304
97.04768554959816 87.48014132298701 62.699930414152604 58.72809753174862
2 2 	 # V Shape
31.62260831098058 95.90816019902152
143.5712139249762 90.55046628440829
2 4 	 # Alloc Shape
0 0 1 1
1 1 0 0

2 4 	 # U Shape
57.668542084958915 92.75918975067347 3.0064065663492845 71.371824113526
83.71528003408643 81.96817132578447 17.0555529858332 19.929506151617392
2 2 	 # V Shape
103.61997305102834 73.9921801083281
131.90499507811847 36.011036762525514
2 4 	 # Alloc Shape
0 0 1 1
1 1 0 0

2 4 	 # U Shape
10.207280552747255 27.94362294331294 26.720030642451707 28.352367188871263
4.159415961835988 32.745358534800985 99.86352054670704 61.320018150843126
2 2 	 # V Shape
34.974512840230595 41.382692859152584
33.5540719933654 102.0088045847511
2 4 	 # Alloc Shape
1 1 0 0
0 0 1 1

2 4 	 # U Shape
66.23787127011417 58.88879168135309 77.68003633850623 6.912971045155391
80.64366681010672 52.752194901975834 36.91220660793954 8.53791750493903
2 2 	 # V Shape
81.40593344512877 81.72960336474402
119.88334254075126 37.3342618668491
2 4 	 # Alloc Shape
0 0 1 1
1 1 0 0

2 4 	 # U Shape
56.29388180553811 71.2993374025938 58.966665815716 81.59466412918337
40.72678347368354 2.710689517137943 92.42077446671342 41.36869488045216
2 2 	 # V Shape
115.07928836513402 129.90732861754265
43.06270002263611 131.14424520535863
2 4 	 # Alloc Shape
1 1 0 0
0 0 1 1

2 4 	 # U Shape
98.04036762605645 15.243236761010115 4.065861218644917 91.67486751122811
58.06857313198546 71.37384363643575 62.00612889148479 43.416265987085744
2 2 	 # V Shape
108.9359891941132 93.12773707310257
90.02473080616002 66.42598651021657
2 4 	 # Alloc Shape
0 0 1 1
1 1 0 0

2 4 	 # U Shape
45.207858878119026 71.96857231980213 69.6575441705424 29.45292732411785
44.53937395886315 34.97560082084312 7.275996343655877 9.63201154722153
2 2 	 # V Shape
102.34444675019931 92.71278062959172
70.39431434059148 13.560317970174161
2 4 	 # Alloc Shape
0 0 1 1
1 1 0 0

2 4 	 # U Shape
38.34973026489866 91.41790750086133 19.01191547084965 23.988814455141426
76.2493091157902 35.4129131123813 3.3485534165805464 12.878171552017093
2 2 	 # V Shape
102.78683408057458 34.46534851574211
95.7306978976724 13.415803166279819
2 4 	 # Alloc Shape
0 0 1 1
1 1 0 0

2 4 	 # U Shape
57.00754267541882 65.64274588300782 98.07413484087175 89.01447877835983
82.70782950717198 44.647936077536 40.855204851477936 71.32450774411426
2 2 	 # V Shape
102.5168545539388 112.36140394924759
110.12264777271412 95.17340161822074
2 4 	 # Alloc Shape
0 0 1 1
1 1 0 0

2 4 	 # U Shape
52.441457890776164 24.668292352101595 77.02866704215906 35.44449203681659
96.33771348537856 41.107578841086564 86.59424132010432 73.82270307283136
2 2 	 # V Shape
63.8141036263189 84.86292230671181
127.63871164758206 86.67983210433616
2 4 	 # Alloc Shape
0 0 1 1
1 1 0 0

2 4 	 # U Shape
16.668748351630235 41.38497249388754 18.540355158404132 62.721981717067685
41.494262696553974 64.28096197016893 71.05638775445685 96.77277882405633
2 2 	 # V Shape
43.99924911530484 77.68783019633473
81.8924285391519 127.34297979641414
2 4 	 # Alloc Shape
1 1 0 0
0 0 1 1

2 4 	 # U Shape
27.858892209340304 90.59497876196141 5.34739004353364 75.95647588383171
4.41100904561681 64.126304090732 33.0698867534102 78.94133500136246
2 2 	 # V Shape
93.33159476904993 76.05888732166252
65.39717196489356 98.7439556778554
2 4 	 # Alloc Shape
1 1 0 0
0 0 1 1

2 4 	 # U Shape
89.05881054045392 15.79564477350176 44.57453575215117 91.07022981638843
32.61985564711319 89.25476326944855 34.38107470603473 2.359174570557343
2 2 	 # V Shape
99.82754892706805 130.62275141100076
111.23902977302268 34.44808408088822
2 4 	 # Alloc Shape
0 0 1 1
1 1 0 0

2 4 	 # U Shape
76.35263718755857 59.52750689188626 60.54984789892074 33.94427528591597
70.72830533901382 13.926864324060329 66.4924727178763 1.9816231647705962
2 2 	 # V Shape
101.0941487279357 85.09688584294437
79.73069925686617 68.35174380882971
2 4 	 # Alloc Shape
1 1 0 0
0 0 1 1

2 4 	 # U Shape
40.128751394191895 21.36981433651418 71.88165490779322 36.61243687345349
75.9037229025937 12.97586343090904 81.86285809917139 8.30873946850711
2 2 	 # V Shape
61.39505555186426 91.67903897457944
76.25551870300201 86.33090190333701
2 4 	 # Alloc Shape
0 0 1 1
1 1 0 0

2 4 	 # U Shape
55.23454472630607 11.56701454448691 2.2298483508962796 20.89155036051552
60.01581987662274 72.09380723063711 32.341062514185126 83.94000292514839
2 2 	 # V Shape
60.69146219121607 22.481641810287968
77.94261621833601 99.92008455779337
2 4 	 # Alloc Shape
1 1 0 0
0 0 1 1

2 4 	 # U Shape
18.1108184103556 56.17170295564452 13.533480198546389 50.11253185089757
56.064049693733764 5.66931363833465 35.70818641733224 59.27867019977432
2 2 	 # V Shape
61.93225170226824 51.82195168049112
57.18491486862118 65.904835483027
2 4 	 # Alloc Shape
1 1 0 0
0 0 1 1

2 4 	 # U Shape
64.44737612176503 19.568835358852223 58.9863732705623 77.13028185861909
36.03752801979293 69.30838190498316 51.60522982143741 27.96561419559508
2 2 	 # V Shape
81.7285087487256 81.562978037671
102.5086505462131 57.242019491259825
2 4 	 # Alloc Shape
0 0 1 1
1 1 0 0

2 4 	 # U Shape
21.224655421603856 0.2520600553144736 52.03936440760539 14.800888953382362
70.45318608425687 24.00865037010943 22.370879799324538 27.394624314968187
2 2 	 # V Shape
21.351765366561164 54.61521787384385
86.04258116701452 39.34272902161895
2 4 	 # Alloc Shape
0 0 1 1
1 1 0 0

2 4 	 # U Shape
21.545929049649214 47.385633687327555 17.633410901775214 20.832887568787218
7.931893485106711 30.792294543605493 8.985118180527374 72.17710369508444
2 2 	 # V Shape
47.441209721523265 35.90044436206626
38.178864887301785 75.87566048239748
2 4 	 # Alloc Shape
1 1 0 0
0 0 1 1

2 4 	 # U Shape
80.44312203854412 81.46944560610132 76.30146195163054 29.589786209064574
2.234679897664149 63.74406090794543 1.8527606784174866 30.926084489983406
2 2 	 # V Shape
133.851381198367 95.78735530753495
64.51542260155642 32.54586712852728
2 4 	 # Alloc Shape
0 0 1 1
1 1 0 0

2 4 	 # U Shape
14.793025852058028 1.2249577172819492 51.475412309117644 95.38817030572889
4.72848126587947 48.0918485381683 14.747831368827757 23.075169095062176
2 2 	 # V Shape
14.958451597846077 110.04750284755119
52.12652396520306 27.795556710025643
2 4 	 # Alloc Shape
0 0 1 1
1 1 0 0

2 4 	 # U Shape
37.471804568429235 71.59735282425869 30.191617261557056 88.4795018585439
44.60491360003888 97.3846006478825 28.322918719737444 63.56286907889375
2 2 	 # V Shape
79.1315081919411 107.85591880117278
136.9385144329553 75.70837574949573
2 4 	 # Alloc Shape
0 0 1 1
1 1 0 0

2 4 	 # U Shape
95.30998217512649 23.074752137967536 36.51752007325172 71.82601800816664
64.3444839196832 31.196822479885768 50.55223864029836 55.21693481069856
2 2 	 # V Shape
106.6840519806603 94.24490920574374
82.72146263447695 59.195919495163544
2 4 	 # Alloc Shape
1 1 0 0
0 0 1 1

2 4 	 # U Shape
62.54436575441058 59.0436278027177 60.91379966963868 47.19366549298319
66.16355161578916 13.222262270921991 59.45003791740946 97.23310049609661
2 2 	 # V Shape
75.28416857074242 93.46548832777064
78.84999622778535 132.2986353058895
2 4 	 # Alloc Shape
1 1 0 0
0 0 1 1

2 4 	 # U Shape
72.23978474530225 83.4187219722538 61.34632419033945 99.46208110403212
23.70215961908766 10.57549573759433 53.96361398368358 37.87153106177302
2 2 	 # V Shape
145.65452861602634 110.17702182934192
28.125788199237242 84.71845361524473
2 4 	 # Alloc Shape
1 1 0 0
0 0 1 1

2 4 	 # U Shape
49.88763831847606 56.08119433210136 81.00708733014851 51.46542000757323
47.507027593904695 56.97912964320938 88.94665004779606 71.02118182456336
2 2 	 # V Shape
91.29543719905038 109.27684819531638
77.67283940633092 124.70064204279059
2 4 	 # Alloc Shape
1 1 0 0
0 0 1 1

2 4 	 # U Shape
16.37855637480857 28.022392722614985 84.74031214272453 66.95305365966647
99.40261214830605 12.849751187062786 54.233418800276326 63.221027423260246
2 2 	 # V Shape
39.20575863489162 125.55971092901389
102.35830444741973 106.82520376356092
2 4 	 # Alloc Shape
0 0 1 1
1 1 0 0

2 4 	 # U Shape
99.35225864792147 2.5137159473392345 90.53651543276352 83.08034415615055
80.10879840717755 45.09862790166957 25.254860963588722 90.12212140482706
2 2 	 # V Shape
100.8309293211771 150.02742155345967
120.83314516764997 100.87687002512406
2 4 	 # Alloc Shape
0 0 1 1
1 1 0 0

2 4 	 # U Shape
88.90991664686065 33.71200683755915 29.19919154101497 70.29380954090291
82.5227596181763 75.5606311361054 14.675474127940348 85.06860152886708
2 2 	 # V Shape
103.10757721108587 95.69680934954636
124.73995420503311 94.43222483577024
2 4 	 # Alloc Shape
0 0 1 1
1 1 0 0

2 4 	 # U Shape
56.463273563809516 56.92018543088248 74.21365277594977 48.7317533758025
34.24045558881074 61.788678063811275 47.6401948502954 84.4836912707415
2 2 	 # V Shape
82.55666737153247 89.59137233649727
77.35754727785024 123.64172198768232
2 4 	 # Alloc Shape
1 1 0 0
0 0 1 1

2 4 	 # U Shape
7.666351186874209 34.36936710106805 74.2166484714181 48.27084512682573
33.42449238876417 99.18550983477932 38.25386524885786 91.97173781464451
2 2 	 # V Shape
41.875035755894665 107.3104333514676
103.25662464166172 120.59397953869403
2 4 	 # Alloc Shape
0 0 1 1
1 1 0 0

2 4 	 # U Shape
53.02286561024335 86.77734819537113 58.22964841517333 69.75121452534707
50.52798128945194 56.333723213015475 55.87575147229937 8.80419493857798
2 2 	 # V Shape
132.07578653235652 124.93970192134071
64.16065052158618 57.22752924769864
2 4 	 # Alloc Shape
0 0 1 1
1 1 0 0

2 4 	 # U Shape
60.8324061924476 66.39347678350612 75.02986628549175 40.40894223817399
87.49518687949501 92.61065539605342 89.18309633626515 3.855914405704308
2 2 	 # V Shape
122.2313853184068 101.60376460820763
166.91826101299748 91.03652826047474
2 4 	 # Alloc Shape
0 0 1 1
1 1 0 0

2 4 	 # U Shape
33.11987762262941 86.04334614459087 63.5857897096475 27.831906579157963
11.802819330705782 69.83821019337124 52.9156519581683 32.511416739452685
2 2 	 # V Shape
92.53098837723638 83.92806686148293
71.89850478858084 81.48178120341785
2 4 	 # Alloc Shape
1 1 0 0
0 0 1 1

2 4 	 # U Shape
59.088032036283735 95.42305470117904 82.34952329720643 21.1562898403854
16.498334138453764 3.7890576660313813 3.08074378128671 30.333140343774765
2 2 	 # V Shape
128.485330072119 83.03801372941136
17.588202100409134 32.461888250543375
2 4 	 # Alloc Shape
1 1 0 0
0 0 1 1

2 4 	 # U Shape
86.86217198487196 30.845805962794458 69.56746803670038 11.075729008725288
72.46355798797023 94.77457082202989 89.33571688850981 49.5567830433073
2 2 	 # V Shape
96.40554381766918 79.24355869378942
95.84252120793207 98.8053127069574
2 4 	 # Alloc Shape
1 1 0 0
0 0 1 1

2 4 	 # U Shape
50.62725507650303 0.005006876000435145 37.82992542294361 53.432836170966205
43.97852428145903 15.636616896594136 77.94569723826389 45.970331360225416
2 2 	 # V Shape
50.62813915394667 76.62168899479988
47.83499573010907 116.4428954863012
2 4 	 # Alloc Shape
1 1 0 0
0 0 1 1

2 4 	 # U Shape
33.32879921225105 94.22543852750512 73.26009139277896 19.99005812218675
39.54463030943156 93.11899254200272 77.21017849358168 50.07636827182726
2 2 	 # V Shape
98.70558797552452 81.2021050450891
110.54865516362594 94.20574753685314
2 4 	 # Alloc Shape
1 1 0 0
0 0 1 1

2 4 	 # U Shape
18.616991195398903 99.26072185764563 76.22416023391553 39.93622223870228
69.94159759757515 92.99925941171246 99.94260743348768 10.345035466135288
2 2 	 # V Shape
113.7923334832473 89.08588350842088
145.9890809247127 109.76050418422604
2 4 	 # Alloc Shape
0 0 1 1
1 1 0 0

2 4 	 # U Shape
23.96463065575941 95.46699205049968 8.594540698620335 27.94489956551939
62.96800967402636 25.32298559565016 30.47075681394884 14.886042143609313
2 2 	 # V Shape
109.15618647531382 32.279820549006985
73.30714650614577 34.1216566063238
2 4 	 # Alloc Shape
1 1 0 0
0 0 1 1

2 4 	 # U Shape
67.58735437396741 55.4898480211395 24.897749382369984 43.878114306453554
54.55209320311235 41.69204111983552 5.064187916670482 68.9667734448075
2 2 	 # V Shape
90.88391466646586 62.23587560317435
89.47183366708337 69.4291646324577
2 4 	 # Alloc Shape
1 1 0 0
0 0 1 1

2 4 	 # U Shape
7.2481266104237 77.00460573938142 1.8024434613187479 98.06903438111479
6.503214324469154 42.39388970557963 13.439601162227854 91.9451880911932
2 2 	 # V Shape
79.21953271208939 98.4199623326194
47.61352777133939 95.80283470414318
2 4 	 # Alloc Shape
1 1 0 0
0 0 1 1

2 4 	 # U Shape
95.92757188223108 22.3892157345155 43.79911701775742 54.314561780375016
73.38271063636623 40.4771863733634 6.939151663820264 66.99778021981211
2 2 	 # V Shape
106.9806719093666 93.38803110128288
105.00181980185941 67.81998042776615
2 4 	 # Alloc Shape
0 0 1 1
1 1 0 0

2 4 	 # U Shape
17.554104784082803 88.60824943743366 82.336530759821 62.59677625543036
48.258620732276505 21.822397793951886 6.216019231851011 97.05817834726798
2 2 	 # V Shape
90.66097861001528 93.07850924435282
57.29832538730852 101.47177814531067
2 4 	 # Alloc Shape
1 1 0 0
0 0 1 1

2 4 	 # U Shape
58.24095923671837 27.704178346699926 15.593294967575776 4.509599953828247
11.82723227777126 29.513725621619358 51.16453785678928 36.58646329961469
2 2 	 # V Shape
62.74370611642465 19.881534651443406
36.16141809429437 53.913664110797484
2 4 	 # Alloc Shape
1 1 0 0
0 0 1 1

2 4 	 # U Shape
42.86343827286675 3.4048264374486714 67.64090460850628 64.92636529642806
71.65460323403681 59.29552531249204 31.739881271067926 15.373399840461966
2 2 	 # V Shape
45.878357514194654 72.82403174628054
122.9268742485638 45.22890375740833
2 4 	 # Alloc Shape
0 0 1 1
1 1 0 0

2 4 	 # U Shape
73.65671135111926 16.174148681275213 33.139710825188665 79.24695384333002
93.67829688225294 35.43047711774736 43.9916183235059 55.443849427833115
2 2 	 # V Shape
83.14706491475874 86.32664487126112
115.68546508521766 59.776827728309044
2 4 	 # Alloc Shape
0 0 1 1
1 1 0 0

2 4 	 # U Shape
18.75441240625284 61.28418995894172 92.95553444877724 78.81385096047798
91.89619207341391 65.31375905463327 6.016258304892352 30.363784142736115
2 2 	 # V Shape
72.00306523749664 140.6024799711311
114.24687911861868 32.96471694731843
2 4 	 # Alloc Shape
0 0 1 1
1 1 0 0

2 4 	 # U Shape
46.782385730702856 66.02029534856689 61.6029562192715 81.52155718983518
89.78371246380715 45.75002190854413 38.26048431163268 28.953964599753146
2 2 	 # V Shape
79.35641993902058 131.07059923534968
111.72524963941339 64.40721059196056
2 4 	 # Alloc Shape
0 0 1 1
1 1 0 0

2 4 	 # U Shape
23.30460534606801 11.057656764936619 1.8149023704990608 73.87009539385309
35.63137651226285 12.616989326264093 76.69380655374219 5.245175935843793
2 2 	 # V Shape
33.00471182965497 74.33089744096898
38.65713759258189 79.1053884624997
2 4 	 # Alloc Shape
0 0 1 1
1 1 0 0

2 4 	 # U Shape
46.71488570003878 46.16781304306237 93.86439708601365 31.11569180701592
58.71583397798541 44.20936616356457 82.12445407640877 54.40597319119701
2 2 	 # V Shape
62.73107913108847 110.39961370275904
70.77776990886287 93.04621989773479
2 4 	 # Alloc Shape
0 0 1 1
1 1 0 0

2 4 	 # U Shape
74.82634481422396 9.46498236145381 75.49421600865779 69.06542414636742
45.9921151195262 67.87813285227885 71.63994657188945 63.89155670483741
2 2 	 # V Shape
83.79311276159203 133.63555586313623
106.90046618765217 112.73371764797785
2 4 	 # Alloc Shape
0 0 1 1
1 1 0 0

2 4 	 # U Shape
67.5708966751991 40.78067210646934 7.575778397538757 15.602826032239747
28.431999366064996 25.216898723851177 20.615368206695685 42.59283631039327
2 2 	 # V Shape
100.99825759922628 20.98389713414269
45.989266372181135 49.909441367116926
2 4 	 # Alloc Shape
1 1 0 0
0 0 1 1

2 4 	 # U Shape
5.916298576039203 28.84841946050671 41.586919414672266 18.892801760509627
44.18466815135316 40.72553680364318 21.87029823727925 26.675417865738304
2 2 	 # V Shape
30.798949833734937 57.94983443177039
84.02552235772033 43.25044660120011
2 4 	 # Alloc Shape
0 0 1 1
1 1 0 0

2 4 	 # U Shape
74.53192656220418 17.71074133213225 92.00293584974996 84.43771846177015
94.17492612113631 95.48998094314834 98.62043347416439 92.96607244062476
2 2 	 # V Shape
87.15802357148382 157.23747161052856
99.21318864674843 120.4097068698242
2 4 	 # Alloc Shape
0 0 1 1
1 1 0 0

2 4 	 # U Shape
31.320674748212962 93.04296062572368 85.73166163418392 69.15841464359247
96.54625097671496 90.22796711719234 24.891295869286832 9.036625526028086
2 2 	 # V Shape
96.83633196714887 133.03808047203066
129.22758464561235 33.304635355380825
2 4 	 # Alloc Shape
0 0 1 1
1 1 0 0

2 4 	 # U Shape
77.21265917992916 51.41372763116044 77.63081837371688 73.25950377922273
66.94330084009809 4.628206165483684 24.215566114262998 57.498768782116905
2 2 	 # V Shape
85.91376628894042 85.02093363927692
70.87414394053039 69.27282655764233
2 4 	 # Alloc Shape
0 0 1 1
1 1 0 0

2 4 	 # U Shape
56.078872964061524 34.77748482441356 9.820663475341473 32.86274984763546
1.4725277191821151 50.356198180322856 40.35619802513193 16.23755378180788
2 2 	 # V Shape
68.01825501215774 34.46749994435753
51.666106667617214 53.87651124775917
2 4 	 # Alloc Shape
1 1 0 0
0 0 1 1

2 4 	 # U Shape
67.26341017083782 94.94724425966585 74.57589740192756 94.20016503053856
44.537760484471676 84.23086734018904 73.5738243275534 20.71470306571026
2 2 	 # V Shape
94.96029699153668 117.07334719543633
120.75294539597513 88.04931288877287
2 4 	 # Alloc Shape
0 0 1 1
1 1 0 0

2 4 	 # U Shape
96.60804688728632 58.74758953067262 81.15105991120764 47.250904539656545
86.48707422894407 38.685289310993475 28.824351546052952 58.49347348770178
2 2 	 # V Shape
128.6549996427604 87.25227054126537
121.17252027213492 82.41344040713768
2 4 	 # Alloc Shape
0 0 1 1
1 1 0 0

2 4 	 # U Shape
29.322581208022346 70.38448723164579 78.8090254290294 85.21060789254108
15.862762329689362 21.931818808350044 86.87618410117528 9.22812236806736
2 2 	 # V Shape
78.79537858301443 153.37260439437873
26.695286862924814 88.74663389963354
2 4 	 # Alloc Shape
1 1 0 0
0 0 1 1

2 4 	 # U Shape
85.35540266010365 17.28779052069718 7.140036346639245 2.7374918728419684
80.05587279936357 17.515425654428228 1.8712589945427904 74.60232332031359
2 2 	 # V Shape
99.2483212286877 7.404177001984097
83.67545000340637 74.73177781109263
2 4 	 # Alloc Shape
1 1 0 0
0 0 1 1

2 4 	 # U Shape
38.41728428250262 95.82271052169031 61.11720898347953 83.99109190006583
0.7087082540588763 18.955212550643054 41.92939533483826 58.36557656216029
2 2 	 # V Shape
129.22111883222664 123.60802938029168
19.051395482980897 97.05285276280308
2 4 	 # Alloc Shape
1 1 0 0
0 0 1 1

2 4 	 # U Shape
54.92042441873951 30.319037125190974 4.159615915788262 12.792389909852876
6.912346283256032 25.957140641706467 80.26011358065503 36.32175818846086
2 2 	 # V Shape
81.80237741788677 15.825691468222157
31.69849581815029 103.92443952721311
2 4 	 # Alloc Shape
1 1 0 0
0 0 1 1

2 4 	 # U Shape
68.45440219713191 97.2480520006749 42.65229949056648 24.32023681999772
38.06014602804463 78.37838040594498 4.924454245287246 44.65590376707096
2 2 	 # V Shape
159.67342577048865 56.918926366624746
100.46372229922753 48.313085630946034
2 4 	 # Alloc Shape
1 1 0 0
0 0 1 1

2 4 	 # U Shape
9.474927369627695 70.95917423164565 82.89821220527345 3.691529907330915
49.02207556264925 70.0136899171649 33.69308265759901 76.3133885608469
2 2 	 # V Shape
73.09037528073469 83.53610855222506
107.68748345352108 99.42917384674726
2 4 	 # Alloc Shape
0 0 1 1
1 1 0 0

2 4 	 # U Shape
89.63011499491273 21.54939700741718 88.97606058160517 27.911256770139502
60.914037507295845 61.64597355331731 78.27575149451341 69.76059239317355
2 2 	 # V Shape
92.66934208579625 102.77969355977812
87.3502761256488 85.2162515352936
2 4 	 # Alloc Shape
1 1 0 0
0 0 1 1

2 4 	 # U Shape
33.69643086412676 75.18850747889331 12.519572711897597 77.73139666418413
67.44943322218 19.42803271071788 70.9787013246506 4.7502780289509605
2 2 	 # V Shape
76.03004191561095 87.5323246603815
79.33760980688467 74.56650013137391
2 4 	 # Alloc Shape
0 0 1 1
1 1 0 0

2 4 	 # U Shape
53.18970909654445 64.10460462679791 4.484749391892251 90.22864504832941
32.29934231226975 85.99004393564555 85.89178081223147 46.41780850134786
2 2 	 # V Shape
68.39316482840033 92.80628180222794
109.45529795374212 101.73723328471463
2 4 	 # Alloc Shape
1 1 0 0
0 0 1 1

2 4 	 # U Shape
65.70433006073027 94.32008534685131 99.04649015339379 2.9773965117692813
40.792941603470965 53.18592178499873 54.83843761214723 62.31255159212586
2 2 	 # V Shape
148.87194562195464 100.46755352510671
85.49836101499515 74.4626666983736
2 4 	 # Alloc Shape
1 1 0 0
0 0 1 1

2 4 	 # U Shape
22.42500962022116 97.09367213479577 36.081947534680396 45.260487614933
82.91761586115844 87.24262573845996 51.992719460259586 64.64993562427867
2 2 	 # V Shape
106.46964948180026 79.44700622835667
113.66821919252496 99.14977199745616
2 4 	 # Alloc Shape
1 1 0 0
0 0 1 1

2 4 	 # U Shape
13.925158481408339 14.161242241952987 36.23819509790229 90.34839884155764
24.305031772630837 32.71464974098125 79.30626447434521 23.25576995422659
2 2 	 # V Shape
21.45480568427857 123.45939181432612
47.15358007356724 87.89211858684315
2 4 	 # Alloc Shape
0 0 1 1
1 1 0 0

2 4 	 # U Shape
43.95901602097164 46.164822454988865 54.57592585224281 86.86695690075587
92.31731884501208 48.72941055254465 49.93158677170075 5.674701818976402
2 2 	 # V Shape
83.92705360216482 129.50464488475066
132.6297864739897 51.3935590316052
2 4 	 # Alloc Shape
0 0 1 1
1 1 0 0

2 4 	 # U Shape
88.94080292364949 46.11345941518417 39.07829024042763 18.76541240356423
1.0388701141530454 53.932825006095165 21.981168801192208 28.977101628212353
2 2 	 # V Shape
130.34318100066187 48.68738098238778
54.704523800583566 39.52600761810859
2 4 	 # Alloc Shape
1 1 0 0
0 0 1 1

2 4 	 # U Shape
24.064949473588438 68.25936011764378 76.14207762309655 42.4357855475904
31.60736299206086 44.520088159792 18.91824233145537 73.82662553579324
2 2 	 # V Shape
72.0869196089465 93.17827045307492
51.92126179035549 91.40988056259557
2 4 	 # Alloc Shape
1 1 0 0
0 0 1 1

2 4 	 # U Shape
64.57256925908008 94.73636958052836 25.419097743476836 84.4261784038729
63.818240614727564 87.14290545267957 97.62270350775096 99.40969256570185
2 2 	 # V Shape
154.5406848469904 107.20117484432625
123.68859111435665 187.77771556024334
2 4 	 # Alloc Shape
1 1 0 0
0 0 1 1

2 4 	 # U Shape
49.723260450880666 49.69478813220708 4.776543045344139 82.54450167654957
84.26381976577309 64.44288057219289 56.69036933687781 68.74995408841939
2 2 	 # V Shape
68.20814559735331 86.96057256796234
138.5291141241654 100.443512811027
2 4 	 # Alloc Shape
0 0 1 1
1 1 0 0

2 4 	 # U Shape
63.948987012013646 68.98887104327291 28.2244384442913 67.22710644538114
39.41750715038774 71.85446510771446 57.10435810422892 22.39149362283801
2 2 	 # V Shape
132.18792020751152 67.53854402310203
85.14127649252322 74.76468879881556
2 4 	 # Alloc Shape
1 1 0 0
0 0 1 1

2 4 	 # U Shape
67.46908175500732 41.94878766637697 99.96549778935385 42.32805303743517
79.17034462941717 45.003477628163566 83.6635382041477 79.10300426680253
2 2 	 # V Shape
69.11329000272505 126.63297110666217
92.5889186350641 146.94047596855452
2 4 	 # Alloc Shape
0 0 1 1
1 1 0 0

2 4 	 # U Shape
50.86442115328299 96.03687715047865 3.493244682631047 77.91195697053635
14.54628954845213 35.25331768797793 58.12890328049656 14.806770902417554
2 2 	 # V Shape
109.77766982539288 80.296324312328
49.25823990973211 65.5325598358246
2 4 	 # Alloc Shape
1 1 0 0
0 0 1 1

2 4 	 # U Shape
96.24326385086087 5.491256517782506 32.985875671525356 81.27167708373027
34.49521837759897 62.84939024546825 55.57371139781697 53.885134841704726
2 2 	 # V Shape
96.8016480372799 98.06816213281267
69.6950183110304 63.770041943760354
2 4 	 # Alloc Shape
0 0 1 1
1 1 0 0

2 4 	 # U Shape
44.95043861796422 18.7273461753822 82.9413208743058 76.26467205590681
84.61388286897942 95.75864175457203 65.53681679146777 33.162447405310544
2 2 	 # V Shape
50.286385442561084 138.9490716957432
116.47137457988845 78.4104283300711
2 4 	 # Alloc Shape
0 0 1 1
1 1 0 0

