2 4 	 # U Shape
91.8747008099885 90.07148541170122 3.342142762634459 95.69493362751167
13.720932135607644 28.382835295794585 60.60831843588289 94.42251360530422
2 2 	 # V Shape
105.13902937062561 99.02952570919312
34.95206048460021 121.57275937569713
2 4 	 # Alloc Shape
1 1 0 0
0 0 1 1

2 4 	 # U Shape
2.0809797952066167 13.521017836911685 11.627301740168983 30.989758449002924
67.14526452120026 47.12297782500141 81.61682980460269 28.958678353055355
2 2 	 # V Shape
14.076377285365236 34.44745805523095
98.83219318009307 100.88455800063105
2 4 	 # Alloc Shape
0 0 1 1
1 1 0 0

2 4 	 # U Shape
42.17244345792264 60.82580566453309 78.94264757270973 92.6741035115452
26.857577981499503 30.423439606465596 73.75632183555695 92.89164950188164
2 2 	 # V Shape
102.13066276193186 97.71444957616788
41.952032587504156 155.41330796639105
2 4 	 # Alloc Shape
1 1 0 0
0 0 1 1

2 4 	 # U Shape
41.02212119714822 4.858846643868464 57.132489087817554 26.408711905480708
69.35274547123701 90.98386663323498 57.33931548352338 63.653014232632565
2 2 	 # V Shape
43.05910627915796 75.254631847661
123.83365875087188 83.9660739177062
2 4 	 # Alloc Shape
0 0 1 1
1 1 0 0

2 4 	 # U Shape
76.15399142613265 37.39910542603765 54.331459873282206 95.44911136124836
12.939582494933521 1.7975962627419517 56.27371589961477 34.93463132204641
2 2 	 # V Shape
89.46400255607522 134.47071789194305
13.97273951205352 77.95238537653125
2 4 	 # Alloc Shape
1 1 0 0
0 0 1 1

2 4 	 # U Shape
94.65558223628031 85.71905588319436 68.89276660324576 0.32879687523396095
90.01034996569824 91.98648709623234 0.590935586848429 64.29261484358456
2 2 	 # V Shape
147.35420226286323 69.02568540519223
127.01788023446105 64.52921411345183
2 4 	 # Alloc Shape
0 0 1 1
1 1 0 0

2 4 	 # U Shape
21.06076388528839 37.74407823606447 40.284721017267344 88.51776944327949
20.215434337007252 41.90148274837505 64.79591733392613 51.1642952793331
2 2 	 # V Shape
51.77407496669085 97.44190535816901
59.379037015607025 106.151466053347
2 4 	 # Alloc Shape
0 0 1 1
1 1 0 0

2 4 	 # U Shape
15.443210397949281 7.631773207340675 92.23506025234009 17.17782439777954
50.90689484736022 19.514725407753996 53.956154998721864 80.04681194925611
2 2 	 # V Shape
21.65678342763896 104.0299744352999
68.8216117731315 100.92223663841165
2 4 	 # Alloc Shape
0 0 1 1
1 1 0 0

2 4 	 # U Shape
91.27839941708244 16.989826093188555 31.680790068904507 24.17802357140627
49.09549698249829 54.39434095685136 40.545438708501024 74.24103131767936
2 2 	 # V Shape
97.3313135219764 39.91719456508148
96.16362694957039 84.51590273585069
2 4 	 # Alloc Shape
1 1 0 0
0 0 1 1

2 4 	 # U Shape
34.34450006512751 61.36534543751032 61.839271273933996 1.3353422191246023
57.443279482706885 77.76794520796216 94.98820771377503 70.29821731000114
2 2 	 # V Shape
91.71881768267083 62.845316128022304
111.146012968093 120.85573400611054
2 4 	 # Alloc Shape
1 1 0 0
0 0 1 1

2 4 	 # U Shape
0.9081175501778449 64.96046671099162 98.95822492575643 1.1819958309691847
38.21432659166004 24.910193594225273 19.887622483848478 93.56657324354366
2 2 	 # V Shape
65.8218344883048 99.23659628811907
59.14827734875553 107.4899363645126
2 4 	 # Alloc Shape
1 1 0 0
0 0 1 1

2 4 	 # U Shape
63.89130692621574 82.67999751606756 52.13052583204294 42.44851388775528
53.10030378042821 94.59781226700603 99.92736621442428 67.09235888482614
2 2 	 # V Shape
96.12425312889903 52.912106772337644
140.1813213594552 165.2560669269936
2 4 	 # Alloc Shape
1 1 0 0
0 0 1 1

2 4 	 # U Shape
84.47775859269386 57.821717247627056 21.269609469043505 60.339139516590976
77.55706288794248 77.67218862381011 77.43069953206283 19.373792607433792
2 2 	 # V Shape
100.65042702868784 63.371632838441705
129.51303367403605 87.4192504677372
2 4 	 # Alloc Shape
1 1 0 0
0 0 1 1

2 4 	 # U Shape
64.54853695442804 12.819310250608618 54.765250294230746 29.152344665594654
82.58451161973028 9.735237194458534 89.75119113585548 34.19891459847828
2 2 	 # V Shape
75.67460470016329 70.57797913453929
91.49772672450811 98.63515968844442
2 4 	 # Alloc Shape
1 1 0 0
0 0 1 1

2 4 	 # U Shape
84.22327720569244 41.54121688300787 13.894023695206915 61.99329823170243
99.71593259304164 31.350395683565758 56.92835573906858 51.74725101399057
2 2 	 # V Shape
111.27350641628769 70.69361613749115
108.96549752371982 83.35525501721364
2 4 	 # Alloc Shape
1 1 0 0
0 0 1 1

2 4 	 # U Shape
50.93625718579561 73.26303967816976 14.442982816442562 43.33835470523031
27.238950248816074 74.2779055019088 89.98904732638017 8.117513536809785
2 2 	 # V Shape
87.54467030455508 50.0095384549537
75.47252504443505 98.08186004919291
2 4 	 # Alloc Shape
1 1 0 0
0 0 1 1

2 4 	 # U Shape
60.86805065416605 3.948342177566533 90.54359547749587 88.90563808994844
17.868128271276497 38.79035282574149 90.763459414889 45.213155017341855
2 2 	 # V Shape
63.105603264488316 116.3607019629209
53.7834610587692 96.92366923404603
2 4 	 # Alloc Shape
0 0 1 1
1 1 0 0

2 4 	 # U Shape
51.26233448800741 14.348025691993172 64.16555013357215 53.91055037985244
82.9914175769991 26.912490795327514 17.10557216327111 52.64327644174463
2 2 	 # V Shape
62.140212561757465 93.48134662997535
106.76908731413141 59.48881304457571
2 4 	 # Alloc Shape
0 0 1 1
1 1 0 0

2 4 	 # U Shape
77.67162119208655 67.20973260820745 16.378754066337052 42.75583551925739
15.439266066361501 56.670159730435024 50.91030896834741 45.37785160900535
2 2 	 # V Shape
78.27575119980888 44.39131058123402
69.77152290197067 68.71318586197664
2 4 	 # Alloc Shape
1 1 0 0
0 0 1 1

2 4 	 # U Shape
2.676703691902571 89.02708182425278 16.429847990240674 33.397227460555825
37.73011594614126 81.82809341277971 19.805308691961933 17.602604697827584
2 2 	 # V Shape
89.04732826913875 49.09268187586845
107.82984485634904 30.162970486136885
2 4 	 # Alloc Shape
0 0 1 1
1 1 0 0

2 4 	 # U Shape
36.04378901528516 0.4862687774620622 24.72208979412813 82.99071951997287
41.116032229476154 8.99145839845562 97.47374998493828 65.23622640319752
2 2 	 # V Shape
36.21098981796671 84.7826687808794
41.7182565664643 105.41583071541713
2 4 	 # Alloc Shape
1 1 0 0
0 0 1 1

2 4 	 # U Shape
59.77516640696615 64.21631853185382 97.85298456822153 62.15381952322243
39.34004315978301 93.48383717071745 73.18207463001706 43.0569631782998
2 2 	 # V Shape
96.52377221797599 97.92816527672412
94.91588617671334 115.95832350480096
2 4 	 # Alloc Shape
0 0 1 1
1 1 0 0

2 4 	 # U Shape
17.663557943678963 20.838185059400693 21.628822450505748 56.1426824327601
10.308732733400872 31.132597690349694 80.68815704328802 48.60350654137224
2 2 	 # V Shape
21.62007457902227 62.31647821496409
40.25329707265262 107.52400989541596
2 4 	 # Alloc Shape
1 1 0 0
0 0 1 1

2 4 	 # U Shape
78.14761004527917 17.52325413706958 58.95883211368814 9.979331795149015
32.2677669468899 73.8462677787882 28.385943782335787 85.26685503152203
2 2 	 # V Shape
81.04011773704251 63.82077751348963
75.03449318681356 101.96846570327918
2 4 	 # Alloc Shape
1 1 0 0
0 0 1 1

2 4 	 # U Shape
64.15914441552061 81.9849483277934 41.079386760870364 5.569422850858851
72.18711990956557 74.84580251658825 8.25851050449934 96.52014170089565
2 2 	 # V Shape
101.32543223430048 45.11677238887503
145.51284218332364 102.93641845961567
2 4 	 # Alloc Shape
1 1 0 0
0 0 1 1

2 4 	 # U Shape
13.95279097351727 25.14642165268828 7.7535497260021184 21.200504098311878
42.93513442057463 54.08107995079271 53.36664306142204 28.57745759417336
2 2 	 # V Shape
27.516367001804802 26.02958312607573
77.9709919096491 60.27030315152231
2 4 	 # Alloc Shape
0 0 1 1
1 1 0 0

2 4 	 # U Shape
46.45693916825089 89.99122081055371 97.03503236319627 41.118983498084475
90.55898273960102 71.25822058460683 64.19970204997965 52.581109400395164
2 2 	 # V Shape
92.58285862893479 123.24704594823211
151.84885271377445 113.61099581753994
2 4 	 # Alloc Shape
0 0 1 1
1 1 0 0

2 4 	 # U Shape
34.484759781777555 0.8116182850531062 12.964919659576701 59.63193535446456
20.855665374026632 33.45373731967132 90.8137535680587 37.911492130067735
2 2 	 # V Shape
34.592890548915065 72.3551236137504
35.81507884620984 115.4741144812636
2 4 	 # Alloc Shape
1 1 0 0
0 0 1 1

2 4 	 # U Shape
6.813566238945801 66.0741488288538 38.53324071041344 38.131929935927836
44.82858349968737 36.5496748256473 61.780610587140515 36.18158482893239
2 2 	 # V Shape
67.96959073197118 64.87613677896643
66.70209003968009 93.42204046730248
2 4 	 # Alloc Shape
1 1 0 0
0 0 1 1

2 4 	 # U Shape
53.91198604805868 30.964211874462265 67.16385405659146 28.185478830697498
67.93215258910709 87.99469374533007 34.65884506699521 25.715504658543065
2 2 	 # V Shape
61.79009382764101 91.48733158551174
120.3880107342762 36.586438783985514
2 4 	 # Alloc Shape
0 0 1 1
1 1 0 0

2 4 	 # U Shape
2.6795289090797647 89.41195259921251 16.855881828088705 88.0234115794199
39.56526453280295 5.240424705203539 88.25898062615798 63.26534186157397
2 2 	 # V Shape
91.31497211717159 90.25712566145504
43.44799648810067 130.69091430978128
2 4 	 # Alloc Shape
1 1 0 0
0 0 1 1

2 4 	 # U Shape
54.11778375385803 66.23366013516545 7.865776685364256 90.45176214579898
8.088101666623482 68.97407989041365 61.7731641758984 25.662017410000338
2 2 	 # V Shape
66.24762631675495 91.55857804348008
73.21417133467946 61.80620886174883
2 4 	 # Alloc Shape
0 0 1 1
1 1 0 0

2 4 	 # U Shape
91.7301872691846 91.1755587503654 4.332567078047267 43.0003881077607
30.693718503191935 14.320995763107069 89.28872388316744 69.20367410348861
2 2 	 # V Shape
136.6290833212558 45.661872470536345
43.99581657189823 133.59646349463733
2 4 	 # Alloc Shape
1 1 0 0
0 0 1 1

2 4 	 # U Shape
14.788345533547487 49.377663648735826 94.77711632499198 45.07249141636838
72.84366401949913 47.766425577190994 5.675039086349254 48.04062516102159
2 2 	 # V Shape
60.260370242414275 96.05368328866692
82.98270854487664 48.69753007323509
2 4 	 # Alloc Shape
0 0 1 1
1 1 0 0

2 4 	 # U Shape
29.650336090670237 41.94839022482725 4.7162663136521505 72.5914902791483
34.321610895148694 43.903783553670586 39.78152657892032 86.24483471260454
2 2 	 # V Shape
63.3673687889497 74.42426824808771
70.70442721486997 113.83671956479736
2 4 	 # Alloc Shape
1 1 0 0
0 0 1 1

2 4 	 # U Shape
3.21195255465363 82.4251667347267 68.69991113507257 76.5068419761585
61.79775381588708 5.680785679749112 67.68572042987306 15.076377028518218
2 2 	 # V Shape
82.537476979139 79.781186676368
62.00573782921833 76.21240167053784
2 4 	 # Alloc Shape
0 0 1 1
1 1 0 0

2 4 	 # U Shape
46.43492489816964 27.515277735597977 4.503957173995676 74.25763031336747
90.42563666088773 26.173691521980057 40.5643340146511 32.05370745445324
2 2 	 # V Shape
68.2041876123181 77.41544557412836
115.88475765121169 67.67723617254522
2 4 	 # Alloc Shape
0 0 1 1
1 1 0 0

2 4 	 # U Shape
87.92513420115024 57.11712559175655 77.64027967050902 73.72280104206725
33.99025483756666 53.96785489692638 55.64478653910094 36.58280660766086
2 2 	 # V Shape
92.24545209239807 122.21741870186024
72.11319771131457 64.49779764889513
2 4 	 # Alloc Shape
0 0 1 1
1 1 0 0

2 4 	 # U Shape
85.26079606804284 39.801623083016494 35.55444403243837 71.40348976245726
20.869798146121866 36.56198051278214 24.064205784705795 18.886996887222274
2 2 	 # V Shape
101.00264733029682 77.76700969985073
49.94803644139825 36.30736630221369
2 4 	 # Alloc Shape
0 0 1 1
1 1 0 0

2 4 	 # U Shape
88.76227948715311 91.03200846031345 8.07215111398426 85.34866512989454
92.99121700643074 96.10129098036624 5.041663201766877 94.70568399755456
2 2 	 # V Shape
166.7052854713812 85.7792409212091
116.50181778548885 99.40790157123372
2 4 	 # Alloc Shape
1 1 0 0
0 0 1 1

2 4 	 # U Shape
36.2569087725329 18.589540943159466 2.6615067011762195 12.975262059293458
34.31797746464612 72.75260195401277 46.26912376998261 70.10798181739247
2 2 	 # V Shape
44.056921925388956 14.729323328515397
90.34979622737066 93.38403179147681
2 4 	 # Alloc Shape
1 1 0 0
0 0 1 1

2 4 	 # U Shape
95.1528151771571 0.4698225902617592 66.09263771009867 38.4294759639799
90.39131912217162 60.859191407840065 36.514931180397205 11.796143014557947
2 2 	 # V Shape
95.5991739612839 76.95400948546855
93.50144358883007 43.592047998389084
2 4 	 # Alloc Shape
0 0 1 1
1 1 0 0

2 4 	 # U Shape
54.06003076176303 27.325464766142858 86.73397468373982 44.136987864371015
45.96741546666561 81.48909518355534 80.59571063393413 41.03176510477784
2 2 	 # V Shape
74.11691054808695 98.35506639824091
103.12655173214829 92.75579076950628
2 4 	 # Alloc Shape
0 0 1 1
1 1 0 0

2 4 	 # U Shape
87.45119830718312 25.73350662910133 78.13383081754921 57.344064106196335
28.22325197365869 71.98777821352647 8.775730864309184 25.60757064367235
2 2 	 # V Shape
107.26800367286188 122.29233266476112
92.48283363862501 31.946406539865166
2 4 	 # Alloc Shape
0 0 1 1
1 1 0 0

2 4 	 # U Shape
49.33538910702978 82.9855110194725 13.55070170053998 51.89437209436469
3.89839930794037 25.359323607297156 23.961022845000212 36.82542307382227
2 2 	 # V Shape
116.0300813808259 61.17695993489437
25.368241989895257 46.97202119679653
2 4 	 # Alloc Shape
1 1 0 0
0 0 1 1

2 4 	 # U Shape
34.777630231259735 22.770357186381585 97.99355864697338 63.005568761685694
4.929483061672546 68.2365825351229 36.240570976255185 15.524051027907094
2 2 	 # V Shape
39.75638170989383 126.21753029248372
72.32314843711032 41.9335772305365
2 4 	 # Alloc Shape
0 0 1 1
1 1 0 0

2 4 	 # U Shape
2.6274309211487323 50.41542067879833 74.52702254298939 62.396522275801736
6.988266545960576 6.450928629241515 43.94048400212043 2.8852647579254542
2 2 	 # V Shape
51.45777821851677 100.3132633692579
7.847382531062696 45.05869917215194
2 4 	 # Alloc Shape
1 1 0 0
0 0 1 1

2 4 	 # U Shape
42.07503772712445 54.80955453780033 5.633222746734656 99.41618172327154
10.778562327230556 98.69716197036693 37.17568417452796 99.65727401737341
2 2 	 # V Shape
85.08747053061423 104.79094168236745
99.29595469084839 116.39146614101305
2 4 	 # Alloc Shape
1 1 0 0
0 0 1 1

2 4 	 # U Shape
83.15887504444282 79.17656528294175 46.679453676388974 27.678367280986617
90.87988878978008 94.598033304089 53.938152682605214 31.477840672250334
2 2 	 # V Shape
91.07890280551496 68.33626158472688
131.02191659221236 65.04379328216552
2 4 	 # Alloc Shape
0 0 1 1
1 1 0 0

2 4 	 # U Shape
36.01643276756796 62.227039534881065 98.0178098408297 79.91859855194042
92.75831295036156 37.418154272211765 58.50570891395831 13.180068374738108
2 2 	 # V Shape
98.22745873533255 121.39459328808366
122.95570520297942 59.77569782078892
2 4 	 # Alloc Shape
0 0 1 1
1 1 0 0

2 4 	 # U Shape
81.97227056661423 8.220855473259759 8.920665727465128 19.60801545827011
91.14300214533641 22.266932513983384 9.04839172597508 56.102411304278775
2 2 	 # V Shape
86.49768204341099 23.83774616479122
97.3236072803793 61.37990863109016
2 4 	 # Alloc Shape
1 1 0 0
0 0 1 1

2 4 	 # U Shape
82.04928776039269 47.50665053857263 96.61716573495946 57.66267401682874
32.06552090005459 67.94122301877373 84.36167592491796 75.53302902041658
2 2 	 # V Shape
124.74899266129458 135.32386448029226
71.65356530558897 93.27196530666546
2 4 	 # Alloc Shape
1 1 0 0
0 0 1 1

2 4 	 # U Shape
52.43596496863906 82.65581207898755 86.46740679635961 30.970317918223156
48.78566844756782 43.62175643948335 93.45334577950428 0.3698001472122403
2 2 	 # V Shape
82.92968723719866 112.64888330677506
72.0094912592883 93.77679237792256
2 4 	 # Alloc Shape
1 1 0 0
0 0 1 1

2 4 	 # U Shape
49.971487223044754 12.341507855967793 83.53544885984954 18.340709904411746
66.08235740598259 78.6282655964066 85.60403727205772 81.38273327698697
2 2 	 # V Shape
54.32680514359993 90.86404069314419
131.93927702450432 112.70687411606282
2 4 	 # Alloc Shape
0 0 1 1
1 1 0 0

2 4 	 # U Shape
1.8561911378813467 51.4940070920228 50.79306784462013 90.71014344413095
56.505504467762435 4.626157806090969 95.79576641816918 52.89082042293397
2 2 	 # V Shape
52.38498580699388 101.14634706896348
60.2618886091148 121.28308957047255
2 4 	 # Alloc Shape
0 0 1 1
1 1 0 0

2 4 	 # U Shape
21.181885271568667 43.922673603872866 52.317464459864915 87.24468740836254
82.91471129307062 2.728095661278618 17.029687460068665 8.636871880414853
2 2 	 # V Shape
47.892072506801775 94.41458777416823
84.91077610646789 24.830662788380895
2 4 	 # Alloc Shape
0 0 1 1
1 1 0 0

2 4 	 # U Shape
31.700592467013024 82.94713379770464 28.642710837222808 15.214236625670852
20.76880521341524 75.43596528167207 17.56374429014038 76.04544487008349
2 2 	 # V Shape
97.76790196567578 36.9923962294686
94.99450999239265 78.22250246601106
2 4 	 # Alloc Shape
1 1 0 0
0 0 1 1

2 4 	 # U Shape
23.264041347426247 18.781281403429972 39.56488957155357 75.69810384841844
53.862272842660396 17.073425668522024 21.554587674060897 54.93706820534483
2 2 	 # V Shape
23.454929512318728 87.14788908919536
68.96811904967309 71.69710413338004
2 4 	 # Alloc Shape
0 0 1 1
1 1 0 0

2 4 	 # U Shape
23.15098931511359 30.30713331897591 43.85791734903594 18.75582239919522
53.410390490947876 64.61880771895122 70.33838216132862 12.555868669405001
2 2 	 # V Shape
50.67812262220296 49.00154548926247
107.58086189757825 72.30874797503398
2 4 	 # Alloc Shape
0 0 1 1
1 1 0 0

2 4 	 # U Shape
65.97141735392799 73.77905002724438 81.86539004177294 97.70660305209766
90.72944906316613 9.4417320293398 20.021831725609363 92.05258641339387
2 2 	 # V Shape
138.50508601514403 126.37046073495691
93.88285635517188 99.90971755934063
2 4 	 # Alloc Shape
0 0 1 1
1 1 0 0

2 4 	 # U Shape
95.67423243113147 24.159965098586532 45.09768516167685 55.44866817922474
53.9194900687862 17.220478843375975 18.083411501761816 12.846714348307387
2 2 	 # V Shape
96.35926677199556 64.7078558222535
68.07934564401381 23.626980076940278
2 4 	 # Alloc Shape
0 0 1 1
1 1 0 0

2 4 	 # U Shape
52.61812292947291 41.0586987991322 3.361718213342424 26.302484930774327
22.01920636558978 35.84988404680938 55.43474221203846 49.58188085561432
2 2 	 # V Shape
82.11117799090366 28.19963615874325
50.21390436611396 68.35263931132869
2 4 	 # Alloc Shape
1 1 0 0
0 0 1 1

2 4 	 # U Shape
7.447290335622025 50.896701587681626 84.0428426064464 48.495069142735304
14.702289867824515 82.5983709323613 7.8264143241744915 58.35626676530996
2 2 	 # V Shape
58.14561627217047 85.9292418528415
90.23867132618746 63.522236024333544
2 4 	 # Alloc Shape
0 0 1 1
1 1 0 0

2 4 	 # U Shape
67.29184942390526 26.90454633263132 21.60900053969944 19.79990778228684
29.948814521196354 38.636408888823716 44.25942439782734 54.714892999050946
2 2 	 # V Shape
93.70005428355238 24.890781290213376
64.60399222450695 96.62136570588171
2 4 	 # Alloc Shape
1 1 0 0
0 0 1 1

2 4 	 # U Shape
39.33006635869696 47.33134938917088 41.92353347228629 60.932171299203034
86.10026198650797 62.352525608528985 53.340315661916115 91.2037880342899
2 2 	 # V Shape
54.93350940580511 92.60290165823835
134.71610654464132 117.72988287728572
2 4 	 # Alloc Shape
0 0 1 1
1 1 0 0

2 4 	 # U Shape
53.456971717168145 30.561369221566192 93.56901692502218 56.08037723188164
87.71448987913365 87.33963137026633 44.235486817069436 66.39508265634635
2 2 	 # V Shape
63.95464807390376 96.71054430136257
124.19669450916479 99.93069129192365
2 4 	 # Alloc Shape
0 0 1 1
1 1 0 0

2 4 	 # U Shape
69.72472218986945 78.21042351483646 19.572143047731196 74.90435164487307
31.21361851188945 38.776518817220484 7.847536386905185 35.62776063377289
2 2 	 # V Shape
96.40665543625752 76.20417480774412
58.98099378229709 41.774534324212134
2 4 	 # Alloc Shape
0 0 1 1
1 1 0 0

2 4 	 # U Shape
87.01357193637122 88.60147659582526 62.65513385375802 64.36788285913693
85.21208519137448 62.61314986875989 84.6678748067566 99.21596125052959
2 2 	 # V Shape
144.8330750674888 106.66924104342533
127.16821287977183 163.18359262029227
2 4 	 # Alloc Shape
1 1 0 0
0 0 1 1

2 4 	 # U Shape
92.57335713813187 59.643718679063504 45.15024199414117 27.778681300890582
15.01998294036846 21.784779343027473 51.35685432856023 51.20503889452015
2 2 	 # V Shape
141.30081147676435 62.174103241255736
24.301732188404863 59.78866911091184
2 4 	 # Alloc Shape
1 1 0 0
0 0 1 1

2 4 	 # U Shape
75.87358015739483 8.626977251940282 71.2950544692579 93.01261253882356
76.14587586514557 98.86614074982673 98.76971377964719 89.70372924482004
2 2 	 # V Shape
81.78339000441217 157.3356097968779
104.62339375965728 182.3103996703506
2 4 	 # Alloc Shape
0 0 1 1
1 1 0 0

2 4 	 # U Shape
32.84515104903939 38.70161291792894 47.34763663326971 86.04029124886623
5.720363896266689 50.85777903984293 69.51465712693383 87.39045971283568
2 2 	 # V Shape
59.5313841179202 125.42847353433837
52.25069805789574 91.7092830317311
2 4 	 # Alloc Shape
1 1 0 0
0 0 1 1

2 4 	 # U Shape
81.29603807981682 71.98719782227973 42.75203761531387 31.887932044027668
33.53055134809602 37.00772274583174 74.67166575101636 30.139536815115374
2 2 	 # V Shape
102.29899963045862 55.061548049586605
43.84065132487066 80.43109302203933
2 4 	 # Alloc Shape
1 1 0 0
0 0 1 1

2 4 	 # U Shape
14.31345444378106 47.6694298464677 13.918483753852772 4.570622220348641
49.48897306694644 64.16701114102102 40.498165795461475 19.440977503341127
2 2 	 # V Shape
59.712810116023064 17.054883459563115
70.77175968311288 55.39917022615016
2 4 	 # Alloc Shape
1 1 0 0
0 0 1 1

2 4 	 # U Shape
76.86581739570853 40.3035167563831 73.5262119290299 15.464947862427925
64.08817054001226 15.073002005351533 77.7394526496461 73.58647000892965
2 2 	 # V Shape
105.37904221733126 78.63674545412681
66.26157864176523 146.52236331758158
2 4 	 # Alloc Shape
1 1 0 0
0 0 1 1

2 4 	 # U Shape
48.448811395792 66.16035426657484 27.183116674818653 41.55397559373581
9.781357888467557 14.705543815918464 94.69831571941339 71.51380100768708
2 2 	 # V Shape
83.99752608252116 67.6666368190509
21.595703872651917 126.51950213531867
2 4 	 # Alloc Shape
1 1 0 0
0 0 1 1

2 4 	 # U Shape
93.53041480688623 30.138087207302423 36.57047264103191 18.669693802541442
78.2134749447448 85.33978178978673 37.31786636638185 44.35732364733616
2 2 	 # V Shape
114.68405804044671 46.58690826519447
142.13106409630382 80.070839513905
2 4 	 # Alloc Shape
1 1 0 0
0 0 1 1

2 4 	 # U Shape
88.95750645101708 82.65959460082745 29.43519846963236 14.455677109173903
26.555565385297065 55.002233482358996 88.14455180731815 44.027951566124244
2 2 	 # V Shape
154.1640321701254 31.491709720724906
65.16093520725767 105.94974533164665
2 4 	 # Alloc Shape
1 1 0 0
0 0 1 1

2 4 	 # U Shape
70.80324128298719 63.35561014773644 70.87478960945752 68.47810232396448
86.41253690934467 66.4411288561791 30.441806273452098 31.520366123197064
2 2 	 # V Shape
130.94824899520432 111.05468873510225
135.92288402501052 46.902947976052616
2 4 	 # Alloc Shape
0 0 1 1
1 1 0 0

2 4 	 # U Shape
18.883160970937297 80.83650571528716 95.55668941738618 38.33644347955859
19.45832429672426 41.18644184108806 10.018361755010584 99.46094653806148
2 2 	 # V Shape
87.06865143976226 118.93559317718635
45.74623221747644 101.75350388120751
2 4 	 # Alloc Shape
1 1 0 0
0 0 1 1

2 4 	 # U Shape
8.495267615718415 6.593194461186913 91.75849076534699 76.31128414575477
7.473564938237576 85.09451240481565 23.679962362451747 99.98541427616755
2 2 	 # V Shape
14.258583573350876 166.3301963072361
92.49721499692187 111.91210329993297
2 4 	 # Alloc Shape
0 0 1 1
1 1 0 0

2 4 	 # U Shape
56.592957604180214 67.14541387159048 73.86977953319874 79.54930505399861
39.48125651359785 52.37593914740467 31.875498485040467 2.591639395740397
2 2 	 # V Shape
84.8659547165819 135.51445429751914
62.36391279611496 32.83062316082885
2 4 	 # Alloc Shape
0 0 1 1
1 1 0 0

2 4 	 # U Shape
17.390233723653235 44.73860318177145 4.38056805106668 47.25806486607625
38.60209404963132 38.20477660051339 31.37618441344764 35.2870304233722
2 2 	 # V Shape
47.771342146535794 50.53957072872067
47.09449280682197 36.221882521939655
2 4 	 # Alloc Shape
0 0 1 1
1 1 0 0

2 4 	 # U Shape
20.779428044947814 38.94360747252355 81.12163914113448 72.98812988510629
9.118203861697104 74.73263222488747 43.4308652481821 58.9936244169226
2 2 	 # V Shape
38.97834782513874 85.92101607476904
78.18435084312326 64.65821547320456
2 4 	 # Alloc Shape
0 0 1 1
1 1 0 0

2 4 	 # U Shape
96.44099350030973 98.47968141127248 15.945007613925032 25.120260597112765
32.70461534363564 34.6577778304731 51.08963115531392 70.59686330324631
2 2 	 # V Shape
141.8607391511922 26.91283023204643
44.31194023057631 103.56797981724301
2 4 	 # Alloc Shape
1 1 0 0
0 0 1 1

2 4 	 # U Shape
96.54087996515216 42.603524111351334 59.780883635145074 51.92973749714302
23.11199916467883 28.572575729489415 55.202276837306194 80.44632486176295
2 2 	 # V Shape
101.99896718815327 83.12700516120042
35.12211566799051 121.39241294966553
2 4 	 # Alloc Shape
1 1 0 0
0 0 1 1

2 4 	 # U Shape
43.01201577777037 51.613081097988115 95.16150881323549 53.958151644602225
11.203590908801864 42.70447690993122 62.541748034529284 3.354436529128646
2 2 	 # V Shape
60.846308696754846 100.5713037670764
49.33167492671067 63.59474677478032
2 4 	 # Alloc Shape
0 0 1 1
1 1 0 0

2 4 	 # U Shape
16.041240707911776 22.455650633470412 41.05765264843701 89.74455354736222
26.829429346121437 6.97025407605949 8.134979643844332 57.66129958520101
2 2 	 # V Shape
29.47668559503412 91.42099506182844
31.61803213236997 58.061087899200444
2 4 	 # Alloc Shape
0 0 1 1
1 1 0 0

2 4 	 # U Shape
52.69392472469997 99.68703767182897 22.887377642968143 81.092220402835
55.96470024398559 16.090810252031385 24.86642020005374 39.104515328483544
2 2 	 # V Shape
113.26562389843023 94.88863166619153
69.89326354056483 50.843659244983954
2 4 	 # Alloc Shape
1 1 0 0
0 0 1 1

2 4 	 # U Shape
79.75385055765048 11.551437385170493 4.53776299978379 44.05638063666682
91.17431313737649 71.18317480833339 67.19357337561388 34.39263351393479
2 2 	 # V Shape
83.91438818061667 47.90262593133529
128.451890256485 101.54772592840008
2 4 	 # Alloc Shape
1 1 0 0
0 0 1 1

2 4 	 # U Shape
83.88468784999696 56.61612662357275 83.67374094473155 2.8091318651062624
41.028131402899284 64.63548566013529 85.32038506727285 7.237398904404923
2 2 	 # V Shape
138.42566455629174 84.68362985894913
96.09686834956452 89.29314309404926
2 4 	 # Alloc Shape
1 1 0 0
0 0 1 1

2 4 	 # U Shape
1.1406109349829663 56.289115143817895 55.710644635654006 23.050683236937385
16.38984321582343 78.71239965376144 92.57754249510639 38.16401473340694
2 2 	 # V Shape
56.42945908320113 60.48375546858326
84.54563856080611 120.10302717858288
2 4 	 # Alloc Shape
1 1 0 0
0 0 1 1

2 4 	 # U Shape
17.682891545005408 32.64092896062729 38.991344717972034 83.59380578120212
48.79087182989315 54.37048276956769 44.85927265032884 26.6731921509634
2 2 	 # V Shape
40.520372747558866 92.37543877042677
69.90947124364865 62.85167176927542
2 4 	 # Alloc Shape
0 0 1 1
1 1 0 0

2 4 	 # U Shape
32.0247340467178 35.80925087446067 12.161949777499192 20.70718437936708
83.32213463648675 93.34811133603968 97.43439567945316 89.53098575419534
2 2 	 # V Shape
61.50891964978038 27.67634693483944
154.91750312312655 124.93046372019228
2 4 	 # Alloc Shape
1 1 0 0
0 0 1 1

2 4 	 # U Shape
81.76348762720686 12.807383598781064 10.851138830865391 13.049767934995792
20.665853899480158 42.644865761911255 7.596547349521798 70.07490866511796
2 2 	 # V Shape
91.01231634974248 15.596186746978004
56.144370966741874 75.21946542568035
2 4 	 # Alloc Shape
1 1 0 0
0 0 1 1

2 4 	 # U Shape
77.01965758447986 56.95992671007316 18.795510797693858 20.08315703135676
18.79592716148576 33.94072557927411 2.66776281080896 73.85083325158554
2 2 	 # V Shape
106.21661646187712 29.69047262320356
45.25609839726901 75.25648565551133
2 4 	 # Alloc Shape
1 1 0 0
0 0 1 1

2 4 	 # U Shape
52.07619828105092 70.78068543460994 36.80123211718488 93.63695478802633
47.48869530604311 47.32887297440268 39.51110925712806 0.003920423126846373
2 2 	 # V Shape
87.53830923374198 121.4606090051481
76.01278558140669 39.51213487666947
2 4 	 # Alloc Shape
0 0 1 1
1 1 0 0

2 4 	 # U Shape
70.3434879401812 77.31798052149 94.34055112837507 1.9512020650502504
70.0026006633014 56.31087942788062 64.99573064922144 90.46728271387188
2 2 	 # V Shape
136.61817953037638 95.46364345604835
76.96018516557302 106.70001322583614
2 4 	 # Alloc Shape
1 1 0 0
0 0 1 1

2 4 	 # U Shape
46.354151395360745 15.785252967390761 79.02225900616803 23.9042241751382
44.366133147512265 81.99137460646327 34.00060892764781 22.59649168543024
2 2 	 # V Shape
61.97478937946142 95.82472513496509
99.29774970067263 34.507477363668855
2 4 	 # Alloc Shape
0 0 1 1
1 1 0 0

2 4 	 # U Shape
54.05748880266737 21.728899988152016 13.600245929717204 24.481305612255245
99.82197359233125 25.50239638844577 10.589323680061346 61.599517025402406
2 2 	 # V Shape
63.663432101510665 31.532589843503033
118.94061330365292 71.9487363263505
2 4 	 # Alloc Shape
1 1 0 0
0 0 1 1

2 4 	 # U Shape
95.6049141538781 58.14111624510557 63.09994232799752 29.724604749543794
89.83110020126315 54.9812293523613 93.15071644964158 37.78167413568866
2 2 	 # V Shape
120.08756760390793 84.99243761036162
130.77729291992515 122.0315826376623
2 4 	 # Alloc Shape
1 1 0 0
0 0 1 1

