2 4 	 # U Shape
10.299385814011764 21.950100046100385 62.97576132346906 85.992408065359
4.127256531777368 74.25662209096899 57.04173584583558 3.4313193539459386
2 2 	 # V Shape
30.02983211235009 118.26313937015789
77.25835159279191 60.064510534397215
2 4 	 # Alloc Shape
0 0 1 1
1 1 0 0

2 4 	 # U Shape
39.604743604702655 78.87007096788996 41.84843853458769 14.390392077532788
15.090669442067705 5.524135021582377 71.80371937036458 29.231735450413854
2 2 	 # V Shape
110.60242632878409 44.27517781095658
17.47714482723146 98.62852105474576
2 4 	 # Alloc Shape
1 1 0 0
0 0 1 1

2 4 	 # U Shape
44.49960661200688 88.7982434157199 79.72677299953102 6.797872826362639
96.07877564667781 65.92053923760217 71.87760832244346 74.35767651340966
2 2 	 # V Shape
93.79393159363784 85.61410021207116
110.78073155685034 86.00245914474544
2 4 	 # Alloc Shape
1 1 0 0
0 0 1 1

2 4 	 # U Shape
52.063506351133185 49.28726741656841 13.042928220861905 98.43835309944721
6.570232191808534 57.928407774407 58.077482508672794 95.43378655569242
2 2 	 # V Shape
91.61930950564765 110.39447410091219
58.69144682967695 152.59967369280403
2 4 	 # Alloc Shape
1 1 0 0
0 0 1 1

2 4 	 # U Shape
23.638112638259944 31.051984364538765 71.5643258918474 8.273548925340336
67.54864430044265 85.85246688775271 69.2896884116506 78.50836912639295
2 2 	 # V Shape
46.339194980222956 78.01610496098246
136.8265388638804 97.39587098717016
2 4 	 # Alloc Shape
0 0 1 1
1 1 0 0

2 4 	 # U Shape
56.826322164893575 84.78356046216565 1.7502076834489788 36.49817618196527
62.22051270167803 22.95526346575568 46.42704790163561 52.46287488422274
2 2 	 # V Shape
102.85598499182213 38.03021054077342
76.149400381069 92.54093747046842
2 4 	 # Alloc Shape
1 1 0 0
0 0 1 1

2 4 	 # U Shape
11.938639397855333 52.09594813305007 44.895006829702844 89.72872749318091
49.310233858652666 50.447751799159114 36.51236493904061 78.30061210921407
2 2 	 # V Shape
52.71767642764806 128.78670942297364
67.15836511932216 108.8347232483501
2 4 	 # Alloc Shape
0 0 1 1
1 1 0 0

2 4 	 # U Shape
84.3656093157598 99.2276161075909 43.90692873938694 93.88862757535857
91.54579240376212 9.095129732339814 8.810022420469622 74.10987859210478
2 2 	 # V Shape
180.1025893378937 107.81330106730961
91.93952004940348 78.96243857793712
2 4 	 # Alloc Shape
1 1 0 0
0 0 1 1

2 4 	 # U Shape
37.04075485505709 2.62549322888882 16.617830223495844 55.74574421886089
44.31606919654981 99.95560109207652 31.771201485178846 91.13352907042231
2 2 	 # V Shape
37.40135894229711 59.66426779470936
136.1000571538934 111.73855357188236
2 4 	 # Alloc Shape
0 0 1 1
1 1 0 0

2 4 	 # U Shape
85.87971938450035 51.13856111287996 87.46900143158227 94.64385541545519
93.57337114048234 49.3037931937103 60.0518275557823 20.717010014018157
2 2 	 # V Shape
88.12018811198216 95.79753138020384
101.98564136225534 69.6253762469306
2 4 	 # Alloc Shape
0 0 1 1
1 1 0 0

2 4 	 # U Shape
50.16089872551187 87.83187538109141 26.1008943361129 53.01367725528584
84.38626421168804 13.65644864046166 40.022401028929956 56.848528655579734
2 2 	 # V Shape
128.6607796846069 78.75657346579617
89.94731955770443 96.2419683635484
2 4 	 # Alloc Shape
1 1 0 0
0 0 1 1

2 4 	 # U Shape
59.022037188526774 17.119434728109105 71.4474477740643 23.844605886430326
92.18051432493948 72.12738667495618 67.69229790876689 98.68105563430491
2 2 	 # V Shape
66.90133925538666 83.43396238766924
99.52832032315561 101.28539148318045
2 4 	 # Alloc Shape
0 0 1 1
1 1 0 0

2 4 	 # U Shape
26.389422589032495 13.575153226767522 90.15894457842273 51.607324791665455
84.94364888772068 5.529715747505692 42.995199792293384 20.556706817393245
2 2 	 # V Shape
28.146165531090197 105.94903174684376
90.12814889844267 50.91440259862685
2 4 	 # Alloc Shape
0 0 1 1
1 1 0 0

2 4 	 # U Shape
23.54191403897157 60.32523351904141 61.59068434135448 92.2384302251811
96.83463078752389 58.34751307811003 99.32096748815242 57.191553859965936
2 2 	 # V Shape
82.78555415870937 132.42230700075905
110.31153623018105 118.79117193199714
2 4 	 # Alloc Shape
0 0 1 1
1 1 0 0

2 4 	 # U Shape
33.60116871555001 87.94629784389713 75.15606054244411 7.712045666568645
52.6244631632767 67.30674227044754 48.762092818895766 52.3962618185111
2 2 	 # V Shape
92.68853029342301 80.27956830543029
112.81872339751726 71.42824415110692
2 4 	 # Alloc Shape
0 0 1 1
1 1 0 0

2 4 	 # U Shape
94.28522424740099 39.871665076947124 30.22381123692436 69.33172089324822
55.940054848846366 51.5846719674813 22.269923159481465 64.98599258311161
2 2 	 # V Shape
107.14875415154462 87.87862540605715
94.0398624713651 65.01357498997767
2 4 	 # Alloc Shape
0 0 1 1
1 1 0 0

2 4 	 # U Shape
50.26513159501243 7.304338372879826 64.82598913325333 97.0658689483157
76.34708336427674 77.48715641894509 96.12773962544053 74.06711786110827
2 2 	 # V Shape
53.54070545543306 124.75036067243106
95.59735809803917 114.79952591387044
2 4 	 # Alloc Shape
0 0 1 1
1 1 0 0

2 4 	 # U Shape
55.006349132994345 10.56996731164247 41.4781066043323 46.158030373513405
66.19461387056359 35.08440917364801 96.81178905513482 38.85412936157757
2 2 	 # V Shape
60.544973734484174 74.76155253983137
89.2375909549736 113.65955601506664
2 4 	 # Alloc Shape
1 1 0 0
0 0 1 1

2 4 	 # U Shape
15.048852852814543 11.538227489821473 90.3684811563517 98.0122464390275
50.99118661727364 44.6428538972901 68.46982194425064 12.40601257009052
2 2 	 # V Shape
18.52346415085455 148.67318840943352
66.35783642979631 70.98885810892924
2 4 	 # Alloc Shape
0 0 1 1
1 1 0 0

2 4 	 # U Shape
40.418223421314735 70.98663774109556 28.761505143554068 28.61254028906376
33.33160111450552 50.542597062890074 92.18198185756552 72.17049798495994
2 2 	 # V Shape
100.61498635986636 56.30280293606566
69.13247665705498 143.44035004062005
2 4 	 # Alloc Shape
1 1 0 0
0 0 1 1

2 4 	 # U Shape
32.690660910418934 88.84489185191039 53.466094747105586 54.94632852913342
52.93000914313788 91.14496549901006 9.742238065454167 95.92018521013217
2 2 	 # V Shape
111.0756186429657 80.68751340377784
92.16772211525344 100.59993744116431
2 4 	 # Alloc Shape
1 1 0 0
0 0 1 1

2 4 	 # U Shape
19.73501273661857 43.84101649458205 18.98164237366904 68.62373292730194
39.61078344133222 36.564060348051186 59.52782629185837 14.078866488324648
2 2 	 # V Shape
50.76657813822062 85.38519597803048
46.44058066458214 66.9366196486606
2 4 	 # Alloc Shape
0 0 1 1
1 1 0 0

2 4 	 # U Shape
45.29132382080947 91.47802149668705 98.33243751558938 41.79280379245019
95.09063075044133 39.475997215181934 40.27422063230124 9.500749515849582
2 2 	 # V Shape
99.51883044760126 127.5454896530732
110.89291010997157 44.112384285625964
2 4 	 # Alloc Shape
0 0 1 1
1 1 0 0

2 4 	 # U Shape
53.89430360358843 14.604689707378437 15.160182821721847 40.531040738189084
13.177769253327876 80.70549298435687 43.864415252185815 20.195659758923213
2 2 	 # V Shape
65.44686986233603 55.205923491394756
84.63873419695848 49.867302949534725
2 4 	 # Alloc Shape
0 0 1 1
1 1 0 0

2 4 	 # U Shape
89.7725166527007 8.021193433823704 0.22665332019460305 8.720605356987065
53.12677130022514 31.209644120107626 76.95189749791675 41.88037940090359
2 2 	 # V Shape
93.35746209076669 8.845588782859199
83.11420911731689 107.91426568762635
2 4 	 # Alloc Shape
1 1 0 0
0 0 1 1

2 4 	 # U Shape
85.16715509298028 27.457764032203315 36.947783735979186 90.89945305885145
0.8720673377126453 30.729687977393382 27.555186802030207 60.38523875903334
2 2 	 # V Shape
90.25104637985255 118.97848432833976
30.773392262794985 78.79145426894932
2 4 	 # Alloc Shape
1 1 0 0
0 0 1 1

2 4 	 # U Shape
68.6369276365308 31.27141198565644 81.80664434058865 21.025813226971213
40.97673032354911 23.810244221267673 52.270420172909404 93.10239524949125
2 2 	 # V Shape
68.99575328167683 82.72968903874751
55.63325326881655 118.82922252520254
2 4 	 # Alloc Shape
1 1 0 0
0 0 1 1

2 4 	 # U Shape
13.923611723320018 9.965915223959843 70.05428599226232 47.45215958636228
95.74421476127381 43.19598168753128 5.651413710511621 1.696104159533962
2 2 	 # V Shape
20.05042771380931 116.85605727795202
116.07093590300593 6.4080067305694035
2 4 	 # Alloc Shape
0 0 1 1
1 1 0 0

2 4 	 # U Shape
15.695889679805964 90.7087458342412 52.709420449855095 2.4895254380492893
41.87584016466004 63.717042520588876 75.90490461966841 10.100931782057076
2 2 	 # V Shape
90.92336064508123 55.05815901455949
81.7905946775675 77.4341091108898
2 4 	 # Alloc Shape
1 1 0 0
0 0 1 1

2 4 	 # U Shape
67.20377133294357 0.21228553185157484 22.923012264844957 0.45723582858926415
76.16523473312034 23.286489915363862 61.599071750136424 19.205434916098984
2 2 	 # V Shape
67.3921215597116 23.226288182099335
84.68307266631537 79.95184330834124
2 4 	 # Alloc Shape
1 1 0 0
0 0 1 1

2 4 	 # U Shape
2.3922000044225844 58.048124263458654 85.33678105193181 51.13724455314088
41.100438095399774 52.28319559864932 77.90957336193499 25.10005202148362
2 2 	 # V Shape
59.15583828993549 103.86901265619153
79.6909257997082 81.44562854790775
2 4 	 # Alloc Shape
0 0 1 1
1 1 0 0

2 4 	 # U Shape
57.48776695203335 35.25669908442141 84.38829123970969 37.63754804689835
21.974141517043666 48.642245621740635 99.76746424467653 1.8175057955108986
2 2 	 # V Shape
90.17113298395772 89.07683237163383
63.54740799265011 101.11179999008547
2 4 	 # Alloc Shape
1 1 0 0
0 0 1 1

2 4 	 # U Shape
46.30716777701501 61.85976012519405 22.843729839347727 13.337380503819073
74.2278148610396 53.889698056393144 60.85711509254682 61.171897766074366
2 2 	 # V Shape
73.61982821748668 24.898553028162304
124.20993566123019 95.7786992387303
2 4 	 # Alloc Shape
1 1 0 0
0 0 1 1

2 4 	 # U Shape
71.62115897928484 31.828767822700353 54.92745021932779 84.61211111927108
92.36091541954237 3.9917398745591526 24.484372112551654 41.31233059690578
2 2 	 # V Shape
99.91828484811282 118.4960036771766
93.52025339726463 65.46039810887994
2 4 	 # Alloc Shape
0 0 1 1
1 1 0 0

2 4 	 # U Shape
68.7530869661141 67.5121309425067 18.47819267629004 57.77284643635119
78.36963784889386 88.82789686495923 40.280832379101305 82.7635917371633
2 2 	 # V Shape
129.59252003289512 62.28028631345709
148.87841304840862 114.93014940968044
2 4 	 # Alloc Shape
1 1 0 0
0 0 1 1

2 4 	 # U Shape
94.86351208867276 59.990836601959295 75.15993608984375 69.30413006361825
84.13988452227046 79.34109868904517 99.18662670424597 19.312739415579994
2 2 	 # V Shape
154.4432289155805 102.59429420248725
112.58910708949153 108.04874621030037
2 4 	 # Alloc Shape
1 1 0 0
0 0 1 1

2 4 	 # U Shape
96.10885876114955 49.5730835769844 29.73699235457037 43.78868221324763
22.622052260359027 54.3953606505786 57.87641700715939 47.10481633894796
2 2 	 # V Shape
136.12786467135064 67.57710645034759
61.40950410046036 73.11103883470285
2 4 	 # Alloc Shape
1 1 0 0
0 0 1 1

2 4 	 # U Shape
77.28627697056622 41.00941861607736 74.14746914323703 57.94287127639892
92.70066820476197 4.995108986220442 60.15322978465753 47.23490650959386
2 2 	 # V Shape
88.24318867759439 82.13012696216879
93.8451239797143 103.73946927523123
2 4 	 # Alloc Shape
1 1 0 0
0 0 1 1

2 4 	 # U Shape
78.37160728011239 97.12425944372016 10.365844500679867 81.4481085129874
62.76531131283859 66.98003435623478 89.36159462234001 57.4416014337728
2 2 	 # V Shape
147.30621330616066 81.84194163904891
85.86577880408836 142.02299755639578
2 4 	 # Alloc Shape
1 1 0 0
0 0 1 1

2 4 	 # U Shape
71.54936048182559 96.06445493063156 86.37938442015538 81.72043351689457
23.332432888524924 58.902632672277974 73.51508970634559 92.44426707062911
2 2 	 # V Shape
116.87674931685345 107.46230546798253
67.57826963707386 139.3793582622156
2 4 	 # Alloc Shape
1 1 0 0
0 0 1 1

2 4 	 # U Shape
21.015089175386848 63.610702265177146 35.132537556812984 34.02702328670162
20.873142738815233 75.91831149300968 77.96392620981638 38.29530355423746
2 2 	 # V Shape
76.48478435824846 40.07121087591481
77.34642766012901 88.74067466261522
2 4 	 # Alloc Shape
1 1 0 0
0 0 1 1

2 4 	 # U Shape
27.748876567694623 36.31870473734965 74.00976655348714 80.1087530286855
0.053905737989479174 45.263554510132984 80.44647042705665 47.266245268318585
2 2 	 # V Shape
42.283203708267976 117.0624793352013
45.27103402214848 101.05853411548404
2 4 	 # Alloc Shape
0 0 1 1
1 1 0 0

2 4 	 # U Shape
26.140679743844576 40.56770843974292 7.312424825648344 67.74727623500635
50.43749424562976 10.054368535627411 14.298713535943596 75.8265305504527
2 2 	 # V Shape
55.40058754613342 69.92820218030455
54.606666897486335 81.00185458037869
2 4 	 # Alloc Shape
1 1 0 0
0 0 1 1

2 4 	 # U Shape
16.38301370959121 18.012144092759186 0.31509676244356744 52.38591039608645
55.62263273962367 69.31799625492609 40.74036703808388 1.1145206553506037
2 2 	 # V Shape
26.090285969817273 52.392202419093934
98.3653316983445 41.52472669398742
2 4 	 # Alloc Shape
0 0 1 1
1 1 0 0

2 4 	 # U Shape
35.65503068501611 71.0319269874548 8.28313856741476 87.39136364616643
18.876764909129673 85.57009397872349 9.451685777785013 72.45700308006867
2 2 	 # V Shape
92.41207472200762 95.01901783890676
90.13623715293892 73.10529493139475
2 4 	 # Alloc Shape
0 0 1 1
1 1 0 0

2 4 	 # U Shape
15.516104876996584 48.116385220181 20.03921375115063 10.96022695244393
42.44783574198399 37.06813477547968 18.34656264181599 66.1956828531529
2 2 	 # V Shape
55.89013395078581 30.850598627451276
74.86284619650421 74.93423283488787
2 4 	 # Alloc Shape
1 1 0 0
0 0 1 1

2 4 	 # U Shape
13.205699351098376 19.106091748654375 5.927516729405724 94.50579378728212
64.26141119657728 36.05839079166766 69.62131732239708 41.20773329859709
2 2 	 # V Shape
22.85742986144805 97.92985841860559
68.7062720397057 76.47917948562576
2 4 	 # Alloc Shape
0 0 1 1
1 1 0 0

2 4 	 # U Shape
27.495910847672857 51.14322155577038 78.38276214716457 25.55952747669381
27.256743590136246 35.46267499271026 3.8212523576721558 7.632996398857761
2 2 	 # V Shape
63.131922225894144 83.70980645124553
41.70810935716206 10.551263665443924
2 4 	 # Alloc Shape
0 0 1 1
1 1 0 0

2 4 	 # U Shape
1.0339541645563943 52.48942536347499 34.138969029455524 3.217966922522175
13.566602945815054 51.049965039211074 32.975619627082274 95.15221612644808
2 2 	 # V Shape
53.28006769877342 34.534597169120524
56.721953600136686 102.14170362242788
2 4 	 # Alloc Shape
1 1 0 0
0 0 1 1

2 4 	 # U Shape
89.82618678574289 1.4104114581714233 64.91262549642516 83.22218330116355
79.45705480777652 63.14118544150621 78.15997984155578 90.43522287798605
2 2 	 # V Shape
91.20912274843633 84.27049802958797
138.05551693287651 90.90183334061796
2 4 	 # Alloc Shape
0 0 1 1
1 1 0 0

2 4 	 # U Shape
52.92056150357111 75.46532752538516 89.57294632375988 70.33960287640467
46.9662620583668 15.78596327143671 18.691251801889297 45.88556327454231
2 2 	 # V Shape
113.95903038261636 115.60985099942562
51.40723125924008 56.75967671345203
2 4 	 # Alloc Shape
0 0 1 1
1 1 0 0

2 4 	 # U Shape
39.79888320234743 55.467538773835635 51.07340140501421 72.88759489318237
3.877601067687886 91.43400935512359 5.33112671137419 63.1237997404973
2 2 	 # V Shape
62.530883921438004 101.21118351577158
94.14304311299483 65.9483184098014
2 4 	 # Alloc Shape
0 0 1 1
1 1 0 0

2 4 	 # U Shape
67.09317961175945 39.23383983221375 46.776357294604644 99.16931834600608
91.30413876183748 15.827392989748946 39.549491972433394 90.14854467538873
2 2 	 # V Shape
76.27628937441854 127.19133357304791
91.30552134506289 106.88783985682345
2 4 	 # Alloc Shape
0 0 1 1
1 1 0 0

2 4 	 # U Shape
58.52183125103506 81.66751096065825 0.2933512625056922 78.50383713480468
93.62274445050595 50.35980782108511 55.26220237289748 1.1619558899432003
2 2 	 # V Shape
126.20404511121133 78.60987736291409
112.26526949147859 55.676299158024555
2 4 	 # Alloc Shape
0 0 1 1
1 1 0 0

2 4 	 # U Shape
45.365251402211626 21.729033920798756 26.678581602589936 67.87418831022252
59.71525164596101 91.97811914649638 47.24364763461 89.54725125898335
2 2 	 # V Shape
47.151431347430474 78.55714294813416
109.27630622235355 95.77063287252703
2 4 	 # Alloc Shape
0 0 1 1
1 1 0 0

2 4 	 # U Shape
41.3590032351938 59.92907887221213 77.77080027103422 61.222003516284005
77.5837944537088 20.499272898081234 69.80975089885872 5.426761894429544
2 2 	 # V Shape
95.4421578439496 135.50194944479995
95.62423177011311 73.35369077940598
2 4 	 # Alloc Shape
0 0 1 1
1 1 0 0

2 4 	 # U Shape
82.93982226612795 82.52717709548776 4.817326629702801 0.923929361105269
13.365139295567975 81.8524724214295 25.222240087829807 79.02212569723807
2 2 	 # V Shape
160.25667014566113 5.518440229148504
94.69967556897501 86.39230607832887
2 4 	 # Alloc Shape
1 1 0 0
0 0 1 1

2 4 	 # U Shape
20.04029367655359 96.84526804735644 42.24322103484825 2.2873089021012927
65.1442607520023 41.19644733080703 95.685511965975 70.04195402464042
2 2 	 # V Shape
98.31908277672099 42.46295843423066
67.64103143762195 158.0102228798384
2 4 	 # Alloc Shape
1 1 0 0
0 0 1 1

2 4 	 # U Shape
76.74266788892028 7.395408518309066 78.41798653043828 10.249418821858324
20.98655975185604 17.92223371737778 19.148383647459156 32.51975677493913
2 2 	 # V Shape
78.03005186201362 85.32034806135718
22.84956522809854 43.83887702112401
2 4 	 # Alloc Shape
1 1 0 0
0 0 1 1

2 4 	 # U Shape
61.9253620661399 1.379899290625497 64.2258215013581 17.470881933126293
40.36912294035131 83.7599251844923 27.03285550556479 44.6976704369619
2 2 	 # V Shape
62.35665982736431 73.75765164993096
104.1772108711191 46.00410450842736
2 4 	 # Alloc Shape
0 0 1 1
1 1 0 0

2 4 	 # U Shape
75.40684926138105 33.98634903502713 64.52684341734724 46.98567731633996
34.90997714131366 52.92509024508265 87.22705962997243 16.963874278652526
2 2 	 # V Shape
96.31573204742136 66.47632316655806
68.77738216018521 90.32373982315814
2 4 	 # Alloc Shape
1 1 0 0
0 0 1 1

2 4 	 # U Shape
39.24032754631046 23.07384654490442 63.657022783174746 77.02290609493318
56.69054275385701 38.750032179943275 89.11574599178577 39.65193205704577
2 2 	 # V Shape
57.224161931200776 112.29310642877161
82.84046128890648 121.0543591832098
2 4 	 # Alloc Shape
0 0 1 1
1 1 0 0

2 4 	 # U Shape
75.75897830798657 56.209556028286634 71.70314550551188 88.34548823304502
12.933725297754828 9.7934669455213 85.9801191574673 90.98083083626396
2 2 	 # V Shape
79.57755213023006 112.57993848454728
19.946489198276957 100.6020629327359
2 4 	 # Alloc Shape
1 1 0 0
0 0 1 1

2 4 	 # U Shape
95.04384576856806 53.989571644712186 64.0529845995531 53.19792874026088
28.109148840468745 58.81089929730622 13.819503753521422 29.75018475983745
2 2 	 # V Shape
134.81932798536363 74.22305618095567
58.870228149047044 40.589692474387604
2 4 	 # Alloc Shape
0 0 1 1
1 1 0 0

2 4 	 # U Shape
11.024277106959147 37.28749183522322 43.918479424619086 97.32188799894871
59.32639566568027 31.390847302282467 6.6162410555905 1.235204509948462
2 2 	 # V Shape
40.9889335257912 124.7812786670394
72.95235670993853 7.59321305510359
2 4 	 # Alloc Shape
0 0 1 1
1 1 0 0

2 4 	 # U Shape
96.80868403657561 46.87237758134177 16.006632630472794 89.36945373739808
49.37570832084134 78.90361207816669 59.70364304212373 17.99339581793674
2 2 	 # V Shape
140.9494079541045 91.37679785293346
109.55247620237324 71.58757909296187
2 4 	 # Alloc Shape
0 0 1 1
1 1 0 0

2 4 	 # U Shape
79.12988974098025 35.72390259134936 40.32453104478155 82.28656410141033
80.79051801499973 59.87317864896302 90.80697303735063 53.890878654989436
2 2 	 # V Shape
90.37866633656003 93.51509530085208
98.07943340328032 90.91737537909944
2 4 	 # Alloc Shape
0 0 1 1
1 1 0 0

2 4 	 # U Shape
1.4039019158020194 89.72161190032635 90.19243765664878 65.70316813398831
72.06961723482044 2.4490935432675998 38.58590181318577 92.28923911809864
2 2 	 # V Shape
89.81993158416918 136.98362722418148
72.50945178348138 104.99125285497556
2 4 	 # Alloc Shape
0 0 1 1
1 1 0 0

2 4 	 # U Shape
92.51082453290982 45.97082225715617 63.96039205510166 20.215396741508286
74.25589354430154 98.11973005762503 14.89517104447533 45.167117653579595
2 2 	 # V Shape
118.68045720381883 80.94545446544582
153.18759361177337 58.04690337678596
2 4 	 # Alloc Shape
0 0 1 1
1 1 0 0

2 4 	 # U Shape
56.509540270263095 27.024420301705877 20.796747140352124 21.811602607663016
13.709283328809473 93.15469833301613 74.64471998422148 24.786931729266648
2 2 	 # V Shape
79.30981157573555 40.70730399430947
102.53170895249606 91.68427561861358
2 4 	 # Alloc Shape
1 1 0 0
0 0 1 1

2 4 	 # U Shape
36.04482338068684 91.70592096031999 43.104375820840445 89.18405415046198
75.27454306885629 99.26550218666812 66.28228984811606 6.788717232105368
2 2 	 # V Shape
116.52906086427274 106.65671252879913
100.42945144607148 67.29983417205862
2 4 	 # Alloc Shape
0 0 1 1
1 1 0 0

2 4 	 # U Shape
40.16958504491658 61.428677828210084 62.62635340012766 6.133141160447842
0.030644690246872663 0.30280303076025694 52.93003513905757 87.44826816094131
2 2 	 # V Shape
63.282903357767125 65.25973074710178
0.33120096375190006 112.5929601091562
2 4 	 # Alloc Shape
1 1 0 0
0 0 1 1

2 4 	 # U Shape
89.67618125295613 11.64923187739647 55.85383527328594 79.24967438955802
40.7436247534398 16.254828283605704 58.46126411469399 56.137104189634144
2 2 	 # V Shape
97.21086858784828 102.15957018330332
55.6064434918153 73.39558486144401
2 4 	 # Alloc Shape
1 1 0 0
0 0 1 1

2 4 	 # U Shape
11.11465706403344 36.66094301732309 23.335278750317812 9.52369467915326
71.90914894955168 3.086346655714234 12.568581920495026 82.87673045882086
2 2 	 # V Shape
42.70122227948717 26.844730357917506
73.94909657763358 89.78666444861287
2 4 	 # Alloc Shape
1 1 0 0
0 0 1 1

2 4 	 # U Shape
3.704986045794767 70.18723230288674 63.37120915447778 71.53608013400643
77.03807100010206 75.30094529920204 57.345871908775614 69.30132187653723
2 2 	 # V Shape
71.51387560258384 86.54949766912281
141.50458758798237 88.92345800257897
2 4 	 # Alloc Shape
0 0 1 1
1 1 0 0

2 4 	 # U Shape
10.53573056050886 35.39891176489631 42.94755727185597 80.05140854088751
54.29324145820288 21.040899376477373 41.824273820277305 34.65116782391252
2 2 	 # V Shape
40.528114308387764 117.19411118021159
61.74106192111371 49.728324957208144
2 4 	 # Alloc Shape
0 0 1 1
1 1 0 0

2 4 	 # U Shape
58.10545308408965 74.940835473407 18.465022713146904 16.572956620809876
45.86575627858351 20.85907460046883 39.15503864854972 33.83011676041892
2 2 	 # V Shape
122.9537425884018 28.949086616082575
50.59364160110191 46.573507746114416
2 4 	 # Alloc Shape
1 1 0 0
0 0 1 1

2 4 	 # U Shape
30.673774256718232 6.784755397365883 76.5415171030436 13.532999048160299
81.19996943891572 66.54404199679493 27.243464380578576 38.64312373314465
2 2 	 # V Shape
33.10694145078703 88.46845792109144
87.42527820349471 45.743507181435625
2 4 	 # Alloc Shape
0 0 1 1
1 1 0 0

2 4 	 # U Shape
78.58064442674473 95.49015350486339 32.44742883180825 67.3318355811805
29.827295270897025 6.419312071869621 4.028219514321862 29.25519517674059
2 2 	 # V Shape
130.18381467431303 97.74923226577243
30.747137210327075 32.18939525998379
2 4 	 # Alloc Shape
1 1 0 0
0 0 1 1

2 4 	 # U Shape
79.04809180984988 98.6069348704355 12.851506889144082 15.085270831594821
44.16277696819658 61.17512393573629 37.583551972494355 28.21818166430077
2 2 	 # V Shape
165.634113999875 19.282388589574662
83.17385369818919 59.62380157500055
2 4 	 # Alloc Shape
1 1 0 0
0 0 1 1

2 4 	 # U Shape
0.5388912157739179 45.035196813022516 19.236513695880742 26.499796373297357
35.56208835073329 12.915202705943685 18.88402332310507 54.396447266130345
2 2 	 # V Shape
45.43213906166841 33.18558597504441
35.722346202304436 56.61046889176215
2 4 	 # Alloc Shape
1 1 0 0
0 0 1 1

2 4 	 # U Shape
98.32031244345936 16.8252724878025 70.1879927945106 72.79798010335789
67.84017359428431 48.19072698388972 8.003076174902745 59.757305485120504
2 2 	 # V Shape
107.59808749569075 124.55494056499762
86.26289109114208 60.74962902842683
2 4 	 # Alloc Shape
0 0 1 1
1 1 0 0

2 4 	 # U Shape
61.855271303954225 68.98349329455658 48.72230157739238 49.662211856782946
66.43722927758867 20.207487339409557 66.57181026943691 13.083996396350617
2 2 	 # V Shape
121.28316740581828 90.5846337641085
86.32482293590242 70.39275847180053
2 4 	 # Alloc Shape
1 1 0 0
0 0 1 1

2 4 	 # U Shape
4.098992222995057 50.65296150305366 36.60921881431756 39.08071381364188
25.595102943878935 61.84358743790064 65.32211332685745 32.13393729609384
2 2 	 # V Shape
53.19306186061822 56.29225653476769
77.38813875218119 85.52470612597547
2 4 	 # Alloc Shape
0 0 1 1
1 1 0 0

2 4 	 # U Shape
81.93272790289556 8.845735587330172 24.832827416901317 86.44393136173801
43.246219087471005 79.97792830432185 6.965545949120077 29.147927983895418
2 2 	 # V Shape
82.65750884096802 100.79877511199997
101.34919764551427 34.19137944129297
2 4 	 # Alloc Shape
0 0 1 1
1 1 0 0

2 4 	 # U Shape
1.351618328348403 18.734824031352602 62.6408870662495 44.94924333653173
44.18922280216383 8.303656642289292 10.803232434675003 97.10074521070125
2 2 	 # V Shape
19.162525027937793 76.67227319337375
50.16041135871204 100.7233515796554
2 4 	 # Alloc Shape
0 0 1 1
1 1 0 0

2 4 	 # U Shape
70.44941940057355 77.23244504680088 37.217112611070604 54.82511841969918
12.881269457360156 17.327161943325496 79.49379050840419 28.45952667288676
2 2 	 # V Shape
92.33554121849028 72.49498771041095
29.3787058005658 92.55928549682699
2 4 	 # Alloc Shape
1 1 0 0
0 0 1 1

2 4 	 # U Shape
67.49393361846188 31.507812798750614 27.804184471358905 87.77603811638403
53.76441450711202 48.15193358893808 91.2228314051106 33.71150480278556
2 2 	 # V Shape
78.13543800817233 112.13249512271979
95.60383001000322 108.37803608419861
2 4 	 # Alloc Shape
0 0 1 1
1 1 0 0

2 4 	 # U Shape
23.52053079691422 12.259833320864033 83.01592677897153 51.222197668323176
68.37733905580886 78.4100938727227 67.58266216217619 25.55366660733126
2 2 	 # V Shape
35.37603989608213 109.86756708296151
118.93749679957637 69.05465988485639
2 4 	 # Alloc Shape
0 0 1 1
1 1 0 0

2 4 	 # U Shape
20.73378145525289 40.98870865505654 16.277057150458006 95.03916111653712
38.90928658008368 34.4328704473864 27.41329394971669 60.207060540019405
2 2 	 # V Shape
61.478055279126615 102.783830341261
70.82013349849422 60.398738644730344
2 4 	 # Alloc Shape
0 0 1 1
1 1 0 0

2 4 	 # U Shape
4.718608323042628 78.31256272678847 64.05029568918188 81.15782447767202
62.54831102112423 72.03850590414899 50.12712375633871 48.629607874840374
2 2 	 # V Shape
82.28204934482135 128.02973188749203
94.94146746260438 72.8339715571762
2 4 	 # Alloc Shape
0 0 1 1
1 1 0 0

2 4 	 # U Shape
58.92947255307354 53.479847277514814 57.229373865413415 41.566665177799635
2.4538000972753937 29.048305595779876 74.65053590140519 15.183763567963194
2 2 	 # V Shape
99.11954185849923 94.88954409885557
30.25050676505029 77.45695510918551
2 4 	 # Alloc Shape
1 1 0 0
0 0 1 1

2 4 	 # U Shape
70.29906258095845 56.98200628308358 68.88674348387053 65.60757629834416
30.277971122918913 49.30881936288621 3.370651110444789 20.417589315616514
2 2 	 # V Shape
109.22149653558412 117.87398735481062
55.35733659058629 21.916930879016782
2 4 	 # Alloc Shape
0 0 1 1
1 1 0 0

2 4 	 # U Shape
32.11523302028212 53.313716508716226 79.38229656205634 62.06715567926246
49.16216401037937 87.39720842638322 17.161768687450383 26.263608273095507
2 2 	 # V Shape
67.16843690108848 140.15472513160992
115.74641394423593 40.16665059895443
2 4 	 # Alloc Shape
0 0 1 1
1 1 0 0

2 4 	 # U Shape
86.58719671025897 99.32011693979581 28.66207394562649 70.98334427964822
5.203265632492638 76.76905878155335 27.16417185592357 69.59652980297597
2 2 	 # V Shape
139.07130904132148 86.10243372912134
79.65259531969753 91.77108285817606
2 4 	 # Alloc Shape
1 1 0 0
0 0 1 1

2 4 	 # U Shape
30.570915922415352 66.5120676439925 93.24019816667018 64.5296440831707
20.036584277264456 28.29085956302154 70.3598708660231 9.065758206289464
2 2 	 # V Shape
78.01018528541233 104.70434573102003
37.85332354363368 75.04052605133118
2 4 	 # Alloc Shape
1 1 0 0
0 0 1 1

2 4 	 # U Shape
15.113634554625953 45.1549269934816 65.99751033096872 79.2235424802907
87.87888972393789 65.23257539624852 64.75216906056848 30.98354622068914
2 2 	 # V Shape
59.04908862980218 127.49955094642353
141.20646105292434 75.75312139300725
2 4 	 # Alloc Shape
0 0 1 1
1 1 0 0

2 4 	 # U Shape
18.851131634428885 14.032502780485512 10.498942257842781 47.43551444475661
46.27546317670971 87.31022359577749 61.11217155000055 4.029745266194751
2 2 	 # V Shape
22.9392687258174 48.06970168931929
126.674074546741 62.81974943785947
2 4 	 # Alloc Shape
0 0 1 1
1 1 0 0

2 4 	 # U Shape
40.85075482697682 95.66674798066119 90.72218774613964 31.038322569442002
32.94872716204193 90.32997390954996 6.940683520048186 22.421459528389786
2 2 	 # V Shape
111.39158489581567 102.23146356757942
108.10322124096724 28.65485691694858
2 4 	 # Alloc Shape
0 0 1 1
1 1 0 0

2 4 	 # U Shape
14.433203070534717 85.04778608696601 20.13258794390933 58.916650612763945
83.65472207970818 11.772789714090436 26.91212439253553 62.14594926759097
2 2 	 # V Shape
86.9908314261572 70.99701756475994
95.22622580006188 74.63534154542025
2 4 	 # Alloc Shape
1 1 0 0
0 0 1 1

