2 4 	 # U Shape
42.02036045877274 48.54270981677824 1.2780814590608647 48.73716073198716
94.18066523433662 85.07950893767787 72.99644702208185 10.873607186897495
2 2 	 # V Shape
53.0008948245717 48.91972924030897
165.21468581483037 76.99430253174845
2 4 	 # Alloc Shape
0 0 1 1
1 1 0 0

2 4 	 # U Shape
34.46244909592174 31.879879686243363 11.166123199466039 8.395314332205706
71.27259356888429 59.95433962576555 5.567367958507841 47.97972816594304
2 2 	 # V Shape
53.53693090686626 12.442387300156202
88.18875969642966 50.19518401655875
2 4 	 # Alloc Shape
1 1 0 0
0 0 1 1

2 4 	 # U Shape
42.71521851154845 39.82290779328825 4.3003532026824605 19.61877500267535
47.645316510921496 3.69427283881798 0.5999679045853412 92.38498567797326
2 2 	 # V Shape
55.556879943135186 19.66927492911425
49.60460811454598 92.49085833038491
2 4 	 # Alloc Shape
1 1 0 0
0 0 1 1

2 4 	 # U Shape
99.39018042440189 32.010280915013 78.90169717367887 21.48035891440828
95.11079470415989 33.47403402097867 50.177260786539634 72.05655303481066
2 2 	 # V Shape
119.49531490363233 96.97592091471725
126.76291693213011 89.57942621978606
2 4 	 # Alloc Shape
1 1 0 0
0 0 1 1

2 4 	 # U Shape
27.47738237259101 9.61633817228078 97.38502157156927 8.95847638066134
29.046143647284794 11.05234847913933 13.955098956562173 61.12624589559373
2 2 	 # V Shape
33.350135827948705 102.5064133285056
34.03091867791403 69.5594056259179
2 4 	 # Alloc Shape
0 0 1 1
1 1 0 0

2 4 	 # U Shape
64.80564419758134 69.60661747706573 19.30180802665976 76.76322349393081
33.40828943023391 43.795920606277825 31.88702397585751 56.828966892726626
2 2 	 # V Shape
91.72527951200615 84.95571105303806
66.57412016679847 81.76451201451519
2 4 	 # Alloc Shape
1 1 0 0
0 0 1 1

2 4 	 # U Shape
30.097916984093388 8.569480601338675 34.371330696030434 70.93010177714358
97.39682557652591 62.52248400713203 26.93035401785444 65.67088061886622
2 2 	 # V Shape
33.29435193679047 76.92266666781703
126.55143613584056 68.06440565030019
2 4 	 # Alloc Shape
0 0 1 1
1 1 0 0

2 4 	 # U Shape
49.39130011335059 49.74963527482624 64.87221982847005 44.77711603657113
55.063947095236884 97.11752036309947 93.24137189386374 84.06854303886449
2 2 	 # V Shape
92.86585659474437 84.7299257306212
132.00453889529285 100.65659702023123
2 4 	 # Alloc Shape
0 0 1 1
1 1 0 0

2 4 	 # U Shape
64.81904233407127 15.877451404072552 90.89517088833217 8.083322430374407
30.192316712121283 0.01722537388888501 25.707972896460074 27.634497839897463
2 2 	 # V Shape
66.09231933338297 95.86423145170947
30.208918782714484 44.08798639216231
2 4 	 # Alloc Shape
1 1 0 0
0 0 1 1

2 4 	 # U Shape
26.763891468147072 74.47468581265422 68.57073955676276 42.36536551645757
1.2500061441190313 3.15864159843412 31.478204762786355 1.3307683573032136
2 2 	 # V Shape
95.43907105352982 69.44429530130009
3.6517492581280724 31.750136794515555
2 4 	 # Alloc Shape
1 1 0 0
0 0 1 1

2 4 	 # U Shape
94.79500297521538 36.057987839676244 24.699815272037572 5.295186810844732
83.16599395304785 7.837980771565989 95.21754802942424 70.61476278277338
2 2 	 # V Shape
97.98495051062656 25.682385525000033
89.50910239035086 153.41092817745522
2 4 	 # Alloc Shape
1 1 0 0
0 0 1 1

2 4 	 # U Shape
24.84196822431457 75.18671691628543 87.92560630523988 32.037244968918166
29.87078763658917 2.773266075835501 42.265997464635085 6.544658271019488
2 2 	 # V Shape
85.75310044479177 97.92326921013965
31.0679904308128 44.85947179382649
2 4 	 # Alloc Shape
1 1 0 0
0 0 1 1

2 4 	 # U Shape
81.67108835419795 5.40423675871049 5.805899373951339 57.14026076535712
25.272821562615654 41.833640295555576 96.57082195820112 15.266940462214196
2 2 	 # V Shape
84.20160194256293 60.57950853902206
44.436351478810124 100.54614925586755
2 4 	 # Alloc Shape
1 1 0 0
0 0 1 1

2 4 	 # U Shape
5.971972772944523 41.53075156128513 41.580955587688436 44.7604777128373
2.383980400885888 27.399239180774913 95.04112655824949 88.30067682907962
2 2 	 # V Shape
41.88483584452963 54.78605760585242
28.748591010312598 100.55954937711971
2 4 	 # Alloc Shape
1 1 0 0
0 0 1 1

2 4 	 # U Shape
25.036821423134437 33.04821088661958 64.29192718366792 28.402158698075507
34.619571395548036 35.410263238113046 32.48058703912017 82.85301732406789
2 2 	 # V Shape
44.420302340331055 92.1723412248793
44.356700287825554 99.02283501688177
2 4 	 # Alloc Shape
1 1 0 0
0 0 1 1

2 4 	 # U Shape
81.29069496681629 95.3208648526758 81.15250866017377 99.36646858769667
59.0020631837469 58.64190839618002 97.23514300233396 17.97943603763066
2 2 	 # V Shape
166.9124463714564 154.83508590099166
116.00485648134003 104.68511435392651
2 4 	 # Alloc Shape
0 0 1 1
1 1 0 0

2 4 	 # U Shape
82.29658059287821 30.244553822412502 20.91003056378511 7.256924416241772
37.63322669294579 56.248473578616576 87.25513490307833 3.304441704947503
2 2 	 # V Shape
109.82954944555509 23.427130176051207
68.6177226809732 90.14939132906268
2 4 	 # Alloc Shape
1 1 0 0
0 0 1 1

2 4 	 # U Shape
53.64132554382519 9.092484166469161 6.574940877546687 66.85331729938397
79.16144787696052 46.242776805153284 40.214605823925694 70.15487985287336
2 2 	 # V Shape
62.04240468549915 71.59856472536968
83.54214595084639 72.20760195772147
2 4 	 # Alloc Shape
0 0 1 1
1 1 0 0

2 4 	 # U Shape
44.79663902269472 70.99809655329015 60.452723927455985 1.5716058074189188
46.612051709664435 88.20046494678915 78.02844441963892 65.49281206138899
2 2 	 # V Shape
87.95009787876393 60.740937009248746
121.23244686685695 117.71020249606681
2 4 	 # Alloc Shape
1 1 0 0
0 0 1 1

2 4 	 # U Shape
18.1342002960559 59.5237321380377 47.87158917054371 87.94981834022622
65.34177543195196 14.40852771382316 80.12773914391613 12.317980609859147
2 2 	 # V Shape
72.58983830359918 115.89063607639255
70.59530433252607 90.57401820645306
2 4 	 # Alloc Shape
0 0 1 1
1 1 0 0

2 4 	 # U Shape
46.06861355210167 11.7477429055876 93.45439630578024 11.173844324449789
96.74649553355928 31.81191073565963 28.182995732813932 93.9989221657232
2 2 	 # V Shape
46.53154899582042 96.79915918030326
98.17055441544048 117.2505116391738
2 4 	 # Alloc Shape
0 0 1 1
1 1 0 0

2 4 	 # U Shape
66.35701257130304 11.648283233523937 45.19012065206377 93.96662808339397
59.46659183033961 68.3342026402251 6.028444541662714 40.20721580943673
2 2 	 # V Shape
73.92340112680488 132.27183726180428
92.05100032230553 43.21746524888218
2 4 	 # Alloc Shape
0 0 1 1
1 1 0 0

2 4 	 # U Shape
54.71185969589334 96.49452122746865 13.919124586676324 69.88103112095466
97.51956094037246 99.58282939543165 34.773721164898085 62.57633388317952
2 2 	 # V Shape
99.64723949307998 75.10713490153607
111.98539195812165 73.0927582188682
2 4 	 # Alloc Shape
0 0 1 1
1 1 0 0

2 4 	 # U Shape
82.58921750256431 37.699256956380964 38.372124484832035 64.51001345764172
39.29289943136711 95.35798433660727 10.972764994464313 60.79274869886735
2 2 	 # V Shape
92.62273791557021 79.25768302795386
110.08281972779477 63.71759865523571
2 4 	 # Alloc Shape
0 0 1 1
1 1 0 0

2 4 	 # U Shape
59.65142517586245 20.962951610600676 40.19369310441364 59.5224983967658
61.02680245512897 10.79376491401961 19.256691051904095 45.824795884600256
2 2 	 # V Shape
69.79419195497498 65.26037811868967
65.59545801262804 49.45432714254452
2 4 	 # Alloc Shape
0 0 1 1
1 1 0 0

2 4 	 # U Shape
36.413103867482185 63.550037854073324 84.19721853830143 23.47933466217542
70.57667105508813 75.2439545407674 69.1218977711084 96.33786259380645
2 2 	 # V Shape
78.84781009733835 97.26215223646582
107.93515520529616 165.1306131461199
2 4 	 # Alloc Shape
1 1 0 0
0 0 1 1

2 4 	 # U Shape
90.66597113220786 71.43900945514943 27.158131279084287 17.165888885672377
77.41139150123325 90.08439010317055 97.02568308970856 47.16820395866904
2 2 	 # V Shape
139.98228256651853 39.65002675365437
124.47390226543385 143.9942458088112
2 4 	 # Alloc Shape
1 1 0 0
0 0 1 1

2 4 	 # U Shape
60.261439716409484 0.22428442336868137 3.08611388354576 66.44903361004137
79.31311904005688 31.177962446988893 79.65741167296656 91.01628612904085
2 2 	 # V Shape
60.32102942758796 67.653200683008
106.110936871565 124.87309409924467
2 4 	 # Alloc Shape
1 1 0 0
0 0 1 1

2 4 	 # U Shape
59.6503535043488 3.8622631145561748 50.678495186094416 81.03264585139243
19.218684029749113 34.69310302587839 11.638754452722011 1.9110881162944349
2 2 	 # V Shape
59.90025284769487 102.42780842090195
46.062392874509115 12.057835574827246
2 4 	 # Alloc Shape
0 0 1 1
1 1 0 0

2 4 	 # U Shape
9.940036941606555 20.19594643609156 81.46930701668074 24.028554656419267
27.202201612061028 42.93679483403394 85.68076038583939 28.026792153324433
2 2 	 # V Shape
25.447066935108946 94.08513444939072
56.54913745338478 101.21161365371862
2 4 	 # Alloc Shape
0 0 1 1
1 1 0 0

2 4 	 # U Shape
59.110690402448085 44.370085898099035 71.62005672219622 75.03610424220204
84.25691175341636 96.19779271273988 56.237498002718134 73.67814420471241
2 2 	 # V Shape
93.23465269825317 95.75123277881187
178.47451656023182 82.33512453773231
2 4 	 # Alloc Shape
0 0 1 1
1 1 0 0

2 4 	 # U Shape
25.743570835622297 88.56481885509427 88.62414106406843 17.07482602164394
39.66201148690702 58.04356497266413 55.34885169673007 20.141431898977412
2 2 	 # V Shape
112.71926029391842 92.09659577536169
92.55615780829012 67.48394388207342
2 4 	 # Alloc Shape
0 0 1 1
1 1 0 0

2 4 	 # U Shape
20.09132316705139 81.95702797544516 32.08102920717817 57.01779230555222
47.68421425635054 82.2132332414339 66.46400998193462 62.86869387410713
2 2 	 # V Shape
94.83686200529196 85.36469919566912
101.81459162981785 97.26285508140157
2 4 	 # Alloc Shape
1 1 0 0
0 0 1 1

2 4 	 # U Shape
73.6892954906496 36.28976680473694 27.82258982179121 60.299327949696824
47.501629986920534 98.75456069611546 29.608083567587904 92.08062912251056
2 2 	 # V Shape
101.4678785535511 65.82605983822117
105.14903408535926 116.09539077282079
2 4 	 # Alloc Shape
1 1 0 0
0 0 1 1

2 4 	 # U Shape
76.75514270498843 48.66285503883711 18.44960385310326 5.130677276779694
52.06808778903525 29.23072831306166 81.3293916183285 15.754387619283417
2 2 	 # V Shape
124.6204341246573 18.923301971770115
69.08840913680766 83.63488967929618
2 4 	 # Alloc Shape
1 1 0 0
0 0 1 1

2 4 	 # U Shape
27.904436519905108 18.31538127779956 95.66205934777487 69.47310230264085
92.56750687644958 98.52582595144503 79.17826787423692 87.41597281318464
2 2 	 # V Shape
28.988733422607485 122.80103291902864
115.2178825821791 89.43545368300157
2 4 	 # Alloc Shape
0 0 1 1
1 1 0 0

2 4 	 # U Shape
27.430647466259884 20.65732555386457 5.279661954738691 81.5331655045315
98.77450739037226 86.91300591477658 0.3916550282197284 26.4513491421662
2 2 	 # V Shape
28.60519153266072 85.55430422424244
165.1241804613006 26.61519437359322
2 4 	 # Alloc Shape
0 0 1 1
1 1 0 0

2 4 	 # U Shape
75.79487592343256 89.68065607312646 10.137025786010323 35.56578074985444
80.73718816692725 65.98460312761391 77.92080597541576 75.50621718437158
2 2 	 # V Shape
140.53904907006816 42.80349162912858
105.89590225125889 124.6168053654506
2 4 	 # Alloc Shape
1 1 0 0
0 0 1 1

2 4 	 # U Shape
0.41498010620136805 64.12069931025196 40.85230873817298 56.55428078685988
86.8781790646336 28.661870429360913 24.460215588989932 82.13093051132184
2 2 	 # V Shape
64.52537561578193 59.57821419421746
105.59432592967585 105.77363154926746
2 4 	 # Alloc Shape
0 0 1 1
1 1 0 0

2 4 	 # U Shape
61.49723628557594 20.997239448083015 33.456344737960066 78.63193424937856
42.540905523891006 72.93805453539383 28.182826376202406 13.108359297364292
2 2 	 # V Shape
81.06608581949753 84.03771025070694
110.28478151704113 40.26168413577348
2 4 	 # Alloc Shape
0 0 1 1
1 1 0 0

2 4 	 # U Shape
49.71992074981084 74.4369028733814 60.35349781620516 17.59225447347732
33.59820178841167 99.32920579228444 44.8663421793674 67.74716014907204
2 2 	 # V Shape
115.58361540295472 66.0566299795229
109.47592843288326 105.42645696956387
2 4 	 # Alloc Shape
1 1 0 0
0 0 1 1

2 4 	 # U Shape
91.34436924333656 20.04650867422525 64.41243113634827 61.97811427460395
77.20715418619385 36.11518626340643 58.24310901845181 34.82367149606891
2 2 	 # V Shape
95.7422070846216 111.7661564220245
87.930041559844 62.02246477872204
2 4 	 # Alloc Shape
0 0 1 1
1 1 0 0

2 4 	 # U Shape
92.15631833851313 65.77825909826454 46.483266914222945 35.87346251546558
99.51266656768489 93.5778004176494 92.40399429415923 92.56518081742915
2 2 	 # V Shape
134.46807645409115 52.44212405378714
128.67408831712712 100.6104447849843
2 4 	 # Alloc Shape
1 1 0 0
0 0 1 1

2 4 	 # U Shape
70.79187213230122 29.09020617954764 11.910138348443844 34.39404094970928
64.78738533429194 69.87323421995512 91.50249292875912 30.349961795698576
2 2 	 # V Shape
81.08469736839871 46.12178297941175
72.01201748026293 108.24666059276356
2 4 	 # Alloc Shape
1 1 0 0
0 0 1 1

2 4 	 # U Shape
41.06086127540232 97.45515465849671 96.83085601682907 5.3279026889905605
70.42709694452206 12.112304006654828 44.453790008977855 92.41266138965793
2 2 	 # V Shape
124.67174297497212 99.61119002456466
76.46319403739626 122.0821234207197
2 4 	 # Alloc Shape
1 1 0 0
0 0 1 1

2 4 	 # U Shape
87.57258186062505 75.97450917212983 25.014117989272634 77.82389087310627
77.77074855567756 46.03271815778955 75.49316510886703 3.656673811448652
2 2 	 # V Shape
147.93227542861396 93.14589350278948
81.12578232037814 76.60538314107522
2 4 	 # Alloc Shape
1 1 0 0
0 0 1 1

2 4 	 # U Shape
4.450254710342271 76.10103653040431 80.06953268856198 42.03097332408795
41.57927634495145 9.580600114258752 11.168210464854988 76.79455848603186
2 2 	 # V Shape
80.09827364338754 115.57468706808537
45.01670091954968 82.77972405313201
2 4 	 # Alloc Shape
1 1 0 0
0 0 1 1

2 4 	 # U Shape
9.11218908901219 78.62448527931475 51.71709821394413 77.1559221824789
72.70565811137683 18.7102859833841 33.693006902219395 97.19585252177201
2 2 	 # V Shape
81.25851331812072 92.71611556235155
83.56011194615829 111.86879934453219
2 4 	 # Alloc Shape
1 1 0 0
0 0 1 1

2 4 	 # U Shape
36.59501865094972 22.645399053003644 33.02892473374062 67.83151204463068
65.4054378069418 46.645208451176615 5.6661026752304995 39.88911119207322
2 2 	 # V Shape
53.02971356018467 95.3169198016785
99.53085184069755 42.051734267077684
2 4 	 # Alloc Shape
0 0 1 1
1 1 0 0

2 4 	 # U Shape
12.61259401483158 88.25493512068465 13.935011035765699 69.32608251154954
21.208556461435347 84.54097579708014 37.68385097644643 60.98079222601112
2 2 	 # V Shape
92.4835556479634 78.25866841199209
85.89217769189078 67.41515452072346
2 4 	 # Alloc Shape
1 1 0 0
0 0 1 1

2 4 	 # U Shape
90.16940528296765 26.782402771327483 54.35772876288435 41.95064543531281
0.9997772181269959 4.132208984964548 49.025316500599644 37.83379165077696
2 2 	 # V Shape
93.17739918292908 82.5809982732368
4.9742397007367884 82.32846052844175
2 4 	 # Alloc Shape
1 1 0 0
0 0 1 1

2 4 	 # U Shape
51.94955312553344 62.1040114113252 74.31382508823397 5.606730975854656
93.81454496248548 87.50787330183616 46.69380045202206 33.758477399635844
2 2 	 # V Shape
86.49732820394388 77.09557744414009
153.52899073187226 76.23932004506369
2 4 	 # Alloc Shape
0 0 1 1
1 1 0 0

2 4 	 # U Shape
18.77722391505918 93.7064221024921 25.061140948110637 35.273747183590075
64.7927734085644 73.6705301165945 45.11896766856252 13.760031995738764
2 2 	 # V Shape
104.78602725165803 39.87135118850319
120.34120304838837 53.257868355806636
2 4 	 # Alloc Shape
0 0 1 1
1 1 0 0

2 4 	 # U Shape
82.91171565417044 81.64818567114298 17.26280937679665 23.702199840804283
34.39049991961998 68.03947580997368 73.56484876773345 73.5666212163048
2 2 	 # V Shape
146.91236893560912 37.114136935282
68.46748283103747 103.87225910186939
2 4 	 # Alloc Shape
1 1 0 0
0 0 1 1

2 4 	 # U Shape
48.51772748416925 44.37015837207675 85.92482458426454 35.98229082204087
73.88376858432945 30.839781087576633 60.53815310534843 85.62438232834657
2 2 	 # V Shape
82.53524903868643 106.87203339463449
74.59449938161598 96.09375489880615
2 4 	 # Alloc Shape
1 1 0 0
0 0 1 1

2 4 	 # U Shape
21.735158509920694 69.03144862462793 86.03351472282709 35.963375614351044
35.765359095057406 99.08238860358892 47.235347018279114 33.62620809072535
2 2 	 # V Shape
72.37413727052876 103.05782044081332
120.14677507927426 66.3746917052724
2 4 	 # Alloc Shape
0 0 1 1
1 1 0 0

2 4 	 # U Shape
79.06184760505192 98.98512621425064 24.79744645142059 39.15568537417825
48.4498192375703 48.697449161538664 23.577556977402903 32.9804740329767
2 2 	 # V Shape
170.9879167466746 49.76314711431296
48.86796075876933 53.6280327657259
2 4 	 # Alloc Shape
1 1 0 0
0 0 1 1

2 4 	 # U Shape
98.62583853515683 10.849556133826288 58.86379358718089 53.707526465213306
94.36676531254102 20.342060693282438 2.962645610056691 88.62315530080788
2 2 	 # V Shape
105.94899209169657 90.58594780019959
112.27060256819824 90.91570198167939
2 4 	 # Alloc Shape
0 0 1 1
1 1 0 0

2 4 	 # U Shape
55.24263709881924 13.86057216588008 52.6982121157359 79.61518678212546
31.8583084483682 6.579017417155697 46.90443828428227 28.77336641244551
2 2 	 # V Shape
65.91289334341008 111.46523605236706
38.377449083900316 62.19508595262466
2 4 	 # Alloc Shape
0 0 1 1
1 1 0 0

2 4 	 # U Shape
50.5217784791402 9.407149393441362 41.90730459458144 64.00134989092857
21.6611257018863 57.680822816992716 33.32677100218218 23.215902881161455
2 2 	 # V Shape
56.54424381209241 81.00465307422327
69.28206867599793 46.208432516577275
2 4 	 # Alloc Shape
0 0 1 1
1 1 0 0

2 4 	 # U Shape
42.54924142447072 84.2562173704088 1.9429138718932148 23.409285945721457
96.04542512003245 15.042752650885905 25.14596038682877 60.16244480108437
2 2 	 # V Shape
119.94576345472991 23.91168901120193
105.7607101860572 60.92862852021817
2 4 	 # Alloc Shape
1 1 0 0
0 0 1 1

2 4 	 # U Shape
79.49531048374577 23.76583407177275 56.414680581169506 80.43345413637545
94.7622233749209 41.294923384300155 15.244670902600454 72.79627831155851
2 2 	 # V Shape
88.66570157713332 109.04727627191005
119.90063483550811 87.61367984665439
2 4 	 # Alloc Shape
0 0 1 1
1 1 0 0

2 4 	 # U Shape
74.25234024961641 0.4860139645292083 64.42859473800125 30.638682789719084
29.078417515824217 85.62368034990952 7.149242115150411 41.70130367047879
2 2 	 # V Shape
74.27431848037989 92.41331106966183
97.03931177099135 47.00712129644057
2 4 	 # Alloc Shape
0 0 1 1
1 1 0 0

2 4 	 # U Shape
71.48068875531423 91.91635581524024 91.2838756104333 53.58336331347957
25.629512395135713 63.164300905678395 9.239157736696779 34.23025197154526
2 2 	 # V Shape
141.73902241529728 93.79001300781908
74.43698605555058 39.84729898219488
2 4 	 # Alloc Shape
0 0 1 1
1 1 0 0

2 4 	 # U Shape
97.50227875252595 5.121317844826489 60.735050737019755 42.43182272648084
30.402520938040723 48.7480653261101 99.7293296577192 39.785901992811645
2 2 	 # V Shape
97.80880851963173 80.58544945025133
67.23260021939186 136.6375473747969
2 4 	 # Alloc Shape
1 1 0 0
0 0 1 1

2 4 	 # U Shape
62.82677367679669 19.83971314501335 83.16564815274653 12.685140324452526
23.116857267845646 83.18229128985605 52.89335227948313 44.87578883865778
2 2 	 # V Shape
78.78130941503983 83.99997266325059
88.92958799281936 89.03714365343976
2 4 	 # Alloc Shape
0 0 1 1
1 1 0 0

2 4 	 # U Shape
37.681462013204126 14.699465004051138 95.27386154741866 48.68222554213711
25.900649450785053 54.039740618009255 18.350096774129565 63.447762509087546
2 2 	 # V Shape
40.71243040115252 101.48458615081344
69.09932631706525 69.62454032502065
2 4 	 # Alloc Shape
0 0 1 1
1 1 0 0

2 4 	 # U Shape
69.02013914972122 72.68676349317317 5.325581320114859 67.19041657237422
46.43045212736524 16.550023524594558 31.733122793973056 0.6137975100373949
2 2 	 # V Shape
125.52258056564798 69.10505280069569
60.42803891407476 31.899396492894038
2 4 	 # Alloc Shape
0 0 1 1
1 1 0 0

2 4 	 # U Shape
34.97217234619784 56.10661168815607 37.62620619714788 87.00509342855119
69.03195735312356 68.74353480085146 60.934076920546644 62.498681803093746
2 2 	 # V Shape
66.47626869968913 91.83956554468043
117.5572022107169 113.37100086079822
2 4 	 # Alloc Shape
0 0 1 1
1 1 0 0

2 4 	 # U Shape
79.8354276093141 76.60644826630208 77.49275733685663 52.50195398321197
65.97132796610572 13.200756325460006 52.50277986494887 1.5547125172259202
2 2 	 # V Shape
121.53019738247053 124.47851452848646
67.53319696721913 52.75470600671303
2 4 	 # Alloc Shape
0 0 1 1
1 1 0 0

2 4 	 # U Shape
66.98242627776337 89.76478187008541 83.0324932434575 24.15962662505319
93.64915828523769 9.65273672006518 52.14691566340562 35.62619665481772
2 2 	 # V Shape
145.88277785637487 90.12139421726322
95.46797746332376 79.60723912913643
2 4 	 # Alloc Shape
1 1 0 0
0 0 1 1

2 4 	 # U Shape
96.76490513579127 92.27327106565635 97.20240333012823 23.5205778247631
72.10823121363075 74.825971591699 82.30213195118716 32.06421988372211
2 2 	 # V Shape
135.98126371884854 104.34794715233856
108.50439855058094 104.32011863292293
2 4 	 # Alloc Shape
1 1 0 0
0 0 1 1

2 4 	 # U Shape
82.89071576236073 54.627548342536656 55.2851402370782 54.30306048526873
62.37887797738805 53.72207869579185 43.39584804282506 89.26670334324236
2 2 	 # V Shape
91.71347801801139 104.29695968554367
108.7174619042566 111.22417739475003
2 4 	 # Alloc Shape
1 1 0 0
0 0 1 1

2 4 	 # U Shape
67.41043685403314 72.55505195196179 14.928133102822905 69.07652310821385
80.29719572655948 8.463686226739853 12.242474902157385 89.45597050959049
2 2 	 # V Shape
111.82105438442898 77.28354415500776
83.89291467106385 98.54235222518562
2 4 	 # Alloc Shape
1 1 0 0
0 0 1 1

2 4 	 # U Shape
98.72690122827622 22.508601302296928 93.82947672260624 31.153839021130413
51.92986309144888 29.734922447364585 96.46029790750423 69.00807813052596
2 2 	 # V Shape
113.99377854179598 99.31811430074518
64.08046272321302 127.75220333594439
2 4 	 # Alloc Shape
1 1 0 0
0 0 1 1

2 4 	 # U Shape
86.97047953351316 71.0476780884889 69.57332136436843 72.57682025923772
69.95657018162224 97.05623195263654 86.12797757014293 52.32201800852281
2 2 	 # V Shape
150.63983493795814 72.69424780146714
164.5266560408224 119.1977515369611
2 4 	 # Alloc Shape
1 1 0 0
0 0 1 1

2 4 	 # U Shape
91.37151908204007 88.81777121227842 29.374257421738715 11.983188317938742
37.10814444469819 86.32668613717975 87.75478166903326 61.770317147579945
2 2 	 # V Shape
148.71118312192803 34.37343438244244
114.34724348905506 142.57353554946445
2 4 	 # Alloc Shape
1 1 0 0
0 0 1 1

2 4 	 # U Shape
83.10711444423104 59.02043549776725 80.39543564512869 68.34060005763907
81.56793448200001 63.89121831994967 73.00070521425872 91.93359691705275
2 2 	 # V Shape
114.8653496971128 88.68241483284157
97.67998395471383 162.76311099000975
2 4 	 # Alloc Shape
1 1 0 0
0 0 1 1

2 4 	 # U Shape
62.79171576181681 74.51752001600458 75.45720766673766 94.14520028500473
32.79723516379902 83.86433593194249 45.12990844100662 48.7830096737492
2 2 	 # V Shape
134.8205945128046 102.78503176964976
95.79292885113892 76.35089010758423
2 4 	 # Alloc Shape
0 0 1 1
1 1 0 0

2 4 	 # U Shape
80.6817180926812 37.17835159028857 29.887187118901103 5.008647580806159
86.61774745433131 21.66659098550744 81.18949933760135 70.11040756308566
2 2 	 # V Shape
105.01520322061754 33.774728428564835
105.54505098795478 137.24322275144283
2 4 	 # Alloc Shape
1 1 0 0
0 0 1 1

2 4 	 # U Shape
83.1436052719923 52.97796566677836 70.83599418309052 18.66287514568371
18.8179086610621 8.392947152011443 87.02160297176917 51.00452145577841
2 2 	 # V Shape
129.22195922252249 72.6553774596202
23.12971418065317 129.27912211681527
2 4 	 # Alloc Shape
1 1 0 0
0 0 1 1

2 4 	 # U Shape
30.092742872149557 21.65005099358114 73.1750520775898 7.51412939505991
78.04363802982616 52.544650046777654 32.11535638175877 64.8654325403918
2 2 	 # V Shape
45.06124027041516 74.27042323491843
78.88255320543479 78.16036509117832
2 4 	 # Alloc Shape
0 0 1 1
1 1 0 0

2 4 	 # U Shape
14.260767128121676 62.57527388606873 21.231193698996776 37.53317699517162
29.748940679139036 44.22753641706328 23.70728766627722 73.07539579144576
2 2 	 # V Shape
63.2890942112381 40.88077039684957
52.4432134789091 83.93413341748247
2 4 	 # Alloc Shape
1 1 0 0
0 0 1 1

2 4 	 # U Shape
78.05086604598492 66.13909705404754 82.96819340818993 56.14424714428887
86.06809379258266 43.41586681362792 4.67590187502328 88.8604714508878
2 2 	 # V Shape
128.8106533668899 127.32033387384672
129.20767547563503 89.60993360197453
2 4 	 # Alloc Shape
0 0 1 1
1 1 0 0

2 4 	 # U Shape
80.91034862984921 91.54207274221284 83.03359932578101 76.7407542540548
39.07033639482801 7.499892815404607 2.3520876803642565 53.89425733608695
2 2 	 # V Shape
107.65569079863451 146.7422645772543
43.660479802216265 55.24632244881222
2 4 	 # Alloc Shape
1 1 0 0
0 0 1 1

2 4 	 # U Shape
42.9678748380695 96.71841407625348 52.33004673890878 88.96637908473593
18.634198389459232 2.096006316555199 84.88143402950351 45.16366061906846
2 2 	 # V Shape
135.45070385775688 111.38000089302734
19.53544351412531 117.88107284383892
2 4 	 # Alloc Shape
1 1 0 0
0 0 1 1

2 4 	 # U Shape
40.45961435393154 58.57199919059261 15.881494797221585 59.53157904740548
97.86965056078355 89.61156472443238 39.43795996582483 25.605450672734587
2 2 	 # V Shape
75.60533068625371 66.46682506881953
119.42401595567702 62.94890844175883
2 4 	 # Alloc Shape
0 0 1 1
1 1 0 0

2 4 	 # U Shape
48.77713773450042 87.26074418900119 14.055620958172755 1.9650791963790715
33.27610914919015 87.71936007657047 24.1334589088382 16.41081689296663
2 2 	 # V Shape
101.09747682578478 15.950391246826417
97.84729409120777 32.859466515210705
2 4 	 # Alloc Shape
1 1 0 0
0 0 1 1

2 4 	 # U Shape
58.17150607871192 65.45487698777532 63.8894148527755 50.147527040643865
56.361591440329526 72.91426100881347 0.35659370572673765 40.32832992624213
2 2 	 # V Shape
121.93377481442288 83.17732808671616
89.30755748295772 40.548807541022754
2 4 	 # Alloc Shape
0 0 1 1
1 1 0 0

2 4 	 # U Shape
95.44058391610993 66.29414915563952 87.82620548838143 43.539478405261
79.64097061038744 85.51660765525529 16.365990036060907 95.48715030943727
2 2 	 # V Shape
154.52170074226132 106.22380910071777
133.73936777660845 100.11524405822955
2 4 	 # Alloc Shape
0 0 1 1
1 1 0 0

2 4 	 # U Shape
53.2588096582633 36.49143984961524 14.816398864539249 11.27951280690953
73.44986149027334 46.16223188676536 88.83506317771673 28.437674566640148
2 2 	 # V Shape
60.275795612874944 24.269596856817156
106.84063308414645 115.03351117210528
2 4 	 # Alloc Shape
1 1 0 0
0 0 1 1

2 4 	 # U Shape
82.94552728979014 45.15306393708746 17.710770426209834 56.21940822937993
55.32243122656356 75.55115309233558 74.21573712154883 99.82948829951414
2 2 	 # V Shape
117.85582106447119 57.073077872338516
113.84349455546553 120.365854103621
2 4 	 # Alloc Shape
1 1 0 0
0 0 1 1

2 4 	 # U Shape
95.73543678129897 36.48344084055354 66.34105244014182 57.038911821796304
62.16063216282359 70.99620007114481 81.99654024650968 14.02156655120843
2 2 	 # V Shape
123.77806754654115 95.84444973556391
104.55990937051885 83.05311881187026
2 4 	 # Alloc Shape
0 0 1 1
1 1 0 0

2 4 	 # U Shape
74.0867982665622 14.557512052415245 95.42856257909074 47.59614648413528
83.66161074970748 57.956186940846365 54.44618486414592 38.70567072919818
2 2 	 # V Shape
79.00802897346476 123.31813299862094
93.94683084276639 82.72335933135177
2 4 	 # Alloc Shape
0 0 1 1
1 1 0 0

2 4 	 # U Shape
41.50180107021056 51.03716982493604 28.311941020215038 29.352640171484634
22.8435899768891 21.782405631829693 17.244887093511764 86.6372353885222
2 2 	 # V Shape
60.993722556831564 29.82868300376493
31.023222934096538 100.8751755171277
2 4 	 # Alloc Shape
1 1 0 0
0 0 1 1

2 4 	 # U Shape
24.41983953414408 14.137993132240222 96.64379980636258 49.25113990653573
88.5602247228142 56.39480660382347 31.741244698297 70.42303088510874
2 2 	 # V Shape
31.979902958462155 138.45089694204262
100.94855504890234 70.53807378884716
2 4 	 # Alloc Shape
0 0 1 1
1 1 0 0

2 4 	 # U Shape
65.69265501967233 81.68211882416459 40.1888248619578 30.04713590480581
63.166746317625744 14.910719533653028 9.492004458692538 7.196235011907448
2 2 	 # V Shape
114.06422150084325 48.396533779560016
68.41215055508432 13.733506746400801
2 4 	 # Alloc Shape
0 0 1 1
1 1 0 0

2 4 	 # U Shape
78.40177782847243 19.839618290446705 26.539823111650595 51.448915347924384
44.46528265780805 44.82644562956254 4.242806810657518 46.42816222650801
2 2 	 # V Shape
82.19660725401324 53.990188217460414
54.36003174412573 49.193641790944
2 4 	 # Alloc Shape
0 0 1 1
1 1 0 0

2 4 	 # U Shape
44.251811104590054 22.1404244237857 50.47901612939788 1.4311358555266773
65.00384304136159 0.545623683862928 1.8966917098361513 48.94561007159015
2 2 	 # V Shape
52.47026542197415 51.251979824253105
65.37906059795415 49.59033141630008
2 4 	 # Alloc Shape
0 0 1 1
1 1 0 0

2 4 	 # U Shape
88.59953791852512 90.3814279333163 78.01387028675192 26.494521977628715
85.49100491917721 94.85561542914834 95.60983484811881 89.01967883278232
2 2 	 # V Shape
110.65052750381538 98.67929008390568
166.85487314397332 136.29155835757146
2 4 	 # Alloc Shape
1 1 0 0
0 0 1 1

