2 8 	 # U Shape
98.78954482759622 25.69684226038301 2.830592527249809 63.57191154610017 84.73123874866262 73.61746251160108 2.0807111923490385 11.16031306650328
29.77237418558598 68.69701913398437 86.16260560016462 19.86343591837809 65.71890306104225 69.96556289920952 35.23924687578462 78.99605478253065
2 4 	 # V Shape
0.0 0.0 0.0 0.0
0.0 0.0 0.0 0.0
2 8 	 # Alloc Shape
1 0 0 1 1 1 0 0
0 1 1 0 0 0 1 1

2 8 	 # U Shape
53.320383134662464 57.252791336299126 1.2332537482920625 69.52379783044653 53.46592103704971 7.913471728341593 1.363750174414724 27.785304004672707
99.73852824796468 22.560063795323092 10.50153532160245 1.6300778724193665 34.16274522972411 80.81980587401382 21.73196229012333 93.46049678640077
2 4 	 # V Shape
0.0 0.0 0.0 0.0
0.0 0.0 0.0 0.0
2 8 	 # Alloc Shape
0 1 0 1 1 0 0 0
1 0 1 0 0 1 1 1

2 8 	 # U Shape
65.96553956120715 3.5368885940296746 90.6198763983587 41.87453215064306 47.59434952722753 13.563371823783864 36.22428612568128 32.61636809313586
14.801784040784916 79.58857042351877 52.32421134251235 89.41743127354745 79.44157271704151 62.935313391969416 6.712698614922486 78.72700131278835
2 4 	 # V Shape
0.0 0.0 0.0 0.0
0.0 0.0 0.0 0.0
2 8 	 # Alloc Shape
1 0 1 0 0 0 1 0
0 1 0 1 1 1 0 1

2 8 	 # U Shape
53.64650914948324 47.60264751661714 64.73905014785001 48.82682202390717 53.93450990860965 91.91128399601479 45.55562943106152 63.67424723928856
60.33596639220248 25.6353254245148 75.91786639369761 54.108503959386454 29.144299982930466 86.70932318113793 1.1649132417856034 29.318758740457916
2 4 	 # V Shape
0.0 0.0 0.0 0.0
0.0 0.0 0.0 0.0
2 8 	 # Alloc Shape
0 1 0 0 1 0 1 1
1 0 1 1 0 1 0 0

2 8 	 # U Shape
49.39201356114214 18.032106208423016 4.421883106578872 42.439218473425264 81.26229916466824 30.76452258442114 23.537244397794876 3.532302207411464
24.8086076451678 78.03946349464852 70.51851252199023 58.44851519818707 98.47552313173136 61.40881097445819 95.8727745856275 48.70304577000215
2 4 	 # V Shape
0.0 0.0 0.0 0.0
0.0 0.0 0.0 0.0
2 8 	 # Alloc Shape
1 0 0 1 1 0 0 0
0 1 1 0 0 1 1 1

2 8 	 # U Shape
90.3264235932675 76.61186313720086 99.53828359511263 98.24397182476127 87.50947273085697 94.55362590417867 70.59768627512554 85.34345994749614
33.44865039303549 51.616647155704456 38.1370200924934 87.06653428282672 28.28861645349776 99.89639182169402 67.52971019533747 93.79689257074294
2 4 	 # V Shape
0.0 0.0 0.0 0.0
0.0 0.0 0.0 0.0
2 8 	 # Alloc Shape
1 1 1 0 1 0 0 0
0 0 0 1 0 1 1 1

2 8 	 # U Shape
48.6482130552602 18.86669957191217 28.71399442716809 44.229404248377925 94.83425056528608 9.366103431999973 22.213702297526815 57.04270142642661
97.15764709073908 11.563712166629314 70.68633371547489 75.77948571958056 50.98156818212571 73.87476060147065 92.95728127492464 22.143781771587367
2 4 	 # V Shape
0.0 0.0 0.0 0.0
0.0 0.0 0.0 0.0
2 8 	 # Alloc Shape
0 1 0 1 1 0 0 1
1 0 1 0 0 1 1 0

2 8 	 # U Shape
31.722629696119842 19.32056286420487 29.394707750518158 52.162889555225654 44.482424488415994 1.359439970958387 60.00669347339558 36.48508713182147
1.9010500000716801 0.9576272764185267 14.202807089901647 87.85092691266934 72.44184470396301 51.67833364609473 94.92092413060365 22.400794340064113
2 4 	 # V Shape
0.0 0.0 0.0 0.0
0.0 0.0 0.0 0.0
2 8 	 # Alloc Shape
1 1 1 0 1 0 0 1
0 0 0 1 0 1 1 0

2 8 	 # U Shape
77.70677643758901 82.6399963833535 77.73079001573151 20.907737556717755 26.806601666170348 31.603082885349455 56.13226082261694 97.96276113543345
9.817965079633417 71.52346846542119 83.97445402369672 42.877212073893 7.806258295941026 99.59695837595162 58.59721440267849 46.71150389783417
2 4 	 # V Shape
0.0 0.0 0.0 0.0
0.0 0.0 0.0 0.0
2 8 	 # Alloc Shape
1 1 0 0 1 0 0 1
0 0 1 1 0 1 1 0

2 8 	 # U Shape
57.64728163807711 71.73112013965887 32.890327494499395 8.135177340028521 27.467598404256954 39.35830785130372 54.8282083920901 4.053784633228885
76.14234823274481 33.809183675747754 45.56900826064424 50.877431810054794 35.64434830088764 94.44996742302189 38.17154668959434 72.45044599604817
2 4 	 # V Shape
0.0 0.0 0.0 0.0
0.0 0.0 0.0 0.0
2 8 	 # Alloc Shape
1 1 0 0 1 0 1 0
0 0 1 1 0 1 0 1

2 8 	 # U Shape
64.6478518364309 85.64028159768836 53.51816034274306 2.337627536652309 75.1441259231182 30.56495908990472 51.066431667693855 80.49885833971531
46.88039389624456 92.61995528696606 17.661641792489714 20.221867570420304 17.745104956863898 3.239716353484534 35.43445956984248 25.832843765958025
2 4 	 # V Shape
0.0 0.0 0.0 0.0
0.0 0.0 0.0 0.0
2 8 	 # Alloc Shape
0 0 1 0 1 1 0 1
1 1 0 1 0 0 1 0

2 8 	 # U Shape
74.62622294812459 56.74831602581597 94.70987278881798 50.89174679969393 40.10628164460345 67.73807930973706 45.66802371366481 1.8524527541183722
98.3998154052272 17.47337540258943 56.41134663634229 81.97257703920066 73.74047737899276 78.25663093442584 28.718553477424933 73.53208360057072
2 4 	 # V Shape
0.0 0.0 0.0 0.0
0.0 0.0 0.0 0.0
2 8 	 # Alloc Shape
0 1 1 0 0 1 1 0
1 0 0 1 1 0 0 1

2 8 	 # U Shape
86.55058922458903 71.07760480274692 66.02484928465341 26.092386853036597 20.74487642413494 44.69327870423104 37.9447164630901 29.763092857581718
16.575343305045255 63.39085357690949 29.383853148242277 48.81569496054482 21.528870285646573 70.51435880597423 30.19064926805486 26.175833824182327
2 4 	 # V Shape
0.0 0.0 0.0 0.0
0.0 0.0 0.0 0.0
2 8 	 # Alloc Shape
1 0 1 0 0 0 1 1
0 1 0 1 1 1 0 0

2 8 	 # U Shape
15.44634934548814 5.831423342904185 49.378661950966084 84.04888359518348 21.473035235963046 9.663648354591247 32.18801029016273 81.543633038723
35.99139289296248 34.628153464429126 79.21257514016162 62.83852942983993 45.542810740313165 27.11176830618296 76.27310981944072 67.33275297775302
2 4 	 # V Shape
0.0 0.0 0.0 0.0
0.0 0.0 0.0 0.0
2 8 	 # Alloc Shape
0 0 0 1 0 0 0 1
1 1 1 0 1 1 1 0

2 8 	 # U Shape
58.011012272641274 49.670171015165266 75.35695312404039 40.06186393742859 99.79892702306726 95.83287601980452 26.122765922945078 71.15886228359469
71.58674346230386 73.67640329442162 44.826008072797386 57.795448587938516 13.476530536444976 5.561429216167912 69.41463366761299 51.826956560993466
2 4 	 # V Shape
0.0 0.0 0.0 0.0
0.0 0.0 0.0 0.0
2 8 	 # Alloc Shape
0 0 1 0 1 1 0 1
1 1 0 1 0 0 1 0

2 8 	 # U Shape
16.333067988942997 35.44122621121868 57.49229379901234 62.06831630565208 30.06741869404689 39.43425290204202 14.71570577656729 64.9996979849502
23.278193011855087 72.1544988935647 11.759231649312174 40.57082092302935 55.4070240142866 24.855521041205275 69.72592566611459 3.3398448951215354
2 4 	 # V Shape
0.0 0.0 0.0 0.0
0.0 0.0 0.0 0.0
2 8 	 # Alloc Shape
0 0 1 1 0 1 0 1
1 1 0 0 1 0 1 0

2 8 	 # U Shape
61.10586452100534 97.32765924570506 43.32797606594067 14.01281752368626 25.858206619679912 56.00339751404214 33.09367606065037 27.99823158889897
55.17474699650595 21.599506598230565 6.778894308558181 64.32476817921273 15.857478731273012 54.882850998095364 91.95927687669446 83.9014159758341
2 4 	 # V Shape
0.0 0.0 0.0 0.0
0.0 0.0 0.0 0.0
2 8 	 # Alloc Shape
1 1 1 0 1 1 0 0
0 0 0 1 0 0 1 1

2 8 	 # U Shape
14.209837108864399 54.307912346543866 35.62299752064786 70.52992428740727 76.81784718181416 49.9698379827909 22.040317020757016 34.823202108926864
6.800080449173739 10.994238390612022 54.76648335464075 59.8081637706227 56.657573279398896 65.40761905528167 28.91692014918341 76.56230727278783
2 4 	 # V Shape
0.0 0.0 0.0 0.0
0.0 0.0 0.0 0.0
2 8 	 # Alloc Shape
1 1 0 1 1 0 0 0
0 0 1 0 0 1 1 1

2 8 	 # U Shape
8.105024810184336 80.02358740647732 6.072580870190514 44.848545595182884 18.24201503560168 1.3419782627619226 37.65864123687233 79.05104353493843
40.89937026334167 62.43201420003221 15.199619073165739 76.43950089965209 7.555697499202118 74.52182183774953 71.22756788523577 62.225366076345125
2 4 	 # V Shape
0.0 0.0 0.0 0.0
0.0 0.0 0.0 0.0
2 8 	 # Alloc Shape
0 1 0 0 1 0 0 1
1 0 1 1 0 1 1 0

2 8 	 # U Shape
19.488935632219516 79.46206222416706 0.19483274520649685 99.23798003352441 60.09402553205574 14.591281278771751 88.75814111580357 26.977998969633667
19.949246920876963 54.7783924895483 89.63001811778169 77.80553866883737 33.8355592602637 80.22354027189776 16.222279399725924 89.6161437795221
2 4 	 # V Shape
0.0 0.0 0.0 0.0
0.0 0.0 0.0 0.0
2 8 	 # Alloc Shape
0 1 0 1 1 0 1 0
1 0 1 0 0 1 0 1

2 8 	 # U Shape
3.3634443028891514 95.28626943735034 6.698987177544469 13.837138232246327 95.83083569849524 8.125800108581016 87.5973965743071 98.23291243653071
23.623174079331843 6.142715913393926 39.9462096245507 29.95959041763747 96.33171255546958 28.848874143253756 75.67862252774063 77.53554048147298
2 4 	 # V Shape
0.0 0.0 0.0 0.0
0.0 0.0 0.0 0.0
2 8 	 # Alloc Shape
0 1 0 0 0 0 1 1
1 0 1 1 1 1 0 0

2 8 	 # U Shape
63.33138132853363 40.1278765771012 6.552755667986288 74.35660955160678 47.672207467288075 70.49966750445554 75.56137488447878 89.9868246912972
73.8556008469192 73.29556112538094 50.36391162046074 59.94969553631044 6.4495758189223595 7.8506565160704085 39.57231589499792 70.61365141969746
2 4 	 # V Shape
0.0 0.0 0.0 0.0
0.0 0.0 0.0 0.0
2 8 	 # Alloc Shape
0 0 0 0 1 1 1 1
1 1 1 1 0 0 0 0

2 8 	 # U Shape
23.84072843466609 41.99354121308288 98.28788094126966 81.61945549884288 98.37934400919987 35.9944720611867 58.40681114123836 64.4127105833407
19.278269332051067 22.091522597573597 81.04121568478888 9.043650491304367 92.55134834580994 78.17044564106888 94.59267980886463 86.9444593587767
2 4 	 # V Shape
0.0 0.0 0.0 0.0
0.0 0.0 0.0 0.0
2 8 	 # Alloc Shape
1 1 1 1 1 0 0 0
0 0 0 0 0 1 1 1

2 8 	 # U Shape
72.04288872791895 87.00914490485656 20.792440762208876 92.08203135141083 99.37735598650346 36.80213825656767 89.17024663424063 27.624598924611256
60.03807578158186 3.984151132623681 97.43938073405192 46.286423836484246 89.02831030846158 47.64942550228912 36.17496962526848 30.981683402436566
2 4 	 # V Shape
0.0 0.0 0.0 0.0
0.0 0.0 0.0 0.0
2 8 	 # Alloc Shape
1 1 0 1 0 0 1 0
0 0 1 0 1 1 0 1

2 8 	 # U Shape
37.55145252682372 39.58138592267637 66.79993912695616 38.589183611875164 19.958029977144477 3.5248951123853622 36.21107568405404 35.0794493683645
68.04892240732475 47.62206556793609 90.66970904000152 44.30388011546113 16.39921084683138 0.14309414271242993 85.88724862817023 19.555310903783298
2 4 	 # V Shape
0.0 0.0 0.0 0.0
0.0 0.0 0.0 0.0
2 8 	 # Alloc Shape
0 1 0 1 1 1 0 1
1 0 1 0 0 0 1 0

2 8 	 # U Shape
36.55327912872429 96.79422349035003 81.95550968301511 95.58467899421265 16.280767419716714 72.47422979906985 56.91494758835694 72.50275875283462
67.94054677004115 48.25021932321019 9.114308556468842 18.08537978151582 28.534929637810514 59.30861751188172 30.493589140870302 49.99101648999178
2 4 	 # V Shape
0.0 0.0 0.0 0.0
0.0 0.0 0.0 0.0
2 8 	 # Alloc Shape
0 1 1 1 0 0 1 0
1 0 0 0 1 1 0 1

2 8 	 # U Shape
1.6926994044214938 28.22305940335683 43.91025921251227 10.254055898781655 63.73905137859322 28.024941476507024 64.3995281121458 80.80956972330154
50.403041328442924 11.35844694297048 53.96879224965685 88.96060408779806 21.31399526242088 29.745743403896995 42.95521051816944 17.625031133621505
2 4 	 # V Shape
0.0 0.0 0.0 0.0
0.0 0.0 0.0 0.0
2 8 	 # Alloc Shape
0 1 0 0 1 0 1 1
1 0 1 1 0 1 0 0

2 8 	 # U Shape
77.67889531167083 70.05879843006836 19.153965200248678 54.95942646176307 57.961745042295455 65.31062073131768 22.752671412091065 92.61941574736305
89.14627162704576 46.397148406173116 39.27209606466715 26.762944732652695 0.5433026435435084 32.43905268216669 87.16453184006579 74.28640062302193
2 4 	 # V Shape
0.0 0.0 0.0 0.0
0.0 0.0 0.0 0.0
2 8 	 # Alloc Shape
0 1 0 1 1 1 0 1
1 0 1 0 0 0 1 0

2 8 	 # U Shape
71.21114178686739 13.90470793115438 94.9439035107943 35.664446168311706 72.58292893332165 96.77309444945922 5.505365228538162 43.597152863550306
30.53604312707574 73.3108336235792 33.37630321529432 8.765164965917105 68.5682859101037 8.452481923399857 98.11899154705954 92.17191896010013
2 4 	 # V Shape
0.0 0.0 0.0 0.0
0.0 0.0 0.0 0.0
2 8 	 # Alloc Shape
1 0 1 1 0 1 0 0
0 1 0 0 1 0 1 1

2 8 	 # U Shape
53.125696846118984 44.86914272230222 0.35476960793102696 93.4633230091132 91.85746092682545 93.54939993106682 29.651079177873907 51.54286568334735
96.96171019743652 90.52749882292925 79.31719504561453 26.40050466536332 3.6246265497804853 61.31444292185794 35.737106322237864 50.14894134584207
2 4 	 # V Shape
0.0 0.0 0.0 0.0
0.0 0.0 0.0 0.0
2 8 	 # Alloc Shape
0 0 0 1 1 1 0 1
1 1 1 0 0 0 1 0

2 8 	 # U Shape
37.03207172823515 54.762852644176895 62.415748921512574 20.414795165560363 70.36577655772689 81.68367673759492 43.671904836778054 58.7928010686509
1.041685072391585 38.91771541196191 33.009881661528894 85.93518346173283 3.382873616038462 36.12062538540604 63.98846209254623 4.839717333069982
2 4 	 # V Shape
0.0 0.0 0.0 0.0
0.0 0.0 0.0 0.0
2 8 	 # Alloc Shape
1 0 1 0 1 1 0 1
0 1 0 1 0 0 1 0

2 8 	 # U Shape
47.57260051336173 50.43485191581931 17.819575155066893 50.59724448369952 21.777426663844313 52.406806299786076 79.65972988368978 79.5903999783389
63.231798024865846 49.73447627757639 20.65141145259225 37.44120345797683 96.28558357319797 85.75683037396645 5.329152465242181 74.95895822438334
2 4 	 # V Shape
0.0 0.0 0.0 0.0
0.0 0.0 0.0 0.0
2 8 	 # Alloc Shape
0 1 0 1 0 0 1 1
1 0 1 0 1 1 0 0

2 8 	 # U Shape
60.87499383448295 97.77971406167832 82.22738416426812 96.86694535205986 79.26596807647988 4.822630857574184 52.496090238963234 7.123645012745172
38.03892501937107 82.23464869906597 42.8710407400127 95.76537931888883 36.66612887470867 52.92872422523648 10.5251927580451 82.88144644928872
2 4 	 # V Shape
0.0 0.0 0.0 0.0
0.0 0.0 0.0 0.0
2 8 	 # Alloc Shape
1 1 1 0 1 0 1 0
0 0 0 1 0 1 0 1

2 8 	 # U Shape
37.530972841695956 59.34988455812533 48.20910670840611 5.489334335403129 18.215592436405593 79.11966854988935 86.29210004565417 58.13342198540744
73.24503441492742 45.610636206045875 11.091241713652023 38.77875915207925 99.80674690605284 58.71434443099404 24.263130089405728 23.82694004942153
2 4 	 # V Shape
0.0 0.0 0.0 0.0
0.0 0.0 0.0 0.0
2 8 	 # Alloc Shape
0 1 1 0 0 1 1 1
1 0 0 1 1 0 0 0

2 8 	 # U Shape
20.397655652259385 6.2504064872251135 3.7079187360525956 11.511336316763076 70.59188013214204 37.233349860153176 16.127787602579968 60.12073383220541
94.51447801688204 17.47153103832758 30.069289229043285 31.641962355157727 10.622807899631859 3.537386784712937 10.314929301509835 42.17903141319671
2 4 	 # V Shape
0.0 0.0 0.0 0.0
0.0 0.0 0.0 0.0
2 8 	 # Alloc Shape
0 0 0 0 1 1 1 1
1 1 1 1 0 0 0 0

2 8 	 # U Shape
43.26368745288423 49.09647351404376 84.69839430309358 64.69292988356852 56.60661286631844 49.94378181282341 69.05578220640378 13.354134479205658
9.064600360466923 25.896571167104142 85.08624111508543 67.85984938606006 25.16958074871597 81.82872895567438 69.42032037990292 39.27461761190142
2 4 	 # V Shape
0.0 0.0 0.0 0.0
0.0 0.0 0.0 0.0
2 8 	 # Alloc Shape
1 1 1 0 1 0 0 0
0 0 0 1 0 1 1 1

2 8 	 # U Shape
15.77378089912338 62.731223761101695 1.8676960186075786 94.19209919873576 76.36366927866743 98.19892601137373 8.316163487502726 11.826312382132398
74.30818938635848 15.411780519793206 88.68265511656041 29.641228661814345 56.255941848674816 0.8111711395540122 76.70516824371565 58.566648207725954
2 4 	 # V Shape
0.0 0.0 0.0 0.0
0.0 0.0 0.0 0.0
2 8 	 # Alloc Shape
0 1 0 1 1 1 0 0
1 0 1 0 0 0 1 1

2 8 	 # U Shape
10.529548272219502 39.80444598429188 44.235716987467754 43.99944381705203 52.07988201394773 84.24227676413837 17.158210821674924 52.64784643088264
35.47790934705692 65.23342596243872 41.3414005082974 8.727729816821117 80.07278751149562 9.48583641613051 69.21960609223558 68.58862025562689
2 4 	 # V Shape
0.0 0.0 0.0 0.0
0.0 0.0 0.0 0.0
2 8 	 # Alloc Shape
0 0 1 1 0 1 0 1
1 1 0 0 1 0 1 0

2 8 	 # U Shape
81.02211029680242 36.67390706910678 39.875840051970854 75.29774325259325 26.19835001998999 50.130195872658646 27.509294202645385 45.01504448231349
11.139471923477085 10.253488446634694 13.584720265502614 40.07227171394319 69.24139778634981 51.84285260851258 46.20179827645157 98.28486473476224
2 4 	 # V Shape
0.0 0.0 0.0 0.0
0.0 0.0 0.0 0.0
2 8 	 # Alloc Shape
1 1 1 1 0 0 0 0
0 0 0 0 1 1 1 1

2 8 	 # U Shape
39.81580362351066 55.97459922262412 78.44797190642717 68.37313365093785 23.258532403685063 12.328014853259027 98.07356068657775 47.97498195186327
35.29891416392936 66.44779708486024 98.5187032795321 97.72377917805142 95.48069928794752 10.867839294152182 99.90591955912859 5.968793902367131
2 4 	 # V Shape
0.0 0.0 0.0 0.0
0.0 0.0 0.0 0.0
2 8 	 # Alloc Shape
1 1 0 0 0 1 1 1
0 0 1 1 1 0 0 0

2 8 	 # U Shape
54.44786414237763 94.23446973164725 37.4259771416137 98.11652863494496 90.18281674663305 10.519287570095893 88.5367302396885 56.18440992198776
12.939150962941092 81.88142412558985 12.825314798695198 13.086133500819951 12.692009751965506 22.66056862341882 54.24222033769524 33.82487550872483
2 4 	 # V Shape
0.0 0.0 0.0 0.0
0.0 0.0 0.0 0.0
2 8 	 # Alloc Shape
1 0 1 1 1 0 0 0
0 1 0 0 0 1 1 1

2 8 	 # U Shape
80.15682852890438 69.55733102732239 89.970211884506 84.71331573359393 97.22119238370092 25.07397334262763 35.71552901834155 40.844657866440514
16.277879681831575 30.724325914644744 55.266851688186804 8.070448047363154 91.51186196073566 46.35962704685331 48.30351368138036 40.544426622148436
2 4 	 # V Shape
0.0 0.0 0.0 0.0
0.0 0.0 0.0 0.0
2 8 	 # Alloc Shape
1 1 1 1 0 0 0 0
0 0 0 0 1 1 1 1

2 8 	 # U Shape
94.31413118307273 22.828386230768526 19.363307914075456 96.2050542775715 5.139398949305418 17.30111320863764 41.46687238577743 16.886474214882618
38.58361426628891 65.5124398534839 85.00173762868364 27.28273686158047 34.036757147963634 28.831594189660002 38.04169563182575 93.68878771623629
2 4 	 # V Shape
0.0 0.0 0.0 0.0
0.0 0.0 0.0 0.0
2 8 	 # Alloc Shape
1 0 0 1 0 0 1 0
0 1 1 0 1 1 0 1

2 8 	 # U Shape
34.6725845169748 18.619162739459295 15.113218105295234 20.980434146911865 14.526877121095938 34.73042318889762 2.848967918847667 19.271375248984114
4.895639975093291 74.29691647627645 76.28477444953432 74.67662843093433 75.4691145150079 92.88460118819218 77.28999385493034 37.43321346852176
2 4 	 # V Shape
0.0 0.0 0.0 0.0
0.0 0.0 0.0 0.0
2 8 	 # Alloc Shape
1 0 0 0 0 1 0 1
0 1 1 1 1 0 1 0

2 8 	 # U Shape
18.751133120494025 8.462174146803802 33.58649123983327 80.97858418467908 92.63498710240432 64.92353205656269 87.3111251152653 10.032769294695632
15.244970742317621 87.77743035943365 62.862518612949 78.09778217523382 78.5233892767926 7.910793967928454 86.85287806285038 61.385723523946325
2 4 	 # V Shape
0.0 0.0 0.0 0.0
0.0 0.0 0.0 0.0
2 8 	 # Alloc Shape
1 0 0 1 1 1 0 0
0 1 1 0 0 0 1 1

2 8 	 # U Shape
86.55471736883126 4.256652780414061 69.43479360994925 49.013300443910424 42.06086164887326 70.84276785660715 83.53161799385278 57.59218449537742
32.99953359164425 12.311705248216331 5.129399426381931 49.30407230697003 6.267885496367387 87.612260523524 6.538822533637479 43.92194074722685
2 4 	 # V Shape
0.0 0.0 0.0 0.0
0.0 0.0 0.0 0.0
2 8 	 # Alloc Shape
1 0 1 0 1 0 1 0
0 1 0 1 0 1 0 1

2 8 	 # U Shape
9.863713552395826 1.3101074378287225 5.92870753821686 91.52847799511711 47.68070453171877 24.18799944729525 88.44825510104783 68.20002163942686
61.34292047419672 57.17805740452436 92.44719147696775 81.53119187769761 0.6505754294773625 27.675404701881757 61.422272055596764 65.69664801333028
2 4 	 # V Shape
0.0 0.0 0.0 0.0
0.0 0.0 0.0 0.0
2 8 	 # Alloc Shape
0 0 0 1 1 0 1 1
1 1 1 0 0 1 0 0

2 8 	 # U Shape
36.038048567778816 80.41382436137074 98.48035827530981 82.20034855687376 8.289694172714713 12.865945131706502 33.30136060348331 66.1504102164908
51.46032143105994 53.9900981610858 70.96004380361158 63.287090822397204 48.75451824649551 17.864914567962142 98.89022719377209 77.7618137624968
2 4 	 # V Shape
0.0 0.0 0.0 0.0
0.0 0.0 0.0 0.0
2 8 	 # Alloc Shape
0 1 1 1 0 0 0 0
1 0 0 0 1 1 1 1

2 8 	 # U Shape
5.781340557628944 95.95865507800738 37.33788901528566 77.40516470514952 83.7906725776523 5.152233171751918 50.52672823026679 69.34415552508037
67.62242606454396 16.600903926839294 3.549263499051092 41.14808694744815 2.831868489856515 53.59043298696531 19.014001066847243 87.44138010656427
2 4 	 # V Shape
0.0 0.0 0.0 0.0
0.0 0.0 0.0 0.0
2 8 	 # Alloc Shape
0 1 1 1 1 0 1 0
1 0 0 0 0 1 0 1

2 8 	 # U Shape
18.80627596231269 95.62400070729169 89.43014076936333 37.54798738445074 35.87267695767552 27.08065459418809 38.8704632198787 64.19232281884621
17.919698654402684 85.33451776284019 41.58724901027397 67.99565477527561 50.803169780366716 76.6837886754035 63.30019262545995 71.61269780943236
2 4 	 # V Shape
0.0 0.0 0.0 0.0
0.0 0.0 0.0 0.0
2 8 	 # Alloc Shape
1 1 1 0 0 0 0 1
0 0 0 1 1 1 1 0

2 8 	 # U Shape
3.431435745533429 61.94516160055753 4.673968669797501 1.9480663216184801 45.85003635826599 2.735440533917144 75.80138403445773 68.34519608016312
2.8703688703181296 29.77607813598089 49.035340501685745 61.621351956821776 46.50673522454103 35.80401383296826 77.15297781303985 68.25371540513457
2 4 	 # V Shape
0.0 0.0 0.0 0.0
0.0 0.0 0.0 0.0
2 8 	 # Alloc Shape
1 1 0 0 0 0 1 1
0 0 1 1 1 1 0 0

2 8 	 # U Shape
78.47660181903592 38.957497461617486 12.224002038476623 85.82432360693502 69.97917546011185 83.69932527359035 17.22361978673701 94.33472019424742
72.19947214710551 60.72844911252895 36.26120321530071 68.49169414371478 35.575489121015295 97.67160713815848 9.097382905778806 59.08692538706719
2 4 	 # V Shape
0.0 0.0 0.0 0.0
0.0 0.0 0.0 0.0
2 8 	 # Alloc Shape
0 0 0 1 1 0 1 1
1 1 1 0 0 1 0 0

2 8 	 # U Shape
61.93532535384981 72.60699074686033 8.793694201514956 12.616243852687969 82.88917065211763 73.37646051765586 26.50156506581377 38.31779675068607
81.71445537277923 54.155610064331725 63.486308068609375 41.48064298763258 36.11647534698782 3.4926576036965806 81.42536159497176 17.414946139220444
2 4 	 # V Shape
0.0 0.0 0.0 0.0
0.0 0.0 0.0 0.0
2 8 	 # Alloc Shape
0 1 0 0 1 1 0 1
1 0 1 1 0 0 1 0

2 8 	 # U Shape
7.20860331627825 88.6266893010347 19.56984629924987 40.500641542739814 45.65618945174704 7.837803824062828 58.519361919409526 43.965522321965075
84.95581611199822 87.15196168436607 24.755161165147253 49.7592469655803 8.174614827344428 28.206351815172837 22.751050290057016 78.50315777487975
2 4 	 # V Shape
0.0 0.0 0.0 0.0
0.0 0.0 0.0 0.0
2 8 	 # Alloc Shape
0 1 0 0 1 0 1 0
1 0 1 1 0 1 0 1

2 8 	 # U Shape
22.489340046301574 41.72623485011263 94.66114964319848 22.333597155599417 44.65692296186761 63.92533422284401 31.893136350286998 24.46799329965561
56.13783879045725 2.317933435875452 1.1074965763999134 56.09893411858137 53.42071676053263 76.14269382410858 70.80693072522372 78.93099714314774
2 4 	 # V Shape
0.0 0.0 0.0 0.0
0.0 0.0 0.0 0.0
2 8 	 # Alloc Shape
0 1 1 0 1 1 0 0
1 0 0 1 0 0 1 1

2 8 	 # U Shape
56.18176120872105 30.24038270705055 14.035987534409578 54.03288032649796 27.194851238180075 66.89827125112532 73.69335206840233 14.328904561668587
0.4161875825214434 75.99412491865375 51.17137138656205 76.30194350372867 97.94856823205272 91.61843621156106 32.059007930218776 93.97464621023005
2 4 	 # V Shape
0.0 0.0 0.0 0.0
0.0 0.0 0.0 0.0
2 8 	 # Alloc Shape
1 0 0 1 0 1 1 0
0 1 1 0 1 0 0 1

2 8 	 # U Shape
42.465279757004595 68.28027132785827 19.74236281714894 29.40904694193668 69.30215639431593 66.12925019903743 41.10144166743706 5.376316041465145
15.215443512197268 49.68349686734662 9.391632952362949 35.845441026446125 38.36599632175003 48.90646517286205 73.98865353070414 58.330635319278876
2 4 	 # V Shape
0.0 0.0 0.0 0.0
0.0 0.0 0.0 0.0
2 8 	 # Alloc Shape
1 1 1 0 1 1 0 0
0 0 0 1 0 0 1 1

2 8 	 # U Shape
61.42218375289008 57.058396102904055 8.91658762062958 84.57340299467543 0.7499615958804107 59.526340922897866 60.61343563682906 14.363019256743314
3.4973751398113317 92.70430472525409 24.628328828071144 1.355091096909744 50.9200693587611 62.606083454551786 0.6178347477156176 61.275674219034805
2 4 	 # V Shape
0.0 0.0 0.0 0.0
0.0 0.0 0.0 0.0
2 8 	 # Alloc Shape
1 0 0 1 0 1 1 0
0 1 1 0 1 0 0 1

2 8 	 # U Shape
63.882647849605526 13.808216223931758 34.20237784495638 58.18285252520187 39.26470706813573 69.48350392769102 41.274698473518804 91.08758242748274
44.63119565850525 77.67266170878455 96.27337718323469 4.324507376130171 49.55922872177264 88.69381429249988 6.255490950575016 70.82370963628983
2 4 	 # V Shape
0.0 0.0 0.0 0.0
0.0 0.0 0.0 0.0
2 8 	 # Alloc Shape
1 0 0 1 0 0 1 1
0 1 1 0 1 1 0 0

2 8 	 # U Shape
80.61020770919582 23.24691619493935 9.024925942144357 39.24488772513865 18.620787227258496 46.91155599033836 66.77376931067978 66.25911366414434
89.33168904439289 23.868292316272132 17.250299159234416 20.78464853473394 47.558342264637034 80.37317551248032 48.81447151706602 81.51905265525966
2 4 	 # V Shape
0.0 0.0 0.0 0.0
0.0 0.0 0.0 0.0
2 8 	 # Alloc Shape
1 1 0 1 0 0 1 0
0 0 1 0 1 1 0 1

2 8 	 # U Shape
23.92176506082344 51.55907832281466 40.937148172434675 96.56654337884622 76.64032560962411 38.64897396826815 20.03899124071056 45.294235201800944
87.88445604662772 65.54011747458807 41.05188884675579 20.368554161274766 85.4863307354338 47.187887863454534 79.49697315115047 41.245964987367955
2 4 	 # V Shape
0.0 0.0 0.0 0.0
0.0 0.0 0.0 0.0
2 8 	 # Alloc Shape
0 0 1 1 1 0 0 1
1 1 0 0 0 1 1 0

2 8 	 # U Shape
40.17222571910693 68.57470221427022 92.7891592952798 23.310005029836077 53.323953067018984 49.72419300777108 57.5978622263035 55.0959400129857
25.711048804058635 10.832243991231438 17.734977459547874 45.374202749498515 33.90455571294336 53.286783877741954 65.24541181322694 1.4672224507998877
2 4 	 # V Shape
0.0 0.0 0.0 0.0
0.0 0.0 0.0 0.0
2 8 	 # Alloc Shape
0 1 1 0 1 0 0 1
1 0 0 1 0 1 1 0

2 8 	 # U Shape
70.54670139248957 35.153257973524376 72.80417638941334 88.9545519537029 72.8134705059203 43.848183613029704 19.480899637256456 19.53507950744262
2.845814933559676 3.717448693860037 11.95147427081431 86.01735612130045 99.27359478288332 99.37619124742282 59.13071299776945 26.308978289419127
2 4 	 # V Shape
0.0 0.0 0.0 0.0
0.0 0.0 0.0 0.0
2 8 	 # Alloc Shape
1 1 1 1 0 0 0 0
0 0 0 0 1 1 1 1

2 8 	 # U Shape
2.9483586862234845 75.68877928588748 66.0733268843015 87.93168906163974 82.48747993441127 67.63154036310756 33.88589952069413 67.50778295189218
30.60854024949591 99.01341417019758 26.11750110728949 53.34171044152863 14.13677131388531 26.260301405509157 92.3929571501543 30.098401587300337
2 4 	 # V Shape
0.0 0.0 0.0 0.0
0.0 0.0 0.0 0.0
2 8 	 # Alloc Shape
0 0 1 1 1 1 0 1
1 1 0 0 0 0 1 0

2 8 	 # U Shape
96.11109763724073 13.090464096599607 88.95944343974242 59.86834671011538 13.668514201033243 50.83646812511241 45.87649396025558 29.406576901145996
1.7601272187429906 37.17187094768589 93.05189998923035 50.121991643055885 84.29235957120478 72.42669033415073 6.554950826199257 13.74961390110464
2 4 	 # V Shape
0.0 0.0 0.0 0.0
0.0 0.0 0.0 0.0
2 8 	 # Alloc Shape
1 0 0 1 0 0 1 1
0 1 1 0 1 1 0 0

2 8 	 # U Shape
94.24243165044285 43.02885940193505 35.186303026538404 84.62657258552039 6.956606461480385 12.511354623143312 60.53577039851571 67.5619934269181
93.56605915448195 87.12328683500795 41.69108603918347 16.25948155941106 51.82355926281414 88.60002964069068 46.727959684282624 39.780001953501596
2 4 	 # V Shape
0.0 0.0 0.0 0.0
0.0 0.0 0.0 0.0
2 8 	 # Alloc Shape
1 0 0 1 0 0 1 1
0 1 1 0 1 1 0 0

2 8 	 # U Shape
13.338414430382638 92.42913704128419 23.425958569293737 26.961262113458663 35.114376777938496 10.323894894414254 59.56269691867995 54.695286928040744
45.842665065208635 14.636445707328283 1.081298360227656 40.51833850746114 18.094733849776112 55.29030986368218 1.4457372823288073 30.036562154258007
2 4 	 # V Shape
0.0 0.0 0.0 0.0
0.0 0.0 0.0 0.0
2 8 	 # Alloc Shape
0 1 1 0 1 0 1 1
1 0 0 1 0 1 0 0

2 8 	 # U Shape
1.0005107698913052 17.886491686697916 76.36927520668975 53.26105043462878 42.79637748734999 64.27074205370442 48.53962621975141 6.219119559303321
46.97541766660691 60.708076849161344 66.49262668829127 95.44787095792987 94.35171636721923 20.67736995627172 42.58130550770486 79.7984400018823
2 4 	 # V Shape
0.0 0.0 0.0 0.0
0.0 0.0 0.0 0.0
2 8 	 # Alloc Shape
0 0 1 0 0 1 1 0
1 1 0 1 1 0 0 1

2 8 	 # U Shape
30.669601867815345 1.2545760970805064 70.41606520738779 84.04991816490408 73.97795389735661 50.09678581049042 53.230876316504464 96.43466064915015
29.796198650416837 73.5186525776763 67.8266383787816 40.39906276832193 2.5392882495353097 31.886693592715744 63.02945618711006 93.31693864554602
2 4 	 # V Shape
0.0 0.0 0.0 0.0
0.0 0.0 0.0 0.0
2 8 	 # Alloc Shape
0 0 1 1 1 1 0 0
1 1 0 0 0 0 1 1

2 8 	 # U Shape
90.6303997569417 62.98236157570215 33.91989507972285 45.88079134877201 85.81199019667748 2.32488419698782 62.130076590732145 21.5241914024233
53.88394692198754 37.9788598070572 56.5159748298278 96.93101479751066 26.434859828438817 82.77775050985288 96.78476856189194 45.9423217332916
2 4 	 # V Shape
0.0 0.0 0.0 0.0
0.0 0.0 0.0 0.0
2 8 	 # Alloc Shape
1 1 0 0 1 0 0 0
0 0 1 1 0 1 1 1

2 8 	 # U Shape
12.958242383910601 72.96417388791504 75.5813144704437 68.31033915116083 82.44154141405589 36.78786326444268 94.57507408949328 35.37106861727437
67.25201802494394 85.63139320437875 44.384400893334096 36.59558846145345 23.94141493956875 91.52199989936473 68.61057161771552 55.76385997262124
2 4 	 # V Shape
0.0 0.0 0.0 0.0
0.0 0.0 0.0 0.0
2 8 	 # Alloc Shape
0 0 1 1 1 0 1 0
1 1 0 0 0 1 0 1

2 8 	 # U Shape
87.91419726557457 15.127266533956341 13.75006515742947 13.927070140453035 11.26733454282789 79.6697679263073 91.60680146827244 20.3389084107246
48.809902783883274 69.59595724019132 52.5708309703536 72.37285651219146 86.19836500215722 86.47419723232392 41.65740991708422 4.774571789649729
2 4 	 # V Shape
0.0 0.0 0.0 0.0
0.0 0.0 0.0 0.0
2 8 	 # Alloc Shape
1 0 0 0 0 1 1 1
0 1 1 1 1 0 0 0

2 8 	 # U Shape
47.08094835987904 92.32320284309965 30.784148666869648 12.684413802358275 69.20942132702338 27.52748707280248 21.39748637208252 51.81670386788837
53.78896954212355 79.4241478633105 73.8449144351726 36.7699572276412 22.19133749251091 93.48149695051 91.85495073987822 78.4572739277271
2 4 	 # V Shape
0.0 0.0 0.0 0.0
0.0 0.0 0.0 0.0
2 8 	 # Alloc Shape
1 1 0 0 1 0 0 0
0 0 1 1 0 1 1 1

2 8 	 # U Shape
23.245460966198685 63.733158436085105 61.88076906310369 70.9920616868848 56.96388752821936 87.79884060871062 58.967086916189295 20.863873138664268
18.637436577644483 38.30408851207662 40.822370647496065 47.83309158736753 19.40141400789308 30.601978356033587 23.64443937495031 37.05509659165611
2 4 	 # V Shape
0.0 0.0 0.0 0.0
0.0 0.0 0.0 0.0
2 8 	 # Alloc Shape
0 1 0 0 1 1 1 0
1 0 1 1 0 0 0 1

2 8 	 # U Shape
63.95771868599692 37.11840440428602 30.817994457446463 43.08045934371144 21.600754572305437 14.390752377433213 94.07741362334544 76.95939368304127
70.65143172081939 93.52925115630373 1.070253759045714 39.5364149656649 16.33495337771843 54.46561192662548 10.624945761110926 86.2681663150612
2 4 	 # V Shape
0.0 0.0 0.0 0.0
0.0 0.0 0.0 0.0
2 8 	 # Alloc Shape
1 0 1 1 1 0 1 0
0 1 0 0 0 1 0 1

2 8 	 # U Shape
35.2556644663084 32.24445814471771 26.492351809192083 77.79166578752744 77.99738071539542 80.79579551466318 4.812338440493347 57.30197288821447
42.85823760159665 22.59299572151845 47.783174945908705 11.670947844655677 38.64793608957366 52.65278310248137 22.94395742603086 57.604234799477574
2 4 	 # V Shape
0.0 0.0 0.0 0.0
0.0 0.0 0.0 0.0
2 8 	 # Alloc Shape
0 1 0 1 1 1 0 0
1 0 1 0 0 0 1 1

2 8 	 # U Shape
17.753095735060963 99.39392567115152 78.3152593703023 62.51985196920749 7.14497386138958 97.22190911586578 17.64333181863529 25.81109491868193
65.35736758574106 58.22467351610617 12.8894566341624 13.190423726669753 93.52484217961896 62.21158440833911 24.37094629935691 64.07055283093524
2 4 	 # V Shape
0.0 0.0 0.0 0.0
0.0 0.0 0.0 0.0
2 8 	 # Alloc Shape
0 1 1 1 0 1 0 0
1 0 0 0 1 0 1 1

2 8 	 # U Shape
66.27110573633144 8.931576636749083 79.59146264998023 74.19780413876641 26.296003309158777 30.851542295622625 17.4858261277673 60.05650106957102
56.676035295991134 96.59259607677647 82.33803142352473 10.234720766598148 52.08768959038763 40.387808915462685 66.84573171458719 82.68145263630035
2 4 	 # V Shape
0.0 0.0 0.0 0.0
0.0 0.0 0.0 0.0
2 8 	 # Alloc Shape
1 0 1 1 0 1 0 0
0 1 0 0 1 0 1 1

2 8 	 # U Shape
18.089532010577013 64.66932338859598 38.12008720947387 25.171968359861474 75.38881968091991 33.14928480798414 87.50223171184103 87.22006292855384
17.07432792892719 31.77765685982682 83.87649460327857 15.692203320764053 15.915910654028398 42.39815926774754 98.8617783222533 81.46881977073775
2 4 	 # V Shape
0.0 0.0 0.0 0.0
0.0 0.0 0.0 0.0
2 8 	 # Alloc Shape
0 1 0 1 1 0 0 1
1 0 1 0 0 1 1 0

2 8 	 # U Shape
27.18277837809564 26.573483634104555 80.29231756372836 58.627505570999375 73.35707490559678 96.01797661940297 2.0074302701986846 95.87726435694657
70.52451127903606 72.73330305866023 93.48852192279644 50.08562792395696 17.274481963867206 82.94667057307034 37.06467726551771 48.878276822210154
2 4 	 # V Shape
0.0 0.0 0.0 0.0
0.0 0.0 0.0 0.0
2 8 	 # Alloc Shape
0 0 0 1 1 1 0 1
1 1 1 0 0 0 1 0

2 8 	 # U Shape
59.66488526247284 19.411363320843876 35.79067657635987 84.37973279866384 2.6428589702520378 6.2768457993857885 82.28096633131744 57.077157788026476
50.14772425150077 60.43864424741467 68.8345157467777 59.44760799763868 31.648750989140407 81.86108048308854 76.81676383967097 30.065352183664462
2 4 	 # V Shape
0.0 0.0 0.0 0.0
0.0 0.0 0.0 0.0
2 8 	 # Alloc Shape
1 0 0 1 0 0 1 1
0 1 1 0 1 1 0 0

2 8 	 # U Shape
38.317817164616976 91.23650602447009 70.10458672932474 6.64597049320832 9.004088961665646 17.829978873253328 87.41493486527861 62.21638774758367
89.86632291394722 47.12862517014506 47.3753650893036 32.805329825862074 52.69767785958701 37.4984609017883 10.768138173599418 64.25448811480271
2 4 	 # V Shape
0.0 0.0 0.0 0.0
0.0 0.0 0.0 0.0
2 8 	 # Alloc Shape
0 1 1 0 0 0 1 0
1 0 0 1 1 1 0 1

2 8 	 # U Shape
20.23740984376221 27.196326121666704 71.82092313682325 48.214520295616424 16.46431422420559 45.156976073609634 60.71213132684042 5.168643209198165
33.16699632891482 17.315297370086213 82.66573572952022 97.34422961443168 23.09781993919138 68.30944784464302 89.39124946815646 41.858327832423626
2 4 	 # V Shape
0.0 0.0 0.0 0.0
0.0 0.0 0.0 0.0
2 8 	 # Alloc Shape
0 1 1 0 1 0 1 0
1 0 0 1 0 1 0 1

2 8 	 # U Shape
84.00116444366542 89.63046837600925 4.105807343892154 53.00034228564492 50.96758168019066 3.227498929207162 43.60669192290474 69.24019339973097
52.08696811408359 3.709140396953592 12.336431424917471 11.431714513894264 33.23756015146221 15.118833908568552 65.6227389255555 56.605246756901536
2 4 	 # V Shape
0.0 0.0 0.0 0.0
0.0 0.0 0.0 0.0
2 8 	 # Alloc Shape
1 1 0 1 1 0 0 0
0 0 1 0 0 1 1 1

2 8 	 # U Shape
88.52726618160679 58.894610770939806 69.9795848111432 12.658660581882941 50.13002729217851 3.1435259521775283 31.699239096913733 80.1681902279849
94.52374574240274 10.38497827695506 30.26862181500789 86.9837594036969 98.27778802395969 87.86398376592118 92.61765591163511 89.25484301766957
2 4 	 # V Shape
0.0 0.0 0.0 0.0
0.0 0.0 0.0 0.0
2 8 	 # Alloc Shape
1 1 1 0 0 0 0 1
0 0 0 1 1 1 1 0

2 8 	 # U Shape
11.517444349578987 82.88487315369754 95.24567177083277 80.26571888824165 1.798564073265685 75.8378217976887 69.33274799018783 11.973425174490803
69.32962770196748 23.674892248619173 13.784927792975 33.21756748075857 48.04922123178952 97.8755272277579 13.791875564089406 90.66813956696761
2 4 	 # V Shape
0.0 0.0 0.0 0.0
0.0 0.0 0.0 0.0
2 8 	 # Alloc Shape
0 1 1 1 0 0 1 0
1 0 0 0 1 1 0 1

2 8 	 # U Shape
14.43966677111258 3.5042156546748804 60.63435736974211 25.65518867670771 33.612514886682945 3.8066673743601065 58.699666013108796 67.20877428636527
40.495209330487015 50.65702024462443 43.397014454214045 7.458439519176641 57.01400295148223 97.51691811234565 13.38032701857662 70.63528162275827
2 4 	 # V Shape
0.0 0.0 0.0 0.0
0.0 0.0 0.0 0.0
2 8 	 # Alloc Shape
0 0 1 1 0 0 1 1
1 1 0 0 1 1 0 0

2 8 	 # U Shape
15.064671236085413 12.349641918917397 44.303759544419094 2.4174312907164763 53.288757111121086 73.32705263708648 46.917854077633706 74.6277391398742
52.49295125587161 25.43973262527691 55.99675465960286 19.54359927342605 83.25866432647939 58.55454624183318 64.35847743446537 64.27772890530102
2 4 	 # V Shape
0.0 0.0 0.0 0.0
0.0 0.0 0.0 0.0
2 8 	 # Alloc Shape
0 0 1 0 0 1 0 1
1 1 0 1 1 0 1 0

2 8 	 # U Shape
28.447100736742183 37.49622010952911 28.57579461871439 33.10210009636606 20.052426724672166 24.16253520687207 61.129162527158506 5.328763202194264
53.944566986032896 11.983596138262953 91.82846998534463 97.72066330015497 66.81037906982625 69.10582076827362 69.31238562174981 7.16446415086176
2 4 	 # V Shape
0.0 0.0 0.0 0.0
0.0 0.0 0.0 0.0
2 8 	 # Alloc Shape
1 1 0 0 0 0 1 1
0 0 1 1 1 1 0 0

2 8 	 # U Shape
89.15300142160511 43.69232918305832 99.78149976888638 40.727734316700804 22.96411041960428 77.91842451364698 15.962745813277257 64.38368405604899
73.72599856802223 75.90970684052134 73.40931180183175 36.155308596447114 71.75615870284702 1.8109028429974527 7.711915383604751 26.458343128166963
2 4 	 # V Shape
0.0 0.0 0.0 0.0
0.0 0.0 0.0 0.0
2 8 	 # Alloc Shape
0 0 1 0 0 1 1 1
1 1 0 1 1 0 0 0

2 8 	 # U Shape
90.38123622520607 15.71822802239472 64.62052131527822 74.45355985219348 14.812655049493594 5.975139764611914 56.07675206173739 48.7391830845156
41.16090394341414 73.48367946318439 60.50514707941149 20.161495849013246 22.81039215020313 37.811656229501864 77.23981891876537 65.24632224580172
2 4 	 # V Shape
0.0 0.0 0.0 0.0
0.0 0.0 0.0 0.0
2 8 	 # Alloc Shape
1 0 1 1 0 0 0 0
0 1 0 0 1 1 1 1

2 8 	 # U Shape
51.97657421267417 23.164359633643137 55.21666049063586 17.92806443387175 96.30724722373384 86.1015910649274 7.8363192853348025 61.70365107021417
71.125325918191 9.039293421714433 34.27912646208821 29.399572312191868 5.090194107576074 6.868318581678723 46.62876287085241 35.93241604413374
2 4 	 # V Shape
0.0 0.0 0.0 0.0
0.0 0.0 0.0 0.0
2 8 	 # Alloc Shape
0 1 0 0 1 1 0 1
1 0 1 1 0 0 1 0

2 8 	 # U Shape
53.21131573706879 48.46775903927877 81.13338466008763 55.43856929641207 71.34286952802191 22.459500472159966 29.301580178680766 35.892274206886135
81.39596238293916 1.008558675359239 70.32568664935813 63.82910474686052 78.86466070406729 37.29043853669033 34.94914741494567 82.93504966385409
2 4 	 # V Shape
0.0 0.0 0.0 0.0
0.0 0.0 0.0 0.0
2 8 	 # Alloc Shape
0 1 1 0 1 0 1 0
1 0 0 1 0 1 0 1

2 8 	 # U Shape
87.31965692102862 46.347408936493025 38.237900659531974 33.85263449638413 44.11922052185873 12.538773296174355 40.55992169439566 42.013508233253425
32.186785609302305 61.967998198086924 25.67074755343336 0.7515900261190867 5.536350838283644 49.582408328067885 49.27347189061527 71.14008545589418
2 4 	 # V Shape
0.0 0.0 0.0 0.0
0.0 0.0 0.0 0.0
2 8 	 # Alloc Shape
1 0 1 1 1 0 0 0
0 1 0 0 0 1 1 1

2 8 	 # U Shape
38.985032396179186 67.0711008916244 61.693266700281036 47.735186313832386 13.92567385860839 53.66299790040817 65.5348354121552 62.706354243864546
55.189040024390465 55.361576848477675 83.12422274302406 6.696447311825205 4.8119707855195255 52.36788163224647 0.17361003629484673 75.97033805994732
2 4 	 # V Shape
0.0 0.0 0.0 0.0
0.0 0.0 0.0 0.0
2 8 	 # Alloc Shape
0 1 0 1 1 1 1 0
1 0 1 0 0 0 0 1

2 8 	 # U Shape
94.01502819859678 50.48401383236369 77.14348821273735 36.610740603197144 63.95732723280144 3.7066362096112693 80.92652055952615 42.78885198633636
39.87517353418275 43.73783166955717 91.61809024440896 37.9670911846687 17.332861963024982 3.3995776859254923 26.176542641573196 94.45580196027258
2 4 	 # V Shape
0.0 0.0 0.0 0.0
0.0 0.0 0.0 0.0
2 8 	 # Alloc Shape
1 1 0 0 1 0 1 0
0 0 1 1 0 1 0 1

2 8 	 # U Shape
85.57961943452472 37.068225645391365 7.035705526860037 70.44495111412175 40.454327038815165 52.969184706990156 78.50552323358075 42.346207499184196
23.960182580125533 13.339206899877231 40.71339968713934 14.819388223212371 56.00206104287331 60.16011078342527 91.36148842555912 36.24999972633434
2 4 	 # V Shape
0.0 0.0 0.0 0.0
0.0 0.0 0.0 0.0
2 8 	 # Alloc Shape
1 1 0 1 0 0 0 1
0 0 1 0 1 1 1 0

2 8 	 # U Shape
67.38231329868202 23.524807184812534 23.411912584092754 64.9343046040306 12.48396468957016 74.24564795169213 41.876235837863085 24.597853881166422
31.472385209890398 46.23641298520508 82.44053070224491 62.50216224243961 53.07094665790093 19.500637677773945 2.0561421492996335 10.32670024583905
2 4 	 # V Shape
0.0 0.0 0.0 0.0
0.0 0.0 0.0 0.0
2 8 	 # Alloc Shape
1 0 0 0 0 1 1 1
0 1 1 1 1 0 0 0

2 8 	 # U Shape
40.04789584298314 92.57300912765398 73.46789325362593 53.648298225254734 22.858431473304975 15.157202230839484 23.43514251560388 12.758647112306065
39.57435897715814 68.3371846878133 88.16260489943492 35.35991210255911 94.70202421082121 89.49449381960619 95.9851402230676 35.0929675891597
2 4 	 # V Shape
0.0 0.0 0.0 0.0
0.0 0.0 0.0 0.0
2 8 	 # Alloc Shape
1 1 1 1 0 0 0 0
0 0 0 0 1 1 1 1

2 8 	 # U Shape
48.350534642155374 85.21841578800407 80.28178610313248 75.89470848631917 65.35588971719083 43.4365349992479 60.610890100030026 85.7479176975535
66.18878135124706 2.4806576663862656 90.78671699779834 41.581887515217545 80.12146412167333 48.79058089031306 95.6731528281712 16.20194991333249
2 4 	 # V Shape
0.0 0.0 0.0 0.0
0.0 0.0 0.0 0.0
2 8 	 # Alloc Shape
0 1 0 1 0 1 0 1
1 0 1 0 1 0 1 0

