2 8 	 # U Shape
68.38184293612342 81.66018352206666 33.60715844645519 89.08165306793224 19.812181303297027 3.061665387269341 87.76149398973291 72.74355137182333
54.08809312773927 13.14581524025229 41.36673744184527 77.8728808263993 58.39013656536759 18.263143630201494 82.60822477490753 10.540183348780108
2 4 	 # V Shape
0.0 0.0 0.0 0.0
0.0 0.0 0.0 0.0
2 8 	 # Alloc Shape
1 1 0 1 0 0 0 1
0 0 1 0 1 1 1 0

2 8 	 # U Shape
81.92869956700687 19.89475396788123 85.68503024577332 35.16526394320879 75.46476915298572 29.59617068796787 88.39364795611863 32.55116378322488
16.501589771914848 39.25292439465873 9.34603745586503 82.11056578369285 15.115201964256386 38.411444869219956 94.42607122388011 98.76254749018723
2 4 	 # V Shape
0.0 0.0 0.0 0.0
0.0 0.0 0.0 0.0
2 8 	 # Alloc Shape
1 0 1 0 1 0 0 0
0 1 0 1 0 1 1 1

2 8 	 # U Shape
31.49268718426883 63.64911430675446 34.634715008003305 4.309735620499444 87.9915174517916 76.3240587143681 87.80966427248583 41.7509143839267
60.55775643937567 51.34666274082884 59.783664796297366 26.221566113195028 30.087130894070725 2.539978205010607 30.306256065103476 24.207587540352737
2 4 	 # V Shape
0.0 0.0 0.0 0.0
0.0 0.0 0.0 0.0
2 8 	 # Alloc Shape
0 0 0 0 1 1 1 1
1 1 1 1 0 0 0 0

2 8 	 # U Shape
60.61467512097144 11.266460060032312 54.39204468281714 72.07985821149826 86.58153664369613 14.67011240362427 10.33810697475811 49.05546792770487
2.9179555725059814 59.48609498083124 20.58454755729263 20.28029735223642 84.4125875145672 6.156637652890984 49.92306894498102 24.84669787091387
2 4 	 # V Shape
0.0 0.0 0.0 0.0
0.0 0.0 0.0 0.0
2 8 	 # Alloc Shape
1 0 1 1 0 1 0 1
0 1 0 0 1 0 1 0

2 8 	 # U Shape
6.549785708449718 22.06278632094777 13.737324636325255 74.42959247372988 34.66906590240366 57.76642545443549 16.835293592182808 3.797170428436425
81.71767039909648 81.24648534420864 18.843565991918332 37.306239775159014 74.41921360335503 18.624777424797223 41.37978064984473 23.100531970115114
2 4 	 # V Shape
0.0 0.0 0.0 0.0
0.0 0.0 0.0 0.0
2 8 	 # Alloc Shape
0 0 1 1 0 1 0 0
1 1 0 0 1 0 1 1

2 8 	 # U Shape
35.55813891297041 2.343208967343946 93.51290211010857 20.95977126264186 57.677297926328464 58.10473308202846 23.392116115287397 48.29791904668277
54.70433236745386 87.18123119359062 96.40360264185229 16.161057694639414 1.6890216716548112 1.7029974490559763 19.88350364892616 89.85460488111815
2 4 	 # V Shape
0.0 0.0 0.0 0.0
0.0 0.0 0.0 0.0
2 8 	 # Alloc Shape
0 0 1 1 1 1 1 0
1 1 0 0 0 0 0 1

2 8 	 # U Shape
9.344037694376706 81.3316083670804 78.48667182769469 39.34191124365154 86.44791938019533 38.40307681157324 25.730288720500383 82.94019198272359
73.63827038385634 50.76009080549594 64.43266150414169 21.31865653786481 89.57089487035581 96.59462515078151 31.700156230578813 86.55526182272831
2 4 	 # V Shape
0.0 0.0 0.0 0.0
0.0 0.0 0.0 0.0
2 8 	 # Alloc Shape
0 1 1 1 1 0 0 0
1 0 0 0 0 1 1 1

2 8 	 # U Shape
60.81689510093544 56.86751048128866 7.936628579412774 98.7080075759515 36.585267914564845 30.857405385931823 40.176833801872014 3.8390814451594424
5.220999047317065 20.963889655800074 26.711682076210696 2.0180928798586684 41.11256911223199 54.07066929358788 72.34816370105102 88.32868193093702
2 4 	 # V Shape
0.0 0.0 0.0 0.0
0.0 0.0 0.0 0.0
2 8 	 # Alloc Shape
1 1 0 1 0 0 0 0
0 0 1 0 1 1 1 1

2 8 	 # U Shape
97.48124993966691 68.05743744444447 19.325373228646104 4.673922716139501 95.26439367706239 85.86490154684266 82.79031757485711 96.39005228382828
59.893644907267486 93.09158358477515 14.67688142787268 11.39603087546922 37.20289021738344 76.65601265709068 32.114203146495946 63.803508134462675
2 4 	 # V Shape
0.0 0.0 0.0 0.0
0.0 0.0 0.0 0.0
2 8 	 # Alloc Shape
1 0 0 0 1 0 1 1
0 1 1 1 0 1 0 0

2 8 	 # U Shape
59.326934725636285 21.59877091717288 32.855583463033845 6.827274752131252 72.56537772527642 61.22399098558322 11.700493983201266 68.7366499029156
14.501861866387532 96.25283238089534 77.72782160176988 90.33500334815702 78.43792250906823 50.86868668262204 13.197066408625446 22.981003079385765
2 4 	 # V Shape
0.0 0.0 0.0 0.0
0.0 0.0 0.0 0.0
2 8 	 # Alloc Shape
1 0 0 0 1 1 0 1
0 1 1 1 0 0 1 0

2 8 	 # U Shape
64.83314856533615 87.06156473347222 59.42777205222456 15.171964914679803 81.87215707992948 16.034803009580724 66.0695342129468 17.663504593674883
48.419865845573696 71.3554558011378 48.120128500887546 14.075845193491954 73.07873881381384 81.22958951949273 72.38205196421121 67.17322953422301
2 4 	 # V Shape
0.0 0.0 0.0 0.0
0.0 0.0 0.0 0.0
2 8 	 # Alloc Shape
1 1 1 0 1 0 0 0
0 0 0 1 0 1 1 1

2 8 	 # U Shape
58.10579071349049 8.749305252390538 11.687943957439817 77.10712553078545 73.2795268796522 8.71283569325122 35.74631981198847 77.32116217522615
13.14716016117561 53.783243385397405 75.47235662269492 27.252617599113517 56.65169959073283 47.668497071666195 55.66206925418394 44.07370574138011
2 4 	 # V Shape
0.0 0.0 0.0 0.0
0.0 0.0 0.0 0.0
2 8 	 # Alloc Shape
1 0 0 1 1 0 0 1
0 1 1 0 0 1 1 0

2 8 	 # U Shape
83.8491762190224 64.29768520274159 25.527448966613008 34.09119855738164 25.073788340317094 28.61426173287246 92.37574440277018 30.62530966510215
56.81850195842788 36.78206969289417 79.46997153513944 3.405577520367198 21.627897524280026 71.02738447959041 62.78623555090681 18.931700678206653
2 4 	 # V Shape
0.0 0.0 0.0 0.0
0.0 0.0 0.0 0.0
2 8 	 # Alloc Shape
1 1 0 1 0 0 1 1
0 0 1 0 1 1 0 0

2 8 	 # U Shape
5.889401144077377 9.194928490764765 17.41999431414464 43.925435059827535 81.09342250751058 91.04021236063346 57.609071201198766 29.11544297803492
65.17863717812156 63.79207007555681 50.35747397173306 96.55527156217963 80.66911496104903 92.85193564036172 61.3935126664438 98.20039163431012
2 4 	 # V Shape
0.0 0.0 0.0 0.0
0.0 0.0 0.0 0.0
2 8 	 # Alloc Shape
0 0 0 0 1 1 1 0
1 1 1 1 0 0 0 1

2 8 	 # U Shape
10.495741202168796 51.063130834591576 64.54886627441758 15.30668142526591 0.17596491043597728 96.70457532300503 80.78665332650922 27.406758936347153
27.908960707212593 12.067964142197818 48.0688264990857 93.23019787625626 91.49274257682686 24.387509597581104 39.48582964158739 97.0239530226589
2 4 	 # V Shape
0.0 0.0 0.0 0.0
0.0 0.0 0.0 0.0
2 8 	 # Alloc Shape
0 1 1 0 0 1 1 0
1 0 0 1 1 0 0 1

2 8 	 # U Shape
24.023809053811384 59.71550908896851 82.01551829558296 60.71042457755422 67.46668428509153 25.42710996797375 6.7632192249138186 71.09093369523617
88.28306253501864 92.9516576515834 70.7208688808081 84.9462053418791 16.681942353739252 14.399257681768674 3.901817261836449 99.83122425500672
2 4 	 # V Shape
0.0 0.0 0.0 0.0
0.0 0.0 0.0 0.0
2 8 	 # Alloc Shape
0 0 1 1 1 1 1 0
1 1 0 0 0 0 0 1

2 8 	 # U Shape
40.08766846351621 28.689069833770773 84.30448852638386 61.704455297741646 14.05987267853942 22.87556137159159 84.1497971175196 84.43584735081981
22.014599338063867 81.1137639752162 53.59535338891156 61.04284489824332 52.38698831262817 63.96291484955626 0.5156348033917069 2.4738783415619525
2 4 	 # V Shape
0.0 0.0 0.0 0.0
0.0 0.0 0.0 0.0
2 8 	 # Alloc Shape
1 0 1 0 0 0 1 1
0 1 0 1 1 1 0 0

2 8 	 # U Shape
0.5290509169382895 9.016116884502079 5.618398091194033 88.43256633664335 98.55858566528507 52.01746856274987 19.841742953279574 93.33483160830191
65.45982033421369 79.1791747160087 51.1215678611379 78.82118923792203 33.47967316748672 11.32531344173897 90.48139767028248 0.4223913508407007
2 4 	 # V Shape
0.0 0.0 0.0 0.0
0.0 0.0 0.0 0.0
2 8 	 # Alloc Shape
0 0 0 1 1 1 0 1
1 1 1 0 0 0 1 0

2 8 	 # U Shape
75.44924749082648 43.71231912677318 40.02120902427818 72.29163139452544 37.23685794123146 55.25980303993004 8.046361735719143 59.4275567103534
28.092146693320718 74.24475863144008 29.882719665268308 75.75366841711616 22.636013801884005 0.44076449230693315 13.978028098719586 29.576370224015925
2 4 	 # V Shape
0.0 0.0 0.0 0.0
0.0 0.0 0.0 0.0
2 8 	 # Alloc Shape
1 0 0 0 1 1 0 1
0 1 1 1 0 0 1 0

2 8 	 # U Shape
22.286359973606018 21.272669051414418 62.79879624064401 63.3276129149952 30.32790372858618 81.63677514534665 41.905671700889435 81.38582852339901
26.521517056103107 98.34254714034867 87.23053226599075 44.85245893649456 33.53845098473835 2.9706053983398317 99.09367486495766 68.09495248305892
2 4 	 # V Shape
0.0 0.0 0.0 0.0
0.0 0.0 0.0 0.0
2 8 	 # Alloc Shape
0 0 0 1 1 1 0 1
1 1 1 0 0 0 1 0

2 8 	 # U Shape
64.672019512236 2.923457187959755 75.3520872510052 88.97329460901544 1.0380039277155584 32.742784280664175 82.8491091472489 11.259759396041913
2.46957379137116 81.43535288722657 24.89052719751651 24.919659562913242 15.823680006023388 27.60559485572227 42.87103455736679 25.84218054044709
2 4 	 # V Shape
0.0 0.0 0.0 0.0
0.0 0.0 0.0 0.0
2 8 	 # Alloc Shape
1 0 1 1 0 0 1 0
0 1 0 0 1 1 0 1

2 8 	 # U Shape
32.242105182328714 10.716543173998428 16.12497572680799 67.2786361462869 71.41498933545607 23.723420298054943 80.57173684799352 91.8296297398204
98.46218462188033 99.70471450204329 51.59239606629441 70.00843086171844 7.655877521919541 90.11414967516501 81.35826471117177 35.90617132505789
2 4 	 # V Shape
0.0 0.0 0.0 0.0
0.0 0.0 0.0 0.0
2 8 	 # Alloc Shape
0 0 0 1 1 0 1 1
1 1 1 0 0 1 0 0

2 8 	 # U Shape
93.66270650173475 48.82657956734827 44.295295987512375 2.33104247827286 12.842847576732785 70.86610689956076 88.30636980843853 4.744236715872807
43.80241011381069 11.37607562487939 16.104217757221107 60.23318418322183 98.0939241992898 56.64028494798152 11.405886530309118 52.417000623308695
2 4 	 # V Shape
0.0 0.0 0.0 0.0
0.0 0.0 0.0 0.0
2 8 	 # Alloc Shape
1 1 1 0 0 0 1 0
0 0 0 1 1 1 0 1

2 8 	 # U Shape
22.05808252164121 91.9541042614113 20.550070040934887 68.8338564596957 37.520982171297966 21.15290267782305 82.09913422120398 11.457443808560841
77.3050694280877 48.30605180582771 94.97097563140352 54.97037162982481 52.442620917032976 87.35848104416326 64.6725820158072 32.923076971827626
2 4 	 # V Shape
0.0 0.0 0.0 0.0
0.0 0.0 0.0 0.0
2 8 	 # Alloc Shape
0 1 0 1 0 0 1 0
1 0 1 0 1 1 0 1

2 8 	 # U Shape
23.635683552876973 98.86302119030287 58.87823304656115 19.90778845146344 99.01677425951613 85.31013937258002 34.41210337303031 65.7041038386832
93.30603851526195 55.90763503622822 61.71050774113157 46.89892047477561 99.48297662211691 93.34737092152959 2.825541238821039 44.83929398895393
2 4 	 # V Shape
0.0 0.0 0.0 0.0
0.0 0.0 0.0 0.0
2 8 	 # Alloc Shape
0 1 0 0 1 0 1 1
1 0 1 1 0 1 0 0

2 8 	 # U Shape
34.298964015810505 7.282651584859834 9.673344668488927 99.1935404620845 25.302526804618587 27.571441303704958 99.25145366471824 0.90899539715672
80.72458651132489 35.529167488218405 49.492622902673446 88.6757945405175 36.424790266328834 7.240347811434022 61.64042863443905 73.29702869424402
2 4 	 # V Shape
0.0 0.0 0.0 0.0
0.0 0.0 0.0 0.0
2 8 	 # Alloc Shape
0 0 0 1 0 1 1 0
1 1 1 0 1 0 0 1

2 8 	 # U Shape
34.305533571646805 29.23205418355934 27.041317675814792 47.44876227594702 55.86037964227293 0.6347476001110741 84.34576971052346 13.603392792337743
76.24420374753139 8.243690470409959 76.3761153364984 36.33931936773135 24.174586211048698 75.8625483039149 5.581914953661638 44.877361511359204
2 4 	 # V Shape
0.0 0.0 0.0 0.0
0.0 0.0 0.0 0.0
2 8 	 # Alloc Shape
0 1 0 1 1 0 1 0
1 0 1 0 0 1 0 1

2 8 	 # U Shape
49.09424621118489 72.08912195238541 99.62322660739507 43.533776323883856 2.1464328280912603 1.5101580588801289 47.16963821413963 63.80396395660042
10.554754374241416 21.965756983369356 73.49374715928855 71.31278653062647 96.03874411608422 73.13319921709865 84.00464200610347 59.42567718918943
2 4 	 # V Shape
0.0 0.0 0.0 0.0
0.0 0.0 0.0 0.0
2 8 	 # Alloc Shape
1 1 1 0 0 0 0 1
0 0 0 1 1 1 1 0

2 8 	 # U Shape
48.32935210264835 39.28910553212097 89.96944797582809 28.001251957542937 9.461643872180725 50.45095661759922 17.77668022757236 23.14241690996395
69.77504707515315 88.51907855493334 89.64175130705006 80.68185578640387 78.70374263456895 81.15371477991414 32.456204719687044 62.08359585628048
2 4 	 # V Shape
0.0 0.0 0.0 0.0
0.0 0.0 0.0 0.0
2 8 	 # Alloc Shape
1 0 1 0 0 1 0 0
0 1 0 1 1 0 1 1

2 8 	 # U Shape
71.54183825624773 32.307341665327584 81.60447201070554 94.70303629320978 16.134465789647713 52.8978522535055 77.93405687788638 35.78263593553635
36.86941609474034 70.11729025692875 55.308641716702056 62.274559406906185 20.527674341921575 64.3186558812475 49.61184413263576 65.69378460971377
2 4 	 # V Shape
0.0 0.0 0.0 0.0
0.0 0.0 0.0 0.0
2 8 	 # Alloc Shape
1 0 1 1 0 0 1 0
0 1 0 0 1 1 0 1

2 8 	 # U Shape
6.502920361422193 24.019292497954957 9.044661841120538 76.09648782115683 21.5326974913587 68.05099195535821 47.48674293207318 93.08159224933445
15.796901892179882 48.12337217192933 9.10931050802526 17.64576874748117 7.362796696187168 34.39932939580566 67.69927850435899 27.763892690350545
2 4 	 # V Shape
0.0 0.0 0.0 0.0
0.0 0.0 0.0 0.0
2 8 	 # Alloc Shape
0 0 0 1 1 1 0 1
1 1 1 0 0 0 1 0

2 8 	 # U Shape
68.99479852479291 9.518927820839874 34.832991985182595 80.89628600489587 45.96371878254247 62.61243048191758 20.364683085153747 9.367540477537306
97.55259672661387 36.734382833526965 57.628396794315975 24.593206795461718 99.24586947447051 56.62711282772746 51.67864455272888 88.14339679725217
2 4 	 # V Shape
0.0 0.0 0.0 0.0
0.0 0.0 0.0 0.0
2 8 	 # Alloc Shape
1 0 0 1 0 1 0 0
0 1 1 0 1 0 1 1

2 8 	 # U Shape
61.96331741256208 83.98633769602982 0.011310506886430538 98.11566840380816 36.487137627334 87.36346996696308 38.86952523704517 64.34538328828394
71.40364433110099 87.62844383950313 10.413205930885095 66.87135206968982 17.417948781763336 40.08208383468471 57.71155839490098 43.37939238458628
2 4 	 # V Shape
0.0 0.0 0.0 0.0
0.0 0.0 0.0 0.0
2 8 	 # Alloc Shape
0 0 0 1 1 1 0 1
1 1 1 0 0 0 1 0

2 8 	 # U Shape
99.25319133165988 12.493108260697728 51.67221149865642 35.603600906937594 79.47122116581752 88.74317067891731 86.29141040544316 85.036887937482
43.218591823205145 75.98078427099402 6.020717180756585 24.706180389118437 59.5619512914205 26.833623249532934 93.975335256828 61.34037984800385
2 4 	 # V Shape
0.0 0.0 0.0 0.0
0.0 0.0 0.0 0.0
2 8 	 # Alloc Shape
1 0 1 1 0 1 0 1
0 1 0 0 1 0 1 0

2 8 	 # U Shape
68.6495322941087 35.66202389317096 65.68617129363271 17.153049419266033 48.49372906420839 25.506073540648934 85.75420733763673 5.794096717936348
69.63834542660223 76.09481818724295 13.177566048555022 15.55768061272621 81.76159229732352 89.57449001494221 98.19522897797296 74.35382696674792
2 4 	 # V Shape
0.0 0.0 0.0 0.0
0.0 0.0 0.0 0.0
2 8 	 # Alloc Shape
1 0 1 1 0 0 1 0
0 1 0 0 1 1 0 1

2 8 	 # U Shape
93.34488090248162 58.10270676213134 24.44220555419532 68.43516467349062 91.43203585585495 30.488511520670457 47.54449302929772 13.900553299343809
84.20404605008784 56.80769372457812 3.188671767903428 19.246473296386814 93.98082448548813 65.01140340562004 3.0298185578239156 89.30998681720213
2 4 	 # V Shape
0.0 0.0 0.0 0.0
0.0 0.0 0.0 0.0
2 8 	 # Alloc Shape
1 1 1 1 0 0 1 0
0 0 0 0 1 1 0 1

2 8 	 # U Shape
31.093699252150476 49.98025835687895 68.07904826516953 39.65098130466744 72.54553133137138 42.757544654385846 59.90890226697482 9.619300720548097
98.81364122013652 92.04699478043065 82.33506584843163 77.78501071558553 96.27472297348788 50.72398764845496 11.676276518453754 46.25712122070704
2 4 	 # V Shape
0.0 0.0 0.0 0.0
0.0 0.0 0.0 0.0
2 8 	 # Alloc Shape
0 0 1 0 1 1 1 0
1 1 0 1 0 0 0 1

2 8 	 # U Shape
23.07718142908437 87.2667486390751 78.38909740292421 26.78516945527597 75.51776076189715 96.23748927675585 73.10437961893504 58.621557258412395
68.06733084434804 12.48696513431039 96.78727674569983 8.462145456856529 30.502457531167536 59.014425115292944 61.30026811490878 20.74484329963636
2 4 	 # V Shape
0.0 0.0 0.0 0.0
0.0 0.0 0.0 0.0
2 8 	 # Alloc Shape
0 1 0 1 1 1 0 1
1 0 1 0 0 0 1 0

2 8 	 # U Shape
13.894021778041788 10.644549909602318 11.332534418104068 63.30836000967018 52.19507898430218 19.6154020404391 83.31324031195798 79.26189094420246
98.26008745192202 52.51702867994303 85.05749692549843 27.408917401371035 11.861413894123164 27.179536135883453 0.7313385581816267 3.106847376183264
2 4 	 # V Shape
0.0 0.0 0.0 0.0
0.0 0.0 0.0 0.0
2 8 	 # Alloc Shape
0 0 0 1 1 0 1 1
1 1 1 0 0 1 0 0

2 8 	 # U Shape
61.378794565612196 96.73146277449449 90.94277994690535 92.3587539666623 65.70233338121578 18.80378792614095 87.71502452997876 80.72235657099718
66.25030356623579 95.85250103517666 2.971177876009856 36.98929606536049 92.23052668200495 88.99095868397676 84.14054756956298 12.86713441738475
2 4 	 # V Shape
0.0 0.0 0.0 0.0
0.0 0.0 0.0 0.0
2 8 	 # Alloc Shape
0 0 1 1 0 0 1 1
1 1 0 0 1 1 0 0

2 8 	 # U Shape
13.428662473013508 94.1055424123638 22.547806367281787 88.31624935411332 24.28643127508242 23.826687309168026 69.08727281613396 87.11031906585175
17.951077959070695 45.11721579710953 18.64955345396303 98.34791816066387 48.96369762362565 82.8705747306922 38.38953307927665 5.312570443953724
2 4 	 # V Shape
0.0 0.0 0.0 0.0
0.0 0.0 0.0 0.0
2 8 	 # Alloc Shape
0 1 1 0 0 0 1 1
1 0 0 1 1 1 0 0

2 8 	 # U Shape
24.19740554739778 20.406364773640785 62.409733916845425 22.43481836939353 47.312769570935195 74.47687117050225 36.34426616605396 72.59752036799729
1.5862733146993158 49.92144854049266 81.98238928463877 69.03971099763125 3.0331091540394928 3.419613454753956 75.59295935933565 20.48020332570347
2 4 	 # V Shape
0.0 0.0 0.0 0.0
0.0 0.0 0.0 0.0
2 8 	 # Alloc Shape
1 0 0 0 1 1 0 1
0 1 1 1 0 0 1 0

2 8 	 # U Shape
68.92806366108394 4.262924641106169 1.251372625434588 51.26045728189236 95.2886173527022 34.227223632043305 54.101655038750316 18.29515154069188
68.50127769141979 58.53030475283239 44.66591238519841 20.242825503232698 63.34941077109277 88.08525836896538 31.640344698209688 27.43705391968253
2 4 	 # V Shape
0.0 0.0 0.0 0.0
0.0 0.0 0.0 0.0
2 8 	 # Alloc Shape
1 0 0 1 1 0 1 0
0 1 1 0 0 1 0 1

2 8 	 # U Shape
26.70496119397445 28.318139607939287 60.61816877491992 26.59741935868778 25.532252242687715 4.1592324467440545 2.830345104832843 58.08171207478732
39.06316209019345 10.952263102397675 9.285032795296832 62.098234249677944 47.82563175576823 74.31934267164534 31.291644298061772 91.78846918298278
2 4 	 # V Shape
0.0 0.0 0.0 0.0
0.0 0.0 0.0 0.0
2 8 	 # Alloc Shape
1 1 1 0 0 0 0 1
0 0 0 1 1 1 1 0

2 8 	 # U Shape
88.66977690955193 34.088167406451085 87.24011928262189 21.824297123715976 36.2475892681537 50.949959013542255 31.64855076233284 98.09070513914135
90.99815125364033 58.01035468574906 50.17907532767999 53.25898387732819 8.281101068951436 18.33309043592046 84.72132231084105 19.088768573132853
2 4 	 # V Shape
0.0 0.0 0.0 0.0
0.0 0.0 0.0 0.0
2 8 	 # Alloc Shape
0 0 1 0 1 1 0 1
1 1 0 1 0 0 1 0

2 8 	 # U Shape
98.62123874926311 29.972207687843188 23.67210925272517 84.65523910560665 44.00086130187218 64.5845835847337 25.707991913811668 71.27211613135006
23.90829164320162 60.160576878526285 92.44943623589073 47.76846218764258 35.82725278567078 62.97140640612502 36.38756293311908 93.20188968405168
2 4 	 # V Shape
0.0 0.0 0.0 0.0
0.0 0.0 0.0 0.0
2 8 	 # Alloc Shape
1 0 0 1 1 1 0 0
0 1 1 0 0 0 1 1

2 8 	 # U Shape
50.87310574754118 68.43917114623372 85.80894722824426 88.43525222369706 10.378333326771072 9.114824732003768 40.24019451511519 72.31659838033436
18.72039830827188 18.04637177541364 88.57788581145795 57.267291078755555 29.483422794134782 5.030352249163661 45.33084068296518 42.461106628348745
2 4 	 # V Shape
0.0 0.0 0.0 0.0
0.0 0.0 0.0 0.0
2 8 	 # Alloc Shape
1 1 0 1 0 1 0 1
0 0 1 0 1 0 1 0

2 8 	 # U Shape
95.41227305606255 64.36514862833917 5.859880017805564 23.740708112108923 60.729484571171476 51.53597444844063 75.87734480095168 23.496117804708337
77.71437499400726 77.06168427008873 43.584816639713466 70.3954723101276 95.77244694951817 79.46375870867021 10.922041808660655 81.9411678218866
2 4 	 # V Shape
0.0 0.0 0.0 0.0
0.0 0.0 0.0 0.0
2 8 	 # Alloc Shape
1 1 0 0 0 0 1 0
0 0 1 1 1 1 0 1

2 8 	 # U Shape
65.24994556134426 5.259622033148692 48.44956557152217 1.1321239232434555 74.56891036841873 7.16888443915491 48.69531320658139 20.318946760490263
12.944777257538798 29.03058367102247 42.05056852823201 6.524280086462342 27.9032584767834 66.1247845828568 14.136159633905532 71.29104919064413
2 4 	 # V Shape
0.0 0.0 0.0 0.0
0.0 0.0 0.0 0.0
2 8 	 # Alloc Shape
1 0 1 0 1 0 1 0
0 1 0 1 0 1 0 1

2 8 	 # U Shape
30.73471457584256 9.859015258325021 37.73165596884256 58.367287565519 96.74106150793918 43.82350150053752 68.41041985442428 51.90145970051133
17.395820717767883 11.769396923194876 12.998284482586453 8.183108128312211 18.71236382009783 65.23141641866796 31.81394993084793 6.202985621859791
2 4 	 # V Shape
0.0 0.0 0.0 0.0
0.0 0.0 0.0 0.0
2 8 	 # Alloc Shape
0 0 1 1 1 0 0 1
1 1 0 0 0 1 1 0

2 8 	 # U Shape
88.06846571664886 79.6220874966448 40.02254728080508 69.34043722425824 58.78596466822636 21.510808673920188 83.03267871607025 77.14293498978753
86.71475385987615 19.604362591241387 23.362800124306805 39.868284715016756 93.83426142167221 98.93371207718899 56.98376515928503 93.17185760349204
2 4 	 # V Shape
0.0 0.0 0.0 0.0
0.0 0.0 0.0 0.0
2 8 	 # Alloc Shape
1 1 1 1 0 0 1 0
0 0 0 0 1 1 0 1

2 8 	 # U Shape
36.999837265698076 34.671285416782716 82.49131922342991 84.1648699352834 9.45942401580001 27.340393042423273 50.38734817339826 79.48174603758974
1.9823671387173225 53.94204265908027 4.54243555777083 54.7765169223169 93.80833397931269 12.801639573980129 12.46570003117914 49.3537872486702
2 4 	 # V Shape
0.0 0.0 0.0 0.0
0.0 0.0 0.0 0.0
2 8 	 # Alloc Shape
1 0 1 0 0 1 1 1
0 1 0 1 1 0 0 0

2 8 	 # U Shape
9.417371194068568 13.715955368621513 95.05754201392807 63.87252873419664 99.96498787040119 77.80565108493451 1.6974953804198112 20.79781316192134
12.72207720538362 57.22512148113048 90.93077469603993 80.31151814245743 78.78095174291018 68.571961443512 23.041037789889142 94.77147799579431
2 4 	 # V Shape
0.0 0.0 0.0 0.0
0.0 0.0 0.0 0.0
2 8 	 # Alloc Shape
0 0 1 0 1 1 0 0
1 1 0 1 0 0 1 1

2 8 	 # U Shape
73.16101282371349 1.0247040539513863 4.393813135038249 52.46689967353431 29.088152495943444 19.62702360964671 14.616285960637965 26.404283873074284
29.377021478284217 72.8609074576266 12.980871138479078 62.87927742441822 19.289919634888232 62.488931748904456 5.556981331668897 41.93956556537305
2 4 	 # V Shape
0.0 0.0 0.0 0.0
0.0 0.0 0.0 0.0
2 8 	 # Alloc Shape
1 0 0 1 1 0 1 0
0 1 1 0 0 1 0 1

2 8 	 # U Shape
22.233723243411983 63.305280871994526 5.729903201260578 89.50982415656692 63.37288687754038 46.27684850321812 9.078810453420317 98.21533348159726
75.16318919626816 92.63977611806433 57.721937729441855 44.45622069886797 11.84305364666509 0.3392119753210632 42.989727068529604 44.562152349764574
2 4 	 # V Shape
0.0 0.0 0.0 0.0
0.0 0.0 0.0 0.0
2 8 	 # Alloc Shape
0 0 0 1 1 1 0 1
1 1 1 0 0 0 1 0

2 8 	 # U Shape
88.90654379691071 71.76001614655812 1.464051085107454 50.745811555119936 35.89583756739083 59.244650316661605 83.04520863186885 86.66450539922596
87.98167624771163 93.27517933727981 91.60945158511285 72.0679854209908 41.15460130932026 64.39902035247437 38.47907864918074 21.755713257832067
2 4 	 # V Shape
0.0 0.0 0.0 0.0
0.0 0.0 0.0 0.0
2 8 	 # Alloc Shape
1 0 0 0 0 1 1 1
0 1 1 1 1 0 0 0

2 8 	 # U Shape
3.820162517097503 61.84481475616367 31.595586851162103 41.91962047760794 25.784838299021327 13.949774488656242 37.02670744807449 87.64760316619086
67.76834069403388 69.3300810381015 9.490417219152448 40.23164711209856 65.04580450304506 18.41189351970256 23.532524546449206 12.558399890569339
2 4 	 # V Shape
0.0 0.0 0.0 0.0
0.0 0.0 0.0 0.0
2 8 	 # Alloc Shape
0 0 1 1 0 0 1 1
1 1 0 0 1 1 0 0

2 8 	 # U Shape
39.72038806019669 83.20667335572698 98.11336775672306 70.86931833053114 69.55416867002944 41.91459263778105 49.62176423451788 58.55008100577488
85.93583767833994 60.392526523019875 15.462828985734479 39.819458556928225 89.1019761754056 72.1593379949124 78.49271665734693 85.90375843333702
2 4 	 # V Shape
0.0 0.0 0.0 0.0
0.0 0.0 0.0 0.0
2 8 	 # Alloc Shape
0 1 1 1 0 0 0 0
1 0 0 0 1 1 1 1

2 8 	 # U Shape
19.77810237406752 75.48795305059024 75.1888920061685 27.871768216393022 12.039548001913158 40.258765614931946 86.4848027184398 67.08914564572481
6.757502395018489 44.13393834989374 8.968535802444089 82.13416852040862 45.7376335302924 23.85511004004288 61.6438629950499 53.87156695241515
2 4 	 # V Shape
0.0 0.0 0.0 0.0
0.0 0.0 0.0 0.0
2 8 	 # Alloc Shape
1 1 1 0 0 1 1 0
0 0 0 1 1 0 0 1

2 8 	 # U Shape
83.74754053226769 31.48051606682627 53.833878684628765 58.693040039796784 93.04551079388524 74.23349333615793 74.37351466248614 20.360157260717838
25.058841996009416 49.02455343788766 14.4728966583754 62.85692473489818 63.666245006749676 52.59820200687467 62.29188777968119 11.089416715173051
2 4 	 # V Shape
0.0 0.0 0.0 0.0
0.0 0.0 0.0 0.0
2 8 	 # Alloc Shape
1 0 1 0 1 0 0 1
0 1 0 1 0 1 1 0

2 8 	 # U Shape
6.895990060557445 67.66897694219671 58.112756056139894 95.6952964171624 57.35222589610017 53.33567294333063 19.161889619859586 30.77088257802847
48.34987565749098 6.852574841950753 11.928926586825039 43.00715923968694 32.82545648946177 51.10900867376373 8.93401873975077 92.99012591151423
2 4 	 # V Shape
0.0 0.0 0.0 0.0
0.0 0.0 0.0 0.0
2 8 	 # Alloc Shape
0 1 1 1 1 0 1 0
1 0 0 0 0 1 0 1

2 8 	 # U Shape
64.8954476261787 58.52508837176688 37.752230126582596 77.81909237873595 18.402139298390484 48.72742194075476 22.740266992205715 69.12288925968697
70.09324913798166 94.0515791949581 16.47751132024612 11.93547496809446 94.83645453381828 11.233947703255588 92.42272640150532 78.46288955696303
2 4 	 # V Shape
0.0 0.0 0.0 0.0
0.0 0.0 0.0 0.0
2 8 	 # Alloc Shape
1 0 1 1 0 1 0 1
0 1 0 0 1 0 1 0

2 8 	 # U Shape
55.47893429316535 15.475517943407235 7.901294426777017 59.463684999345865 59.478469604827666 37.01398301363194 9.393562236677322 63.06799911019423
46.72537233950159 16.913633136605966 93.10466555111374 13.785887543707743 21.7196593473985 96.18596273865062 72.51975508476474 13.165016122081452
2 4 	 # V Shape
0.0 0.0 0.0 0.0
0.0 0.0 0.0 0.0
2 8 	 # Alloc Shape
1 1 0 1 1 0 0 1
0 0 1 0 0 1 1 0

2 8 	 # U Shape
90.27714132980103 23.669542165835765 18.955369114172694 34.971868259659 31.35894648177554 35.438430071621774 76.59429761824515 72.88892664054598
68.64864937330249 45.902985856430554 50.43627768955194 60.248868962558134 4.755658847709454 62.43812239248974 60.38482267197905 11.6020769664261
2 4 	 # V Shape
0.0 0.0 0.0 0.0
0.0 0.0 0.0 0.0
2 8 	 # Alloc Shape
1 0 0 0 1 0 1 1
0 1 1 1 0 1 0 0

2 8 	 # U Shape
38.84344327852433 17.04491560023149 62.171230668133646 85.31893781708075 31.98429993394145 77.54004894269576 92.18601916638659 94.74717668601816
22.98906628017825 67.59443868314285 34.21983841800918 70.24458802427738 96.13582713472397 13.124076674765895 53.24095460493245 29.100958713580518
2 4 	 # V Shape
0.0 0.0 0.0 0.0
0.0 0.0 0.0 0.0
2 8 	 # Alloc Shape
1 0 1 0 0 1 1 1
0 1 0 1 1 0 0 0

2 8 	 # U Shape
29.970186428106683 48.40535254805181 66.11703055972539 2.0350315122093288 89.22053189738423 74.59105873555202 51.95262617458084 99.85331097507913
26.088353014360777 25.522704036119492 53.43326342043001 22.971192633100436 77.1937872835554 47.78238013757286 57.617477523927526 56.00443043446207
2 4 	 # V Shape
0.0 0.0 0.0 0.0
0.0 0.0 0.0 0.0
2 8 	 # Alloc Shape
1 1 0 0 0 1 0 1
0 0 1 1 1 0 1 0

2 8 	 # U Shape
78.06116771942163 72.28187765847592 43.00715442546041 16.253574685246342 73.96077555280183 61.1832276792692 54.11739307316743 52.5478505436911
11.30763245253541 56.446668276838395 79.14634227919178 19.962502963620466 72.22048225287095 38.15619575580605 6.388072451634419 21.45921979438138
2 4 	 # V Shape
0.0 0.0 0.0 0.0
0.0 0.0 0.0 0.0
2 8 	 # Alloc Shape
1 0 0 0 0 1 1 1
0 1 1 1 1 0 0 0

2 8 	 # U Shape
77.3409643012178 31.390945513980917 92.83677495816387 92.18349423843986 22.283788798732463 76.40599959593166 11.993952155522425 48.90483635703355
19.434384831359697 71.10842723974923 19.64270703797918 52.20967775178495 27.452311141039274 11.802729527221844 61.93983291344439 32.221108860602634
2 4 	 # V Shape
0.0 0.0 0.0 0.0
0.0 0.0 0.0 0.0
2 8 	 # Alloc Shape
1 0 1 1 0 1 0 0
0 1 0 0 1 0 1 1

2 8 	 # U Shape
87.51940474245478 72.00327656901061 80.25573700139233 87.02428712065159 42.23003750624127 29.64625971077186 37.685168011066075 79.66622926398341
81.51088765493301 53.79149571200327 10.74410804224426 39.028875767024864 76.86278406178224 40.18098819435899 97.02119168942322 39.07208521869035
2 4 	 # V Shape
0.0 0.0 0.0 0.0
0.0 0.0 0.0 0.0
2 8 	 # Alloc Shape
0 1 1 1 0 0 0 1
1 0 0 0 1 1 1 0

2 8 	 # U Shape
43.03328844354496 78.84313913565141 35.24371363869957 48.6804906987242 11.87788997471515 36.676957168615424 60.75787622388547 96.43151802029286
22.122001846283833 93.25582449250524 54.384815872021264 45.372778020429664 26.39212304052947 6.811702594060087 0.3247139722826198 55.62333371936806
2 4 	 # V Shape
0.0 0.0 0.0 0.0
0.0 0.0 0.0 0.0
2 8 	 # Alloc Shape
1 0 0 0 0 1 1 1
0 1 1 1 1 0 0 0

2 8 	 # U Shape
49.403958483043986 32.30656782074788 51.336254471620634 60.71206975440637 5.632443371082929 9.85360781892356 86.92236116355211 31.620102786648484
69.31521245521863 35.65043704556232 88.72542452859055 17.075038536202747 15.137544654013613 60.30505611785056 81.77427654236438 59.74607914090539
2 4 	 # V Shape
0.0 0.0 0.0 0.0
0.0 0.0 0.0 0.0
2 8 	 # Alloc Shape
0 1 0 1 0 0 1 0
1 0 1 0 1 1 0 1

2 8 	 # U Shape
27.383907373613457 25.284853004659013 49.36907903068515 20.194296368602416 38.29007797075089 56.40015695389897 77.8032931813845 20.997168576500403
19.074236652852996 31.859275161178545 83.22147123017149 10.833255200826375 63.76210754736466 22.856424898298545 31.940267402449873 88.87093921856028
2 4 	 # V Shape
0.0 0.0 0.0 0.0
0.0 0.0 0.0 0.0
2 8 	 # Alloc Shape
1 1 0 1 0 1 1 0
0 0 1 0 1 0 0 1

2 8 	 # U Shape
66.23608102945309 88.95539806717817 65.39035744899716 88.89465311848585 48.77182653207157 16.435065364786215 86.38084923944652 32.13782661144825
55.343507637751976 57.20898040673107 4.459127396247098 58.95633328775719 96.58090410489292 35.34478214947444 52.857763689349866 13.445147873841156
2 4 	 # V Shape
0.0 0.0 0.0 0.0
0.0 0.0 0.0 0.0
2 8 	 # Alloc Shape
0 1 1 1 0 0 1 1
1 0 0 0 1 1 0 0

2 8 	 # U Shape
91.48221048400892 65.59195021254881 18.97196903434769 76.02151618545422 44.83594846888537 71.31453192939813 87.9632358051081 34.93184807385423
75.90567490943513 41.898863180099056 54.8792375495095 70.4546184617159 75.41363839955707 58.48805009620869 58.22557475310346 71.46597150121487
2 4 	 # V Shape
0.0 0.0 0.0 0.0
0.0 0.0 0.0 0.0
2 8 	 # Alloc Shape
1 1 0 0 0 1 1 0
0 0 1 1 1 0 0 1

2 8 	 # U Shape
82.42325296917633 9.261943164421204 82.62998728930386 24.807706459850664 17.364595662240045 79.07920202091277 20.62734698221016 93.21037630582465
80.49973740006956 13.90513599284552 66.6894980732186 68.37041938551661 22.571750944930123 53.97374300779394 3.285953663228669 55.510320803073185
2 4 	 # V Shape
0.0 0.0 0.0 0.0
0.0 0.0 0.0 0.0
2 8 	 # Alloc Shape
0 0 1 0 0 1 1 1
1 1 0 1 1 0 0 0

2 8 	 # U Shape
13.8993780405415 40.526404628224334 89.00318040218458 12.354416853955586 18.34729776532734 4.838319573611916 72.55706215180251 40.886837478074334
66.7936042739548 57.50723434624986 43.01264176137959 43.27040969831479 86.73965027623451 64.09521105018594 6.383548910142467 3.821707096749305
2 4 	 # V Shape
0.0 0.0 0.0 0.0
0.0 0.0 0.0 0.0
2 8 	 # Alloc Shape
0 0 1 0 0 0 1 1
1 1 0 1 1 1 0 0

2 8 	 # U Shape
4.843707069017311 75.84795309163317 52.721681560820755 70.36476259040369 7.70587560211834 64.80925560592891 30.339230795528536 94.2783531745796
45.86775356310824 70.02204713703478 77.20542543970859 40.48280567204961 5.251049025957533 55.20571953870373 2.4234330544996685 93.71264819462378
2 4 	 # V Shape
0.0 0.0 0.0 0.0
0.0 0.0 0.0 0.0
2 8 	 # Alloc Shape
0 1 0 1 1 1 1 0
1 0 1 0 0 0 0 1

2 8 	 # U Shape
76.57653091377115 95.2278751710399 69.46490062268626 45.17943971777974 90.66582618309698 70.72602829298359 73.47636554252458 34.49767241546843
33.8985657593218 34.7367818163321 85.80246905180623 12.047822545671561 12.244965723117096 85.45824825318526 52.75612917537062 83.196405433782
2 4 	 # V Shape
0.0 0.0 0.0 0.0
0.0 0.0 0.0 0.0
2 8 	 # Alloc Shape
1 1 0 1 1 0 1 0
0 0 1 0 0 1 0 1

2 8 	 # U Shape
96.82057600317295 44.195974139007156 92.35114141139802 68.40105690309022 5.712647675011273 50.38227476097207 51.2578972975671 36.14730156912771
77.99157348697229 42.311151010264005 85.2513271265219 63.058643621920595 60.28312578053053 5.998132086674779 85.14574833633796 43.0115880713894
2 4 	 # V Shape
0.0 0.0 0.0 0.0
0.0 0.0 0.0 0.0
2 8 	 # Alloc Shape
1 1 1 0 0 1 0 0
0 0 0 1 1 0 1 1

2 8 	 # U Shape
6.79993213520198 13.915925404769547 59.79470080984064 38.98083039607183 22.00117438049274 20.27078048171873 43.84658672536999 50.85454960226706
40.855147896854895 88.81012624563994 29.694488607603052 30.356374268425856 46.9611906778521 71.02128770646459 78.28819904379229 76.89284630048586
2 4 	 # V Shape
0.0 0.0 0.0 0.0
0.0 0.0 0.0 0.0
2 8 	 # Alloc Shape
0 0 1 1 0 0 0 1
1 1 0 0 1 1 1 0

2 8 	 # U Shape
41.63742883870162 34.031116372419035 48.97730236045522 18.60961431017908 24.44877520503619 71.9506952807687 89.92733506518391 39.180930775859956
36.678949393520845 91.52671930752474 92.24212878304331 82.7309503155579 76.78513758413371 60.647959944418176 82.97153966545707 70.63031663342812
2 4 	 # V Shape
0.0 0.0 0.0 0.0
0.0 0.0 0.0 0.0
2 8 	 # Alloc Shape
1 0 0 0 0 1 1 0
0 1 1 1 1 0 0 1

2 8 	 # U Shape
56.4142868497579 41.612047009461214 89.21078562287487 30.01705875924494 26.362808533149206 52.09411277172412 75.4886404031228 84.41077878368361
85.54396818264145 3.485125471771411 83.51829647727716 87.15921781312106 41.95884058173773 51.14026823123241 29.348944822160973 24.0908446211091
2 4 	 # V Shape
0.0 0.0 0.0 0.0
0.0 0.0 0.0 0.0
2 8 	 # Alloc Shape
0 1 1 0 0 0 1 1
1 0 0 1 1 1 0 0

2 8 	 # U Shape
59.66381159949672 87.87943893288045 19.928425425834295 6.098229412330491 55.32637681541427 81.15737996128009 70.07786028902525 4.423432075002776
74.6383279295206 66.81142555970693 54.30197749062739 28.593769130736057 89.73487979998544 55.55746721950824 11.597036488962098 71.64620736940728
2 4 	 # V Shape
0.0 0.0 0.0 0.0
0.0 0.0 0.0 0.0
2 8 	 # Alloc Shape
0 1 0 0 0 1 1 0
1 0 1 1 1 0 0 1

2 8 	 # U Shape
8.811713378279828 52.460437992739436 69.59947545240931 40.030357914293056 51.52491033336277 23.057787795632333 20.528640917190945 62.326446373351786
38.99520410925981 59.00426205120639 1.1600409081989227 53.70902264386556 72.6490946354362 23.602057889174077 7.694605180229708 98.27042280538224
2 4 	 # V Shape
0.0 0.0 0.0 0.0
0.0 0.0 0.0 0.0
2 8 	 # Alloc Shape
0 1 1 0 0 1 1 0
1 0 0 1 1 0 0 1

2 8 	 # U Shape
71.10645141619852 26.854242640173887 20.820178676193223 91.10709568320988 20.68770343023768 88.13969988362858 85.6325292772041 31.069084947937654
74.50122681716935 98.29549890444838 96.45128067565854 77.59368223018008 3.3043383383754565 53.22330871577209 20.21235086276648 32.727546787231745
2 4 	 # V Shape
0.0 0.0 0.0 0.0
0.0 0.0 0.0 0.0
2 8 	 # Alloc Shape
0 0 0 1 1 1 1 0
1 1 1 0 0 0 0 1

2 8 	 # U Shape
83.76091890552613 46.49680494158138 87.01470115570586 10.01105388832626 22.311079390591647 98.20595166853333 27.750905727670894 75.26003560395124
79.89733743319958 86.20338898319791 93.95588286663828 3.033594501594117 42.454481358893126 2.4772692461413004 12.320020907836039 39.68570526593884
2 4 	 # V Shape
0.0 0.0 0.0 0.0
0.0 0.0 0.0 0.0
2 8 	 # Alloc Shape
1 0 0 1 0 1 1 1
0 1 1 0 1 0 0 0

2 8 	 # U Shape
1.906715703370021 51.79956015493362 77.51074210135059 90.96288616336288 49.26270034458846 53.845786293531276 15.986995588457354 81.8651832183154
15.542224006429118 72.10368686230926 87.5703996050471 17.001177703750926 71.16029282627633 93.79215676768567 37.80700061147685 20.070401333917864
2 4 	 # V Shape
0.0 0.0 0.0 0.0
0.0 0.0 0.0 0.0
2 8 	 # Alloc Shape
0 0 1 1 0 0 0 1
1 1 0 0 1 1 1 0

2 8 	 # U Shape
45.60235111424179 47.073039383761774 1.9678760047642574 72.71966883331822 96.43561614463472 17.74445525993854 9.93173596817083 66.10407718395889
42.14416391308367 30.801406920265816 15.922269165059388 0.42398190738929253 43.32376523455468 93.65216846631338 96.95045697792008 56.87898434243127
2 4 	 # V Shape
0.0 0.0 0.0 0.0
0.0 0.0 0.0 0.0
2 8 	 # Alloc Shape
0 1 0 1 1 0 0 1
1 0 1 0 0 1 1 0

2 8 	 # U Shape
0.2826813240663473 32.218939228750855 24.84031792675323 71.56446008202184 7.482688371635748 51.19209336484827 73.21894825600465 94.4072018707508
69.46770326268488 74.09553419238668 48.45125521464359 30.434242343600783 88.78943148662856 0.4708662682650355 56.30081508189419 43.23544793545943
2 4 	 # V Shape
0.0 0.0 0.0 0.0
0.0 0.0 0.0 0.0
2 8 	 # Alloc Shape
0 0 0 1 0 1 1 1
1 1 1 0 1 0 0 0

2 8 	 # U Shape
17.660746342969592 66.99782893573139 89.35101153914631 6.795053829275122 98.43142204149262 91.02897469353735 91.16035384722909 40.578339073162
6.802200037307038 71.25208879636197 57.59433172348584 74.73242468798823 24.474589023885052 7.385446417005959 52.81887101015881 66.51465353620827
2 4 	 # V Shape
0.0 0.0 0.0 0.0
0.0 0.0 0.0 0.0
2 8 	 # Alloc Shape
1 0 1 0 1 1 1 0
0 1 0 1 0 0 0 1

2 8 	 # U Shape
17.5390365419406 23.459495070605275 25.198165060712174 46.87766508828675 50.977662628536756 96.73434556241367 43.094854693378494 83.13519030072858
63.97932270418462 63.073694073227024 18.434707183542663 67.5230148997424 65.34816370364716 49.444429111692486 84.63152496868848 28.024636184741947
2 4 	 # V Shape
0.0 0.0 0.0 0.0
0.0 0.0 0.0 0.0
2 8 	 # Alloc Shape
0 0 1 0 1 1 0 1
1 1 0 1 0 0 1 0

2 8 	 # U Shape
8.876870411323146 8.369589194770699 75.60269951049423 20.470041016338435 88.45511246993593 27.16341757529104 58.81646991087683 14.187685086936863
54.40359196984812 71.38482382821971 54.117393225214286 63.74630527683161 98.86911560540885 49.89155652955268 91.98025115759188 89.54244042201981
2 4 	 # V Shape
0.0 0.0 0.0 0.0
0.0 0.0 0.0 0.0
2 8 	 # Alloc Shape
0 0 1 0 1 0 1 0
1 1 0 1 0 1 0 1

2 8 	 # U Shape
77.54745894103786 24.95491874497089 96.54354421480434 96.94491383831915 98.83243083394711 88.38866653141665 90.4745729398429 40.57335389607157
43.85760812217813 72.50893889166717 34.75592131735229 40.63296613774128 96.60943147482664 57.272539638733086 77.18797825611045 47.09085704875232
2 4 	 # V Shape
0.0 0.0 0.0 0.0
0.0 0.0 0.0 0.0
2 8 	 # Alloc Shape
1 0 1 1 0 1 0 0
0 1 0 0 1 0 1 1

2 8 	 # U Shape
56.30471675711443 0.5794082017914204 60.77920556333901 85.28885326887234 20.2211186949785 13.43888617199207 75.5017153889049 30.010353023868895
52.7879224331503 95.86524102234928 30.568269376971447 48.65784108835452 98.3667873234871 26.809550391504256 91.01681264951779 14.074548941485187
2 4 	 # V Shape
0.0 0.0 0.0 0.0
0.0 0.0 0.0 0.0
2 8 	 # Alloc Shape
1 0 1 1 0 0 0 1
0 1 0 0 1 1 1 0

2 8 	 # U Shape
74.02030835901581 92.36926897201367 32.12003390492866 23.26610529500279 88.91937207083413 84.51063563466776 27.472085228495423 3.27941061282927
90.032289658032 91.52658697793314 69.44194190457385 5.481551873543234 90.9457686648022 39.1758659173403 36.92023988540427 11.513473436232612
2 4 	 # V Shape
0.0 0.0 0.0 0.0
0.0 0.0 0.0 0.0
2 8 	 # Alloc Shape
0 1 0 1 1 1 0 0
1 0 1 0 0 0 1 1

2 8 	 # U Shape
72.94539925915787 46.30205561691885 15.143637880422023 37.93542113951618 51.051899201045714 58.965574476180564 68.88480625887729 17.852617572604302
43.242919404128656 56.37204707822415 42.44387199070867 24.086577658074848 13.532437676071197 51.893575837153996 47.57062097084499 2.283553036602237
2 4 	 # V Shape
0.0 0.0 0.0 0.0
0.0 0.0 0.0 0.0
2 8 	 # Alloc Shape
1 0 0 1 1 0 1 1
0 1 1 0 0 1 0 0

2 8 	 # U Shape
79.95812939222098 64.26612138201395 74.07752017391583 9.324019166908194 90.64561807136066 12.34104800425695 51.18759147219163 91.33531743945768
6.194565345170511 27.87508064310905 14.79076844545595 11.890581997732685 86.31348816571078 69.2246467481485 24.768701389852144 75.42471838565528
2 4 	 # V Shape
0.0 0.0 0.0 0.0
0.0 0.0 0.0 0.0
2 8 	 # Alloc Shape
1 1 1 0 0 0 1 0
0 0 0 1 1 1 0 1

2 8 	 # U Shape
91.30691086504422 53.00252940291092 17.966631158519764 61.88103391097859 4.774637055547782 9.520977940469544 48.352450999943045 39.94228719350854
70.88721824736821 52.85565564197636 93.1242458200699 66.15317446032056 26.854685895857088 19.133020913560696 84.23812126391297 79.89354359123409
2 4 	 # V Shape
0.0 0.0 0.0 0.0
0.0 0.0 0.0 0.0
2 8 	 # Alloc Shape
1 1 0 1 0 0 0 0
0 0 1 0 1 1 1 1

2 8 	 # U Shape
18.161481455560246 64.19854944013325 48.14547193373813 54.60447622919518 6.388506005682471 86.75910260099572 71.88081577250627 94.15448144121721
87.50840206623516 28.196001651026847 25.17407462755772 26.425893289490322 82.98559372090554 2.900346522715458 71.86489013828421 53.88491651308669
2 4 	 # V Shape
0.0 0.0 0.0 0.0
0.0 0.0 0.0 0.0
2 8 	 # Alloc Shape
0 1 1 1 0 1 0 1
1 0 0 0 1 0 1 0

2 8 	 # U Shape
59.27559729993149 41.78051328692476 78.86300973572976 59.50424317635464 74.00992870613146 61.84569530550416 62.60019153671327 54.666796091472904
4.90317917688018 40.40843678845639 27.928256223556815 84.14401521705527 28.848852088653597 59.844588326020265 49.810134755735334 35.60061033709362
2 4 	 # V Shape
0.0 0.0 0.0 0.0
0.0 0.0 0.0 0.0
2 8 	 # Alloc Shape
1 0 1 0 1 0 0 1
0 1 0 1 0 1 1 0

