2 4 	 # U Shape
51.31167122678871 31.828442487209863 53.919993742564806 22.12549424277599
80.648135792427 34.22546256146843 53.888884906714466 0.587378555105833
2 2 	 # V Shape
67.31524781805254 21.002426217873815
93.25575928787119 37.42447494814921
2 4 	 # Alloc Shape
0 0 1 1
1 1 0 0

2 4 	 # U Shape
67.29367191665858 25.75924329206177 70.11513197244875 65.70000593742624
18.200775771189427 32.20629928291008 88.75374569208283 8.334916104975676
2 2 	 # V Shape
74.65641201404082 6.23500489834764
73.14811265727285 74.25113549935438
2 4 	 # Alloc Shape
1 1 0 0
0 0 1 1

2 4 	 # U Shape
18.983453299709897 81.54922601389539 36.250668057515135 3.9864423244588054
99.61429610759363 68.01742634766164 73.53416790201952 66.12096185629673
2 2 	 # V Shape
32.712075072287725 73.04660914495784
18.37651447387142 45.23435766434491
2 4 	 # Alloc Shape
1 1 0 0
0 0 1 1

2 4 	 # U Shape
10.83477024445072 73.05155600196885 76.73161001573766 33.25531603475677
75.46175654990421 76.95666815211962 60.23400881912353 59.52032219843977
2 2 	 # V Shape
89.1725789384384 8.989741227829706
58.971161941932195 60.98601749060418
2 4 	 # Alloc Shape
0 0 1 1
1 1 0 0

2 4 	 # U Shape
63.86079282274959 21.402570433952185 41.757764842293035 46.68141805992988
8.30692156172197 57.02729080512439 22.851756266476887 3.572971978146555
2 2 	 # V Shape
96.45292782200072 7.465994655778141
73.04802408534587 50.26299236106217
2 4 	 # Alloc Shape
0 0 1 1
1 1 0 0

2 4 	 # U Shape
66.23180737805964 35.41302720760841 43.915701403233655 77.55158765326317
62.869061880210374 9.799092114564267 65.15860600727822 96.86160083513528
2 2 	 # V Shape
23.695196706301513 39.272374702011646
8.26652146717024 82.35508004604837
2 4 	 # Alloc Shape
1 1 0 0
0 0 1 1

2 4 	 # U Shape
85.38148940056969 92.570243244667 30.214491180817895 47.41303614194492
74.03154678696606 65.06372227822905 26.761772236847527 38.9271280785603
2 2 	 # V Shape
90.52408789936463 73.0842166642431
7.624613540160274 20.627827017716914
2 4 	 # Alloc Shape
1 1 0 0
0 0 1 1

2 4 	 # U Shape
76.28285643107034 68.79920820376579 0.9493379703321425 41.39895914480699
47.962577251254025 23.117884345467154 51.1657575310747 43.611962307868865
2 2 	 # V Shape
62.29017561253571 5.548960084040921
26.19889121662604 58.288665578267874
2 4 	 # Alloc Shape
1 1 0 0
0 0 1 1

2 4 	 # U Shape
40.15942087704071 27.88163745855844 60.40894955045737 7.96724169393287
49.51479078272803 47.407198550859356 73.58054371264411 29.345630302342073
2 2 	 # V Shape
21.708887349205895 20.558061544180852
98.20503575581083 45.29237005286541
2 4 	 # Alloc Shape
1 1 0 0
0 0 1 1

2 4 	 # U Shape
45.9958508118848 22.824041399759775 89.10693263595945 9.41523275818199
64.89916686370597 30.88836566172104 68.85376502817054 23.222407379354127
2 2 	 # V Shape
54.259316691368255 48.80841189662676
87.3249751311931 13.228709081293166
2 4 	 # Alloc Shape
0 0 1 1
1 1 0 0

2 4 	 # U Shape
44.30711279584959 37.684684568187755 56.731837983441146 41.287517029972484
95.34019253511123 59.66790155943681 47.4086027042263 99.54995385290914
2 2 	 # V Shape
22.53937767754437 45.43218475802414
43.41976608271322 76.05576132408022
2 4 	 # Alloc Shape
0 0 1 1
1 1 0 0

2 4 	 # U Shape
25.470487483795225 39.5915995688079 6.844400138000351 80.00336390112763
6.872825308014841 3.7295544350340215 19.929428094547454 22.228023525836683
2 2 	 # V Shape
26.465595153607303 1.4509495003620976
38.52435159678947 68.27153031116508
2 4 	 # Alloc Shape
1 1 0 0
0 0 1 1

2 4 	 # U Shape
55.25027768441883 51.60449356069093 84.01556338113794 10.50565714094155
0.7784874103525574 68.91801790725933 2.0380497727165325 96.02759711124496
2 2 	 # V Shape
43.49442250803969 15.84894280022774
71.31326578453681 94.24680567791833
2 4 	 # Alloc Shape
1 1 0 0
0 0 1 1

2 4 	 # U Shape
56.43668576875422 97.97467326327107 11.219551751326906 9.232479508424374
14.839980988838274 42.21926105920155 27.201723371826148 3.844023221795656
2 2 	 # V Shape
85.21367024074831 20.943459503416072
43.361930692676765 43.48346890893352
2 4 	 # Alloc Shape
1 1 0 0
0 0 1 1

2 4 	 # U Shape
7.13300404398769 38.01113697089416 37.333329508232936 14.754168458585914
93.73316463012038 72.88271387695335 75.41516436855063 14.54041797685559
2 2 	 # V Shape
96.18148864261607 83.4854705934415
46.56533782530078 45.21380489272211
2 4 	 # Alloc Shape
0 0 1 1
1 1 0 0

2 4 	 # U Shape
97.02113415647177 45.104794919448864 68.03007517418482 38.6032697668678
63.72864879141932 64.2000961897927 49.87127135320487 81.72021691506517
2 2 	 # V Shape
13.494225219360512 99.51541131013492
12.227022906720208 82.1380572661592
2 4 	 # Alloc Shape
1 1 0 0
0 0 1 1

2 4 	 # U Shape
14.307068305012493 37.786918416005314 47.3198341016048 55.977891908731706
97.43729598527916 42.23266328419537 33.2462540281946 83.03891886436551
2 2 	 # V Shape
96.25555535081773 6.125709448844452
99.27676452621196 73.26781917303676
2 4 	 # Alloc Shape
0 0 1 1
1 1 0 0

2 4 	 # U Shape
18.00785772571856 96.721129967827 57.448874960365806 83.71521111766238
33.369117337842965 90.73274560269708 44.96062840963363 40.05801562854373
2 2 	 # V Shape
79.22213491090369 40.47823827980481
88.37301599473702 41.002968872761734
2 4 	 # Alloc Shape
0 0 1 1
1 1 0 0

2 4 	 # U Shape
97.95397273416984 48.04140179167715 1.8004910367168447 20.81371173047758
30.701881235516293 52.9709158649072 37.365664279385605 63.88081905703178
2 2 	 # V Shape
13.538644350721363 86.04264882777915
71.32893971921855 49.66621365816086
2 4 	 # Alloc Shape
1 1 0 0
0 0 1 1

2 4 	 # U Shape
52.927931356406944 98.35752668542685 83.23080559092237 35.30543021975223
54.85925419891542 91.03356619413911 36.04854666489441 22.011354689304486
2 2 	 # V Shape
96.47247508826256 25.399223692980954
91.56441420797948 7.9239752594291275
2 4 	 # Alloc Shape
0 0 1 1
1 1 0 0

2 4 	 # U Shape
98.72164762916871 23.999308412303932 87.03368651986658 51.47055536017506
67.508024472097 31.86985697831751 56.911174628854155 67.97348041733427
2 2 	 # V Shape
71.03623189144572 89.76154305675628
98.28757758908172 2.175788948890389
2 4 	 # Alloc Shape
1 1 0 0
0 0 1 1

2 4 	 # U Shape
66.25763455465022 42.0913823846028 72.46529070906324 28.755811997145653
64.90491708295151 98.47835861620223 57.50670316104027 62.115212417267685
2 2 	 # V Shape
52.71974275287725 46.851476948902615
99.89584102205143 17.62517070510703
2 4 	 # Alloc Shape
0 0 1 1
1 1 0 0

2 4 	 # U Shape
38.30645510752282 13.410214921530006 19.994782580351046 95.80227710803472
17.89762932165182 59.24573911459766 83.91948209053359 61.12671680306345
2 2 	 # V Shape
6.216657502744793 38.0088509062531
10.847353181570274 59.48452134760078
2 4 	 # Alloc Shape
0 0 1 1
1 1 0 0

2 4 	 # U Shape
65.18194393535104 81.70383979382132 51.16098067691206 0.7739536436820682
39.40628422433282 76.34647822318956 4.695446960356575 97.38707780600917
2 2 	 # V Shape
54.72082086209588 19.705094753990128
90.91709403391611 21.96121369095273
2 4 	 # Alloc Shape
1 1 0 0
0 0 1 1

2 4 	 # U Shape
69.90262345511692 39.66510669731436 61.20810494403379 34.742300417339365
99.59961974053017 43.83133629585274 81.59812726192126 76.35591562585113
2 2 	 # V Shape
2.9696043143614625 99.9380578573668
83.12640171718635 70.6561006921249
2 4 	 # Alloc Shape
1 1 0 0
0 0 1 1

2 4 	 # U Shape
23.237505734680198 30.867877409796197 15.15851304183239 68.91811590707493
2.968104418016637 24.68318361273876 52.65487809358361 48.942999219272856
2 2 	 # V Shape
96.05465590115296 0.03243331705271579
96.68708221083413 51.54005031887087
2 4 	 # Alloc Shape
1 1 0 0
0 0 1 1

2 4 	 # U Shape
18.44770768163816 58.15971147012951 91.91259427700007 28.622773714684747
20.914678663454588 52.048697315306434 8.888617579747393 55.042721155822406
2 2 	 # V Shape
85.80806825931646 53.544911822229516
69.16619743576486 26.311934996964638
2 4 	 # Alloc Shape
0 0 1 1
1 1 0 0

2 4 	 # U Shape
88.5697933071757 33.55251042380456 94.76509553670303 56.46704219384359
67.85853629042715 22.410502258819943 72.58290801594602 75.73100719202779
2 2 	 # V Shape
17.094301096960773 8.19595055173683
56.48771418792802 67.60740451849695
2 4 	 # Alloc Shape
1 1 0 0
0 0 1 1

2 4 	 # U Shape
5.044956100669107 70.65958067914954 87.06145468978171 19.322345544362584
13.016940720660507 56.57292255491823 94.26907069579356 12.08196014010059
2 2 	 # V Shape
89.86915893152462 37.086717204746286
27.724526756826616 73.19954531398616
2 4 	 # Alloc Shape
1 1 0 0
0 0 1 1

2 4 	 # U Shape
42.7668706878219 38.77115982527347 47.453595651241734 93.76190501407703
89.53474383497536 58.35423713765866 29.997376662899157 65.89533071639873
2 2 	 # V Shape
89.50155215163164 17.188269025941604
96.70132179645222 81.05469922152054
2 4 	 # Alloc Shape
0 0 1 1
1 1 0 0

2 4 	 # U Shape
39.009469734047165 74.57017733548696 89.85184717421004 49.781189203630774
68.25159349268242 8.38669993159301 26.711604808972677 22.317063486917366
2 2 	 # V Shape
90.07901085433714 2.4928813453840903
23.455132405804925 20.39777213432824
2 4 	 # Alloc Shape
0 0 1 1
1 1 0 0

2 4 	 # U Shape
56.04575468119629 9.101612311294415 77.85109454323643 76.90031607166647
53.51207802694711 69.30472817458013 0.36739528627336426 97.3476983963103
2 2 	 # V Shape
8.14180407071472 99.6769795080102
31.597496220853905 18.38511151215041
2 4 	 # Alloc Shape
0 0 1 1
1 1 0 0

2 4 	 # U Shape
43.16138069193518 13.22770278406381 6.37409430045447 66.03751997681292
40.82310991482121 91.75520519086339 54.1129367508965 87.884700948041
2 2 	 # V Shape
99.86663023194087 29.946903889031052
58.74134064422682 58.23889448751534
2 4 	 # Alloc Shape
0 0 1 1
1 1 0 0

2 4 	 # U Shape
61.4397546462776 39.18155720609351 30.386334704658978 29.406653761979662
75.19676934331397 2.6763985609398855 0.836672938633598 83.20133507361207
2 2 	 # V Shape
42.214364169730246 35.51193850777731
33.77386902716616 18.53116247072124
2 4 	 # Alloc Shape
1 1 0 0
0 0 1 1

2 4 	 # U Shape
83.62273912031823 62.41719675893428 8.247444707113427 72.21156837606716
5.8737085508797415 40.2871733451554 58.12903434433273 29.41532180266162
2 2 	 # V Shape
77.6510015265695 2.651912104129117
14.351335446848212 41.01967995806726
2 4 	 # Alloc Shape
1 1 0 0
0 0 1 1

2 4 	 # U Shape
93.13089533798723 63.12113992801665 80.56808069836137 32.87661745147091
65.16199229432482 95.31304424550962 80.76279103504133 20.720629038925566
2 2 	 # V Shape
27.0100220129873 84.95529250736978
32.245157117122204 31.0186875298187
2 4 	 # Alloc Shape
0 0 1 1
1 1 0 0

2 4 	 # U Shape
53.69149654576305 9.824890961639298 49.8328682985677 69.97794690253018
89.55146778149332 34.90226445403676 29.390386954558423 4.906434067086451
2 2 	 # V Shape
3.114617634616468 24.515545990216804
47.97979257466266 53.63300487222947
2 4 	 # Alloc Shape
0 0 1 1
1 1 0 0

2 4 	 # U Shape
41.393975779112566 31.205434622717053 22.05693452283384 94.77070231850287
29.402811000352756 14.169309799849817 74.97468276702031 71.49860987206765
2 2 	 # V Shape
67.4814311381064 67.1214455777249
90.87077631264042 88.46012777716443
2 4 	 # Alloc Shape
1 1 0 0
0 0 1 1

2 4 	 # U Shape
81.57107978600882 76.31194369007817 74.19277237442036 16.723953105941124
44.68929599870846 74.08621555063925 12.19635904369113 45.79710929291046
2 2 	 # V Shape
87.7206443387734 90.43813478487007
14.640577793847298 14.483395242311992
2 4 	 # Alloc Shape
0 0 1 1
1 1 0 0

2 4 	 # U Shape
96.43731582141363 72.81586747629895 95.9394449401578 47.56777789627616
11.459904968845757 20.922084649364315 57.71667608395548 19.34041283702046
2 2 	 # V Shape
91.99253314231555 37.02239186984029
95.65553945062612 70.75284404141256
2 4 	 # Alloc Shape
1 1 0 0
0 0 1 1

2 4 	 # U Shape
42.61281354684229 61.181155702475465 0.07565083617669943 78.25976611176259
94.2914998875048 99.92580271851142 80.51128403210042 79.80854660103674
2 2 	 # V Shape
63.084812529449806 95.45181174522513
31.57394849356735 16.376904684664005
2 4 	 # Alloc Shape
0 0 1 1
1 1 0 0

2 4 	 # U Shape
76.25083013478267 66.11840663066303 32.99273667636021 23.105430093365943
98.8089749977135 79.97371667890246 51.697361996497804 44.95983699663649
2 2 	 # V Shape
63.369212098654906 76.07876503917261
65.2983759198383 19.05272176615327
2 4 	 # Alloc Shape
1 1 0 0
0 0 1 1

2 4 	 # U Shape
10.747915006572628 81.21492963380436 19.63114670056466 62.885576058817726
19.88516545735992 90.75426965004826 66.59965953396461 88.04935712222009
2 2 	 # V Shape
39.20528346190979 93.86657983874656
13.366106501084495 91.55951404228982
2 4 	 # Alloc Shape
1 1 0 0
0 0 1 1

2 4 	 # U Shape
15.363641740015288 80.89945912929531 78.98239814323854 82.95123420876777
75.6570565910256 5.447849460498477 60.01471980978149 12.120286729941032
2 2 	 # V Shape
43.97564439301658 92.9766307402863
56.01552066483784 46.71894168471471
2 4 	 # Alloc Shape
0 0 1 1
1 1 0 0

2 4 	 # U Shape
88.93682356464046 52.15366866623463 45.857737208812225 43.759528790942625
62.52275954440307 54.31326638328516 96.49917255382275 40.19198032539919
2 2 	 # V Shape
62.652529342943865 4.633693988820376
89.64697914030688 67.01124713118122
2 4 	 # Alloc Shape
1 1 0 0
0 0 1 1

2 4 	 # U Shape
82.729959600503 90.90157281136817 42.19945564534196 64.18701658156604
98.5536039791401 31.088324524070167 22.325469043474467 71.19024400841543
2 2 	 # V Shape
91.62533761419989 45.15164663771537
51.41548089455643 11.444725746029105
2 4 	 # Alloc Shape
1 1 0 0
0 0 1 1

2 4 	 # U Shape
39.769775626240374 61.17981065314916 59.36814799457236 63.23050376524101
43.8906568351099 86.72330787328345 13.501764837231967 81.29247061863498
2 2 	 # V Shape
77.98329339112887 59.82121065351864
44.980232309012735 89.55818551839288
2 4 	 # Alloc Shape
0 0 1 1
1 1 0 0

2 4 	 # U Shape
53.84606584526415 82.99314275494817 92.22439193663683 5.964216460663474
91.63416434135657 50.43278591995789 10.178739880847642 12.705920942376924
2 2 	 # V Shape
94.15162366413718 18.152362725558813
44.080718888660385 24.748868629168065
2 4 	 # Alloc Shape
0 0 1 1
1 1 0 0

2 4 	 # U Shape
89.28386718945158 43.7054662323201 6.468279221058193 89.59829558902419
83.3608115315527 92.29004665925648 67.1843071438011 45.675984862767315
2 2 	 # V Shape
53.81938758437488 93.81460691723915
87.98147634362931 65.80330970873095
2 4 	 # Alloc Shape
0 0 1 1
1 1 0 0

2 4 	 # U Shape
67.0682210600597 59.27889140526883 35.32709819129961 12.250336658053108
42.23486846665927 12.687708251972584 86.1740240212524 65.11653571488002
2 2 	 # V Shape
69.40695732909606 68.30231570633936
12.772660634470935 52.735373828352586
2 4 	 # Alloc Shape
1 1 0 0
0 0 1 1

2 4 	 # U Shape
33.05368145690909 50.39147846259701 69.14828060320856 94.26810565117954
43.02358014580135 31.47142442745855 27.057316151172948 87.77334206170106
2 2 	 # V Shape
11.139863177783194 75.41327953406626
55.85472750428586 70.03248092081519
2 4 	 # Alloc Shape
0 0 1 1
1 1 0 0

2 4 	 # U Shape
44.11232283240945 43.796256319430995 6.858065895028975 63.02821199512431
32.081279798476025 34.66028675152426 24.6008002399862 19.24342393997086
2 2 	 # V Shape
39.788154534694186 27.312032618456517
96.78982565722403 83.43899535201125
2 4 	 # Alloc Shape
0 0 1 1
1 1 0 0

2 4 	 # U Shape
26.156225007610303 18.624465945730517 45.262683605492086 60.359793463164976
23.908222568164184 57.24310586296723 87.39214260468977 99.83477896378953
2 2 	 # V Shape
74.75826578952991 42.17229983102546
29.212863065804882 13.515133281683777
2 4 	 # Alloc Shape
0 0 1 1
1 1 0 0

2 4 	 # U Shape
14.725643320898673 94.42730289105059 97.91625968178543 51.84442500613411
36.57482236428894 53.365853597564005 75.55169802247181 70.5361257774215
2 2 	 # V Shape
51.38959860604878 33.05014359688765
61.13419339827851 35.962329153494224
2 4 	 # Alloc Shape
1 1 0 0
0 0 1 1

2 4 	 # U Shape
99.63470075248532 27.57237527227806 99.98670840983925 74.4671039415382
2.7935347917780295 96.07942783409305 41.26518793616689 18.158775751399414
2 2 	 # V Shape
31.18715416830671 16.503882422158213
11.118118785872323 48.01578478747357
2 4 	 # Alloc Shape
0 0 1 1
1 1 0 0

2 4 	 # U Shape
22.065173726022593 53.794121232595224 40.05068953043315 13.40682111705027
82.44643025694626 99.83614884119221 18.201374387444 49.136882845609385
2 2 	 # V Shape
21.79776458654582 7.963743053642247
12.150929774948683 1.8512455243438475
2 4 	 # Alloc Shape
0 0 1 1
1 1 0 0

2 4 	 # U Shape
18.370712092940465 26.406030143219017 16.794930737258973 58.36935711704939
80.18438618136385 50.81028599810694 74.17999929856498 45.7506755574621
2 2 	 # V Shape
50.38166458222485 36.01095495763255
13.913208115382735 67.72683433883529
2 4 	 # Alloc Shape
0 0 1 1
1 1 0 0

2 4 	 # U Shape
80.45022331898475 22.369482272555473 39.078195944918434 91.69420553736141
13.96571549628004 26.196708165072067 19.90213727321173 76.2188333313685
2 2 	 # V Shape
87.32844166760707 66.56888694656885
86.19382298239853 38.366467836151266
2 4 	 # Alloc Shape
1 1 0 0
0 0 1 1

2 4 	 # U Shape
80.75306193411026 96.35885914344394 67.90545715249966 71.33807114537595
22.747544112696183 19.032071842265253 5.599732600368368 54.664546831858004
2 2 	 # V Shape
8.061546279005771 21.504905952136966
1.7578071915548499 58.670060114191905
2 4 	 # Alloc Shape
1 1 0 0
0 0 1 1

2 4 	 # U Shape
57.2414322647485 20.467645815572777 99.77298262040458 1.3933548472897628
45.46127644306047 90.7228288475435 53.9802925647869 92.49857307574632
2 2 	 # V Shape
75.45857294885768 44.43437321125205
89.51729375319469 53.579598107008216
2 4 	 # Alloc Shape
0 0 1 1
1 1 0 0

2 4 	 # U Shape
7.982626885294042 80.31682958152136 77.80250929696754 40.92157828607705
62.11171542007254 74.57185986700196 43.73622080148037 76.17221399869396
2 2 	 # V Shape
36.39499902021661 10.293830746253851
70.65543337282259 1.1925409666373676
2 4 	 # Alloc Shape
0 0 1 1
1 1 0 0

2 4 	 # U Shape
12.90308320559701 92.84018983043524 28.890170077204836 45.025122543881565
45.16493958000787 42.69835163122661 73.04737212854921 7.20143178312227
2 2 	 # V Shape
58.577643602381244 77.83171117514826
39.38471186541803 84.70397422469406
2 4 	 # Alloc Shape
1 1 0 0
0 0 1 1

2 4 	 # U Shape
69.5889243151871 61.68878746012629 46.50349549065266 87.12348461257169
98.90511443429607 12.97405291679089 44.31925872675274 64.74959312288917
2 2 	 # V Shape
39.333834568330836 43.803034726328484
73.9672541894226 77.72218272344963
2 4 	 # Alloc Shape
0 0 1 1
1 1 0 0

2 4 	 # U Shape
60.3181273218374 53.951142789068776 43.594554697011745 58.019854792105775
84.40461686660996 2.9512667640604784 41.41752682939589 25.763973933958162
2 2 	 # V Shape
15.116353137897354 76.78053197744077
32.82702224558898 35.68919227171571
2 4 	 # Alloc Shape
0 0 1 1
1 1 0 0

2 4 	 # U Shape
30.66538084453524 82.33490641215285 80.38372135534445 98.03743437380811
68.25360503216184 95.26728784335313 80.0286426848574 28.381689438683523
2 2 	 # V Shape
66.55284064836503 27.28088997125877
59.5863138457855 26.738157193795164
2 4 	 # Alloc Shape
0 0 1 1
1 1 0 0

2 4 	 # U Shape
38.44632875341761 50.67026988922597 48.04079750102675 17.92303645706841
82.71441802293148 29.43906792313501 8.077491849288442 41.75318196975487
2 2 	 # V Shape
85.47203105037863 93.96791251867191
30.988422151775154 91.76473839474937
2 4 	 # Alloc Shape
0 0 1 1
1 1 0 0

2 4 	 # U Shape
14.09337565987765 71.32925953545967 82.92890078087748 84.03473967533695
72.94961103342949 67.17266703106766 71.77767032395123 61.904595492793504
2 2 	 # V Shape
28.69558940525043 55.88752298400381
64.46633200872333 31.680379949088756
2 4 	 # Alloc Shape
0 0 1 1
1 1 0 0

2 4 	 # U Shape
19.443769182573988 36.72888973080737 69.6991039781599 31.39955733923977
3.7855464546841966 98.85363392737312 28.963313990025874 27.210003536480244
2 2 	 # V Shape
29.402032726119188 56.724131111489015
67.63359185282324 82.81144974252041
2 4 	 # Alloc Shape
0 0 1 1
1 1 0 0

2 4 	 # U Shape
62.16633625010096 28.280509725962144 77.79726338709496 12.116582566041888
76.48841898485797 27.387015892468792 80.54606095318198 79.439672930389
2 2 	 # V Shape
24.328070067102747 63.61893709642396
84.79100059239755 89.7725900202646
2 4 	 # Alloc Shape
1 1 0 0
0 0 1 1

2 4 	 # U Shape
94.10454999711564 24.911858082918858 54.34690991102371 13.877646903833096
58.82823411784883 35.54552581218903 71.98565567826854 2.8409123720968044
2 2 	 # V Shape
41.33533483962216 23.960291539728384
69.25791064903895 22.791391353443856
2 4 	 # Alloc Shape
1 1 0 0
0 0 1 1

2 4 	 # U Shape
14.628418828079026 76.25807993152905 81.45601887509665 6.525333647686049
18.730411829220483 25.720159559787735 87.97663671416679 72.79904633369453
2 2 	 # V Shape
78.45920285560874 1.3351139664567468
73.38605614347605 69.8256982899683
2 4 	 # Alloc Shape
1 1 0 0
0 0 1 1

2 4 	 # U Shape
73.32346562986338 66.25787018909179 73.54360497287354 50.2867925637566
12.821436511994055 54.80385702582717 32.675949120147294 70.35847431471835
2 2 	 # V Shape
76.54106762274002 35.69589448054921
78.22848583139182 15.265119062748077
2 4 	 # Alloc Shape
1 1 0 0
0 0 1 1

2 4 	 # U Shape
2.39181506726005 71.89041453303905 20.45883358198458 48.68657945473044
81.13613987213706 4.410719183671985 47.640963516806345 60.337733817306805
2 2 	 # V Shape
43.44495413149526 13.474285890839145
6.864173614608893 52.53089895084789
2 4 	 # Alloc Shape
1 1 0 0
0 0 1 1

2 4 	 # U Shape
88.30365162208726 21.316515695125947 60.34802290280259 57.250745458332084
90.85446703147367 32.33080873984934 53.31363822175545 68.72916436058719
2 2 	 # V Shape
59.30549523655192 2.461347130109537
21.420792795533885 47.69152416161835
2 4 	 # Alloc Shape
0 0 1 1
1 1 0 0

2 4 	 # U Shape
16.33565785182507 34.797135556851714 61.46503952611787 68.55021669187525
50.971892150987365 60.29225266371101 58.28960956113056 75.92422286049337
2 2 	 # V Shape
21.1379959860998 21.87109154196536
13.889721703200653 64.02720569299814
2 4 	 # Alloc Shape
0 0 1 1
1 1 0 0

2 4 	 # U Shape
80.59713553988556 70.24937069369524 91.76159757679882 59.353170409302955
47.00933097024746 58.976050607327714 65.25903603166127 33.97878806244034
2 2 	 # V Shape
66.50081582402872 88.47968983456997
95.34887895967816 94.87218202989743
2 4 	 # Alloc Shape
0 0 1 1
1 1 0 0

2 4 	 # U Shape
81.95744757164081 28.658379597110574 33.438577576184116 69.58487844210448
85.3243765161065 0.6575327115652785 17.20116955761363 14.657813884361538
2 2 	 # V Shape
10.11927388405377 5.048080564607115
91.36418756691701 1.7389471951479774
2 4 	 # Alloc Shape
0 0 1 1
1 1 0 0

2 4 	 # U Shape
75.2531865884921 46.34976361084697 41.82962087557832 15.311527765159427
25.18442423868357 69.50602815169336 67.09314942610285 49.42431925845556
2 2 	 # V Shape
71.58418202521669 0.3693989559608979
52.00161498754243 20.087167128988526
2 4 	 # Alloc Shape
1 1 0 0
0 0 1 1

2 4 	 # U Shape
31.33440180902165 26.32275774989693 53.53203225626597 6.335387893175126
96.10178774842826 8.666720187980637 57.59313339480517 32.445251924124655
2 2 	 # V Shape
1.0662376112475669 6.452622215205173
35.4046059406545 46.47313195622513
2 4 	 # Alloc Shape
0 0 1 1
1 1 0 0

2 4 	 # U Shape
44.44756275425924 25.529050174320766 71.73875811979838 44.48640059240883
13.959487446156905 74.2604557017436 30.630166019817917 86.6239569124685
2 2 	 # V Shape
83.68283119562116 21.843921267457944
77.01744793448974 98.62657596528747
2 4 	 # Alloc Shape
0 0 1 1
1 1 0 0

2 4 	 # U Shape
99.37451095214516 62.044214263317365 53.84204346091638 84.81787662291201
60.7786133635211 53.78869935452785 12.415827421159264 75.97561243570674
2 2 	 # V Shape
76.37604404441485 39.39466841316883
70.80786743888648 86.72688291381341
2 4 	 # Alloc Shape
1 1 0 0
0 0 1 1

2 4 	 # U Shape
49.69519285157907 36.62529277699558 82.82399981199069 22.044671626395086
19.980116318612772 37.4855350515252 34.49022151353041 57.43329427730167
2 2 	 # V Shape
33.465362106743825 74.72055041958495
15.657361457132701 95.93992050050481
2 4 	 # Alloc Shape
1 1 0 0
0 0 1 1

2 4 	 # U Shape
55.11716938273339 80.2729075838087 11.168226585102548 64.29824938307608
31.51960620007942 23.767548165616926 35.464715666248345 90.11084554127072
2 2 	 # V Shape
9.45454071119597 81.58374232141094
37.786753715463625 77.23186228494913
2 4 	 # Alloc Shape
1 1 0 0
0 0 1 1

2 4 	 # U Shape
66.45181619577616 35.227865311926045 86.28376850724388 58.74608455491125
77.23653986544056 92.30037447907249 98.6811707761824 45.500837038215046
2 2 	 # V Shape
41.93487089635602 80.73355166338567
51.65621111733758 13.400256496142692
2 4 	 # Alloc Shape
0 0 1 1
1 1 0 0

2 4 	 # U Shape
83.95512537195006 11.219864133646794 90.28446078223698 20.245257984992904
55.81660917519138 42.678829974036645 20.096686442556834 91.25103837637877
2 2 	 # V Shape
75.23417701039432 64.31389434643557
89.9985393930903 60.18399126072654
2 4 	 # Alloc Shape
1 1 0 0
0 0 1 1

2 4 	 # U Shape
85.19346123891033 27.273888206999853 64.86649625182923 96.99915509464103
19.613061993197224 13.312706155105513 8.367511763520186 94.08308970443947
2 2 	 # V Shape
41.983263792808756 39.032403591415964
58.18129290507138 7.831606157279946
2 4 	 # Alloc Shape
1 1 0 0
0 0 1 1

2 4 	 # U Shape
44.5219062804903 55.94539970299599 4.248629282382222 79.63198446458105
69.78664689345732 16.36079891168404 9.623395219775698 88.75968485221645
2 2 	 # V Shape
43.987328286729934 2.3052650627370386
37.34822909612107 37.45483105279762
2 4 	 # Alloc Shape
1 1 0 0
0 0 1 1

2 4 	 # U Shape
16.045896759246215 84.21708356077035 37.85179942402836 70.15584921195781
76.57580788769806 1.9261374229375572 66.88320683658021 95.3835779431855
2 2 	 # V Shape
47.42992509102477 23.543124816599416
57.6240123180774 50.958369424597706
2 4 	 # Alloc Shape
1 1 0 0
0 0 1 1

2 4 	 # U Shape
62.03887883947932 96.23164682379507 42.33046683433056 18.198973304890586
83.4388409184679 6.5673243570338435 58.80482380195296 76.75957713613131
2 2 	 # V Shape
67.83501799436405 61.66243147182258
63.07921238379942 3.060737779000411
2 4 	 # Alloc Shape
1 1 0 0
0 0 1 1

2 4 	 # U Shape
2.6240102155227207 6.315506443253338 75.08816689498413 16.940204431198058
31.809840616038297 37.391437676073735 81.36344046208406 75.95329623485173
2 2 	 # V Shape
95.38354013504197 58.015993915731876
21.61906964346868 81.62267458018661
2 4 	 # Alloc Shape
0 0 1 1
1 1 0 0

2 4 	 # U Shape
24.16255871690981 34.7441160438762 51.88856593516489 10.443262280340393
46.46000759300604 49.223766934455796 44.18507876852171 47.23616834995208
2 2 	 # V Shape
91.60114381584089 76.06341795906062
42.75847865101251 48.94081602398666
2 4 	 # Alloc Shape
0 0 1 1
1 1 0 0

2 4 	 # U Shape
57.66621855690827 23.869058750474014 81.93510522679777 89.10808184448462
39.637565324634274 93.32457905372499 31.022658306026983 61.840748413394884
2 2 	 # V Shape
14.059343831705174 63.686993155989136
42.256108220688006 31.123296593592286
2 4 	 # Alloc Shape
0 0 1 1
1 1 0 0

2 4 	 # U Shape
3.886527339410528 11.840624596936012 61.8242008039061 75.46095517272195
83.74184866922822 86.66616204740475 86.20546532283461 12.457926793689655
2 2 	 # V Shape
54.39804755134681 90.30824282210739
71.62410797991853 16.288190147708615
2 4 	 # Alloc Shape
0 0 1 1
1 1 0 0

2 4 	 # U Shape
0.10888493501817198 0.4523547729446298 52.657263904416915 88.56353629727782
36.82442544563161 61.51103647674056 36.953677934984405 80.34258313821435
2 2 	 # V Shape
22.30198243570821 57.39727268375204
29.723366608519996 71.36236966608038
2 4 	 # Alloc Shape
0 0 1 1
1 1 0 0

2 4 	 # U Shape
64.65142380983377 9.288792121446987 37.076822391810246 92.43607503643348
39.041623575009 72.32257775575546 27.11725687294266 14.636436689850562
2 2 	 # V Shape
19.51136952959125 24.880060253239044
51.00930972411793 75.53962188307285
2 4 	 # Alloc Shape
0 0 1 1
1 1 0 0

2 4 	 # U Shape
29.36675552820327 88.82297587394926 46.38750775026349 16.829457679795546
5.392523868422828 75.91318705806897 95.27456719080254 22.317962876131713
2 2 	 # V Shape
82.68317267906615 0.5107707641387571
1.1727558195495091 91.90517045553807
2 4 	 # Alloc Shape
1 1 0 0
0 0 1 1

2 4 	 # U Shape
50.527546586662986 72.1646945931789 11.114747124419955 15.719212842146046
95.67165140612028 65.63767303029164 88.82601431899401 9.67028854292209
2 2 	 # V Shape
33.49059820803376 19.732640034145298
7.747151353937676 85.08186812461011
2 4 	 # Alloc Shape
1 1 0 0
0 0 1 1

2 4 	 # U Shape
28.3843455319288 62.7041502658177 16.713092410827024 72.82959144935566
20.550380224018195 4.028685802386334 47.01498329680902 56.25617314896808
2 2 	 # V Shape
91.33141809719967 99.30147162507923
38.055916446927604 46.528787146280024
2 4 	 # Alloc Shape
1 1 0 0
0 0 1 1

2 4 	 # U Shape
82.54634498790634 14.560157711685484 61.95038759547029 70.93566022679454
87.74847532203289 54.069199685405536 57.34004351649411 61.5623567901348
2 2 	 # V Shape
77.95134083614066 7.1718568535503735
38.295734039283545 1.676132791327889
2 4 	 # Alloc Shape
0 0 1 1
1 1 0 0

2 4 	 # U Shape
5.433197043518678 61.217030682553975 49.580388498911056 40.35950786782192
88.47010625028598 4.703116856628464 11.46992287367976 84.4085173587786
2 2 	 # V Shape
93.13551391890064 92.02462920427261
9.795157597883996 85.1086376853162
2 4 	 # Alloc Shape
0 0 1 1
1 1 0 0

