2 4 	 # U Shape
75.01362861060107 66.61016674853227 98.78954482759622 25.69684226038301
2.830592527249809 63.57191154610017 84.73123874866262 73.61746251160108
2 2 	 # V Shape
2.0807111923490385 11.16031306650328
29.77237418558598 68.69701913398437
2 4 	 # Alloc Shape
1 1 0 0
0 0 1 1

2 4 	 # U Shape
52.09891184416453 93.87479932162756 73.71548503445185 26.471792123805947
42.45563482984929 97.08884408071663 19.00949121364357 53.89343187773699
2 2 	 # V Shape
48.72692251182058 77.43526868070362
70.19395329201085 84.61163478187427
2 4 	 # Alloc Shape
0 0 1 1
1 1 0 0

2 4 	 # U Shape
80.42391506770842 74.81615320766906 16.14324502292124 86.7338624109769
47.02021634514235 95.97024173560553 49.96954893905895 75.29647275610661
2 2 	 # V Shape
55.50563948273706 6.143322665255779
11.377230298743225 48.499202237745706
2 4 	 # Alloc Shape
1 1 0 0
0 0 1 1

2 4 	 # U Shape
48.07244633817164 33.00248434005787 62.64567656600807 42.756629344571905
25.10595916791725 13.559987765733439 76.11779173576987 91.7648020612145
2 2 	 # V Shape
19.59199850334058 69.21484689727154
48.71158353025563 1.5350704339559318
2 4 	 # Alloc Shape
1 1 0 0
0 0 1 1

2 4 	 # U Shape
50.20748701858733 82.21086436969316 21.072388550652445 24.30081203273363
97.01268860939301 65.78383810384148 69.13168713034369 98.82809864681447
2 2 	 # V Shape
74.43810929889007 56.843643477015206
48.455470337663606 29.284334533380253
2 4 	 # Alloc Shape
1 1 0 0
0 0 1 1

2 4 	 # U Shape
92.77424829998998 30.514012423489202 46.63489638749557 49.99211641683489
78.20896936576536 1.028629991065133 57.44115426501839 78.32545985186664
2 2 	 # V Shape
93.95725171004614 73.17485323252265
96.46519545271285 23.7224925222011
2 4 	 # Alloc Shape
1 1 0 0
0 0 1 1

2 4 	 # U Shape
25.84577445414159 35.01901310621102 41.96964691660183 66.90785459536536
27.859367331186846 53.79006639990891 8.629578570416252 85.92440485126008
2 2 	 # V Shape
20.0194340089366 59.2210498333129
90.2093008295924 37.13464505270376
2 4 	 # Alloc Shape
0 0 1 1
1 1 0 0

2 4 	 # U Shape
39.472709418728726 54.89220750580015 47.2472579334963 74.63560006321292
57.7507682467018 53.9137083991767 41.52168868506033 26.349231633707003
2 2 	 # V Shape
4.046598393017186 81.59876824365779
65.938069900606 24.285693642029493
2 4 	 # Alloc Shape
0 0 1 1
1 1 0 0

2 4 	 # U Shape
58.44851519818707 98.47552313173136 61.40881097445819 95.8727745856275
48.70304577000215 95.20645918876943 74.96594885575082 46.110402443040286
2 2 	 # V Shape
39.68565238207189 57.21575389074391
88.06914007151194 26.201219364711758
2 4 	 # Alloc Shape
0 0 1 1
1 1 0 0

2 4 	 # U Shape
39.25254620750772 29.449854400197616 64.32361031639023 90.3264235932675
76.61186313720086 99.53828359511263 98.24397182476127 87.50947273085697
2 2 	 # V Shape
94.55362590417867 70.59768627512554
85.34345994749614 33.44865039303549
2 4 	 # Alloc Shape
0 0 1 1
1 1 0 0

2 4 	 # U Shape
67.52971019533747 93.79689257074294 70.03345441403044 56.30449235923633
61.90877537379767 4.095008744288197 79.76060888723599 53.734462020054295
2 2 	 # V Shape
31.613157040344287 61.62079626100697
99.69571795676254 38.557283350754915
2 4 	 # Alloc Shape
1 1 0 0
0 0 1 1

2 4 	 # U Shape
32.127778559527634 48.6482130552602 18.86669957191217 28.71399442716809
44.229404248377925 94.83425056528608 9.366103431999973 22.213702297526815
2 2 	 # V Shape
57.04270142642661 97.15764709073908
11.563712166629314 70.68633371547489
2 4 	 # Alloc Shape
0 0 1 1
1 1 0 0

2 4 	 # U Shape
22.143781771587367 62.822984309943465 70.00090762394173 41.17016954594681
96.52159293261413 12.217133094164534 4.753533976094138 48.285965706702825
2 2 	 # V Shape
22.722073086788686 96.88100601606175
93.28853574440025 2.1977495277442083
2 4 	 # Alloc Shape
0 0 1 1
1 1 0 0

2 4 	 # U Shape
83.99853571743192 51.31475127782454 89.49853816749818 22.01731834175008
50.76675788580953 44.25442188983182 62.79158395890211 0.7151141904372715
2 2 	 # V Shape
11.824021495562986 57.31172348710005
98.82889231928384 12.912533971979057
2 4 	 # Alloc Shape
0 0 1 1
1 1 0 0

2 4 	 # U Shape
78.5327372283572 49.356942845116016 54.1987020488821 72.99703112503907
2.0143207160926435 95.66422504627117 66.66236098405408 8.93184328568466
2 2 	 # V Shape
67.39163049072262 76.26571777385563
72.56961326337996 19.874891199696233
2 4 	 # Alloc Shape
0 0 1 1
1 1 0 0

2 4 	 # U Shape
20.907737556717755 26.806601666170348 31.603082885349455 56.13226082261694
97.96276113543345 9.817965079633417 71.52346846542119 83.97445402369672
2 2 	 # V Shape
42.877212073893 7.806258295941026
99.59695837595162 58.59721440267849
2 4 	 # Alloc Shape
0 0 1 1
1 1 0 0

2 4 	 # U Shape
94.47884064050022 59.447969388669506 21.775185118765393 36.947804784421834
70.45290499818213 10.699452478533411 54.2001823769638 64.4705050273046
2 2 	 # V Shape
91.64889300419726 19.46098102366388
66.8388290087217 72.04005668230599
2 4 	 # Alloc Shape
1 1 0 0
0 0 1 1

2 4 	 # U Shape
63.2732948373433 84.38382322944092 18.49355359054362 55.95690198896401
4.020483312341183 44.98580019511258 37.19201339909096 70.92327455021773
2 2 	 # V Shape
54.17628390815361 82.09599793387457
88.03283641134205 12.481460162540658
2 4 	 # Alloc Shape
1 1 0 0
0 0 1 1

2 4 	 # U Shape
99.43657475422661 8.467557870610175 79.37104445315417 73.86163184113803
11.462059868440189 20.272846197402327 56.86342202714438 64.6478518364309
2 2 	 # V Shape
85.64028159768836 53.51816034274306
2.337627536652309 75.1441259231182
2 4 	 # Alloc Shape
1 1 0 0
0 0 1 1

2 4 	 # U Shape
17.745104956863898 3.239716353484534 35.43445956984248 25.832843765958025
76.23273390304533 0.8567437747802775 59.09650571805495 60.18939294902158
2 2 	 # V Shape
6.47294046357233 70.47039810653447
56.73939879671267 98.73030550062367
2 4 	 # Alloc Shape
0 0 1 1
1 1 0 0

2 4 	 # U Shape
58.672797526464905 24.69289164641617 95.78814115096795 93.31874442658064
44.81101032130324 44.884173206178446 29.40619021733315 0.866778699592341
2 2 	 # V Shape
4.036717457086015 85.09821297118404
99.88511203527312 59.308994691620576
2 4 	 # Alloc Shape
0 0 1 1
1 1 0 0

2 4 	 # U Shape
99.18647463271083 95.9746623174163 15.706044698648824 26.815716013393732
34.637293102775956 55.914979580523635 9.03867236400442 72.76498300120508
2 2 	 # V Shape
1.1744451463684968 46.39155451829991
30.479332921028647 64.40695670111259
2 4 	 # Alloc Shape
1 1 0 0
0 0 1 1

2 4 	 # U Shape
58.655952562023614 42.78562196401957 28.306580826825268 62.528605953547256
81.5116429384416 81.28815699140189 24.552675619309518 33.280149323963315
2 2 	 # V Shape
1.5976460022877337 19.22318535589317
43.07346514898429 9.442726886389362
2 4 	 # Alloc Shape
0 0 1 1
1 1 0 0

2 4 	 # U Shape
62.98166278206918 11.767980159684088 24.173564615552902 17.662855407546875
45.18627677867227 3.9142191864877995 31.383588511792727 65.71735783922918
2 2 	 # V Shape
42.41056668702446 57.96323361506942
71.61190148517676 75.47762304537136
2 4 	 # Alloc Shape
1 1 0 0
0 0 1 1

2 4 	 # U Shape
49.378661950966084 84.04888359518348 21.473035235963046 9.663648354591247
32.18801029016273 81.543633038723 35.99139289296248 34.628153464429126
2 2 	 # V Shape
79.21257514016162 62.83852942983993
45.542810740313165 27.11176830618296
2 4 	 # Alloc Shape
1 1 0 0
0 0 1 1

2 4 	 # U Shape
83.52391832159721 57.97455502852203 26.564711952001595 0.04693984859907019
10.545567071821626 36.81103500843372 28.680426743806365 67.99035727518132
2 2 	 # V Shape
16.850051882232965 47.7403236780687
58.011012272641274 49.670171015165266
2 4 	 # Alloc Shape
1 1 0 0
0 0 1 1

2 4 	 # U Shape
62.42927889284792 57.38898549099272 58.84052483585065 98.21391637233295
9.924266528795867 93.82687858801062 20.819323151014412 58.77123741191529
2 2 	 # V Shape
33.027706358385444 18.86401946047639
31.476544006551265 57.68005596028932
2 4 	 # Alloc Shape
0 0 1 1
1 1 0 0

2 4 	 # U Shape
58.063106251989026 42.58103319245809 8.625236157415472 8.782086329748795
43.608487013695516 6.266525028098258 57.39794010306479 16.333067988942997
2 2 	 # V Shape
35.44122621121868 57.49229379901234
62.06831630565208 30.06741869404689
2 4 	 # Alloc Shape
1 1 0 0
0 0 1 1

2 4 	 # U Shape
6.472769467228878 54.996373061618364 7.383863295667048 78.43898776811004
62.406766934140954 25.602788503019834 93.69561086108024 36.33586770808207
2 2 	 # V Shape
29.826532395965245 1.5016343697940027
59.293929017685066 68.63935151665402
2 4 	 # Alloc Shape
1 1 0 0
0 0 1 1

2 4 	 # U Shape
86.12569324568975 80.96540201274007 43.01814309761299 96.84760467041927
3.4851461449836085 95.51672818756086 6.4089351446391385 30.90775702788089
2 2 	 # V Shape
42.64799919726995 74.61558456043657
12.028483510004218 31.879850888064098
2 4 	 # Alloc Shape
0 0 1 1
1 1 0 0

2 4 	 # U Shape
83.9014159758341 42.37358520351305 94.65115729639201 60.62440641854157
6.063261785696172 99.19803100053034 14.984800321738955 32.73250388394493
2 2 	 # V Shape
88.1343165876111 16.21870409987851
69.24308797593203 22.41752439484783
2 4 	 # Alloc Shape
0 0 1 1
1 1 0 0

2 4 	 # U Shape
14.209837108864399 54.307912346543866 35.62299752064786 70.52992428740727
76.81784718181416 49.9698379827909 22.040317020757016 34.823202108926864
2 2 	 # V Shape
6.800080449173739 10.994238390612022
54.76648335464075 59.8081637706227
2 4 	 # Alloc Shape
0 0 1 1
1 1 0 0

2 4 	 # U Shape
89.83634664281827 28.913372258831938 68.77133662388695 91.34229516283062
4.851161446484376 10.912833657391008 79.79780625944358 70.21276609296635
2 2 	 # V Shape
26.942591404232775 86.46564294191032
55.57357756472735 75.75246360207342
2 4 	 # Alloc Shape
1 1 0 0
0 0 1 1

2 4 	 # U Shape
6.072580870190514 44.848545595182884 18.24201503560168 1.3419782627619226
37.65864123687233 79.05104353493843 40.89937026334167 62.43201420003221
2 2 	 # V Shape
15.199619073165739 76.43950089965209
7.555697499202118 74.52182183774953
2 4 	 # Alloc Shape
1 1 0 0
0 0 1 1

2 4 	 # U Shape
43.7795233215102 22.523285235519054 94.06768870055302 13.050626833319988
12.832650690351223 67.35025885095877 68.34742002640371 72.45764278568349
2 2 	 # V Shape
37.228258508297984 47.59535415686834
2.5176370086365862 93.86249646163684
2 4 	 # Alloc Shape
0 0 1 1
1 1 0 0

2 4 	 # U Shape
88.75814111580357 26.977998969633667 19.949246920876963 54.7783924895483
89.63001811778169 77.80553866883737 33.8355592602637 80.22354027189776
2 2 	 # V Shape
16.222279399725924 89.6161437795221
98.26609362011173 48.97204638588135
2 4 	 # Alloc Shape
1 1 0 0
0 0 1 1

2 4 	 # U Shape
24.407663804932987 17.408837088223194 93.77328505317844 66.78602988836282
1.072677541781919 63.729555885325205 84.39477999015766 47.59421382034602
2 2 	 # V Shape
7.930241067071487 94.33262578030983
3.3634443028891514 95.28626943735034
2 4 	 # Alloc Shape
0 0 1 1
1 1 0 0

2 4 	 # U Shape
87.5973965743071 98.23291243653071 23.623174079331843 6.142715913393926
39.9462096245507 29.95959041763747 96.33171255546958 28.848874143253756
2 2 	 # V Shape
75.67862252774063 77.53554048147298
50.08708067012058 81.41746042833519
2 4 	 # Alloc Shape
1 1 0 0
0 0 1 1

2 4 	 # U Shape
80.56553026508614 43.08656768096613 39.292029476595935 27.286025029005913
58.31301570187022 26.169485422124396 37.916128843783916 83.59261586089332
2 2 	 # V Shape
19.57153056383304 16.146846587444696
13.017405868529352 23.642940123027223
2 4 	 # Alloc Shape
1 1 0 0
0 0 1 1

2 4 	 # U Shape
73.29556112538094 50.36391162046074 59.94969553631044 6.4495758189223595
7.8506565160704085 39.57231589499792 70.61365141969746 93.6867385826827
2 2 	 # V Shape
66.99422245313067 2.6189255300985925
66.40613589570026 34.237248596690385
2 4 	 # Alloc Shape
1 1 0 0
0 0 1 1

2 4 	 # U Shape
52.673978637394534 80.80174413694043 85.15633895343416 76.34737270973088
26.792959392354344 97.9166397738511 4.365879610132728 92.2943487635842
2 2 	 # V Shape
69.87171680941772 77.65180020316946
35.045217245775994 60.61195625667878
2 4 	 # Alloc Shape
0 0 1 1
1 1 0 0

2 4 	 # U Shape
10.691770125870992 69.37728663492544 97.32334713444632 51.691507275940886
90.04920807782513 51.86366970761601 37.1500918182951 17.19242554936864
2 2 	 # V Shape
97.08909007670673 47.5161712188629
11.44377166622601 40.75042743035997
2 4 	 # Alloc Shape
0 0 1 1
1 1 0 0

2 4 	 # U Shape
62.062578676094084 72.04288872791895 87.00914490485656 20.792440762208876
92.08203135141083 99.37735598650346 36.80213825656767 89.17024663424063
2 2 	 # V Shape
27.624598924611256 60.03807578158186
3.984151132623681 97.43938073405192
2 4 	 # Alloc Shape
0 0 1 1
1 1 0 0

2 4 	 # U Shape
53.14926809037858 80.36615416915231 48.67939399205071 13.884113638996887
21.500227858259823 44.834979141698064 86.51246384814323 38.7242388553947
2 2 	 # V Shape
75.09585274401668 90.27872523769761
96.0404253389431 69.5451964095253
2 4 	 # Alloc Shape
1 1 0 0
0 0 1 1

2 4 	 # U Shape
39.58138592267637 66.79993912695616 38.589183611875164 19.958029977144477
3.5248951123853622 36.21107568405404 35.0794493683645 68.04892240732475
2 2 	 # V Shape
47.62206556793609 90.66970904000152
44.30388011546113 16.39921084683138
2 4 	 # Alloc Shape
1 1 0 0
0 0 1 1

2 4 	 # U Shape
86.72715260300109 51.19350274911291 49.891588543074526 61.23148639469953
5.549078315601863 48.711763949698785 10.195644525507442 31.9728075806051
2 2 	 # V Shape
69.80990728444588 30.20173948878133
46.30211495760409 11.249545688676454
2 4 	 # Alloc Shape
0 0 1 1
1 1 0 0

2 4 	 # U Shape
95.58467899421265 16.280767419716714 72.47422979906985 56.91494758835694
72.50275875283462 67.94054677004115 48.25021932321019 9.114308556468842
2 2 	 # V Shape
18.08537978151582 28.534929637810514
59.30861751188172 30.493589140870302
2 4 	 # Alloc Shape
0 0 1 1
1 1 0 0

2 4 	 # U Shape
84.56378230180445 41.18241583895299 26.87991361741554 93.05773717489598
53.107931733249025 83.52847761615239 57.111104903809085 57.685715949113224
2 2 	 # V Shape
69.3578968106815 66.46885283995299
50.03994778996872 42.66196154535391
2 4 	 # Alloc Shape
0 0 1 1
1 1 0 0

2 4 	 # U Shape
63.73905137859322 28.024941476507024 64.3995281121458 80.80956972330154
50.403041328442924 11.35844694297048 53.96879224965685 88.96060408779806
2 2 	 # V Shape
21.31399526242088 29.745743403896995
42.95521051816944 17.625031133621505
2 4 	 # Alloc Shape
1 1 0 0
0 0 1 1

2 4 	 # U Shape
42.49713730452163 16.827991800054686 5.495550823870055 42.08028372450728
35.72621630922789 32.108791668282656 65.22111956863938 29.05802133509421
2 2 	 # V Shape
28.672290527081834 46.71724728060316
77.67889531167083 70.05879843006836
2 4 	 # Alloc Shape
1 1 0 0
0 0 1 1

2 4 	 # U Shape
89.14627162704576 46.397148406173116 39.27209606466715 26.762944732652695
0.5433026435435084 32.43905268216669 87.16453184006579 74.28640062302193
2 2 	 # V Shape
55.98566929816893 17.101220358380363
10.003968913194615 57.32364170944475
2 4 	 # Alloc Shape
1 1 0 0
0 0 1 1

2 4 	 # U Shape
92.91249855357542 37.2252006303477 31.65188483337531 41.87891546559076
0.5030047020278205 82.84306281217293 58.91920040476849 7.023122869014021
2 2 	 # V Shape
16.67003583658073 35.0891036732713
13.015896802940174 68.53582714129512
2 4 	 # Alloc Shape
1 1 0 0
0 0 1 1

2 4 	 # U Shape
68.5682859101037 8.452481923399857 98.11899154705954 92.17191896010013
88.39878816766795 99.04581465467908 90.89373878644219 0.9981248572294432
2 2 	 # V Shape
18.49908200639544 68.27688038999729
17.79439644956453 25.40772776636827
2 4 	 # Alloc Shape
0 0 1 1
1 1 0 0

2 4 	 # U Shape
14.906377424175243 91.62648992095414 53.125696846118984 44.86914272230222
0.35476960793102696 93.4633230091132 91.85746092682545 93.54939993106682
2 2 	 # V Shape
29.651079177873907 51.54286568334735
96.96171019743652 90.52749882292925
2 4 	 # Alloc Shape
1 1 0 0
0 0 1 1

2 4 	 # U Shape
15.865203366793246 69.04418519486858 57.27967743964797 7.34701712777267
29.86117560083511 70.0552230319061 80.02571998216497 44.460979424858614
2 2 	 # V Shape
73.50251184180615 14.918301522068965
36.47433635665165 31.418969772726445
2 4 	 # Alloc Shape
1 1 0 0
0 0 1 1

2 4 	 # U Shape
37.03207172823515 54.762852644176895 62.415748921512574 20.414795165560363
70.36577655772689 81.68367673759492 43.671904836778054 58.7928010686509
2 2 	 # V Shape
1.041685072391585 38.91771541196191
33.009881661528894 85.93518346173283
2 4 	 # Alloc Shape
0 0 1 1
1 1 0 0

2 4 	 # U Shape
86.02490162585272 25.006643189300505 48.83091758029501 55.569926067407835
34.94256727802964 47.413203474080014 85.09277342827146 23.040095466114785
2 2 	 # V Shape
0.8864857362770873 60.552783065237904
45.721023191681674 65.55074269803771
2 4 	 # Alloc Shape
1 1 0 0
0 0 1 1

2 4 	 # U Shape
91.23832621125312 97.66268299354185 28.50780377095048 73.29337581738628
58.08254688673019 55.703897500275055 68.25238205294666 9.246201222027917
2 2 	 # V Shape
25.160112510928535 61.715395720940705
66.34875450847171 33.275168428787225
2 4 	 # Alloc Shape
1 1 0 0
0 0 1 1

2 4 	 # U Shape
19.457084265039548 10.489658698695315 97.8685398522274 68.48472428615793
12.156855032755765 64.11255483759156 26.215668976484295 97.95051618255982
2 2 	 # V Shape
96.20626887835931 6.58865353841006
26.9863769343077 22.90682444479788
2 4 	 # Alloc Shape
0 0 1 1
1 1 0 0

2 4 	 # U Shape
4.822630857574184 52.496090238963234 7.123645012745172 38.03892501937107
82.23464869906597 42.8710407400127 95.76537931888883 36.66612887470867
2 2 	 # V Shape
52.92872422523648 10.5251927580451
82.88144644928872 3.2213212902806987
2 4 	 # Alloc Shape
1 1 0 0
0 0 1 1

2 4 	 # U Shape
34.416047231494304 5.529801093957065 64.14334153248382 4.4724001458156915
90.21663454503977 22.228116489006624 34.95160983889375 53.700930829126804
2 2 	 # V Shape
69.42247252963547 89.64408813067504
4.44213494174096 62.453866364129674
2 4 	 # Alloc Shape
0 0 1 1
1 1 0 0

2 4 	 # U Shape
63.50520133062272 48.05128499721547 8.801442077117738 10.537472548061078
94.76847368349834 58.625566861451084 75.42795658948671 86.39850512487065
2 2 	 # V Shape
16.572933663543342 85.58812784355825
41.22301895280219 78.38130446859448
2 4 	 # Alloc Shape
1 1 0 0
0 0 1 1

2 4 	 # U Shape
17.954381195154067 34.824473033446104 53.5651806548198 20.397655652259385
6.2504064872251135 3.7079187360525956 11.511336316763076 70.59188013214204
2 2 	 # V Shape
37.233349860153176 16.127787602579968
60.12073383220541 94.51447801688204
2 4 	 # Alloc Shape
1 1 0 0
0 0 1 1

2 4 	 # U Shape
10.314929301509835 42.17903141319671 23.358866293938963 43.781938042438064
62.59863712453719 33.337467356434246 42.89990113783154 32.680985088265516
2 2 	 # V Shape
75.63850081095184 55.71338831248278
24.791431368074136 51.593475420890165
2 4 	 # Alloc Shape
0 0 1 1
1 1 0 0

2 4 	 # U Shape
49.4120072071529 34.82822886926288 27.8671300761282 48.609364514745245
66.63587135528483 68.69282983201579 22.644879438398636 93.00634200389783
2 2 	 # V Shape
89.20544765192717 65.60985241753288
45.0390270731318 66.52695363655575
2 4 	 # Alloc Shape
1 1 0 0
0 0 1 1

2 4 	 # U Shape
58.51517911163736 42.59879164412037 64.11951575265974 19.098922160359844
91.22653165393967 88.75642287479201 59.0772261030149 22.289204275728103
2 2 	 # V Shape
69.2397285034321 63.96696130051972
94.739857258895 54.38171012833312
2 4 	 # Alloc Shape
0 0 1 1
1 1 0 0

2 4 	 # U Shape
1.8676960186075786 94.19209919873576 76.36366927866743 98.19892601137373
8.316163487502726 11.826312382132398 74.30818938635848 15.411780519793206
2 2 	 # V Shape
88.68265511656041 29.641228661814345
56.255941848674816 0.8111711395540122
2 4 	 # Alloc Shape
1 1 0 0
0 0 1 1

2 4 	 # U Shape
15.574232695441847 45.06605445901679 62.79388830963263 34.24838803354131
76.01555112902898 86.41631713277422 32.890798300530285 3.2007134106859625
2 2 	 # V Shape
3.7924905529182817 16.213641340854956
10.906030162532975 92.45509853955697
2 4 	 # Alloc Shape
0 0 1 1
1 1 0 0

2 4 	 # U Shape
84.24227676413837 17.158210821674924 52.64784643088264 35.47790934705692
65.23342596243872 41.3414005082974 8.727729816821117 80.07278751149562
2 2 	 # V Shape
9.48583641613051 69.21960609223558
68.58862025562689 0.6290359602428075
2 4 	 # Alloc Shape
1 1 0 0
0 0 1 1

2 4 	 # U Shape
84.38512289603922 24.11145081931827 34.41227265852073 46.03098503836177
85.45007928963737 58.15872417824942 37.239147397411166 14.5521691517689
2 2 	 # V Shape
61.80222881342401 83.6986514916706
53.866930866969696 22.890397356438264
2 4 	 # Alloc Shape
0 0 1 1
1 1 0 0

2 4 	 # U Shape
12.68888496051347 23.381558906918166 89.55131799036467 65.24412162036745
94.42810007812717 90.15343223662524 94.17964665803957 41.48711015418145
2 2 	 # V Shape
30.701332066152943 50.978345209507644
4.8675046236245745 48.64735945294408
2 4 	 # Alloc Shape
0 0 1 1
1 1 0 0

2 4 	 # U Shape
27.71142762047828 38.07095790821743 98.51344855214776 12.18887212796309
85.48752037649167 93.45705310858217 67.76183128219697 0.8417692480578887
2 2 	 # V Shape
33.37117641007878 55.488484117188555
54.869222814280775 75.83698863035451
2 4 	 # Alloc Shape
0 0 1 1
1 1 0 0

2 4 	 # U Shape
98.5187032795321 97.72377917805142 95.48069928794752 10.867839294152182
99.90591955912859 5.968793902367131 52.8354028884057 19.996804209167152
2 2 	 # V Shape
42.280993867172754 41.16906747416156
47.944429093705246 38.5040969284018
2 4 	 # Alloc Shape
0 0 1 1
1 1 0 0

2 4 	 # U Shape
79.41936109865586 21.25881241027975 70.53173217858655 88.17985450225379
54.44786414237763 94.23446973164725 37.4259771416137 98.11652863494496
2 2 	 # V Shape
90.18281674663305 10.519287570095893
88.5367302396885 56.18440992198776
2 4 	 # Alloc Shape
0 0 1 1
1 1 0 0

2 4 	 # U Shape
35.82336197973951 75.400848193652 40.66389079739528 39.485313202699935
28.22710365977661 70.01268027997449 15.503921693228861 83.80269850366568
2 2 	 # V Shape
84.22651970018194 8.479416826978426
25.510494787414505 48.90363497204003
2 4 	 # Alloc Shape
1 1 0 0
0 0 1 1

2 4 	 # U Shape
72.56911824517574 63.56127098319552 8.835130703131334 36.23111836590031
26.816995328018923 69.10963130907112 55.19124288167039 33.980046478774604
2 2 	 # V Shape
59.15987373027695 79.77097419111341
27.552797874244494 18.59514083912113
2 4 	 # Alloc Shape
1 1 0 0
0 0 1 1

2 4 	 # U Shape
35.742237011426646 1.7708104370580569 86.93835775274025 5.2380211769836205
11.738313314573434 3.8098395021536335 70.08145964009076 3.010584190192267
2 2 	 # V Shape
86.40280512362278 32.10667722723702
3.140975863168427 67.55438975946726
2 4 	 # Alloc Shape
1 1 0 0
0 0 1 1

2 4 	 # U Shape
5.685975572678337 33.80023627998908 94.79162839207838 7.252328136111785
50.261361280837 6.734134565792016 98.88498646681364 3.052129138884052
2 2 	 # V Shape
44.849685322586 32.87126261742217
0.5740257150138595 55.18318216530053
2 4 	 # Alloc Shape
0 0 1 1
1 1 0 0

2 4 	 # U Shape
27.54796876500789 42.33478409068685 58.13934912272821 90.24645831391683
29.131189024739047 65.41945727863532 99.87429212794731 90.2165253379395
2 2 	 # V Shape
24.635125846003426 88.64017579185409
75.82975730785702 49.39132263892982
2 4 	 # Alloc Shape
0 0 1 1
1 1 0 0

2 4 	 # U Shape
3.6521286854660273 42.1286779249491 92.89235400295979 1.2126231139255705
1.354081965205367 74.56299866957154 26.851592781281276 7.60894920436016
2 2 	 # V Shape
2.7002109249615214 84.37618235412687
37.66525445349509 72.3427134561033
2 4 	 # Alloc Shape
0 0 1 1
1 1 0 0

2 4 	 # U Shape
90.53101266784854 27.6004478649186 25.856571324501864 42.28233795291529
61.52793342494912 24.170057447869187 77.1953687911407 31.691518311372956
2 2 	 # V Shape
81.99653530361434 24.469047475507022
85.038472299592 13.398665329449866
2 4 	 # Alloc Shape
1 1 0 0
0 0 1 1

2 4 	 # U Shape
42.094646469002726 0.2822109702599773 36.46034589244 72.52140911566107
24.587727174891395 85.3987818846359 3.5906665616541544 93.05146326760111
2 2 	 # V Shape
63.85682047445865 43.02022928033825
72.30903620804851 84.83369370109365
2 4 	 # Alloc Shape
0 0 1 1
1 1 0 0

2 4 	 # U Shape
39.14492474998035 1.4132972455633719 5.9886822978362675 17.260378317182713
47.44994383232133 78.73632469892742 82.77996532913293 56.48406699721814
2 2 	 # V Shape
86.55471736883126 4.256652780414061
69.43479360994925 49.013300443910424
2 4 	 # Alloc Shape
1 1 0 0
0 0 1 1

2 4 	 # U Shape
12.311705248216331 5.129399426381931 49.30407230697003 6.267885496367387
87.612260523524 6.538822533637479 43.92194074722685 39.326286136012754
2 2 	 # V Shape
82.53813157341197 57.198306202773566
8.458549946761874 13.25272157134848
2 4 	 # Alloc Shape
0 0 1 1
1 1 0 0

2 4 	 # U Shape
82.88175756448827 58.47413968289386 45.47402648943928 66.34107044541052
93.43717373645072 21.05407878173331 9.863713552395826 1.3101074378287225
2 2 	 # V Shape
5.92870753821686 91.52847799511711
47.68070453171877 24.18799944729525
2 4 	 # Alloc Shape
0 0 1 1
1 1 0 0

2 4 	 # U Shape
81.53119187769761 0.6505754294773625 27.675404701881757 61.422272055596764
65.69664801333028 10.408491582886892 91.81963691817187 19.283792170868917
2 2 	 # V Shape
99.78952516618259 33.52582536513646
70.68406274584272 83.69866412593815
2 4 	 # Alloc Shape
1 1 0 0
0 0 1 1

2 4 	 # U Shape
91.29357881715593 82.57888480640267 1.519969502450591 36.038048567778816
80.41382436137074 98.48035827530981 82.20034855687376 8.289694172714713
2 2 	 # V Shape
12.865945131706502 33.30136060348331
66.1504102164908 51.46032143105994
2 4 	 # Alloc Shape
1 1 0 0
0 0 1 1

2 4 	 # U Shape
44.22598182328215 15.351906253112945 68.36145362402655 6.457638477376726
62.85573482426617 51.706690947632936 36.935138720493995 68.75784468081359
2 2 	 # V Shape
51.772006050190456 30.51885993792638
86.73634783792083 43.29118220929249
2 4 	 # Alloc Shape
0 0 1 1
1 1 0 0

2 4 	 # U Shape
67.25299213663742 94.43921145765971 66.50581462187982 31.947799603679506
42.19095918380225 0.9643964853304099 30.438777435770092 66.33987031388399
2 2 	 # V Shape
4.654934016037171 88.23107269854027
7.806648340443245 82.91596800944274
2 4 	 # Alloc Shape
1 1 0 0
0 0 1 1

2 4 	 # U Shape
59.919444657505636 51.34945550477025 99.51063928726055 19.068356746512126
85.26624440752548 7.08243604932004 31.95732714364207 82.25761094763136
2 2 	 # V Shape
80.9466605239117 32.585352628026975
52.66383130175846 83.77569397282033
2 4 	 # Alloc Shape
0 0 1 1
1 1 0 0

2 4 	 # U Shape
95.62400070729169 89.43014076936333 37.54798738445074 35.87267695767552
27.08065459418809 38.8704632198787 64.19232281884621 17.919698654402684
2 2 	 # V Shape
85.33451776284019 41.58724901027397
67.99565477527561 50.803169780366716
2 4 	 # Alloc Shape
1 1 0 0
0 0 1 1

2 4 	 # U Shape
0.5216728402653414 20.7741782470626 56.80433541947413 77.7822151224194
63.47437044092693 9.862679026107301 97.05908823346431 31.013722308645043
2 2 	 # V Shape
74.47877892280411 0.74422075631696
33.77858410701676 4.86225703132408
2 4 	 # Alloc Shape
0 0 1 1
1 1 0 0

2 4 	 # U Shape
55.603402867526306 35.68095077462521 8.723855784054402 13.541466562460236
44.36038932461437 37.59400027148699 88.29602621328888 56.16183019455775
2 2 	 # V Shape
93.842640978257 55.9329736717547
38.53546780201802 89.94157222772373
2 4 	 # Alloc Shape
1 1 0 0
0 0 1 1

2 4 	 # U Shape
61.78875754319291 63.38703826666278 65.45374869892673 86.68088648040818
55.621423652653654 56.606757517750395 5.501081314785072 79.01307506528808
2 2 	 # V Shape
7.418465945060582 61.06421043096601
9.570744775851914 7.305200237606469
2 4 	 # Alloc Shape
0 0 1 1
1 1 0 0

2 4 	 # U Shape
37.5695674397001 73.35427639800027 15.711687463035584 15.987608374651307
14.38378364390469 64.84725204304756 10.103957120267248 74.84030526560164
2 2 	 # V Shape
22.311390173968725 0.19221312625246068
64.35966982757245 79.95767956687263
2 4 	 # Alloc Shape
1 1 0 0
0 0 1 1

2 4 	 # U Shape
78.14564387032429 36.99984968271968 82.8126668850244 15.011331987516396
46.97323699638773 45.06583263211633 88.38364718863254 71.3910208044557
2 2 	 # V Shape
74.89850378876609 59.18020761656244
61.93532535384981 72.60699074686033
2 4 	 # Alloc Shape
1 1 0 0
0 0 1 1

2 4 	 # U Shape
21.842868489879773 44.89182199653692 41.288538750159056 28.07681963950874
57.77917754736897 64.44071757415426 68.25008080471576 34.85556779365946
2 2 	 # V Shape
4.048540929168832 13.916212542908223
11.781636568421817 24.983368004784403
2 4 	 # Alloc Shape
0 0 1 1
1 1 0 0

2 4 	 # U Shape
98.01373779377182 69.0562387564331 96.31533287467623 88.13958960866051
48.43974327241224 36.741717888519986 12.66946576939656 7.20860331627825
2 2 	 # V Shape
88.6266893010347 19.56984629924987
40.500641542739814 45.65618945174704
2 4 	 # Alloc Shape
0 0 1 1
1 1 0 0

2 4 	 # U Shape
88.01866788234682 87.85989768623745 74.71108293663423 29.401282431232566
55.80117495917566 79.54519524055091 77.36989696927265 65.69665964150772
2 2 	 # V Shape
54.792191220684096 84.0482642995845
69.4161968315618 33.09244113800936
2 4 	 # Alloc Shape
1 1 0 0
0 0 1 1

2 4 	 # U Shape
30.513584737296227 20.506945176075497 41.572891070758025 29.056654220855847
14.984694375645713 22.122768480251274 25.234012616621214 39.576538612404086
2 2 	 # V Shape
34.97811125467417 68.29181719315739
39.41290202681223 21.03076898972046
2 4 	 # Alloc Shape
1 1 0 0
0 0 1 1

