2 4 	 # U Shape
75.16615138131563 60.734334420805055 79.40213504553834 38.80429843218492
34.03471859919765 66.19121603552212 90.5547798115853 72.00305227716338
2 2 	 # V Shape
47.159228006641584 49.70053336012955
44.62661911270018 53.05754270224363
2 4 	 # Alloc Shape
1 1 0 0
0 0 1 1

2 4 	 # U Shape
93.91065487220239 53.83881324363677 47.013785713839276 62.443252701375286
68.97781389193906 28.876603300730462 5.283655977782398 78.76702155662866
2 2 	 # V Shape
52.584385732443 19.683160689262625
59.52039409909794 54.3083485284911
2 4 	 # Alloc Shape
1 1 0 0
0 0 1 1

2 4 	 # U Shape
27.195552942899127 61.81132100183178 58.96591612588744 68.65774560308135
30.02188686883882 62.3910376824384 8.892723455528383 53.76188949088665
2 2 	 # V Shape
6.672961840315727 27.978251179991286
11.11936098790547 54.322130641535
2 4 	 # Alloc Shape
0 0 1 1
1 1 0 0

2 4 	 # U Shape
99.58596172754386 53.362059271995165 9.084774223440917 27.55046715791315
18.595404803535722 45.03093764582238 42.40557934706731 0.29106526890401163
2 2 	 # V Shape
50.385691591084104 46.24944903852371
79.2423605806667 1.2453421017426969
2 4 	 # Alloc Shape
1 1 0 0
0 0 1 1

2 4 	 # U Shape
22.658787689942837 87.24318623454285 13.635835175923795 23.638016015282027
59.53992453523792 56.3922609078715 95.89347319832972 45.32393332235999
2 2 	 # V Shape
12.895807457854048 76.056767676739
20.163407511411524 17.57298632131816
2 4 	 # Alloc Shape
1 1 0 0
0 0 1 1

2 4 	 # U Shape
42.16854578871543 63.068621580646955 37.84935488872042 2.140332819446955
97.87259345455817 75.84356267014928 3.1185847124287736 59.22589204961422
2 2 	 # V Shape
58.31381154291188 83.0454552752685
73.72357266666477 90.99128085797432
2 4 	 # Alloc Shape
0 0 1 1
1 1 0 0

2 4 	 # U Shape
91.47858452013558 20.978228136956233 31.26196497996204 20.941107142573046
54.19123417098787 35.861244822905746 89.77244515299736 62.130506835024576
2 2 	 # V Shape
5.797074556290416 46.476475317786935
17.811610260493737 75.7007188441277
2 4 	 # Alloc Shape
1 1 0 0
0 0 1 1

2 4 	 # U Shape
7.972011775621979 17.167529767716484 83.81490322209999 56.416027886181105
34.97822136010315 14.500296285546677 9.85190759170267 56.01814183160807
2 2 	 # V Shape
71.00658900630637 95.08710326261453
74.80513321261874 37.2246012424118
2 4 	 # Alloc Shape
0 0 1 1
1 1 0 0

2 4 	 # U Shape
86.92688002827899 85.79336565832706 32.2348939449214 40.49322622008869
43.9539710467189 88.36584548371536 89.19464028943334 39.47468031411334
2 2 	 # V Shape
51.82177914786211 70.73516635576496
8.271204312660796 86.92964261883411
2 4 	 # Alloc Shape
1 1 0 0
0 0 1 1

2 4 	 # U Shape
99.65909972205648 86.94276524302548 63.96437868563761 28.45561795691298
91.46136181770078 17.452686066963462 96.85200162184809 75.5009613285223
2 2 	 # V Shape
95.28610749392162 67.32946850379962
70.81335675982399 3.683447845165011
2 4 	 # Alloc Shape
1 1 0 0
0 0 1 1

2 4 	 # U Shape
73.16177873328607 92.33753095611755 18.145762882566007 92.5909640668737
14.247406731288525 31.6715619978304 81.0735547564215 72.35500895947973
2 2 	 # V Shape
6.2776546122064065 71.89862258325459
0.6813212819151815 22.21488145245797
2 4 	 # Alloc Shape
1 1 0 0
0 0 1 1

2 4 	 # U Shape
40.72112500340459 91.56769446495623 45.632374934121344 67.8655466688539
24.81133690610047 67.67637379155624 55.08155388095959 68.31635156194962
2 2 	 # V Shape
19.036621653605344 16.98106413667505
51.01764377968715 28.016783416070844
2 4 	 # Alloc Shape
1 1 0 0
0 0 1 1

2 4 	 # U Shape
66.89037930967858 14.352054836853013 79.28879809301641 21.5512697151754
95.59500306879225 8.285801012063597 64.10300846501192 61.344624540601785
2 2 	 # V Shape
48.00718160393663 16.519309664977357
25.198515520957564 73.04173325598778
2 4 	 # Alloc Shape
0 0 1 1
1 1 0 0

2 4 	 # U Shape
76.74015051186733 68.57875990098627 27.309396011782994 16.353307883213052
10.29163661719199 48.938156061703516 83.30846652741157 32.32566764847034
2 2 	 # V Shape
59.59400658056777 18.164138015089026
32.17394118373971 69.53137196187978
2 4 	 # Alloc Shape
1 1 0 0
0 0 1 1

2 4 	 # U Shape
7.706168196491092 47.43696291039694 95.5539748182794 1.77841272315451
11.591267721617172 53.95621901893743 3.1992944459879435 13.167652548594722
2 2 	 # V Shape
69.28740692598264 54.54341911075541
77.50267917120574 13.95551024554429
2 4 	 # Alloc Shape
0 0 1 1
1 1 0 0

2 4 	 # U Shape
5.4336741179771275 54.56692281594621 15.275763636954864 35.28836635151593
69.7170747982277 59.15385222570217 34.794034996190724 21.311636152941105
2 2 	 # V Shape
87.67299081456366 41.63618216690208
52.3924797439007 55.99495166162942
2 4 	 # Alloc Shape
0 0 1 1
1 1 0 0

2 4 	 # U Shape
42.055406097852924 30.79285250317978 11.645299583605972 4.239463428969836
46.28721193440405 76.35029227891347 18.483886868933695 77.32096406365962
2 2 	 # V Shape
82.08266163390981 88.18728789623299
17.151389452593413 61.507419076862355
2 4 	 # Alloc Shape
1 1 0 0
0 0 1 1

2 4 	 # U Shape
50.24918501138289 26.154314028399416 79.67787559433181 15.507878896953397
86.59777198314929 46.10232275902189 56.17452412785726 31.224626582455816
2 2 	 # V Shape
24.30797680627348 27.668452729256575
35.992345017522574 56.997233819913184
2 4 	 # Alloc Shape
0 0 1 1
1 1 0 0

2 4 	 # U Shape
77.26394398435724 99.13709810231138 41.593246055602826 21.464574557780058
92.18865879320106 81.44875806380291 91.38979879200605 21.0700325868905
2 2 	 # V Shape
46.920157850064 32.35168749818289
45.12756567910182 72.74250507928683
2 4 	 # Alloc Shape
1 1 0 0
0 0 1 1

2 4 	 # U Shape
6.029837715196784 3.4727893949739297 33.484669107965736 75.12200856876015
28.157732981820217 67.38307353578905 27.647291808917828 57.449031031234576
2 2 	 # V Shape
54.566999808515035 86.44813300773328
10.99982117104843 94.97050332857245
2 4 	 # Alloc Shape
0 0 1 1
1 1 0 0

2 4 	 # U Shape
14.100425819988416 85.39194254387951 72.7540444007251 6.912932506394953
62.14300291700716 43.298992533864414 88.73809450857725 61.80099123132202
2 2 	 # V Shape
66.08104815038442 47.444999064221605
0.5121589598552689 38.43382541840078
2 4 	 # Alloc Shape
1 1 0 0
0 0 1 1

2 4 	 # U Shape
69.74605923147593 47.37527480658923 5.760354641651455 13.788991958710838
27.113121163525378 2.1924951992596364 15.92114911396707 22.088557324377344
2 2 	 # V Shape
97.31240621343372 13.313226053040516
57.3298107377977 65.7596908429118
2 4 	 # Alloc Shape
1 1 0 0
0 0 1 1

2 4 	 # U Shape
25.9458301492818 99.42182239444904 44.55165857404742 77.17928513447323
46.52680696305701 58.627641346337214 50.64823556540923 86.92050538193617
2 2 	 # V Shape
97.25143298523808 57.66857538934025
85.33381084501198 97.97629709880336
2 4 	 # Alloc Shape
1 1 0 0
0 0 1 1

2 4 	 # U Shape
58.90703191084491 62.15951688718421 85.83884005911736 95.01726778033009
80.55285729393307 87.50499437542855 34.47877569916551 31.892309597346546
2 2 	 # V Shape
88.16542352080909 92.5783964604015
37.9349377902327 24.110821056056764
2 4 	 # Alloc Shape
0 0 1 1
1 1 0 0

2 4 	 # U Shape
96.57133434706942 53.19236903678011 46.36849986260837 89.98651566884881
82.83401897379221 47.78438655616931 42.34414976702424 40.75446608555613
2 2 	 # V Shape
42.1134062402317 88.7741489560507
78.77465289603855 26.996283657613308
2 4 	 # Alloc Shape
0 0 1 1
1 1 0 0

2 4 	 # U Shape
69.7891619533744 33.85338400514285 91.46519814960016 78.07632236534118
4.354047247221482 65.91782061913052 5.219049241219553 64.5568408255403
2 2 	 # V Shape
48.74577613106887 89.9673257655318
92.46827936718354 28.15535191249612
2 4 	 # Alloc Shape
0 0 1 1
1 1 0 0

2 4 	 # U Shape
88.03618402785287 29.34834659320331 21.65462848097195 8.86172599137277
48.56871054835214 13.059910453566914 64.63898656774009 27.093635216611347
2 2 	 # V Shape
63.01816696921676 81.2870908870058
58.07669136920938 0.6119949785804546
2 4 	 # Alloc Shape
1 1 0 0
0 0 1 1

2 4 	 # U Shape
88.63214292373479 70.02902390291167 23.14890804931228 79.1916839627217
5.372000908483232 8.955772440347065 23.555529011988607 75.87456457715554
2 2 	 # V Shape
36.90517597923038 32.76494386897413
51.94014923252208 30.456532795428814
2 4 	 # Alloc Shape
1 1 0 0
0 0 1 1

2 4 	 # U Shape
71.96914609630558 66.37332787765109 57.343137263405666 94.86124916070513
80.0735049697734 48.163882547746795 40.6037942558783 22.0713767740505
2 2 	 # V Shape
18.520459878609007 83.79349205056899
55.22272437756973 7.503868574895112
2 4 	 # Alloc Shape
0 0 1 1
1 1 0 0

2 4 	 # U Shape
1.2071931503588762 89.7016478349729 49.988794372192125 19.347905748067916
59.509649791120786 17.41333439877574 88.05436493254781 53.49225641219968
2 2 	 # V Shape
84.36054761849832 48.7234682149394
73.13404498365198 63.41837574648774
2 4 	 # Alloc Shape
1 1 0 0
0 0 1 1

2 4 	 # U Shape
65.28860762398584 4.808905997355051 12.228350848374546 93.13812655624874
35.74598846072694 22.67533271739618 21.852084314786325 93.41409790636058
2 2 	 # V Shape
46.218566054710685 55.073779823596105
19.834599054937605 22.8435789598181
2 4 	 # Alloc Shape
1 1 0 0
0 0 1 1

2 4 	 # U Shape
75.45078905941257 81.49444297558229 46.180569116224255 41.03296009564381
64.71614622041749 93.44340030104384 32.79322914154263 60.73569322379283
2 2 	 # V Shape
79.69526825388255 81.26661586821749
26.598050703804212 50.90775667467017
2 4 	 # Alloc Shape
1 1 0 0
0 0 1 1

2 4 	 # U Shape
22.811320208789542 58.54908052659679 10.157897472267607 83.18204674950293
31.595698549031436 82.41501738055362 81.63099273423717 37.39277080895428
2 2 	 # V Shape
66.20888393125868 99.69984166059362
54.027791887975155 46.44221677348563
2 4 	 # Alloc Shape
0 0 1 1
1 1 0 0

2 4 	 # U Shape
57.58174362445533 24.221232186873753 0.5604089899198694 70.73048394992638
88.08237982988786 60.25018362665696 75.50654114298185 89.48655555762267
2 2 	 # V Shape
31.542944532309157 1.7017292696770547
21.65972811009421 53.211390737909916
2 4 	 # Alloc Shape
1 1 0 0
0 0 1 1

2 4 	 # U Shape
10.583251413327144 19.144290757823924 72.75902968249709 14.780434476077541
86.87905051441777 99.28799605212063 36.638578260507835 21.135275446180003
2 2 	 # V Shape
50.3152504264593 94.13775238322022
70.54244923808129 17.736872292990423
2 4 	 # Alloc Shape
0 0 1 1
1 1 0 0

2 4 	 # U Shape
63.41071275571921 7.313276831160264 10.921373737099438 21.008439262544552
42.56365058348764 48.51996937563654 74.8412988858732 88.81033512270014
2 2 	 # V Shape
27.933598254175283 48.31436801212239
46.75769024705312 2.2766953087996145
2 4 	 # Alloc Shape
1 1 0 0
0 0 1 1

2 4 	 # U Shape
77.57875365490159 54.7982422485988 83.05526345309147 34.278307085371566
0.8807492231377556 34.83352171663279 65.85246195864656 32.69187525476479
2 2 	 # V Shape
90.88152539422492 39.46927105124257
77.43068332414703 18.401010972642908
2 4 	 # Alloc Shape
1 1 0 0
0 0 1 1

2 4 	 # U Shape
58.241829275425786 48.94849843709771 82.81857868959013 59.969488108909886
45.37712726381857 62.06639160189113 39.86496796946282 67.57767176844848
2 2 	 # V Shape
97.37625190750352 13.582770286553403
58.02600170207421 33.67752527939148
2 4 	 # Alloc Shape
0 0 1 1
1 1 0 0

2 4 	 # U Shape
12.71912822212512 92.81877693571259 12.12871261501669 31.918001771272653
27.18137857091549 33.56688723050928 19.032793259580817 24.574627165178033
2 2 	 # V Shape
10.845990901462866 90.03441005756075
14.877963981273702 17.003047470784736
2 4 	 # Alloc Shape
1 1 0 0
0 0 1 1

2 4 	 # U Shape
10.527567762060253 20.04108058737809 22.738965355925046 20.68138756707494
49.706137698717136 29.482946887032046 60.40759527552062 73.67238044020448
2 2 	 # V Shape
25.40469502436484 56.192639469663284
89.94511347204248 6.085367530631003
2 4 	 # Alloc Shape
1 1 0 0
0 0 1 1

2 4 	 # U Shape
96.18293980027623 69.30611427814799 53.273684861401826 51.211240983222005
73.07888041703741 14.923552077495462 85.81969459108242 57.832440885467484
2 2 	 # V Shape
2.9081823421199693 21.72042679081162
17.206434966657113 85.06393701987193
2 4 	 # Alloc Shape
1 1 0 0
0 0 1 1

2 4 	 # U Shape
54.649200366366166 3.7702052730020807 88.82648796439356 48.61872499755644
81.03218000072529 30.424274271873053 68.86567654991926 91.87017961981115
2 2 	 # V Shape
33.82891395146167 31.343234085579454
59.32704830217608 1.0803746514121637
2 4 	 # Alloc Shape
0 0 1 1
1 1 0 0

2 4 	 # U Shape
3.185386026354675 65.71595535584477 14.812747374863921 68.72629412303934
48.557950649286084 34.464307577142414 47.316507571707966 7.258259150445323
2 2 	 # V Shape
24.471779565794506 51.80967902071565
74.85893019135806 24.935556593000253
2 4 	 # Alloc Shape
0 0 1 1
1 1 0 0

2 4 	 # U Shape
52.22846206661554 90.97631267801837 9.035377828422341 72.06602574624713
81.24101746351249 18.264690848365795 64.95431796264634 24.884015835787487
2 2 	 # V Shape
33.4346512062297 77.31610293971514
1.4420564037409878 90.927300129768
2 4 	 # Alloc Shape
1 1 0 0
0 0 1 1

2 4 	 # U Shape
26.397884384151805 77.50005383840667 67.96690185398762 10.510205652261039
64.13181396783759 37.56315080422642 45.98766835694879 39.72906479794695
2 2 	 # V Shape
39.365777627243105 44.11485534823284
28.119839424595582 11.471621624875272
2 4 	 # Alloc Shape
0 0 1 1
1 1 0 0

2 4 	 # U Shape
53.90236983030612 38.01057086288897 87.72014981761659 76.56156713580032
90.46903961895973 30.02210924959816 75.3793824688078 7.5021838701257675
2 2 	 # V Shape
26.479148485204217 51.523743642553946
96.86765314123984 87.23499487308548
2 4 	 # Alloc Shape
0 0 1 1
1 1 0 0

2 4 	 # U Shape
92.96476447885176 73.58435784502224 52.77969036379577 58.30303394538273
41.28800770632398 79.51565509935791 66.00276742336608 57.45492274932948
2 2 	 # V Shape
13.47726602972552 24.8544264212765
36.98751657807221 34.86638739190445
2 4 	 # Alloc Shape
1 1 0 0
0 0 1 1

2 4 	 # U Shape
91.68015306735438 49.75135647905271 67.68613678775034 97.82034374005673
8.514026390946295 53.46514871622211 54.56500685847567 6.3074766625328955
2 2 	 # V Shape
27.47454412790773 15.643216244641312
37.0283210292655 16.5386589499812
2 4 	 # Alloc Shape
0 0 1 1
1 1 0 0

2 4 	 # U Shape
18.58322431033922 40.483578964239605 6.824287646914318 41.011255047563246
73.4948802656049 35.01100283970332 77.02356035821319 44.99344139677473
2 2 	 # V Shape
72.78307809033089 53.8841769629281
51.417459659677576 91.95401264406627
2 4 	 # Alloc Shape
1 1 0 0
0 0 1 1

2 4 	 # U Shape
67.82920284219051 19.855156716296097 41.50647827556432 92.03924096472427
39.98771772743525 99.34059310280608 14.738282131963077 60.12417294305694
2 2 	 # V Shape
19.056305047933407 38.688026420729294
61.03798782730501 27.884574640718508
2 4 	 # Alloc Shape
0 0 1 1
1 1 0 0

2 4 	 # U Shape
8.290351610160329 51.06830893887748 4.878102630998271 20.353138493286348
1.8462797997596536 58.31995201321578 58.75505430294209 22.190350855002716
2 2 	 # V Shape
39.693255695772415 99.15016075441562
80.81373489964045 40.733751791001104
2 4 	 # Alloc Shape
1 1 0 0
0 0 1 1

2 4 	 # U Shape
17.165324392654746 37.59086355371355 77.95587630981035 83.91650502422559
62.23901434086778 50.80893029727272 7.784314232521938 31.368416751796424
2 2 	 # V Shape
52.4233358708662 51.13009169343887
38.32612584225752 6.153601516994767
2 4 	 # Alloc Shape
0 0 1 1
1 1 0 0

2 4 	 # U Shape
50.692446837025415 79.02597397864733 6.661958970536386 44.15206439870008
28.589944551475877 13.728196289335436 61.298862727237335 40.289843301683604
2 2 	 # V Shape
78.81779516149035 84.39523348152093
59.542335450575166 68.8477987395678
2 4 	 # Alloc Shape
1 1 0 0
0 0 1 1

2 4 	 # U Shape
2.5509304384833786 25.716486061195454 13.329083249219586 13.204683368581726
57.29460823072748 82.45535551065343 33.142727323246326 15.05168747452168
2 2 	 # V Shape
74.89759982104228 1.2850925833873594
48.748181406293156 7.696051878857057
2 4 	 # Alloc Shape
0 0 1 1
1 1 0 0

2 4 	 # U Shape
69.14822679101043 28.259886911463006 41.27404060468566 86.28814600565352
81.28581091849415 15.352992169821055 55.611717021186735 8.453977991606877
2 2 	 # V Shape
20.5915113648077 29.131550147041818
88.76620715257036 75.20202933889085
2 4 	 # Alloc Shape
0 0 1 1
1 1 0 0

2 4 	 # U Shape
90.11419425602249 91.19220632104319 37.22957142859222 66.93016555268602
88.56984320786687 30.300128118871594 70.07429944124483 63.46048104393917
2 2 	 # V Shape
54.016191448412656 16.67133395051035
79.64329611630698 77.64344902316233
2 4 	 # Alloc Shape
1 1 0 0
0 0 1 1

2 4 	 # U Shape
62.92398158002824 78.05815731594204 50.17558167478635 4.92588716099972
8.51256599412431 82.82800826978975 82.99533780980568 8.537455804888406
2 2 	 # V Shape
45.12479403575986 10.177920971550613
43.28057355542053 44.433423815080694
2 4 	 # Alloc Shape
1 1 0 0
0 0 1 1

2 4 	 # U Shape
84.60184097136751 54.54420348703455 19.236356017996048 49.76902042393202
61.29782078313889 52.17922148445854 58.852362210368305 53.583832438780924
2 2 	 # V Shape
32.45928977428195 53.481646053431085
63.09669182005747 64.09477839925123
2 4 	 # Alloc Shape
1 1 0 0
0 0 1 1

2 4 	 # U Shape
86.37941398881887 41.23196879150988 63.60194267149293 48.85522710988216
20.564478637718974 19.48993483633955 47.248463153148364 69.37206106379179
2 2 	 # V Shape
68.35637207877775 66.18460489427447
16.97416752988099 74.32781759353323
2 4 	 # Alloc Shape
1 1 0 0
0 0 1 1

2 4 	 # U Shape
62.49183517697681 47.774946676291194 80.10264408385456 44.32237978882376
63.75344516565322 80.22479877027942 84.75371962455736 48.48469200278937
2 2 	 # V Shape
9.213031857988874 60.23038251047688
93.69770575419716 66.0323479048279
2 4 	 # Alloc Shape
0 0 1 1
1 1 0 0

2 4 	 # U Shape
19.86514431023817 52.33399633184652 57.1386091682077 27.42740924266789
84.54046717966479 18.920263647815773 78.29106749306348 53.27708665442178
2 2 	 # V Shape
6.60903863229133 33.17780429302771
87.23510386728131 20.81695507366468
2 4 	 # Alloc Shape
0 0 1 1
1 1 0 0

2 4 	 # U Shape
76.09142404441215 32.160632217907946 74.22689022342446 94.07910281321847
89.39740569094636 43.678570286197214 55.40645732546845 36.61864542122009
2 2 	 # V Shape
17.635756756121012 41.94054399728543
42.3624944139416 28.147052477107405
2 4 	 # Alloc Shape
0 0 1 1
1 1 0 0

2 4 	 # U Shape
51.25608725812315 61.756453482025776 63.78164014267481 63.34361351995261
38.3529620673591 91.39143256043599 68.50542720572014 87.02548061937873
2 2 	 # V Shape
28.39897244987718 92.41434840188712
20.030316762993515 51.006170350704906
2 4 	 # Alloc Shape
1 1 0 0
0 0 1 1

2 4 	 # U Shape
47.250186621130844 29.855218976084462 85.95963649503429 61.89780544469472
36.43911411980668 53.60054625225058 70.32630463479654 0.6619090431687291
2 2 	 # V Shape
88.57320068725724 90.86530959885465
94.6078195142913 4.029445645956454
2 4 	 # Alloc Shape
0 0 1 1
1 1 0 0

2 4 	 # U Shape
99.01621780201802 65.60574317327557 8.55206866112611 87.47858090657267
25.562916456589036 25.916760418734942 36.64700557794301 6.637471658853434
2 2 	 # V Shape
97.40669627786325 56.24191015300086
65.58148919678092 19.256121568539765
2 4 	 # Alloc Shape
1 1 0 0
0 0 1 1

2 4 	 # U Shape
32.815965377894685 48.48531161010657 79.83855924747051 19.993269897197685
24.12411001334972 66.68193012124222 33.36102169802372 2.257297949103465
2 2 	 # V Shape
66.68759129027293 37.61045185367274
11.57317805251904 14.215179638455622
2 4 	 # Alloc Shape
0 0 1 1
1 1 0 0

2 4 	 # U Shape
90.76062351021798 18.62021337970985 18.686413878978215 58.04352734697711
79.55324848606803 50.8073533520426 21.337066016723227 63.37760469079578
2 2 	 # V Shape
60.71981766570899 34.90930021128111
12.290607289612442 34.818613017889014
2 4 	 # Alloc Shape
1 1 0 0
0 0 1 1

2 4 	 # U Shape
23.28126154124076 2.613723831823833 99.5647846923807 0.4630868324585369
62.29595669962799 44.01426436334515 7.918361157927745 77.7555983128011
2 2 	 # V Shape
56.81781203694185 47.67510763397232
51.616037773494085 92.02288433620518
2 4 	 # Alloc Shape
0 0 1 1
1 1 0 0

2 4 	 # U Shape
31.351958920296664 78.79085535521739 63.42395029228215 67.55415436237892
24.211472636620446 22.173146638192197 96.5448768430508 5.955278960173171
2 2 	 # V Shape
69.14313527669911 26.633294830105324
58.560127440856306 4.133838569024584
2 4 	 # Alloc Shape
1 1 0 0
0 0 1 1

2 4 	 # U Shape
82.27214042431132 51.90350118859821 7.203223957610483 74.11774864864977
43.94256174185324 11.012327718437076 94.25062967906706 64.78691768584027
2 2 	 # V Shape
65.06777142817344 26.464145071165866
63.25968724876021 0.2217574163876357
2 4 	 # Alloc Shape
1 1 0 0
0 0 1 1

2 4 	 # U Shape
71.49169250459008 83.92312792373025 26.85410992744578 4.953055937561013
13.160428180367855 43.35619860690492 7.469743570095167 34.46640159441894
2 2 	 # V Shape
1.8394633842261032 33.13634217823813
29.15702021617035 49.7976229371487
2 4 	 # Alloc Shape
1 1 0 0
0 0 1 1

2 4 	 # U Shape
83.0767915109203 31.043079441019238 55.46965675860167 8.59816447721553
25.269185478707357 85.06316382035966 98.45352530490011 56.727477999370855
2 2 	 # V Shape
80.31787882614584 30.27257653889981
64.42848418916111 9.934321816662472
2 4 	 # Alloc Shape
1 1 0 0
0 0 1 1

2 4 	 # U Shape
98.38215211336696 63.14375289882482 92.24205349414231 78.33312877674497
65.79924072284182 52.14959251428749 56.809575554899794 5.185863004034785
2 2 	 # V Shape
52.38761511300544 24.398177879614302
27.596696120670728 98.35592118524833
2 4 	 # Alloc Shape
0 0 1 1
1 1 0 0

2 4 	 # U Shape
81.46786197170512 39.98296429421189 21.044612107620473 44.42158577983724
32.0745747416188 33.47476178703048 82.60187737447606 37.66014943049591
2 2 	 # V Shape
27.721652284553866 42.78341347508404
85.75668490439384 38.72327953322019
2 4 	 # Alloc Shape
1 1 0 0
0 0 1 1

2 4 	 # U Shape
74.10939994512628 24.107311656619757 87.51467553837878 79.53545672098225
66.673863779955 15.28844397557979 43.063151338676896 52.86376676265837
2 2 	 # V Shape
11.41309943685812 24.51280045862586
49.149312178044624 91.42202382704951
2 4 	 # Alloc Shape
0 0 1 1
1 1 0 0

2 4 	 # U Shape
27.27947281094305 4.051943856643425 31.13747421441939 3.9343716091136183
21.03948031285836 83.8356460592736 55.816710198651606 63.1164922601281
2 2 	 # V Shape
58.97804792253159 1.9657710396195016
56.18033353331132 89.84399324362911
2 4 	 # Alloc Shape
0 0 1 1
1 1 0 0

2 4 	 # U Shape
63.93326191815907 21.267903766423444 67.20337260212106 33.92938812864412
77.26846778829997 1.5691633919904913 45.83922604025257 98.64068791269435
2 2 	 # V Shape
42.16896224945735 9.582474634928895
41.39779811078852 47.10408722197228
2 4 	 # Alloc Shape
1 1 0 0
0 0 1 1

2 4 	 # U Shape
23.929623863504567 8.28356368396086 74.9368845019947 97.12100881113903
80.76256379564364 11.532500987580917 21.256060065608807 64.12376526322721
2 2 	 # V Shape
99.80284906565151 84.86723804307232
38.183503728749834 51.62135484709609
2 4 	 # Alloc Shape
0 0 1 1
1 1 0 0

2 4 	 # U Shape
94.40022251672966 46.742636474366684 57.62684225747843 2.764425925719005
69.45691168731568 17.637333699120827 41.981264343081804 12.151916439578835
2 2 	 # V Shape
63.4209928159509 44.58447500109949
42.54134020011416 71.63647337745495
2 4 	 # Alloc Shape
1 1 0 0
0 0 1 1

2 4 	 # U Shape
47.96972544241803 89.67092291656884 42.67292074058502 10.840880932798946
60.085391418850044 72.81015307394877 58.8239096506332 73.68067883929484
2 2 	 # V Shape
41.75463591820376 70.12477236578314
30.521684990229648 30.060668803582335
2 4 	 # Alloc Shape
1 1 0 0
0 0 1 1

2 4 	 # U Shape
13.80009414494433 0.6632483776426334 25.782852936247814 94.01620375996693
58.056932532477525 21.183727665237107 46.83421771675301 75.56036707892406
2 2 	 # V Shape
56.276465284819125 89.29145039309493
32.94600917229115 15.331586422237454
2 4 	 # Alloc Shape
0 0 1 1
1 1 0 0

2 4 	 # U Shape
30.00175611883168 57.29780263564164 93.9039484593386 60.84894192384985
8.52118417569172 10.158807821038994 11.841536546798414 45.32994200862033
2 2 	 # V Shape
65.01577792943158 56.30560139650288
21.91989845226593 8.095874076929
2 4 	 # Alloc Shape
1 1 0 0
0 0 1 1

2 4 	 # U Shape
79.3798076106721 76.68770355612794 60.797666238868665 69.19781498708072
34.645916248611556 94.77175537086856 48.320953579245796 7.684308200195056
2 2 	 # V Shape
2.0542840753155156 6.870246562534154
27.24285494830504 44.0028504345504
2 4 	 # Alloc Shape
0 0 1 1
1 1 0 0

2 4 	 # U Shape
58.63926426736784 44.54840123219136 91.57890020657504 73.63932452055495
67.96822393594148 91.1963178720298 26.569384809315643 48.33363057486133
2 2 	 # V Shape
56.88989622299147 50.30207420572608
43.367304215067506 51.224018740781304
2 4 	 # Alloc Shape
0 0 1 1
1 1 0 0

2 4 	 # U Shape
35.081310572807034 60.85584696591106 97.59533886692492 94.69621368946093
16.58151387284079 70.81111445466829 91.67063337811344 26.223780495158955
2 2 	 # V Shape
55.37264425350366 63.274814723147266
5.55083664135042 60.78637342700447
2 4 	 # Alloc Shape
0 0 1 1
1 1 0 0

2 4 	 # U Shape
35.1500302155452 88.34260813418041 53.28115395352885 40.98337652210853
95.7436145830707 69.74821265556757 56.86784520753421 46.732081168907236
2 2 	 # V Shape
41.453257393727185 92.40308747708369
33.41784455453695 72.82751850012025
2 4 	 # Alloc Shape
0 0 1 1
1 1 0 0

2 4 	 # U Shape
14.864015881605198 13.117378686032566 55.11838482592542 24.203586305273983
65.50499503656117 64.12646526610439 73.08374644137984 70.64389473314223
2 2 	 # V Shape
55.94884061304553 86.2686660746459
65.48835275831857 43.2301589403649
2 4 	 # Alloc Shape
0 0 1 1
1 1 0 0

2 4 	 # U Shape
20.23305924171779 2.2115241062246715 61.13184995036116 70.07216052642141
19.876069959115995 24.6201520493438 43.04597906716445 9.756130586167588
2 2 	 # V Shape
96.41801355302833 13.70038361315553
98.31362264791235 65.27150709245232
2 4 	 # Alloc Shape
0 0 1 1
1 1 0 0

2 4 	 # U Shape
71.38451557261197 51.071695973635265 71.41752521343801 9.483200980780616
43.7521049353372 87.06725129488072 1.1226957381254232 28.095570743229914
2 2 	 # V Shape
54.48197487243422 53.01904324505669
27.96448627834178 55.20194976580945
2 4 	 # Alloc Shape
0 0 1 1
1 1 0 0

2 4 	 # U Shape
5.080673533350321 34.103511140982235 45.769454708748746 33.50710947353056
33.97080667754573 69.6689481515761 19.031932245693383 4.029707072695143
2 2 	 # V Shape
18.173121810600858 48.60772393316304
59.79382552208653 26.361381270764916
2 4 	 # Alloc Shape
0 0 1 1
1 1 0 0

2 4 	 # U Shape
28.61139596988118 89.87183747110863 84.74828567920703 18.467215697786067
34.072723587925516 53.090099281408776 64.04844191316354 41.80570469107754
2 2 	 # V Shape
10.146624875742848 52.69166176688057
87.69676647986626 56.704585507484715
2 4 	 # Alloc Shape
1 1 0 0
0 0 1 1

2 4 	 # U Shape
71.80815924842541 75.21022330524237 94.02648004407413 2.326375872207842
40.8231533541547 6.233694792935451 82.9044718474639 23.654993960911952
2 2 	 # V Shape
53.2338809419053 68.20616631689599
73.21665758256935 47.78676504533712
2 4 	 # Alloc Shape
1 1 0 0
0 0 1 1

2 4 	 # U Shape
48.241381845372814 86.85003644694112 64.35924618430369 20.897700466836987
97.94103549031813 69.39060112428027 76.02876546971889 28.415677071084446
2 2 	 # V Shape
54.06592869197452 40.337317244320346
72.98899815046688 69.63760726590831
2 4 	 # Alloc Shape
1 1 0 0
0 0 1 1

2 4 	 # U Shape
75.18751279789063 81.45084596499798 99.7305153800388 23.7591166443201
2.4740592620210777 18.25074714463659 9.995479123310991 8.289306796298558
2 2 	 # V Shape
86.7478408999132 51.58479534037026
76.27285454073152 14.853381647502262
2 4 	 # Alloc Shape
0 0 1 1
1 1 0 0

2 4 	 # U Shape
44.171447738398214 92.04462232517469 76.50396785255009 22.4694059777907
32.882171260346915 73.72419699750327 46.852032972688384 34.47646809818181
2 2 	 # V Shape
22.32948678090869 50.15784513190833
63.74713047192538 21.84085268257285
2 4 	 # Alloc Shape
0 0 1 1
1 1 0 0

2 4 	 # U Shape
78.569750095337 56.68339568934796 70.57434341387605 96.42600887506855
19.048148539794507 61.78708290184519 25.91420930087327 82.02607635609117
2 2 	 # V Shape
43.21929625253203 22.260684072646896
13.749378288544689 34.47165234353944
2 4 	 # Alloc Shape
1 1 0 0
0 0 1 1

2 4 	 # U Shape
83.77223681168489 20.843213680776916 77.0307796925522 94.6233881656615
15.509097590543064 50.84608714114136 66.30649372785487 7.96498960008305
2 2 	 # V Shape
11.518161021006135 78.24449917707479
14.814541155153393 64.87338238417347
2 4 	 # Alloc Shape
0 0 1 1
1 1 0 0

2 4 	 # U Shape
9.311663459813147 80.67796080494341 45.27173356323303 6.934231389313005
69.0002130984788 22.61176218756116 8.854688750180506 30.5407595011275
2 2 	 # V Shape
34.65006901924175 80.07530444359224
60.097635433654276 37.407474026863895
2 4 	 # Alloc Shape
0 0 1 1
1 1 0 0

2 4 	 # U Shape
41.564195445939674 14.585953429838138 68.03480669973553 60.91130875011373
50.41421365904074 72.70361548650779 66.31141035893478 82.16437558534928
2 2 	 # V Shape
94.23010699620617 34.89428833749027
4.655688552850323 47.62767448376628
2 4 	 # Alloc Shape
0 0 1 1
1 1 0 0

2 4 	 # U Shape
93.94761463032303 99.07909109186244 36.691836996348236 85.24984372366593
65.24912423911559 17.628604486905818 4.151354498084769 60.81554822336882
2 2 	 # V Shape
15.510059716482205 50.11645388741742
90.0162197974181 96.98483888974177
2 4 	 # Alloc Shape
1 1 0 0
0 0 1 1

