2 4 	 # U Shape
91.8747008099885 90.07148541170122 3.342142762634459 95.69493362751167
13.720932135607644 28.382835295794585 60.60831843588289 94.42251360530422
2 2 	 # V Shape
85.2735541109285 0.2259233518513537
52.122602722029285 55.20376332645666
2 4 	 # Alloc Shape
1 1 0 0
0 0 1 1

2 4 	 # U Shape
2.0809797952066167 13.521017836911685 11.627301740168983 30.989758449002924
67.14526452120026 47.12297782500141 81.61682980460269 28.958678353055355
2 2 	 # V Shape
73.31259776126706 70.26223552552463
32.7569476263423 33.464752910605576
2 4 	 # Alloc Shape
0 0 1 1
1 1 0 0

2 4 	 # U Shape
42.17244345792264 60.82580566453309 78.94264757270973 92.6741035115452
26.857577981499503 30.423439606465596 73.75632183555695 92.89164950188164
2 2 	 # V Shape
2.057235221358489 93.61517985575503
57.075083281970215 15.232136163318655
2 4 	 # Alloc Shape
1 1 0 0
0 0 1 1

2 4 	 # U Shape
41.02212119714822 4.858846643868464 57.132489087817554 26.408711905480708
69.35274547123701 90.98386663323498 57.33931548352338 63.653014232632565
2 2 	 # V Shape
58.07677765297908 31.37816480900576
52.63375387026197 64.57394108426243
2 4 	 # Alloc Shape
0 0 1 1
1 1 0 0

2 4 	 # U Shape
76.15399142613265 37.39910542603765 54.331459873282206 95.44911136124836
12.939582494933521 1.7975962627419517 56.27371589961477 34.93463132204641
2 2 	 # V Shape
64.410883687405 28.17861581171356
42.52563612120112 37.94504577114115
2 4 	 # Alloc Shape
1 1 0 0
0 0 1 1

2 4 	 # U Shape
94.65558223628031 85.71905588319436 68.89276660324576 0.32879687523396095
90.01034996569824 91.98648709623234 0.590935586848429 64.29261484358456
2 2 	 # V Shape
38.52169802430742 59.57418942869064
61.080705550440925 59.96191883973378
2 4 	 # Alloc Shape
0 0 1 1
1 1 0 0

2 4 	 # U Shape
21.06076388528839 37.74407823606447 40.284721017267344 88.51776944327949
20.215434337007252 41.90148274837505 64.79591733392613 51.1642952793331
2 2 	 # V Shape
33.38324855146031 77.84734338593447
13.54351345676108 19.171077225555578
2 4 	 # Alloc Shape
0 0 1 1
1 1 0 0

2 4 	 # U Shape
15.443210397949281 7.631773207340675 92.23506025234009 17.17782439777954
50.90689484736022 19.514725407753996 53.956154998721864 80.04681194925611
2 2 	 # V Shape
18.582839651038018 31.336390978100404
8.198980249791143 61.31039231826275
2 4 	 # Alloc Shape
0 0 1 1
1 1 0 0

2 4 	 # U Shape
91.27839941708244 16.989826093188555 31.680790068904507 24.17802357140627
49.09549698249829 54.39434095685136 40.545438708501024 74.24103131767936
2 2 	 # V Shape
64.37330157652028 65.93433507146706
14.922368526773322 74.65837898057559
2 4 	 # Alloc Shape
1 1 0 0
0 0 1 1

2 4 	 # U Shape
34.34450006512751 61.36534543751032 61.839271273933996 1.3353422191246023
57.443279482706885 77.76794520796216 94.98820771377503 70.29821731000114
2 2 	 # V Shape
11.62057334478247 24.6601478123091
41.89386807175727 63.203154671383956
2 4 	 # Alloc Shape
1 1 0 0
0 0 1 1

2 4 	 # U Shape
0.9081175501778449 64.96046671099162 98.95822492575643 1.1819958309691847
38.21432659166004 24.910193594225273 19.887622483848478 93.56657324354366
2 2 	 # V Shape
5.147986937981209 76.4490402530103
15.962312063490213 29.989805808730242
2 4 	 # Alloc Shape
1 1 0 0
0 0 1 1

2 4 	 # U Shape
63.89130692621574 82.67999751606756 52.13052583204294 42.44851388775528
53.10030378042821 94.59781226700603 99.92736621442428 67.09235888482614
2 2 	 # V Shape
78.95761370422827 98.15875546936368
14.155841215261688 2.6287019886786056
2 4 	 # Alloc Shape
1 1 0 0
0 0 1 1

2 4 	 # U Shape
84.47775859269386 57.821717247627056 21.269609469043505 60.339139516590976
77.55706288794248 77.67218862381011 77.43069953206283 19.373792607433792
2 2 	 # V Shape
72.03011393325977 85.74259989933373
33.15780262962298 48.442975838186086
2 4 	 # Alloc Shape
1 1 0 0
0 0 1 1

2 4 	 # U Shape
64.54853695442804 12.819310250608618 54.765250294230746 29.152344665594654
82.58451161973028 9.735237194458534 89.75119113585548 34.19891459847828
2 2 	 # V Shape
13.208530504150872 45.75829484147603
8.443780806374235 74.02265932444465
2 4 	 # Alloc Shape
1 1 0 0
0 0 1 1

2 4 	 # U Shape
84.22327720569244 41.54121688300787 13.894023695206915 61.99329823170243
99.71593259304164 31.350395683565758 56.92835573906858 51.74725101399057
2 2 	 # V Shape
34.88339716485302 37.380861752883746
70.49617802582667 48.93081514417029
2 4 	 # Alloc Shape
1 1 0 0
0 0 1 1

2 4 	 # U Shape
50.93625718579561 73.26303967816976 14.442982816442562 43.33835470523031
27.238950248816074 74.2779055019088 89.98904732638017 8.117513536809785
2 2 	 # V Shape
71.96175884244596 53.81020780466063
95.61429669053358 0.3042903948977549
2 4 	 # Alloc Shape
1 1 0 0
0 0 1 1

2 4 	 # U Shape
60.86805065416605 3.948342177566533 90.54359547749587 88.90563808994844
17.868128271276497 38.79035282574149 90.763459414889 45.213155017341855
2 2 	 # V Shape
43.329313679157224 70.96122693669314
16.09021378512526 86.37518258393109
2 4 	 # Alloc Shape
1 1 0 0
0 0 1 1

2 4 	 # U Shape
51.26233448800741 14.348025691993172 64.16555013357215 53.91055037985244
82.9914175769991 26.912490795327514 17.10557216327111 52.64327644174463
2 2 	 # V Shape
24.185540873261836 45.62141122684744
11.648201134691927 59.98066280688502
2 4 	 # Alloc Shape
0 0 1 1
1 1 0 0

2 4 	 # U Shape
77.67162119208655 67.20973260820745 16.378754066337052 42.75583551925739
15.439266066361501 56.670159730435024 50.91030896834741 45.37785160900535
2 2 	 # V Shape
99.10112719649689 90.01465523352601
15.142577922920763 60.767475183650596
2 4 	 # Alloc Shape
1 1 0 0
0 0 1 1

2 4 	 # U Shape
2.676703691902571 89.02708182425278 16.429847990240674 33.397227460555825
37.73011594614126 81.82809341277971 19.805308691961933 17.602604697827584
2 2 	 # V Shape
99.24360529903925 4.469874434409105
31.084888578963987 41.15835711828919
2 4 	 # Alloc Shape
0 0 1 1
1 1 0 0

2 4 	 # U Shape
36.04378901528516 0.4862687774620622 24.72208979412813 82.99071951997287
41.116032229476154 8.99145839845562 97.47374998493828 65.23622640319752
2 2 	 # V Shape
65.61555863113277 92.75162708400106
93.30226187676534 87.8256588886791
2 4 	 # Alloc Shape
1 1 0 0
0 0 1 1

2 4 	 # U Shape
59.77516640696615 64.21631853185382 97.85298456822153 62.15381952322243
39.34004315978301 93.48383717071745 73.18207463001706 43.0569631782998
2 2 	 # V Shape
45.95171267920204 99.87904088746392
96.35981841662068 0.6519602935150193
2 4 	 # Alloc Shape
0 0 1 1
1 1 0 0

2 4 	 # U Shape
17.663557943678963 20.838185059400693 21.628822450505748 56.1426824327601
10.308732733400872 31.132597690349694 80.68815704328802 48.60350654137224
2 2 	 # V Shape
95.57343134313784 71.45570085319356
11.524533439970252 44.78617951302597
2 4 	 # Alloc Shape
1 1 0 0
0 0 1 1

2 4 	 # U Shape
78.14761004527917 17.52325413706958 58.95883211368814 9.979331795149015
32.2677669468899 73.8462677787882 28.385943782335787 85.26685503152203
2 2 	 # V Shape
83.4933188257289 51.279850198337904
96.31760880763427 41.16239079515703
2 4 	 # Alloc Shape
1 1 0 0
0 0 1 1

2 4 	 # U Shape
64.15914441552061 81.9849483277934 41.079386760870364 5.569422850858851
72.18711990956557 74.84580251658825 8.25851050449934 96.52014170089565
2 2 	 # V Shape
69.85545227777622 27.50800691346198
2.105749951978264 22.307094539331906
2 4 	 # Alloc Shape
1 1 0 0
0 0 1 1

2 4 	 # U Shape
13.95279097351727 25.14642165268828 7.7535497260021184 21.200504098311878
42.93513442057463 54.08107995079271 53.36664306142204 28.57745759417336
2 2 	 # V Shape
83.01454272758232 37.717829917706325
44.35812934730611 75.84228734361642
2 4 	 # Alloc Shape
1 1 0 0
0 0 1 1

2 4 	 # U Shape
46.45693916825089 89.99122081055371 97.03503236319627 41.118983498084475
90.55898273960102 71.25822058460683 64.19970204997965 52.581109400395164
2 2 	 # V Shape
94.42141935138028 36.25325493209988
13.989053513619144 6.028430493349468
2 4 	 # Alloc Shape
0 0 1 1
1 1 0 0

2 4 	 # U Shape
34.484759781777555 0.8116182850531062 12.964919659576701 59.63193535446456
20.855665374026632 33.45373731967132 90.8137535680587 37.911492130067735
2 2 	 # V Shape
86.6771400880359 1.8645036501427015
88.67769747840647 34.95280842917102
2 4 	 # Alloc Shape
1 1 0 0
0 0 1 1

2 4 	 # U Shape
6.813566238945801 66.0741488288538 38.53324071041344 38.131929935927836
44.82858349968737 36.5496748256473 61.780610587140515 36.18158482893239
2 2 	 # V Shape
72.18135354312413 30.916436401681402
40.15403243849425 12.548247873155372
2 4 	 # Alloc Shape
1 1 0 0
0 0 1 1

2 4 	 # U Shape
53.91198604805868 30.964211874462265 67.16385405659146 28.185478830697498
67.93215258910709 87.99469374533007 34.65884506699521 25.715504658543065
2 2 	 # V Shape
74.5573767176041 13.702095767026767
52.31519132791268 92.50415754003131
2 4 	 # Alloc Shape
0 0 1 1
1 1 0 0

2 4 	 # U Shape
2.6795289090797647 89.41195259921251 16.855881828088705 88.0234115794199
39.56526453280295 5.240424705203539 88.25898062615798 63.26534186157397
2 2 	 # V Shape
28.979325003340207 86.74816242296583
25.908067118256227 32.93020722710178
2 4 	 # Alloc Shape
1 1 0 0
0 0 1 1

2 4 	 # U Shape
54.11778375385803 66.23366013516545 7.865776685364256 90.45176214579898
8.088101666623482 68.97407989041365 61.7731641758984 25.662017410000338
2 2 	 # V Shape
99.97419299050934 85.92871445561696
47.57618512928625 99.87123114553901
2 4 	 # Alloc Shape
1 1 0 0
0 0 1 1

2 4 	 # U Shape
91.7301872691846 91.1755587503654 4.332567078047267 43.0003881077607
30.693718503191935 14.320995763107069 89.28872388316744 69.20367410348861
2 2 	 # V Shape
50.75555700733092 38.57026758428863
7.114712630706843 35.97487389873088
2 4 	 # Alloc Shape
1 1 0 0
0 0 1 1

2 4 	 # U Shape
14.788345533547487 49.377663648735826 94.77711632499198 45.07249141636838
72.84366401949913 47.766425577190994 5.675039086349254 48.04062516102159
2 2 	 # V Shape
26.41024941572446 97.16774705910458
78.77370055878953 88.42466276939615
2 4 	 # Alloc Shape
0 0 1 1
1 1 0 0

2 4 	 # U Shape
29.650336090670237 41.94839022482725 4.7162663136521505 72.5914902791483
34.321610895148694 43.903783553670586 39.78152657892032 86.24483471260454
2 2 	 # V Shape
27.76143076886696 61.139218037071466
21.913211640693696 30.641462947745758
2 4 	 # Alloc Shape
1 1 0 0
0 0 1 1

2 4 	 # U Shape
3.21195255465363 82.4251667347267 68.69991113507257 76.5068419761585
61.79775381588708 5.680785679749112 67.68572042987306 15.076377028518218
2 2 	 # V Shape
96.50336539842161 95.23384434403167
96.3388160536898 43.44343322977491
2 4 	 # Alloc Shape
0 0 1 1
1 1 0 0

2 4 	 # U Shape
46.43492489816964 27.515277735597977 4.503957173995676 74.25763031336747
90.42563666088773 26.173691521980057 40.5643340146511 32.05370745445324
2 2 	 # V Shape
20.882998444226487 29.887982083998477
2.730109854989393 15.414146097077097
2 4 	 # Alloc Shape
0 0 1 1
1 1 0 0

2 4 	 # U Shape
87.92513420115024 57.11712559175655 77.64027967050902 73.72280104206725
33.99025483756666 53.96785489692638 55.64478653910094 36.58280660766086
2 2 	 # V Shape
92.43603762183835 39.534121871041116
46.61604362455789 75.80007678268112
2 4 	 # Alloc Shape
1 1 0 0
0 0 1 1

2 4 	 # U Shape
85.26079606804284 39.801623083016494 35.55444403243837 71.40348976245726
20.869798146121866 36.56198051278214 24.064205784705795 18.886996887222274
2 2 	 # V Shape
60.44922281330006 82.10204065745573
35.85919789500419 35.17677484348597
2 4 	 # Alloc Shape
0 0 1 1
1 1 0 0

2 4 	 # U Shape
88.76227948715311 91.03200846031345 8.07215111398426 85.34866512989454
92.99121700643074 96.10129098036624 5.041663201766877 94.70568399755456
2 2 	 # V Shape
14.746131523109208 94.66591017394825
78.0618778182978 6.7328104735110745
2 4 	 # Alloc Shape
1 1 0 0
0 0 1 1

2 4 	 # U Shape
36.2569087725329 18.589540943159466 2.6615067011762195 12.975262059293458
34.31797746464612 72.75260195401277 46.26912376998261 70.10798181739247
2 2 	 # V Shape
58.04085116084441 34.095177425375155
48.72310207824382 49.69420624908219
2 4 	 # Alloc Shape
1 1 0 0
0 0 1 1

2 4 	 # U Shape
95.1528151771571 0.4698225902617592 66.09263771009867 38.4294759639799
90.39131912217162 60.859191407840065 36.514931180397205 11.796143014557947
2 2 	 # V Shape
4.994184320059447 71.73687253620038
94.88963886191596 40.00482353208322
2 4 	 # Alloc Shape
0 0 1 1
1 1 0 0

2 4 	 # U Shape
54.06003076176303 27.325464766142858 86.73397468373982 44.136987864371015
45.96741546666561 81.48909518355534 80.59571063393413 41.03176510477784
2 2 	 # V Shape
26.600041543757957 73.67040145509782
52.92870758791325 70.36422853240552
2 4 	 # Alloc Shape
0 0 1 1
1 1 0 0

2 4 	 # U Shape
87.45119830718312 25.73350662910133 78.13383081754921 57.344064106196335
28.22325197365869 71.98777821352647 8.775730864309184 25.60757064367235
2 2 	 # V Shape
22.99220758639836 22.99377008676239
27.38237448956279 27.768570000559134
2 4 	 # Alloc Shape
0 0 1 1
1 1 0 0

2 4 	 # U Shape
49.33538910702978 82.9855110194725 13.55070170053998 51.89437209436469
3.89839930794037 25.359323607297156 23.961022845000212 36.82542307382227
2 2 	 # V Shape
33.02055388746313 31.497364153770867
99.77122962801849 57.653735449396784
2 4 	 # Alloc Shape
1 1 0 0
0 0 1 1

2 4 	 # U Shape
34.777630231259735 22.770357186381585 97.99355864697338 63.005568761685694
4.929483061672546 68.2365825351229 36.240570976255185 15.524051027907094
2 2 	 # V Shape
78.13494343596963 55.2040046614521
17.099504129326093 63.32783083457287
2 4 	 # Alloc Shape
0 0 1 1
1 1 0 0

2 4 	 # U Shape
2.6274309211487323 50.41542067879833 74.52702254298939 62.396522275801736
6.988266545960576 6.450928629241515 43.94048400212043 2.8852647579254542
2 2 	 # V Shape
60.32788031349193 58.673592877036405
86.68228972170272 61.24393205303198
2 4 	 # Alloc Shape
1 1 0 0
0 0 1 1

2 4 	 # U Shape
42.07503772712445 54.80955453780033 5.633222746734656 99.41618172327154
10.778562327230556 98.69716197036693 37.17568417452796 99.65727401737341
2 2 	 # V Shape
28.038291518168535 4.588186891572277
94.44459564919265 54.98618923843345
2 4 	 # Alloc Shape
0 0 1 1
1 1 0 0

2 4 	 # U Shape
83.15887504444282 79.17656528294175 46.679453676388974 27.678367280986617
90.87988878978008 94.598033304089 53.938152682605214 31.477840672250334
2 2 	 # V Shape
89.99700513305989 21.75547174267448
59.92085402703595 64.71917907205554
2 4 	 # Alloc Shape
1 1 0 0
0 0 1 1

2 4 	 # U Shape
36.01643276756796 62.227039534881065 98.0178098408297 79.91859855194042
92.75831295036156 37.418154272211765 58.50570891395831 13.180068374738108
2 2 	 # V Shape
0.04446183557327288 70.74925753101013
19.297483160350115 90.36432231820008
2 4 	 # Alloc Shape
0 0 1 1
1 1 0 0

2 4 	 # U Shape
81.97227056661423 8.220855473259759 8.920665727465128 19.60801545827011
91.14300214533641 22.266932513983384 9.04839172597508 56.102411304278775
2 2 	 # V Shape
44.95206135764449 52.585033048615095
72.24312270600561 41.67474743979799
2 4 	 # Alloc Shape
1 1 0 0
0 0 1 1

2 4 	 # U Shape
82.04928776039269 47.50665053857263 96.61716573495946 57.66267401682874
32.06552090005459 67.94122301877373 84.36167592491796 75.53302902041658
2 2 	 # V Shape
10.118468852624707 32.87390949986758
88.42263533349015 88.20345285062106
2 4 	 # Alloc Shape
1 1 0 0
0 0 1 1

2 4 	 # U Shape
52.43596496863906 82.65581207898755 86.46740679635961 30.970317918223156
48.78566844756782 43.62175643948335 93.45334577950428 0.3698001472122403
2 2 	 # V Shape
99.4776959699799 15.46268081733161
46.76091769954523 12.534756717484285
2 4 	 # Alloc Shape
1 1 0 0
0 0 1 1

2 4 	 # U Shape
49.971487223044754 12.341507855967793 83.53544885984954 18.340709904411746
66.08235740598259 78.6282655964066 85.60403727205772 81.38273327698697
2 2 	 # V Shape
64.71000163526095 60.041940189393564
19.3264079539763 66.69706735977975
2 4 	 # Alloc Shape
0 0 1 1
1 1 0 0

2 4 	 # U Shape
1.8561911378813467 51.4940070920228 50.79306784462013 90.71014344413095
56.505504467762435 4.626157806090969 95.79576641816918 52.89082042293397
2 2 	 # V Shape
51.99962456517018 79.45348830521979
18.80121044711084 51.811442990489454
2 4 	 # Alloc Shape
0 0 1 1
1 1 0 0

2 4 	 # U Shape
21.181885271568667 43.922673603872866 52.317464459864915 87.24468740836254
82.91471129307062 2.728095661278618 17.029687460068665 8.636871880414853
2 2 	 # V Shape
81.26040788136636 86.2953978373588
26.83303442292989 9.678232624917316
2 4 	 # Alloc Shape
0 0 1 1
1 1 0 0

2 4 	 # U Shape
31.700592467013024 82.94713379770464 28.642710837222808 15.214236625670852
20.76880521341524 75.43596528167207 17.56374429014038 76.04544487008349
2 2 	 # V Shape
53.24766190602487 45.11926166471313
5.8272995979225195 87.60482070358027
2 4 	 # Alloc Shape
1 1 0 0
0 0 1 1

2 4 	 # U Shape
23.264041347426247 18.781281403429972 39.56488957155357 75.69810384841844
53.862272842660396 17.073425668522024 21.554587674060897 54.93706820534483
2 2 	 # V Shape
98.98362544710275 71.06074258069181
11.524221909004051 22.2437646153423
2 4 	 # Alloc Shape
0 0 1 1
1 1 0 0

2 4 	 # U Shape
23.15098931511359 30.30713331897591 43.85791734903594 18.75582239919522
53.410390490947876 64.61880771895122 70.33838216132862 12.555868669405001
2 2 	 # V Shape
12.008126192998937 72.5758325561494
19.56236645394244 84.30721230378462
2 4 	 # Alloc Shape
0 0 1 1
1 1 0 0

2 4 	 # U Shape
65.97141735392799 73.77905002724438 81.86539004177294 97.70660305209766
90.72944906316613 9.4417320293398 20.021831725609363 92.05258641339387
2 2 	 # V Shape
1.8877589962135177 64.98659852688286
66.60138963691558 60.75718119288291
2 4 	 # Alloc Shape
0 0 1 1
1 1 0 0

2 4 	 # U Shape
95.67423243113147 24.159965098586532 45.09768516167685 55.44866817922474
53.9194900687862 17.220478843375975 18.083411501761816 12.846714348307387
2 2 	 # V Shape
97.16458886397909 79.46859664784513
17.773160061258466 56.84835495771065
2 4 	 # Alloc Shape
0 0 1 1
1 1 0 0

2 4 	 # U Shape
52.61812292947291 41.0586987991322 3.361718213342424 26.302484930774327
22.01920636558978 35.84988404680938 55.43474221203846 49.58188085561432
2 2 	 # V Shape
28.16855885833848 43.566024646585134
34.76594895921519 73.94633507972804
2 4 	 # Alloc Shape
1 1 0 0
0 0 1 1

2 4 	 # U Shape
7.447290335622025 50.896701587681626 84.0428426064464 48.495069142735304
14.702289867824515 82.5983709323613 7.8264143241744915 58.35626676530996
2 2 	 # V Shape
2.6637292517562305 96.11012154484645
48.03326242025263 33.99315388827846
2 4 	 # Alloc Shape
0 0 1 1
1 1 0 0

2 4 	 # U Shape
67.29184942390526 26.90454633263132 21.60900053969944 19.79990778228684
29.948814521196354 38.636408888823716 44.25942439782734 54.714892999050946
2 2 	 # V Shape
1.844823796126338 83.42527254874467
13.293451674674406 5.316272687703738
2 4 	 # Alloc Shape
1 1 0 0
0 0 1 1

2 4 	 # U Shape
39.33006635869696 47.33134938917088 41.92353347228629 60.932171299203034
86.10026198650797 62.352525608528985 53.340315661916115 91.2037880342899
2 2 	 # V Shape
80.67086908193536 24.45596128014501
22.030673042242654 50.270082743558056
2 4 	 # Alloc Shape
0 0 1 1
1 1 0 0

2 4 	 # U Shape
53.456971717168145 30.561369221566192 93.56901692502218 56.08037723188164
87.71448987913365 87.33963137026633 44.235486817069436 66.39508265634635
2 2 	 # V Shape
65.65050380881581 94.3981700348577
58.22949552492498 24.188449029034565
2 4 	 # Alloc Shape
0 0 1 1
1 1 0 0

2 4 	 # U Shape
69.72472218986945 78.21042351483646 19.572143047731196 74.90435164487307
31.21361851188945 38.776518817220484 7.847536386905185 35.62776063377289
2 2 	 # V Shape
73.90275450381807 93.35881022481216
35.270321326633095 21.672568467524645
2 4 	 # Alloc Shape
0 0 1 1
1 1 0 0

2 4 	 # U Shape
87.01357193637122 88.60147659582526 62.65513385375802 64.36788285913693
85.21208519137448 62.61314986875989 84.6678748067566 99.21596125052959
2 2 	 # V Shape
35.376060055570434 32.48540768738426
32.991507732258555 24.4487575532509
2 4 	 # Alloc Shape
1 1 0 0
0 0 1 1

2 4 	 # U Shape
92.57335713813187 59.643718679063504 45.15024199414117 27.778681300890582
15.01998294036846 21.784779343027473 51.35685432856023 51.20503889452015
2 2 	 # V Shape
18.302454277155753 38.71609288174243
83.24263845458371 83.5332323451199
2 4 	 # Alloc Shape
1 1 0 0
0 0 1 1

2 4 	 # U Shape
75.87358015739483 8.626977251940282 71.2950544692579 93.01261253882356
76.14587586514557 98.86614074982673 98.76971377964719 89.70372924482004
2 2 	 # V Shape
31.49616981210669 9.77915966697227
92.43917947699934 6.870442740787763
2 4 	 # Alloc Shape
0 0 1 1
1 1 0 0

2 4 	 # U Shape
32.84515104903939 38.70161291792894 47.34763663326971 86.04029124886623
5.720363896266689 50.85777903984293 69.51465712693383 87.39045971283568
2 2 	 # V Shape
36.581898591693474 16.810668734001176
75.64981803059989 93.78717597497568
2 4 	 # Alloc Shape
1 1 0 0
0 0 1 1

2 4 	 # U Shape
81.29603807981682 71.98719782227973 42.75203761531387 31.887932044027668
33.53055134809602 37.00772274583174 74.67166575101636 30.139536815115374
2 2 	 # V Shape
70.8240323473996 61.39758947906373
79.6217828090473 80.89079037162062
2 4 	 # Alloc Shape
1 1 0 0
0 0 1 1

2 4 	 # U Shape
14.31345444378106 47.6694298464677 13.918483753852772 4.570622220348641
49.48897306694644 64.16701114102102 40.498165795461475 19.440977503341127
2 2 	 # V Shape
15.859722634685191 31.379152454409166
86.65410063539358 23.35259670905029
2 4 	 # Alloc Shape
1 1 0 0
0 0 1 1

2 4 	 # U Shape
76.86581739570853 40.3035167563831 73.5262119290299 15.464947862427925
64.08817054001226 15.073002005351533 77.7394526496461 73.58647000892965
2 2 	 # V Shape
29.25375471829782 66.954085002039
85.58078808069341 6.527775201625041
2 4 	 # Alloc Shape
1 1 0 0
0 0 1 1

2 4 	 # U Shape
48.448811395792 66.16035426657484 27.183116674818653 41.55397559373581
9.781357888467557 14.705543815918464 94.69831571941339 71.51380100768708
2 2 	 # V Shape
63.183468691874744 3.937942298188346
29.558246050304426 55.50343294927813
2 4 	 # Alloc Shape
1 1 0 0
0 0 1 1

2 4 	 # U Shape
93.53041480688623 30.138087207302423 36.57047264103191 18.669693802541442
78.2134749447448 85.33978178978673 37.31786636638185 44.35732364733616
2 2 	 # V Shape
29.810929645080485 46.349223880688115
27.38938866143179 4.299148520608631
2 4 	 # Alloc Shape
1 1 0 0
0 0 1 1

2 4 	 # U Shape
88.95750645101708 82.65959460082745 29.43519846963236 14.455677109173903
26.555565385297065 55.002233482358996 88.14455180731815 44.027951566124244
2 2 	 # V Shape
21.114389643455155 85.77367745861291
61.74548883631296 59.559341529692965
2 4 	 # Alloc Shape
1 1 0 0
0 0 1 1

2 4 	 # U Shape
70.80324128298719 63.35561014773644 70.87478960945752 68.47810232396448
86.41253690934467 66.4411288561791 30.441806273452098 31.520366123197064
2 2 	 # V Shape
5.067589796756167 41.32445590335316
25.482381217757812 49.468892500408245
2 4 	 # Alloc Shape
0 0 1 1
1 1 0 0

2 4 	 # U Shape
18.883160970937297 80.83650571528716 95.55668941738618 38.33644347955859
19.45832429672426 41.18644184108806 10.018361755010584 99.46094653806148
2 2 	 # V Shape
66.99627920311184 39.01650325944801
76.56637690453131 77.11644479198988
2 4 	 # Alloc Shape
1 1 0 0
0 0 1 1

2 4 	 # U Shape
8.495267615718415 6.593194461186913 91.75849076534699 76.31128414575477
7.473564938237576 85.09451240481565 23.679962362451747 99.98541427616755
2 2 	 # V Shape
12.586895600301418 2.279582401657765
0.9481732843290902 49.63383454241873
2 4 	 # Alloc Shape
0 0 1 1
1 1 0 0

2 4 	 # U Shape
56.592957604180214 67.14541387159048 73.86977953319874 79.54930505399861
39.48125651359785 52.37593914740467 31.875498485040467 2.591639395740397
2 2 	 # V Shape
68.68772795206854 24.23809899369128
74.70198638366462 63.14592696197532
2 4 	 # Alloc Shape
0 0 1 1
1 1 0 0

2 4 	 # U Shape
17.390233723653235 44.73860318177145 4.38056805106668 47.25806486607625
38.60209404963132 38.20477660051339 31.37618441344764 35.2870304233722
2 2 	 # V Shape
82.56067737238416 25.08949012114171
77.77136915105915 97.02050419436345
2 4 	 # Alloc Shape
0 0 1 1
1 1 0 0

2 4 	 # U Shape
20.779428044947814 38.94360747252355 81.12163914113448 72.98812988510629
9.118203861697104 74.73263222488747 43.4308652481821 58.9936244169226
2 2 	 # V Shape
99.83281372066621 93.42444183569376
62.14475273210932 86.95722264819703
2 4 	 # Alloc Shape
0 0 1 1
1 1 0 0

2 4 	 # U Shape
96.44099350030973 98.47968141127248 15.945007613925032 25.120260597112765
32.70461534363564 34.6577778304731 51.08963115531392 70.59686330324631
2 2 	 # V Shape
55.01803106188405 88.75780006923178
70.48073399223784 35.46417194956136
2 4 	 # Alloc Shape
1 1 0 0
0 0 1 1

2 4 	 # U Shape
96.54087996515216 42.603524111351334 59.780883635145074 51.92973749714302
23.11199916467883 28.572575729489415 55.202276837306194 80.44632486176295
2 2 	 # V Shape
87.18864850537832 55.042866281887605
71.66173340595087 25.825363673711987
2 4 	 # Alloc Shape
1 1 0 0
0 0 1 1

2 4 	 # U Shape
43.01201577777037 51.613081097988115 95.16150881323549 53.958151644602225
11.203590908801864 42.70447690993122 62.541748034529284 3.354436529128646
2 2 	 # V Shape
78.53337623962585 89.97409142278859
40.84755440710598 68.60877434683294
2 4 	 # Alloc Shape
0 0 1 1
1 1 0 0

2 4 	 # U Shape
16.041240707911776 22.455650633470412 41.05765264843701 89.74455354736222
26.829429346121437 6.97025407605949 8.134979643844332 57.66129958520101
2 2 	 # V Shape
56.231347129522035 95.91685981460985
31.299451440431813 95.08556466638547
2 4 	 # Alloc Shape
0 0 1 1
1 1 0 0

2 4 	 # U Shape
52.69392472469997 99.68703767182897 22.887377642968143 81.092220402835
55.96470024398559 16.090810252031385 24.86642020005374 39.104515328483544
2 2 	 # V Shape
74.23121109778266 39.72043683390132
13.437775485415205 52.79117853692893
2 4 	 # Alloc Shape
1 1 0 0
0 0 1 1

2 4 	 # U Shape
79.75385055765048 11.551437385170493 4.53776299978379 44.05638063666682
91.17431313737649 71.18317480833339 67.19357337561388 34.39263351393479
2 2 	 # V Shape
63.98251157637396 15.23917633310231
47.6314772142694 0.1118872189098119
2 4 	 # Alloc Shape
1 1 0 0
0 0 1 1

2 4 	 # U Shape
83.88468784999696 56.61612662357275 83.67374094473155 2.8091318651062624
41.028131402899284 64.63548566013529 85.32038506727285 7.237398904404923
2 2 	 # V Shape
3.665298283429308 64.04978610075415
23.317534546050524 45.107930635708726
2 4 	 # Alloc Shape
1 1 0 0
0 0 1 1

2 4 	 # U Shape
1.1406109349829663 56.289115143817895 55.710644635654006 23.050683236937385
16.38984321582343 78.71239965376144 92.57754249510639 38.16401473340694
2 2 	 # V Shape
87.69572208376776 79.29297459920572
64.40942826461564 27.87581475441051
2 4 	 # Alloc Shape
1 1 0 0
0 0 1 1

2 4 	 # U Shape
17.682891545005408 32.64092896062729 38.991344717972034 83.59380578120212
48.79087182989315 54.37048276956769 44.85927265032884 26.6731921509634
2 2 	 # V Shape
55.44029794630983 77.47799401958815
68.15185322316671 32.54500992189372
2 4 	 # Alloc Shape
0 0 1 1
1 1 0 0

2 4 	 # U Shape
32.0247340467178 35.80925087446067 12.161949777499192 20.70718437936708
83.32213463648675 93.34811133603968 97.43439567945316 89.53098575419534
2 2 	 # V Shape
19.75056299350082 42.696996098717676
26.106799764914268 69.28876878868647
2 4 	 # Alloc Shape
1 1 0 0
0 0 1 1

2 4 	 # U Shape
81.76348762720686 12.807383598781064 10.851138830865391 13.049767934995792
20.665853899480158 42.644865761911255 7.596547349521798 70.07490866511796
2 2 	 # V Shape
27.785182264581564 76.53316530483343
34.67724454797298 32.27769769793854
2 4 	 # Alloc Shape
1 1 0 0
0 0 1 1

2 4 	 # U Shape
77.01965758447986 56.95992671007316 18.795510797693858 20.08315703135676
18.79592716148576 33.94072557927411 2.66776281080896 73.85083325158554
2 2 	 # V Shape
48.741228151485885 48.88505188682826
39.798804704984526 47.30969341687722
2 4 	 # Alloc Shape
1 1 0 0
0 0 1 1

2 4 	 # U Shape
52.07619828105092 70.78068543460994 36.80123211718488 93.63695478802633
47.48869530604311 47.32887297440268 39.51110925712806 0.003920423126846373
2 2 	 # V Shape
67.82095400149501 24.394775347401733
39.73215823078961 73.83906001415383
2 4 	 # Alloc Shape
0 0 1 1
1 1 0 0

2 4 	 # U Shape
70.3434879401812 77.31798052149 94.34055112837507 1.9512020650502504
70.0026006633014 56.31087942788062 64.99573064922144 90.46728271387188
2 2 	 # V Shape
15.699092061920272 42.441003533667946
87.64433343438996 75.02492802247049
2 4 	 # Alloc Shape
1 1 0 0
0 0 1 1

2 4 	 # U Shape
46.354151395360745 15.785252967390761 79.02225900616803 23.9042241751382
44.366133147512265 81.99137460646327 34.00060892764781 22.59649168543024
2 2 	 # V Shape
1.042840324638139 29.70921789516755
60.991923644398646 97.75687109717187
2 4 	 # Alloc Shape
0 0 1 1
1 1 0 0

2 4 	 # U Shape
54.05748880266737 21.728899988152016 13.600245929717204 24.481305612255245
99.82197359233125 25.50239638844577 10.589323680061346 61.599517025402406
2 2 	 # V Shape
55.79185644887193 48.15325937716766
25.03198750379535 2.2674193968150735
2 4 	 # Alloc Shape
1 1 0 0
0 0 1 1

2 4 	 # U Shape
95.6049141538781 58.14111624510557 63.09994232799752 29.724604749543794
89.83110020126315 54.9812293523613 93.15071644964158 37.78167413568866
2 2 	 # V Shape
57.89098140665499 26.348910383072123
25.526960380882326 23.55853241362911
2 4 	 # Alloc Shape
1 1 0 0
0 0 1 1

