4 6 	 # U Shape
3.5036524101437316 29.84494708891794 5.851249188207475 85.70609425871989 37.28540278748075 67.9847951578097
25.62799493266301 34.758121515249194 0.9412770080969413 35.83337827049697 94.90941816782103 21.789900913168893
31.93913663803646 91.77723860005874 3.190366643989473 6.508453704251449 62.982899910782294 87.38134432795387
0.8715732303784862 74.65772369939376 81.28411710026235 7.571744617226672 65.64553345969578 50.92622000835182
4 3 	 # V Shape
47.988339149638314 95.55741449310663 0.00120335694850926
24.697870099191633 71.22326779115835 32.45820497867131
27.699635638380947 69.54454525534746 91.85517481459487
24.44757021979903 45.80858172767637 25.299268282150646
4 6 	 # Alloc Shape
0 0 0 1 0 1
0 0 0 0 1 0
1 1 0 0 0 0
0 0 1 0 0 0

4 6 	 # U Shape
71.43701184210114 20.63879903539021 99.27905345409697 17.7719650269337 99.58596172754386 53.362059271995165
9.084774223440917 27.55046715791315 18.595404803535722 45.03093764582238 42.40557934706731 0.29106526890401163
50.385691591084104 46.24944903852371 79.2423605806667 1.2453421017426969 74.79457296359664 99.0472175976485
18.96892556042433 13.465241614666546 18.10940371944597 2.978497648560896 39.881216836242636 16.694972840234755
4 3 	 # V Shape
3.998768028169297 96.41109001928761 35.83773147980476
2.7087088325912667 54.55065006685113 77.71862652940129
56.59574732306157 44.91978971341987 98.22240206384511
52.58671219666361 88.56893477384233 63.19369758891021
4 6 	 # Alloc Shape
0 0 1 0 0 0
0 0 0 1 0 0
0 0 0 0 1 1
1 1 0 0 0 0

4 6 	 # U Shape
69.67248438532509 96.30980777029286 27.772152973142063 23.362646184796688 84.56720544791447 22.421247062478113
68.89062995586893 15.349463697837272 20.35981361555802 6.759889360357696 74.94856954349747 18.007939541801544
12.42607102499237 22.48072739087964 27.945955364862417 3.382173104378916 25.439918504137594 66.88547064212764
75.99190806207415 22.601441426661683 61.18495893255411 91.2256084318619 54.16106282800136 37.3945089576196
4 3 	 # V Shape
1.3200625564899537 82.93176945213216 81.65615277135781
7.972011775621979 17.167529767716484 83.81490322209999
56.416027886181105 34.97822136010315 14.500296285546677
9.85190759170267 56.01814183160807 71.00658900630637
4 6 	 # Alloc Shape
0 1 0 0 0 0
1 0 0 0 1 0
0 0 0 0 0 1
0 0 1 1 0 0

4 6 	 # U Shape
86.92688002827899 85.79336565832706 32.2348939449214 40.49322622008869 43.9539710467189 88.36584548371536
89.19464028943334 39.47468031411334 51.82177914786211 70.73516635576496 8.271204312660796 86.92964261883411
67.36828861391311 70.34220584074326 40.979683490344286 24.29897720416202 92.60121721358169 99.65909972205648
86.94276524302548 63.96437868563761 28.45561795691298 91.46136181770078 17.452686066963462 96.85200162184809
4 3 	 # V Shape
75.5009613285223 95.28610749392162 67.32946850379962
70.81335675982399 3.683447845165011 69.52927037644339
36.27263391941624 79.13173563229759 84.44620395771283
73.16177873328607 92.33753095611755 18.145762882566007
4 6 	 # Alloc Shape
0 1 0 0 0 0
1 0 0 0 0 0
0 0 0 0 1 1
0 0 1 1 0 0

4 6 	 # U Shape
16.3382494404646 45.87133057259446 27.886355130641082 20.46000739957785 30.833603000053202 79.56095704114209
9.284603190663265 86.90191781420667 83.37153810867173 68.17935532090345 29.581425749373093 16.611979665729038
91.89412906048165 7.142513371862947 47.44680710895094 36.02294197691071 15.973108250577628 96.79157592963496
21.895147852694286 71.17804063827496 87.90754936966432 66.89037930967858 14.352054836853013 79.28879809301641
4 3 	 # V Shape
21.5512697151754 95.59500306879225 8.285801012063597
64.10300846501192 61.344624540601785 48.00718160393663
16.519309664977357 25.198515520957564 73.04173325598778
95.87006814026302 92.58020926735463 73.73998988360687
4 6 	 # Alloc Shape
0 0 0 0 1 1
0 1 0 0 0 0
1 0 0 0 0 0
0 0 1 1 0 0

4 6 	 # U Shape
84.16111580236372 19.111275548550978 0.47323131803920226 67.8607937663347 65.66085605445606 35.46367907653705
86.48717455216773 69.44640763220397 61.28123989003983 31.951077154398398 73.72777186166773 52.55433472178436
52.50502798198185 7.706168196491092 47.43696291039694 95.5539748182794 1.77841272315451 11.591267721617172
53.95621901893743 3.1992944459879435 13.167652548594722 69.28740692598264 54.54341911075541 77.50267917120574
4 3 	 # V Shape
13.95551024554429 76.02106188003187 10.876248078980577
61.69547023546008 7.727076088308871 57.05718339737573
5.4336741179771275 54.56692281594621 15.275763636954864
35.28836635151593 69.7170747982277 59.15385222570217
4 6 	 # Alloc Shape
1 0 0 0 0 0
0 1 0 0 0 0
0 0 1 1 0 0
0 0 0 0 1 1

4 6 	 # U Shape
4.553264565460491 89.9968761358813 56.57116570169368 1.6159036133088112 51.99093970834808 49.37542115365871
21.29019704722085 61.81170879664932 0.1573158600998159 23.394042119999682 52.69614300271338 19.914291926856254
24.370252799298008 43.64032376894692 5.564220864270886 20.81983805383275 7.364112750960905 79.84257526281475
50.24918501138289 26.154314028399416 79.67787559433181 15.507878896953397 86.59777198314929 46.10232275902189
4 3 	 # V Shape
56.17452412785726 31.224626582455816 24.30797680627348
27.668452729256575 35.992345017522574 56.997233819913184
3.074675838642149 38.57546145489729 34.12071540234347
62.98397030328184 86.85987737772555 77.26394398435724
4 6 	 # Alloc Shape
1 1 0 0 0 0
0 0 0 0 1 0
0 0 0 0 0 1
0 0 1 1 0 0

4 6 	 # U Shape
45.12756567910182 72.74250507928683 72.48824410420183 63.72697753917475 33.92015213500088 22.416302568145984
46.77107630620194 74.87217639408884 18.34242420995823 2.415895711516358 10.50294917167729 12.895518751127511
46.45057594316507 35.63053330516287 91.94596229083115 20.813803036265067 38.07532479202847 2.1397673413144136
5.98442103691773 83.77743224956902 70.21693819198128 9.326867316534159 79.13426756488138 39.638454594496785
4 3 	 # V Shape
14.52947763761906 98.49272720028722 11.899849121120365
14.100425819988416 85.39194254387951 72.7540444007251
6.912932506394953 62.14300291700716 43.298992533864414
88.73809450857725 61.80099123132202 66.08104815038442
4 6 	 # Alloc Shape
0 0 1 1 0 0
0 1 0 0 0 0
1 0 0 0 0 0
0 0 0 0 1 1

4 6 	 # U Shape
5.760354641651455 13.788991958710838 27.113121163525378 2.1924951992596364 15.92114911396707 22.088557324377344
97.31240621343372 13.313226053040516 57.3298107377977 65.7596908429118 46.24346541079297 94.85859045288835
14.449880383440972 86.36042087902828 25.9458301492818 99.42182239444904 44.55165857404742 77.17928513447323
46.52680696305701 58.627641346337214 50.64823556540923 86.92050538193617 97.25143298523808 57.66857538934025
4 3 	 # V Shape
85.33381084501198 97.97629709880336 1.0610314760432504
89.4165407704135 33.43521831798838 62.57182025378789
48.78355457564466 86.29710273563501 30.17549802242845
86.89011927706947 2.2435075085822986 89.89992653954769
4 6 	 # Alloc Shape
0 0 1 1 0 0
1 0 0 0 0 0
0 1 0 0 0 0
0 0 0 0 1 1

4 6 	 # U Shape
76.61430149769978 46.70761509467687 67.19104719587664 85.99202225500619 19.054175513748074 2.3276089875885475
83.70928826059415 27.771283297124395 97.4427896912705 75.82172334756304 43.85639832998369 3.9049214778404506
78.01469697635362 35.694914512308564 56.96838864133734 99.25807852532736 59.12565403057446 52.48994821781907
32.64592759032256 61.90649512332331 99.41264815471442 56.40595506022411 86.28181436259446 86.70913858768583
4 3 	 # V Shape
98.47168031598662 29.126722856743783 18.211253771327797
31.476613615131676 2.4616654868854226 21.908695921058396
58.485539946468755 68.732654513086 64.73568514731892
85.52454346787749 70.11070990918641 83.14603556029752
4 6 	 # Alloc Shape
1 1 0 0 0 0
0 0 1 0 0 0
0 0 0 1 0 0
0 0 0 0 1 1

4 6 	 # U Shape
17.344594203633324 62.03436302407209 93.33292008405246 54.58342550752081 65.3324917004406 75.57247743136945
1.4534676824874415 25.115049505121345 90.23829118139983 91.13470985528927 88.63214292373479 70.02902390291167
23.14890804931228 79.1916839627217 5.372000908483232 8.955772440347065 23.555529011988607 75.87456457715554
36.90517597923038 32.76494386897413 51.94014923252208 30.456532795428814 80.76213715583056 32.970479225482066
4 3 	 # V Shape
24.290253785443795 27.818572843666068 71.96914609630558
66.37332787765109 57.343137263405666 94.86124916070513
80.0735049697734 48.163882547746795 40.6037942558783
22.0713767740505 18.520459878609007 83.79349205056899
4 6 	 # Alloc Shape
0 0 1 0 0 0
0 0 0 1 0 0
1 1 0 0 0 0
0 0 0 0 1 1

4 6 	 # U Shape
70.26618234804864 6.094814236073976 51.063816692752006 89.0399077341954 79.9079268280742 1.729441087635275
21.23887303740194 34.190655117656796 4.089382835731237 57.15556564493757 6.1438889160829735 1.4489660516908476
5.666669193835949 50.528480105295756 46.44878771683927 30.55429739641423 65.28860762398584 4.808905997355051
12.228350848374546 93.13812655624874 35.74598846072694 22.67533271739618 21.852084314786325 93.41409790636058
4 3 	 # V Shape
46.218566054710685 55.073779823596105 19.834599054937605
22.8435789598181 60.54214557797615 79.32645612175614
53.01571201620374 0.3433022762148963 48.40121198602888
39.7332282073596 75.45078905941257 81.49444297558229
4 6 	 # Alloc Shape
1 0 0 0 0 0
0 0 1 1 0 0
0 0 0 0 1 0
0 1 0 0 0 1

4 6 	 # U Shape
50.90775667467017 35.727561276715356 76.60834739962971 67.76492327221007 91.01295133782237 86.36140350064365
22.811320208789542 58.54908052659679 10.157897472267607 83.18204674950293 31.595698549031436 82.41501738055362
81.63099273423717 37.39277080895428 66.20888393125868 99.69984166059362 54.027791887975155 46.44221677348563
73.54940572399241 73.84217654866465 92.91713023767014 40.72398176655261 66.33887180533458 91.78778816788167
4 3 	 # V Shape
57.58174362445533 24.221232186873753 0.5604089899198694
70.73048394992638 88.08237982988786 60.25018362665696
75.50654114298185 89.48655555762267 31.542944532309157
1.7017292696770547 21.65972811009421 53.211390737909916
4 6 	 # Alloc Shape
0 0 0 0 1 0
1 1 0 0 0 0
0 0 1 1 0 0
0 0 0 0 0 1

4 6 	 # U Shape
86.87905051441777 99.28799605212063 36.638578260507835 21.135275446180003 50.3152504264593 94.13775238322022
70.54244923808129 17.736872292990423 93.3322489613116 16.948257065131187 13.568352523848603 59.43971035715053
63.41071275571921 7.313276831160264 10.921373737099438 21.008439262544552 42.56365058348764 48.51996937563654
74.8412988858732 88.81033512270014 27.933598254175283 48.31436801212239 46.75769024705312 2.2766953087996145
4 3 	 # V Shape
27.911279793209744 6.075856609033259 53.321221321578925
37.26885399774184 81.82951555106546 77.57875365490159
54.7982422485988 83.05526345309147 34.278307085371566
0.8807492231377556 34.83352171663279 65.85246195864656
4 6 	 # Alloc Shape
0 0 0 0 1 1
0 0 1 1 0 0
1 0 0 0 0 0
0 1 0 0 0 0

4 6 	 # U Shape
93.81386696507433 58.241829275425786 48.94849843709771 82.81857868959013 59.969488108909886 45.37712726381857
62.06639160189113 39.86496796946282 67.57767176844848 97.37625190750352 13.582770286553403 58.02600170207421
33.67752527939148 15.839083422981714 25.30313709866099 59.31419577783564 12.243333219944152 43.06492468064743
72.51504004865626 74.22597520049557 41.68669441878146 92.11431438340824 56.050145716434066 50.75247907577456
4 3 	 # V Shape
80.04019206152392 75.69616461967593 40.11116787070627
68.79465225767066 24.557276150926878 56.70301832284338
59.74615227340134 22.83239153774863 0.6048743592951489
8.000654279158393 71.02416885086247 48.13170175361745
4 6 	 # Alloc Shape
1 1 0 0 0 0
0 0 1 0 0 0
0 0 0 1 0 0
0 0 0 0 1 1

4 6 	 # U Shape
56.192639469663284 89.94511347204248 6.085367530631003 3.0302444078074697 41.83834745862553 27.561991787304272
24.25679955603265 25.442175195539164 64.19516773631668 5.904243112973417 52.35384977836991 94.92138440365854
44.285349184358424 12.828544326714276 94.35845475586915 53.53112135693203 25.668973906579918 20.341753981323407
26.569061888161492 35.053067037511134 8.204474933921812 61.54230188965111 76.22246836774553 78.98015838646215
4 3 	 # V Shape
73.43819374007845 6.2241299463624555 54.649200366366166
3.7702052730020807 88.82648796439356 48.61872499755644
81.03218000072529 30.424274271873053 68.86567654991926
91.87017961981115 33.82891395146167 31.343234085579454
4 6 	 # Alloc Shape
1 1 0 0 0 0
0 0 0 0 0 1
0 0 1 1 0 0
0 0 0 0 1 0

4 6 	 # U Shape
65.71595535584477 14.812747374863921 68.72629412303934 48.557950649286084 34.464307577142414 47.316507571707966
7.258259150445323 24.471779565794506 51.80967902071565 74.85893019135806 24.935556593000253 47.54251829792777
80.75824662986498 96.593950679172 63.90552773987527 58.876802415221604 50.922334127733116 42.319345171450905
71.04263717106328 15.515324406149322 89.46122235831155 83.75242108155805 41.65079579681915 84.36096994776048
4 3 	 # V Shape
8.290049917655562 80.73598239484441 68.99541790362187
21.372610906631518 74.38268737079244 34.15796749984696
36.59156598396838 14.072273986702132 85.82340886055349
73.8297503771947 14.598947960122555 66.04753566905896
4 6 	 # Alloc Shape
1 0 0 0 0 0
0 0 1 1 0 0
0 1 0 0 0 0
0 0 0 0 1 1

4 6 	 # U Shape
90.9664288069108 85.00714273442253 35.89710796244382 6.737360034221506 55.57897475681145 38.18138846743429
76.10241774081827 42.868997533995625 53.90236983030612 38.01057086288897 87.72014981761659 76.56156713580032
90.46903961895973 30.02210924959816 75.3793824688078 7.5021838701257675 26.479148485204217 51.523743642553946
96.86765314123984 87.23499487308548 78.5991441443134 76.66916569046191 5.789438460257412 46.98910486441087
4 3 	 # V Shape
25.11037515293133 92.96476447885176 73.58435784502224
52.77969036379577 58.30303394538273 41.28800770632398
79.51565509935791 66.00276742336608 57.45492274932948
13.47726602972552 24.8544264212765 36.98751657807221
4 6 	 # Alloc Shape
0 1 0 0 0 0
0 0 0 0 1 1
1 0 0 0 0 0
0 0 1 1 0 0

4 6 	 # U Shape
96.74906952545302 88.96943709637245 78.32485179204603 87.87344958309089 48.84902318051066 87.05818822588431
90.68351772161733 42.96844927242637 20.20263758703067 28.433342516474504 49.88975176149655 95.58985505175114
18.102779769809775 95.55786601226286 7.276397353935815 94.93479290338699 18.58322431033922 40.483578964239605
6.824287646914318 41.011255047563246 73.4948802656049 35.01100283970332 77.02356035821319 44.99344139677473
4 3 	 # V Shape
72.78307809033089 53.8841769629281 51.417459659677576
91.95401264406627 11.896664871721418 68.21042734543961
62.4794258532507 3.360488430387798 9.133202336323798
67.82920284219051 19.855156716296097 41.50647827556432
4 6 	 # Alloc Shape
1 1 0 0 0 0
0 0 0 0 1 1
0 0 0 1 0 0
0 0 1 0 0 0

4 6 	 # U Shape
11.78521558913459 57.82178782286774 63.16870898960361 33.56704956464866 8.290351610160329 51.06830893887748
4.878102630998271 20.353138493286348 1.8462797997596536 58.31995201321578 58.75505430294209 22.190350855002716
39.693255695772415 99.15016075441562 80.81373489964045 40.733751791001104 54.34664506134664 37.78895887821273
53.18048231327632 72.22995061422634 91.56653284459554 17.165324392654746 37.59086355371355 77.95587630981035
4 3 	 # V Shape
83.91650502422559 62.23901434086778 50.80893029727272
7.784314232521938 31.368416751796424 52.4233358708662
51.13009169343887 38.32612584225752 6.153601516994767
77.81668069541648 12.811541292230121 26.432144949748306
4 6 	 # Alloc Shape
0 0 1 1 0 0
0 0 0 0 1 0
1 1 0 0 0 0
0 0 0 0 0 1

4 6 	 # U Shape
15.492633441827163 84.23367992259445 29.42799313975717 92.5446300536039 91.91926985638092 83.99005583560316
24.626055163390394 52.8035121418878 99.96842886452724 30.28439422691658 99.13733974519042 2.5509304384833786
25.716486061195454 13.329083249219586 13.204683368581726 57.29460823072748 82.45535551065343 33.142727323246326
15.05168747452168 74.89759982104228 1.2850925833873594 48.748181406293156 7.696051878857057 9.111505046027856
4 3 	 # V Shape
14.078935470916443 82.28709128801134 89.59883715183271
95.92094111962265 16.180679939628195 1.9841951813416636
95.11815256073987 14.793502846911844 55.34065579092611
10.21109060411014 60.11787813419842 27.03517269798902
4 6 	 # Alloc Shape
0 0 0 0 1 1
0 0 1 0 0 0
1 1 0 0 0 0
0 0 0 1 0 0

4 6 	 # U Shape
60.37855441005951 71.93340583736835 90.11419425602249 91.19220632104319 37.22957142859222 66.93016555268602
88.56984320786687 30.300128118871594 70.07429944124483 63.46048104393917 54.016191448412656 16.67133395051035
79.64329611630698 77.64344902316233 39.53445873325985 98.04777940360461 7.837055800972692 96.24310104566688
96.97842346820221 44.385241553620666 26.812318341252062 73.46825975869511 83.13375345254366 67.18142690381413
4 3 	 # V Shape
84.73639252033335 75.42461461229216 21.032533385789343
31.9476404054308 28.565077061061363 49.145426187168226
91.72122355803141 31.188208203316726 86.5856936572053
98.36791382777844 21.28707680554569 79.7942597757593
4 6 	 # Alloc Shape
0 0 1 1 0 0
1 0 0 0 0 0
0 1 0 0 0 0
0 0 0 0 1 1

4 6 	 # U Shape
74.71534251186307 74.29319402218317 64.98274607415196 9.808999764045346 86.37941398881887 41.23196879150988
63.60194267149293 48.85522710988216 20.564478637718974 19.48993483633955 47.248463153148364 69.37206106379179
68.35637207877775 66.18460489427447 16.97416752988099 74.32781759353323 59.2859765164121 79.07111791496531
27.211548282045474 62.4419363981317 29.144845623462157 36.00430524181534 98.21295648889723 95.7276012325464
4 3 	 # V Shape
14.809045670579701 62.30656042862533 20.20409915412753
87.55710310105005 3.3941597432869064 3.970886470603807
97.1271432466634 85.14087025845309 10.291562249247521
41.214719969113176 71.37166179033142 77.23014517578677
4 6 	 # Alloc Shape
0 0 0 0 1 0
1 1 0 0 0 0
0 0 1 1 0 0
0 0 0 0 0 1

4 6 	 # U Shape
25.215612401135544 49.49037084860953 12.238827252649543 42.910511201746424 13.865346479345197 74.26522899533796
92.74744511760935 9.031613347905843 89.3952571695413 76.09142404441215 32.160632217907946 74.22689022342446
94.07910281321847 89.39740569094636 43.678570286197214 55.40645732546845 36.61864542122009 17.635756756121012
41.94054399728543 42.3624944139416 28.147052477107405 53.81973373767096 75.31781056405589 24.195037869353996
4 3 	 # V Shape
38.88586569088312 82.97850900334184 77.95504005071858
75.69518881873518 28.06340950238416 89.9581226583791
30.751121725078168 36.92694133896698 95.22114609945923
86.84104553162285 59.75711041997632 77.10172176383672
4 6 	 # Alloc Shape
0 0 0 0 0 1
0 0 1 1 0 0
1 1 0 0 0 0
0 0 0 0 1 0

4 6 	 # U Shape
85.95963649503429 61.89780544469472 36.43911411980668 53.60054625225058 70.32630463479654 0.6619090431687291
88.57320068725724 90.86530959885465 94.6078195142913 4.029445645956454 31.042180018925436 9.648514667689135
80.01760924622921 13.34811693821728 22.808493133854057 99.01621780201802 65.60574317327557 8.55206866112611
87.47858090657267 25.562916456589036 25.916760418734942 36.64700557794301 6.637471658853434 97.40669627786325
4 3 	 # V Shape
56.24191015300086 65.58148919678092 19.256121568539765
0.7918509189419942 18.289408267121022 29.170599095639815
29.948980768747536 29.35530538370864 54.46841056034108
5.874041420604781 76.58598686990818 32.815965377894685
4 6 	 # Alloc Shape
1 1 0 0 0 0
0 0 1 0 0 0
0 0 0 1 1 0
0 0 0 0 0 1

4 6 	 # U Shape
63.94857104282959 14.185376311194918 42.03703297467071 70.11768192427917 20.315378442097774 75.11643094716347
13.586200731080334 10.909019341771476 79.4048437373356 34.699858119237526 15.304123297658013 65.61713575983977
66.81949087088817 32.604341367908305 22.950602049958736 7.680752580760542 71.66572462699786 60.4280718586639
86.1520211012558 31.372286508169246 64.97641076975843 45.457643605916964 27.607675810571763 51.15275399995662
4 3 	 # V Shape
96.01348753269502 23.28126154124076 2.613723831823833
99.5647846923807 0.4630868324585369 62.29595669962799
44.01426436334515 7.918361157927745 77.7555983128011
56.81781203694185 47.67510763397232 51.616037773494085
4 6 	 # Alloc Shape
0 0 0 1 0 0
0 0 1 0 0 0
0 0 0 0 1 1
1 1 0 0 0 0

4 6 	 # U Shape
67.55415436237892 24.211472636620446 22.173146638192197 96.5448768430508 5.955278960173171 69.14313527669911
26.633294830105324 58.560127440856306 4.133838569024584 15.957611123760785 20.885476389145186 85.69881934651973
41.16946514027624 12.21340169099946 43.49025698208913 65.44802302050219 4.7789514601470735 53.86564786819926
28.096841603089572 99.4912647531355 6.360048757870707 78.09375051250247 95.91649893721768 47.11275567460168
4 3 	 # V Shape
24.914281541553784 96.5191662328076 76.59469959291387
40.195378947653325 51.49064068674277 79.29108695127209
98.39283054844171 71.49169250459008 83.92312792373025
26.85410992744578 4.953055937561013 13.160428180367855
4 6 	 # Alloc Shape
0 0 1 1 0 0
0 0 0 0 0 1
1 1 0 0 0 0
0 0 0 0 1 0

4 6 	 # U Shape
88.15021695034987 30.87219785777091 98.24948573037457 78.90462529479963 69.5792807867884 6.125410132431075
92.6971134205882 3.079361532614855 1.1021772419600562 63.362695165449104 84.46047602931802 80.01420093124716
12.245542409404209 13.824602442030432 43.75723648390534 66.35312817941845 3.453270623572968 23.841380053550708
1.802457783891176 10.449547966913798 36.3523914573754 98.38215211336696 63.14375289882482 92.24205349414231
4 3 	 # V Shape
78.33312877674497 65.79924072284182 52.14959251428749
56.809575554899794 5.185863004034785 52.38761511300544
24.398177879614302 27.596696120670728 98.35592118524833
70.28254289158583 99.6617530586488 32.84320962695758
4 6 	 # Alloc Shape
1 1 0 0 0 0
0 0 0 0 1 0
0 0 1 1 0 0
0 0 0 0 0 1

4 6 	 # U Shape
72.39645185024945 9.736782592983161 92.70165657789745 86.03883045005361 52.71036614296351 8.679638346458063
99.65771458136973 89.65496086742651 32.77688380967824 46.289817178905814 29.97188454318528 17.447271380263885
74.10939994512628 24.107311656619757 87.51467553837878 79.53545672098225 66.673863779955 15.28844397557979
43.063151338676896 52.86376676265837 11.41309943685812 24.51280045862586 49.149312178044624 91.42202382704951
4 3 	 # V Shape
95.32498201126064 70.73226500301156 66.8016366069709
98.85903007406766 49.68555298803273 12.846182489987257
61.72254982629376 98.42223920775558 44.71795561860779
18.482934840317668 45.89257973310087 39.48785704237751
4 6 	 # Alloc Shape
0 0 1 1 0 0
1 1 0 0 0 0
0 0 0 0 1 0
0 0 0 0 0 1

4 6 	 # U Shape
90.92097661096003 63.93326191815907 21.267903766423444 67.20337260212106 33.92938812864412 77.26846778829997
1.5691633919904913 45.83922604025257 98.64068791269435 42.16896224945735 9.582474634928895 41.39779811078852
47.10408722197228 71.86027027838594 9.3344520891248 21.865244179919774 97.61905799265126 49.26272201485651
46.85416525813611 97.40453716320458 81.25614074707782 43.69906247230294 20.10634624609724 80.71086795073792
4 3 	 # V Shape
88.23754611703578 84.43567976208664 49.518669283891
71.7763322456442 17.552332219640565 63.85902584354193
39.309155520922545 28.138951179336836 65.17878993399529
89.92453845355284 38.442120659352994 88.8898972179192
4 6 	 # Alloc Shape
0 0 0 1 0 0
0 0 1 0 0 0
0 0 0 0 1 1
1 1 0 0 0 0

4 6 	 # U Shape
17.02766024192376 89.92540627139222 69.01243316130716 5.5031570170248845 25.753044665769366 8.77207553364131
61.665144485763626 41.52500437701434 68.9253986689514 8.318795711438288 22.22874963887149 20.917620948135173
5.38526232302694 11.307832164724429 66.40850357804278 23.452600319100057 14.120326415156336 68.97730065038576
23.494187066462658 86.35903403471691 97.21715210254405 9.612049265206558 82.32053146260417 90.34688119428495
4 3 	 # V Shape
42.46131102752837 63.847818658180024 79.1584195284823
97.79886936272842 94.59993746549164 96.1791854819392
10.3992960549254 1.5859084795863065 97.7720783303051
96.2283598828129 60.77910655912619 67.65494282198709
4 6 	 # Alloc Shape
0 1 0 0 0 0
1 0 0 0 0 0
0 0 0 0 1 1
0 0 1 1 0 0

4 6 	 # U Shape
26.768778003869777 97.84085196484328 93.11224462032241 68.2538495070925 24.779508536829464 69.98198673575558
10.110302581536457 50.12587062863314 87.4478366104856 28.121001864819284 26.581519668457677 36.84101373551537
30.283257880790636 10.130324472829066 63.36692642250475 84.449775877006 4.199839440616271 87.8819503043166
41.25543018333797 84.42314510973435 95.39506095649935 10.849168310310976 61.18082422048088 46.43124022670063
4 3 	 # V Shape
56.671878415349 85.24571416264071 23.90870040922357
58.63926426736784 44.54840123219136 91.57890020657504
73.63932452055495 67.96822393594148 91.1963178720298
26.569384809315643 48.33363057486133 56.88989622299147
4 6 	 # Alloc Shape
1 1 0 0 0 0
0 0 0 0 1 1
0 0 0 1 0 0
0 0 1 0 0 0

4 6 	 # U Shape
0.3445391420710542 15.280277264083464 46.108758410038156 51.601944987338136 18.81317325540717 99.25353595369035
36.33135129678086 37.63095032701376 5.057517910561071 71.76177580319968 82.50120550979952 34.73211379305424
78.59765740331683 24.33273188534185 51.613915468391895 45.076749776475054 35.1500302155452 88.34260813418041
53.28115395352885 40.98337652210853 95.7436145830707 69.74821265556757 56.86784520753421 46.732081168907236
4 3 	 # V Shape
41.453257393727185 92.40308747708369 33.41784455453695
72.82751850012025 30.11449445655182 18.020921600184902
97.12918582766687 39.103637893476794 13.985169789672014
40.584967383126745 64.55491673289525 82.36538562330294
4 6 	 # Alloc Shape
0 0 0 0 0 1
0 0 0 0 1 0
1 1 0 0 0 0
0 0 1 1 0 0

4 6 	 # U Shape
19.354148778624992 4.496604101186097 44.833579586460104 54.68186228664331 57.519695796353865 80.70974623251824
73.43402967030599 41.91276432731392 40.95470727333315 8.774389103592629 81.90756678488901 51.481601779313024
71.0774700570552 9.930372310848012 81.34672341062138 17.360670966657864 61.28616704280393 63.25213957780231
85.08483635164974 84.25898899385959 64.75852390817533 37.16847388176491 75.31660375830982 55.839580829326174
4 3 	 # V Shape
94.53659840726625 98.6880739883894 73.53036634238958
89.80774688536006 19.63854645987787 52.003949143906645
71.20647823881782 72.01959158839266 84.33121258779647
25.085257947180317 12.966210061326244 78.73707760144173
4 6 	 # Alloc Shape
0 0 1 1 0 0
1 0 0 0 0 0
0 0 0 0 1 1
0 1 0 0 0 0

4 6 	 # U Shape
33.97080667754573 69.6689481515761 19.031932245693383 4.029707072695143 18.173121810600858 48.60772393316304
59.79382552208653 26.361381270764916 44.934806673329874 17.077138837699657 30.569433310028916 37.09752210554475
53.77065264497766 93.32678865733456 9.335597545869579 91.07409885981228 61.98580928051351 36.55746865830037
55.75810535600196 33.442781374400276 46.74337173320426 4.845119744900172 55.52478538308817 1.0753691952424038
4 3 	 # V Shape
37.69048864164696 26.895176527625065 49.87420630979974
33.996326827701054 76.88302353643762 10.336284802275452
78.65157138966393 14.905609268060505 94.26666402673838
86.1858485282229 94.40228189547717 23.352970945286565
4 6 	 # Alloc Shape
0 1 0 0 0 0
1 0 0 0 0 0
0 0 0 0 1 1
0 0 1 1 0 0

4 6 	 # U Shape
6.2697683280646626 58.5361583336485 25.44570141721264 10.691740757144563 75.16114336517067 68.59840190590457
66.8663873288783 68.62562942772541 98.64991099311187 77.0834006215709 61.47786654077918 27.455143451904984
63.99052313279865 16.06264974226004 11.246832760701453 74.14789924762395 0.7518691542566347 30.586507326938207
18.16857592593264 14.329099723870808 78.23937890008871 85.46899876203337 54.27065649573801 68.05622567917179
4 3 	 # V Shape
75.18751279789063 81.45084596499798 99.7305153800388
23.7591166443201 2.4740592620210777 18.25074714463659
9.995479123310991 8.289306796298558 86.7478408999132
51.58479534037026 76.27285454073152 14.853381647502262
4 6 	 # Alloc Shape
0 0 0 0 1 1
0 1 0 0 0 0
1 0 0 0 0 0
0 0 1 1 0 0

4 6 	 # U Shape
19.848687446729617 18.27065999600438 19.629312655717378 17.775321263644607 17.60244460649405 83.13959874330345
14.980596778892952 18.461393727666533 24.63763402964624 69.99981448049871 51.0990611507543 78.98119188121674
6.67053244879241 78.569750095337 56.68339568934796 70.57434341387605 96.42600887506855 19.048148539794507
61.78708290184519 25.91420930087327 82.02607635609117 43.21929625253203 22.260684072646896 13.749378288544689
4 3 	 # V Shape
34.47165234353944 72.47725711149985 18.56056304379311
90.0714101111693 29.066458824881803 87.04605633422514
68.03095850178775 94.34230939182052 84.45239571504875
36.402896006579596 75.25717329613192 41.9329654488421
4 6 	 # Alloc Shape
0 0 0 0 0 1
1 1 0 0 0 0
0 0 0 0 1 0
0 0 1 1 0 0

4 6 	 # U Shape
85.39208722636529 7.96050273590212 52.59759057327356 32.80119977378594 13.476741169973906 98.91255680674116
21.47848164241187 82.49987638741891 33.59366523185194 46.89076921980596 6.196388084745097 51.635747661069544
38.805816919172585 31.327255517971775 86.07737226342762 74.10468457792466 91.97382337538656 47.3450594924582
15.467921156767783 25.569845596614236 65.1915173349097 78.901971240237 30.066683650276104 80.15768126332244
4 3 	 # V Shape
69.94678639184097 16.223016177889814 87.9846905642108
38.851891325148756 13.604251997397142 70.22769849668657
0.8348428059793078 39.83917942365761 59.13468425020286
82.57552894600762 65.83829424291713 48.19004270683455
4 6 	 # Alloc Shape
1 0 0 0 0 1
0 1 0 0 0 0
0 0 0 0 1 0
0 0 1 1 0 0

4 6 	 # U Shape
15.510059716482205 50.11645388741742 90.0162197974181 96.98483888974177 82.02849906909492 61.87114620116926
41.849557166032405 33.86183830611197 20.502483570919594 35.88826024998346 78.02309754154713 55.06213298369826
24.252279005244613 97.63763622640653 87.35882980018694 84.89755001346127 80.42550970170645 53.23467849562233
94.27176551402991 65.81407856849077 81.57379168702258 16.1958570941485 71.37957380688535 36.12395552138879
4 3 	 # V Shape
29.24571375338141 26.341824946223625 10.34709718031407
64.32570262543908 5.723164362959876 99.27183076334134
78.969825396999 80.46403556625404 95.02192351363826
94.8117557821573 26.473707143190662 52.53390490981864
4 6 	 # Alloc Shape
0 0 0 1 0 0
0 0 0 0 1 1
0 0 1 0 0 0
1 1 0 0 0 0

4 6 	 # U Shape
56.14292756764744 44.69000237892901 57.797919808743224 10.679966357991056 63.039957504793506 97.82342439802333
10.31685071812336 86.3814812116919 26.087043135450738 14.076318038621881 57.06386816749502 69.68084870029817
59.16401519799669 98.92325224616833 24.146362426734303 48.40665493390577 64.52090899142314 56.681430209697936
69.75311355456239 90.00923120469936 46.50467624351033 69.34010184595387 64.96343126868449 38.581047078642726
4 3 	 # V Shape
97.48133997815434 19.411103840648224 45.0550300714123
70.39554357650498 24.648462116765646 21.02629035339142
73.08565803030045 40.92527179630753 50.28626473194282
11.093167118111346 93.91457045446626 61.7842030597336
4 6 	 # Alloc Shape
0 0 0 0 0 1
0 0 0 0 1 0
1 1 0 0 0 0
0 0 1 1 0 0

4 6 	 # U Shape
0.5828185657268503 42.31030107681947 11.063660169118394 94.42580138183031 35.309952191808016 55.59615392440793
52.200220682964414 17.637108987496507 22.803455058758704 28.613204664591795 46.21037207211691 10.802246124043114
0.6544330665361198 4.2622489992168 23.595950567716717 68.69570653874254 16.97712238240824 59.03013586552448
36.873160221680756 39.66464878499013 79.18975995439412 73.70455469927545 42.95457057869076 35.69719445056464
4 3 	 # V Shape
12.141952313046156 73.36654860575908 83.96962953849246
7.754567464330508 95.2220448675267 9.570901016793876
4.47189530650447 50.14990027298411 73.53283475483438
97.77084262974259 48.4253178788979 63.00665427707002
4 6 	 # Alloc Shape
0 0 0 1 0 0
1 0 0 0 0 0
0 0 0 0 1 1
0 1 1 0 0 0

4 6 	 # U Shape
82.59191768630768 26.46290668664686 95.61831682270143 5.814688461813944 51.618780696218316 41.633816103451394
24.037631530685168 10.720510068640731 25.026231258992627 6.595301924179364 23.625191014674265 93.06147579900488
75.45100598719347 98.78686556930607 98.43021268455887 20.50809362239454 27.37832078170579 44.28176127193952
66.30440342145954 88.04022399708363 92.46234987314511 7.501407359245116 32.16974364195949 16.114139373314305
4 3 	 # V Shape
32.89442965110146 46.32964829724747 96.34944763793034
45.181065377709174 0.9576416348801131 41.8733416725131
41.305934482329285 30.609258730049017 41.300150539669126
29.938197592947922 98.99867672432114 35.00882477803815
4 6 	 # Alloc Shape
1 0 0 0 0 0
0 0 0 0 1 1
0 1 0 0 0 0
0 0 1 1 0 0

4 6 	 # U Shape
27.874941828200704 42.22500209170512 15.774866668375742 12.729252915281108 2.9413561554697987 37.59380265097799
14.707591406078746 67.10693751753776 77.70734764899944 34.89072206813661 68.83041227106517 94.264526616176
50.93323779060136 34.83682713605626 88.48345843699796 73.70660645619078 15.979678838941524 18.381103180381643
19.109476964529183 63.04389950475192 24.9222046779495 66.28661997329569 43.66221598888722 70.18932902564232
4 3 	 # V Shape
82.10686617864759 57.840513091185045 87.4028446668201
61.77160467965931 87.84604389039134 5.961400068685119
25.61324118935573 29.46317917603938 69.79927511772149
76.84814585088468 79.89344957383518 14.08834910996044
4 6 	 # Alloc Shape
1 1 0 0 0 0
0 0 0 0 1 1
0 0 1 0 0 0
0 0 0 1 0 0

4 6 	 # U Shape
2.8276412625101943 87.78406063289819 58.770478634335234 62.48439668063581 6.081545985149528 62.812183727215945
60.91648517112609 87.6694956291939 22.96016808875048 14.939772418105711 19.652304332851124 32.17500197775254
5.181413722963213 37.447335867668215 95.8013274502232 75.59069289571116 5.444218358875497 67.4831700504536
54.49913306746029 21.741962171714324 41.85546357454382 62.1497927422549 12.628100092595995 68.26604441900939
4 3 	 # V Shape
0.942505955309092 65.95430605933119 58.00234093802311
50.85257500610718 36.50262584059647 79.94936451681744
1.7509221661946128 69.37057408186115 26.288723264390732
15.842398849947736 27.590906776553158 88.63758649712656
4 6 	 # Alloc Shape
0 1 0 0 0 0
1 0 0 0 0 0
0 0 1 1 0 0
0 0 0 0 1 1

4 6 	 # U Shape
49.73418436113255 25.621382406229454 12.70362439754309 96.84270556185625 91.02685847386124 0.2567666541848146
14.217381981390687 18.466164344531457 34.42584089703554 99.19422897863414 42.00278423971999 19.944755195961438
55.813465862154686 79.21969502019141 40.566362941355706 69.58441485160223 48.93693621668045 32.242613144262066
57.23527981088924 60.70208995169575 75.94888492923782 41.693997689977145 31.582778358828058 17.077512040597455
4 3 	 # V Shape
8.073626784801014 19.081623978657124 22.907772702594244
41.57369402926408 62.607941552935976 94.68384636736296
5.7281308622215255 76.47756429023917 18.120045376429704
14.05041049598128 3.0737679584289412 21.356709058945476
4 6 	 # Alloc Shape
0 0 0 1 0 0
0 0 0 0 1 1
1 1 0 0 0 0
0 0 1 0 0 0

4 6 	 # U Shape
35.16041539939814 98.80537294099686 98.72758239283871 66.0044078292795 73.11447526937795 22.05052843546881
19.415410554794832 21.681031492422044 93.33363857496599 5.324154265119773 50.11566986561758 43.78031697010124
79.61125248189755 10.94988540389934 82.06308245168833 98.69325027180908 14.71193761584363 80.44995097717563
77.05324981037585 34.5390727167996 97.04316780100486 59.42320882672816 54.957829455883726 5.1748676040274555
4 3 	 # V Shape
47.409882586981645 94.01655923308196 57.879726658777784
14.189625155227926 77.6828590264316 95.71273610219937
62.10257367992729 30.11238402561044 87.71199419763491
21.282963067058414 48.54256658822077 28.47482060354193
4 6 	 # Alloc Shape
1 1 0 0 0 0
0 0 0 0 1 1
0 0 0 1 0 0
0 0 1 0 0 0

4 6 	 # U Shape
71.34208361687362 66.97646572512575 30.702083738488362 57.50391408308618 69.58218963910177 74.67005456384965
7.208182767065086 25.71379809699653 45.60702517405913 39.42216731346455 69.50476814968202 59.79591293887363
21.302923166453315 97.79606433152279 8.935033358347333 52.331971320590334 27.48905208039463 5.092776829602741
89.98756560725575 23.10265271531542 49.00063371672826 13.705146902678411 83.17270845766471 64.91801833051574
4 3 	 # V Shape
18.391810432693013 35.68219894667599 3.0768745992808433
45.049913811586904 9.376191710084248 30.290457163477026
4.956855178397412 53.18097678779148 33.97797641616819
93.37346175480819 70.64151027707571 41.4504579706654
4 6 	 # Alloc Shape
0 0 1 1 0 0
0 0 0 0 1 1
0 1 0 0 0 0
1 0 0 0 0 0

4 6 	 # U Shape
47.7573142202154 9.828840627262213 33.74290694496842 87.5007168128222 53.42040258546066 40.35088331995846
77.00173423811094 44.09398234099186 38.37888867101535 96.2104540163308 40.28424567754574 60.9439421605632
7.253978952997942 4.954586035995967 81.87409095472776 2.646995926855422 26.89598837548366 86.04238666102374
72.40322401789042 55.76025662455745 41.430585670399445 68.85456268610035 24.68764085120101 94.65458408872097
4 3 	 # V Shape
27.141412744109616 21.1909507738396 75.74562366568807
67.76071317558221 13.136479238927713 69.99612191237
5.404547327334996 5.139782647545488 48.9521893398317
44.59993540966708 36.27264012138443 23.944563028105883
4 6 	 # Alloc Shape
0 0 0 0 1 1
0 0 0 1 0 0
0 0 1 0 0 0
1 1 0 0 0 0

4 6 	 # U Shape
30.401686493140502 30.543186542642253 40.381892719937284 75.79295804747984 20.598688902806682 6.326779001414429
54.17557034672846 26.591349875758684 68.64387788638014 34.09826510239026 85.81125958341713 3.876748149187703
78.97979807172877 72.11229205585116 71.53601999711564 96.98930102310317 55.8409792065729 63.4084801924017
0.21282121485465266 9.94915881123064 74.20006813083727 12.753935127170458 63.04839135114214 23.21600399391275
4 3 	 # V Shape
50.275854646504456 31.917241968060452 54.23714697209733
77.45927095329611 47.434285886626725 8.327186392198715
28.170903399225256 99.43378972039324 3.695086174490836
40.03421610165131 46.970217179384896 88.76908599119258
4 6 	 # Alloc Shape
0 0 0 1 0 0
0 0 1 0 0 0
1 1 0 0 0 0
0 0 0 0 1 1

4 6 	 # U Shape
99.36005344546813 89.30252348553628 59.107517079303626 23.13932028823992 43.4908986188774 12.603606268883915
30.769892235050012 11.004262021534961 53.92679831927219 37.9258652645165 83.8334000924298 76.72664329253527
47.43647763844984 8.825829435545085 95.99034797702505 25.846484780967003 18.657199247995692 14.548710492677962
21.39364540716312 9.79732515027174 42.493958506071635 28.882567882707157 56.004268410695865 88.6745931994312
4 3 	 # V Shape
26.29604244150564 10.425906026763554 75.27504666677733
96.78428813726453 9.182640938866848 63.16964014131125
71.72676528499119 37.48157252298853 15.303664934771433
83.3185093259143 65.5184815331154 41.56299656061579
4 6 	 # Alloc Shape
1 1 0 0 0 0
0 0 0 0 1 0
0 0 1 1 0 0
0 0 0 0 0 1

4 6 	 # U Shape
98.25657930290866 56.11442801188292 40.8921572168621 5.761812112374587 59.40471436858162 31.282331932694785
59.31675652031948 24.559764044162304 57.08299710065589 69.54158918616157 46.906947580037986 48.1305179159506
25.0242174852332 98.46027561556532 68.33146766024552 56.932484854900686 79.3169465253986 94.62951446109977
89.8851574405441 23.147188813461106 24.761080851105145 38.07015643107333 12.109780181963803 38.69328099929879
4 3 	 # V Shape
5.707251972460991 43.58998085697321 60.17550162505583
56.74568850964806 97.32658173268277 10.25202698066302
97.40395720078881 25.597965079587038 31.297402593671244
43.124757035090596 89.5167237238645 8.2166682051784
4 6 	 # Alloc Shape
0 0 0 0 1 1
0 0 1 1 0 0
0 1 0 0 0 0
1 0 0 0 0 0

4 6 	 # U Shape
41.418057979082214 83.97758086336616 95.45171453908353 60.356296958813026 93.88705154627412 34.898989352371665
93.16425913076642 53.58506048741499 5.857022029199744 88.1397890794701 0.534618595500258 79.46757996579782
19.855396750748866 97.26129163144928 35.56240685085742 15.738374295677326 72.05277107912059 12.478461496131576
85.30266695890735 26.586257652268188 18.65778142201393 92.22498124349475 79.84939359155051 81.78295681474876
4 3 	 # V Shape
44.25945491246015 16.42035168826288 19.09899032727208
72.05167370153531 64.80991583542946 84.17874937338155
63.188565822119934 99.76636879994713 51.08913215879524
91.71293229798341 51.488584696521414 66.08993695870686
4 6 	 # Alloc Shape
0 0 1 0 0 0
1 0 0 1 0 0
0 1 0 0 0 0
0 0 0 0 1 1

4 6 	 # U Shape
94.4618874304309 30.878071598511635 33.014814046740696 61.26803521079862 3.275379802796663 66.39804034329198
29.570864869128165 80.47790763458188 72.75007017761824 93.80650944663587 57.500310561149824 29.719803531461466
55.45540784809289 69.24669167403769 42.543552057724455 68.14292565356665 98.07226694709983 72.25716111296279
15.589044247106909 64.38114276379268 91.68819560971991 2.9162170032022927 22.28728255295451 61.02241454919236
4 3 	 # V Shape
52.39252367985252 40.85723849251311 37.290140671913285
59.45981159347482 64.88682024024186 70.75579758194775
43.792427858615156 98.5242516833775 89.45053830832165
10.055876723674784 18.405407369632044 24.556208401352453
4 6 	 # Alloc Shape
1 1 0 0 0 0
0 0 0 1 0 0
0 0 0 0 1 1
0 0 1 0 0 0

4 6 	 # U Shape
71.97430804221358 67.77179950462097 19.78802496121347 67.60690671376405 46.89594007977913 43.653362245784955
65.86589432186261 44.22927500854846 40.16943135012544 9.691449838726774 63.26587337288478 29.40302563322058
66.06243146590975 54.22371115906537 4.651771863529309 36.282999988353495 68.353405500317 45.99191704322523
97.71692059427075 5.661748491135111 65.31301762699063 47.928203975838144 2.123899087515524 15.81948541791961
4 3 	 # V Shape
52.85836226022261 84.60134119134838 14.26775717218477
31.687605260807373 84.29190880339803 41.45938450215316
57.3544323059815 40.43912743247626 31.743355974121258
84.49794108969387 45.93541181620991 82.92971774692391
4 6 	 # Alloc Shape
0 1 0 0 0 0
0 0 1 1 0 0
0 0 0 0 1 1
1 0 0 0 0 0

4 6 	 # U Shape
21.680147018450224 60.721386039009964 26.91538996410988 96.06578960120949 46.362771777209765 69.09897191976457
75.25140039623147 97.9977371876264 33.24574461995595 35.540956030571024 31.233115438722137 51.69853285975482
85.62325399836006 81.51700336119868 37.78119008993257 21.091863783397212 63.280241650730076 91.51387472575864
66.36458687646741 69.40914904881991 53.41825222873749 26.181550232720607 39.159279643463684 68.65609029961874
4 3 	 # V Shape
61.350741295390144 60.65725807856275 39.086192556490154
96.65276434280284 43.57202305827956 93.14346152535913
91.16400630323595 48.631493841532766 55.62497719191663
53.67180001624923 80.81757488572134 14.592587366335474
4 6 	 # Alloc Shape
0 0 0 1 0 0
1 1 0 0 0 0
0 0 0 0 1 1
0 0 1 0 0 0

4 6 	 # U Shape
32.36436289855666 91.30091802752017 75.51511145145814 9.48828893625262 11.699724671255929 4.595647796389757
77.81243716961815 42.38303291672203 6.942128193955844 7.3356969248612565 85.60843006670206 68.0489261389017
86.75683688291736 70.20757697175706 75.77104647215543 18.111513735461514 67.93309000308173 17.26669308556409
14.527084933601465 1.3634457226827879 98.47348652037611 23.631401066217794 80.87240248107432 40.59916416539296
4 3 	 # V Shape
19.03117032808708 44.91578094883083 25.45638586366752
42.98686754546702 57.62247178415549 38.48237753703418
62.56124059593434 44.58074904192326 7.35786027945351
95.49481877413176 5.6153062269124305 19.99649940013757
4 6 	 # Alloc Shape
0 1 0 0 0 0
0 0 0 0 1 1
1 0 0 0 0 0
0 0 1 1 0 0

4 6 	 # U Shape
45.46524372320431 96.52280000925275 88.24400703738912 38.53032225815942 43.02356256960983 13.264513885301032
39.62011394048831 36.24746621753984 48.07352725976699 86.27987189455744 98.12202229073073 71.74131394765023
70.38250173294392 88.93761186554934 70.92931151826312 55.811039125812556 22.459496709609837 10.021561641472887
57.967282390059516 96.87604451331833 17.77532785762228 32.698483624099275 72.43159769408572 86.04173950592185
4 3 	 # V Shape
33.949906560520816 1.2527766056596668 70.6913591259718
89.36474513880556 35.735655906840805 13.249218539570496
45.721658335407675 19.17385294663375 34.58248585091287
36.78791144587306 6.477161643663365 84.6268475417843
4 6 	 # Alloc Shape
0 0 1 0 0 0
0 0 0 1 0 0
1 1 0 0 0 0
0 0 0 0 1 1

4 6 	 # U Shape
93.71880960408672 13.748639610227931 47.67799002751251 9.052399765337672 32.190377611610735 36.01228102639876
20.627162625426653 80.21031565606417 74.02471008074751 25.50567710311975 56.85494042662573 50.07742760074294
58.408138135873344 65.05846395894471 3.6198075786354145 44.26183327590707 80.97815083928708 97.04807447634609
49.29716242183804 62.697203067178165 0.8084277470370216 2.3911875626189683 49.85528775978623 31.528178520070604
4 3 	 # V Shape
93.7427499539908 66.09466666368388 54.76371404625821
45.930422489032516 89.66199991424627 67.06619793901874
86.03900609249547 85.8436163293651 68.42476128180543
83.79862952889837 60.82247278961541 82.71891209355093
4 6 	 # Alloc Shape
1 0 0 0 0 0
0 0 1 1 0 0
0 0 0 0 1 1
0 1 0 0 0 0

4 6 	 # U Shape
96.67644445486013 35.18012845319486 78.14002199626128 96.7387887915661 93.1072585899728 2.2276680117146785
75.0612082773502 47.01281165080995 54.08349959895437 2.6901020770572104 62.51901091533183 5.231801441366768
44.73255245698435 97.58253692803905 12.736730885795211 52.76980435672357 38.927364953330226 89.9331243430382
6.094625712130219 28.93447574127669 72.25072850365196 68.53823469696376 98.41356944127209 67.64566268159791
4 3 	 # V Shape
19.6106538870788 79.38083915039572 26.583724375830663
83.14596663721115 92.07021892252274 19.32985613273851
11.4738825847142 44.254454871414474 14.571049508058065
90.72873989573044 79.143346906864 38.33162219447173
4 6 	 # Alloc Shape
0 0 1 1 0 0
1 1 0 0 0 0
0 0 0 0 0 1
0 0 0 0 1 0

4 6 	 # U Shape
28.622159743688723 70.94487978719329 89.86988858736326 28.56463344833292 83.8911973567617 68.49609694250354
60.975674363892495 1.551410700110778 3.852421611542456 36.16894226733835 61.165469718802775 61.55611357678396
50.12144086243738 16.445424689590848 96.2136938498952 71.92751811969863 25.613411268976062 63.94092059949201
46.92584160653037 97.45512999095695 13.669478099578692 73.90302233673532 54.00584868815871 96.5357077324785
4 3 	 # V Shape
47.35091579824845 44.0715869135161 72.04664085214677
10.174718812225958 72.19447376664814 23.78476305950976
48.15776449811246 99.42349990463958 30.80163322357723
71.52841321296434 20.835178303471245 68.12542540934739
4 6 	 # Alloc Shape
0 0 0 0 1 1
1 0 0 0 0 0
0 0 1 1 0 0
0 1 0 0 0 0

4 6 	 # U Shape
26.87693308854765 56.734734439534975 56.14603191569183 44.344913217003366 75.83095407195908 6.985464419384968
87.83292381793339 17.69897591087406 40.71418037441692 57.11856837032134 79.8860926460362 67.59990810487906
22.764859142379734 37.14273170806713 69.67936486293061 97.04961201081662 71.15938246509681 7.616519511641573
58.279159944954415 95.45727000200618 99.95676117606985 76.82673444527993 99.16551847782613 27.123375985311483
4 3 	 # V Shape
26.072704002464807 36.449556228065624 21.807445752943977
75.37178088598758 57.94798109538842 80.41849706939257
96.28510069584205 18.789177801202793 29.926578819164497
11.482231944377686 83.32678145804519 7.453456881814901
4 6 	 # Alloc Shape
1 1 0 0 0 0
0 0 0 0 1 1
0 0 0 1 0 0
0 0 1 0 0 0

4 6 	 # U Shape
87.33236541630004 19.478319257353128 91.35979247530199 89.87728575504325 15.191132565684484 99.85780593318425
97.32714534976351 4.488537514810853 94.79302847738927 94.22626523504967 61.36087529062972 58.94388889142693
7.771112631369547 70.39954925666908 56.94705721597355 40.32401733073586 84.43898256782167 91.47122418751823
96.38549461027807 53.88222699523101 69.70414899618774 86.65109289237107 11.77269735343236 12.368475638878461
4 3 	 # V Shape
94.83909325593518 28.04575774593716 30.191114288403796
61.843562210405004 87.58381067020446 78.41208046871475
47.27024099915557 63.682311235448516 53.64237240276495
4.840210849561566 8.807345736580242 88.15196493665832
4 6 	 # Alloc Shape
0 0 0 0 0 1
0 0 1 1 0 0
0 1 0 0 1 0
1 0 0 0 0 0

4 6 	 # U Shape
71.42675901659594 65.94559957811893 49.2066195095479 36.56383265432527 58.96156750430725 98.73709585568456
27.832013519602704 67.84842482538916 97.41610174626886 18.506914727449942 67.20495987999382 16.333931326848926
27.842186955118077 45.35943224580652 18.315866257015166 64.81141207084575 22.026435218325812 16.79812849479756
11.733923804268597 96.61579809794301 66.6931456455498 70.85679581756112 33.015222406703174 48.27307678869971
4 3 	 # V Shape
19.99448267313714 73.2926405750106 27.193157013741953
74.62461575216996 57.320537561297925 43.7146178497932
73.84094133881288 56.39411442780199 90.92482698419967
27.21044359169277 40.349508800485545 33.551440185441685
4 6 	 # Alloc Shape
0 0 0 0 1 1
0 0 1 0 0 0
1 1 0 0 0 0
0 0 0 1 0 0

4 6 	 # U Shape
78.4187620583987 99.15732076520811 80.88746339110048 73.58698071282839 16.001944254284417 80.0153148729738
17.619719465162554 62.12267348013791 8.89663854431284 48.72377142782406 11.233461741416361 90.1165707677897
78.28976672006318 73.4930227481869 55.11993706694555 87.04840070805669 25.729025773539004 88.9709001172108
33.55565504081343 15.681102158231786 71.07677304382702 69.19377586019742 89.18918591653126 95.9670844893334
4 3 	 # V Shape
16.502051536882824 15.239182122969597 15.508691476214832
52.5787811964525 83.25272244504647 93.50757464036677
44.30302077858587 87.70405076237128 72.77662647690187
27.26289163859825 62.95288812782868 84.62768205713623
4 6 	 # Alloc Shape
1 1 0 0 0 0
0 0 0 0 0 1
0 0 1 1 0 0
0 0 0 0 1 0

4 6 	 # U Shape
97.98478147466254 14.97848614150552 42.30798771123821 73.46793147468154 59.08386958594387 45.36008030524887
12.501521118964188 1.142110988659506 51.651417605835256 48.02936590151504 82.16992361366717 89.4190124521838
85.96512454087014 3.6872041949334133 74.91331096162347 5.862926777927358 71.87863487262818 45.45726815424771
69.07729181359794 99.85454042668543 60.196684453800295 28.678064119439217 10.968951360973644 0.059793128772633874
4 3 	 # V Shape
69.77300378097144 1.9944952330443355 86.7395483410797
44.85317584636045 43.54601636794707 91.81287538885061
82.84016092189168 10.107296125738074 97.05613104322191
62.36659843114847 41.584666875438046 79.2241302089571
4 6 	 # Alloc Shape
1 0 0 1 0 0
0 0 0 0 1 1
0 0 1 0 0 0
0 1 0 0 0 0

4 6 	 # U Shape
4.587505032016681 86.22597959212062 15.951993713380553 50.03380564282705 29.429374532095885 63.8502434597835
50.557740079405 70.05097497051749 58.08086167032355 66.3501462726866 80.62410308397706 69.0380375135179
42.314149235718915 48.981633244743186 21.337455803032846 29.414853512771234 65.02873246592678 38.72241209843753
84.17071273683506 50.08269570713226 44.85511906059725 51.950625901331314 21.251433489594064 9.506030249466747
4 3 	 # V Shape
27.467244618439267 18.400063300664993 89.91404068355912
38.9353763183414 47.084494564151036 65.33708409471637
43.70616950476632 4.952604177793541 58.70223000909819
35.80634429852324 84.6822099093283 48.35918168328826
4 6 	 # Alloc Shape
0 1 0 0 0 0
0 0 1 1 0 0
0 0 0 0 1 1
1 0 0 0 0 0

4 6 	 # U Shape
26.85433125059037 21.675756840622807 58.5740997337724 86.46988098608631 68.39559643831133 95.51077265868682
34.70906601644016 72.53288467665665 12.81614834968341 92.96882028071727 65.6001585033805 37.404364524644706
40.64658641625682 46.068427137125866 21.029346859321983 88.86057450390493 45.54333099100752 96.14514913918107
14.037226711010675 91.45282242623843 85.94754281082233 7.206394350269685 29.138649717394628 98.66082808363458
4 3 	 # V Shape
67.20033561620934 42.68850939336253 62.44670016803053
79.62279352067914 13.312006771981855 81.10867240756315
71.94249957903757 36.339140614964464 95.1804014071314
72.36998285434416 40.36757780573843 5.825965391605203
4 6 	 # Alloc Shape
0 0 0 1 0 0
1 1 0 0 0 0
0 0 0 0 1 1
0 0 1 0 0 0

4 6 	 # U Shape
45.67723101331872 35.86398630545392 18.30329400257017 30.061070672430667 96.72550844815356 82.93636737314695
10.104300511611319 95.03055234441237 13.971982691159369 93.43527855541718 83.27784508759781 61.030128172418394
61.69487843884013 70.9179946647829 98.3627159534881 30.912305278253736 6.07877991870226 91.85175539894031
49.42290185450332 26.192068991351903 33.74179253830513 75.89795041935207 3.4521176895624284 19.413482267473682
4 3 	 # V Shape
29.008633530889472 69.4483033665877 57.06039255245343
24.140986158429246 39.00558543149351 67.28305018416324
25.213195707594792 48.768806527322596 34.15923894707961
3.6010915492352247 62.876054312892805 91.0205514357622
4 6 	 # Alloc Shape
0 0 0 0 1 1
0 1 0 0 0 0
0 0 1 0 0 0
1 0 0 1 0 0

4 6 	 # U Shape
36.265893157880335 49.562001492565265 16.03782858192201 28.440832113318713 75.84216021651791 37.96725688974848
55.49486329528948 53.34454958180698 82.16076526971108 91.31795764362842 27.831148829965425 8.352831451242238
60.52805424835188 6.220819387494525 17.107622777991473 73.98538186796524 49.65396512023904 65.54054124358888
20.346174070446953 57.85906098466763 80.11969218657775 93.57613236845373 82.20104755840192 81.73229873278109
4 3 	 # V Shape
72.70022882271854 38.33272616050388 22.140089165721434
48.054265876860214 52.21236407606567 19.243188715537418
45.414565821468734 98.87806363755625 69.00582163666019
73.06120071387842 38.90125233469514 70.45986853398796
4 6 	 # Alloc Shape
1 1 0 0 0 0
0 0 1 0 0 0
0 0 0 1 0 0
0 0 0 0 1 1

4 6 	 # U Shape
23.778450835316033 34.86572932737917 11.757989089161224 78.3391090442435 2.1434321653417854 54.534627140264504
4.9876192026963135 49.4625026754117 15.361884154587013 85.23031560536178 20.113797415726808 57.97326252398369
53.94411400912828 38.15171546869989 11.404784451785787 45.89160287274298 19.046581722201328 16.201365424984804
40.13449451318469 84.76781668383407 75.54032510946355 62.391749297449 20.803964341425097 47.6750161683809
4 3 	 # V Shape
72.47729644431918 35.91313419513792 34.575699577227034
83.31177164494838 65.52958091541666 2.675434618835304
5.132892339623895 98.8348025565609 30.61901539234987
84.14015980563303 84.05193281230477 88.25854637336327
4 6 	 # Alloc Shape
0 0 0 0 1 1
0 0 1 1 0 0
1 0 0 0 0 0
0 1 0 0 0 0

4 6 	 # U Shape
46.39648930035282 6.195020598483037 25.042827293188108 5.91328981121576 57.941075394367026 84.84275423623569
62.18723125147988 0.1789052308059369 34.05642001837251 54.790321086961946 64.84514023413999 29.88553272321578
43.33490423215355 50.32154430853559 50.370677432364396 75.37357314270253 74.29093967909576 40.92182854879724
32.84413529838347 73.23295012090416 65.06613586208262 35.81896351707374 76.91159727076567 71.26465493860904
4 3 	 # V Shape
98.40295842269786 98.83432829161607 5.964959665634783
52.08333497004476 37.22072199302313 26.273528349857745
68.89197531432403 65.09657743807782 13.029310459648102
45.80174353150206 57.47955876265367 45.89135570155399
4 6 	 # Alloc Shape
0 0 0 0 0 1
0 0 0 0 1 0
0 0 1 1 0 0
1 1 0 0 0 0

4 6 	 # U Shape
3.77205699864831 20.908877978226037 30.00184706885729 80.53075830348772 51.2398975024764 20.064760769694377
55.231477757923464 10.663408456906865 94.50205043432295 4.405705232979484 63.12261669471285 99.40485418038712
49.829923782807896 69.16334909071679 67.19511402510119 50.576014256675414 57.60427846662218 86.04691536537354
77.47231630249324 78.26057339754695 0.770946812052109 63.53108974492139 49.86978770872202 36.547647422583495
4 3 	 # V Shape
70.35851776958644 42.262174758269296 91.7585329023138
57.2383063357567 75.27103354000258 62.5424234703439
27.2817438170051 49.73255125957604 56.83104569266827
56.314108577536146 43.21900160414056 6.926992754846428
4 6 	 # Alloc Shape
0 0 0 1 0 0
0 0 1 0 0 0
0 0 0 0 1 1
1 1 0 0 0 0

4 6 	 # U Shape
33.80843880301227 41.58553146448525 61.89498846767116 48.529764189246386 86.03601133721779 46.38223094595622
16.00038432296138 10.298705289391108 58.74421659788078 27.160641190610445 7.513537926344915 43.36662568723045
85.77699763823946 90.49034238757703 5.585811142109598 89.80121791268981 71.42498460452327 22.23420267221954
80.6365886203285 52.04708169314319 17.745582375613466 71.50791024523774 11.877408719845938 46.42196488493088
4 3 	 # V Shape
18.47731158990782 89.77886713963093 37.95853191166668
73.0143912559507 93.20542869120474 38.41936197702325
87.63523533856171 69.97583791754234 5.262035095994822
10.740483096068953 98.34752571134906 70.93239172010634
4 6 	 # Alloc Shape
0 0 0 0 1 1
0 0 1 1 0 0
0 1 0 0 0 0
1 0 0 0 0 0

4 6 	 # U Shape
18.074472782552352 59.49989532593635 58.69676059553669 94.18583655795628 84.62749993281439 30.953675349549115
51.36757039442147 91.41384696965828 31.890596553815254 37.122908861865845 28.982144053784697 41.90161018416075
74.83482000262195 26.727952063711204 69.59775723716575 99.75087836676141 55.20178130819748 8.968931671111335
90.67418578775094 36.55616223716155 10.371006548976137 39.65441287475273 93.45359868601854 9.748496067223133
4 3 	 # V Shape
36.85250707234798 29.10193408417815 63.81783968120819
20.951088959761055 55.81415395122852 96.7372313149411
27.900167224722694 7.147638111472931 3.4916760387238788
33.88144906303818 64.08519532852662 20.05758022480576
4 6 	 # Alloc Shape
0 0 0 0 1 1
0 1 0 0 0 0
0 0 1 1 0 0
1 0 0 0 0 0

4 6 	 # U Shape
94.23206665774667 97.14197321755698 51.86425428615219 86.66153688790942 10.652994705534823 60.22132366182671
68.2180823332488 20.778987276438563 34.428218308835 55.94246214962637 33.87968789808286 94.06457822119762
78.31630797124106 34.912865345532765 44.1808916220688 77.82562576380575 41.95974595529259 41.5742421315967
13.752069046672455 0.3800071588079046 86.44532411194483 23.032463047244477 97.28872806421283 64.19544098947803
4 3 	 # V Shape
29.960102411838953 92.98692995447664 31.5044192049315
25.528894301107428 20.727605475270426 26.917341295815646
51.629649170954714 53.99434938594669 54.82880712920013
16.3203958394173 80.0430267809957 77.0700694140936
4 6 	 # Alloc Shape
1 1 0 0 0 0
0 0 0 0 0 1
0 0 1 1 0 0
0 0 0 0 1 0

4 6 	 # U Shape
65.309403716706 10.999958982403712 73.17611957417104 68.41541681774395 81.9859350281553 64.78833287844553
20.924184489883423 19.154507584791205 98.8315769947899 79.62756118932425 11.531011335930842 52.56012042224295
98.84269472716849 15.998258730620108 57.62164724349218 39.89622947222469 42.17634744889083 46.51728534455841
43.865167580247736 1.860576219447141 13.166341697181494 28.801586901332644 41.562928206574824 2.615187249315476
4 3 	 # V Shape
52.75459899878206 97.45120629760022 23.079746557396994
92.13717446054119 80.14250000285989 12.50894287763834
15.601294026915236 33.21606683739827 86.41379453653275
14.499135657529838 18.498706489716575 59.87777397069935
4 6 	 # Alloc Shape
0 0 0 1 0 0
0 0 1 0 0 0
1 1 0 0 0 0
0 0 0 0 1 1

4 6 	 # U Shape
45.57976040519964 19.019218790159908 61.249056090658485 50.62376740688321 19.75184752676101 77.72124873675298
31.845982906285965 19.90269173101835 99.33759285393026 7.339469648139874 78.82834349719253 62.9075629490375
57.36408936214564 14.095720240091536 78.12087387417202 21.942507965134826 9.292155419630932 59.237913223723304
16.1140922896394 55.29033238623836 3.7386446046782984 56.429822501415316 27.572337505116952 51.47092450002828
4 3 	 # V Shape
32.83783009371688 69.95108392809311 99.33240983086414
52.56112103191298 68.76643618756125 19.70237052593
42.76267252287362 68.13687966448813 39.4582050700122
2.3347512856178865 47.64859413961746 46.82520735931486
4 6 	 # Alloc Shape
0 0 0 0 1 1
0 0 1 0 0 0
1 1 0 0 0 0
0 0 0 1 0 0

4 6 	 # U Shape
15.108132749503378 93.85982225023977 84.99103012644736 44.27031837967095 13.729657003458096 49.043007495542554
72.7087162342199 22.520748785835142 25.9246170261229 94.00764208898225 63.25404637092341 59.060694725554356
40.77612921300413 86.38717601681233 83.69969719513678 26.891355867063325 30.63545050136305 48.18494804733739
29.53310506447998 1.3164393473153124 66.08526187099622 88.42652621941187 98.04185995947677 33.68458191108299
4 3 	 # V Shape
67.98446908974222 90.65291951429958 64.85844570587842
27.01567829220042 18.261317307263457 37.05560792040521
23.84316539817798 3.04888383759061 39.73954131352421
81.56904065881292 85.13603081049432 42.03103738762821
4 6 	 # Alloc Shape
0 0 1 1 0 0
1 0 0 0 0 1
0 1 0 0 0 0
0 0 0 0 1 0

4 6 	 # U Shape
86.1000697917148 17.339034914954087 1.0659324790824543 53.732102651936245 79.88890347269935 49.124893625037735
23.497673339205583 79.53897307854922 17.541779472625198 17.919374059841097 31.512046598542508 24.783762201770408
17.17899398740187 59.21849405957633 99.95181966975515 21.655036165092735 5.080374693824474 13.180787330018862
48.2853133128201 46.92443199167554 26.5234496584014 14.296811748629212 92.40122504124481 77.88742212115606
4 3 	 # V Shape
59.205693998232235 93.45370371212091 17.555126864733218
84.22723721111892 18.108717047337475 65.92407604669086
3.0468633506757214 3.2091069444399545 45.040433441052365
54.19702442024351 27.535779339830924 40.40182590744092
4 6 	 # Alloc Shape
1 0 0 1 0 0
0 1 0 0 0 0
0 0 1 0 0 0
0 0 0 0 1 1

4 6 	 # U Shape
14.975036299097756 24.373380920592925 38.37188591312584 99.10449142755373 17.895295316128944 34.9470066604615
32.293434123434295 15.509345471901403 76.60413370676811 3.6489465562597023 69.66023454562588 60.148105220267176
29.62895204657956 6.68142399040007 94.03168890233967 15.593152378035391 8.275901075495407 83.14968778763523
2.1949305120282148 79.33313354636805 36.72902935275324 21.121528624527276 9.25155765841421 94.75821904783315
4 3 	 # V Shape
97.66917407993982 46.015278209490006 40.85760021035681
7.492065649570623 80.8269723547434 52.53483960439189
33.44943145238264 97.76711120788659 82.15983893296321
7.280222326494179 99.74282900605289 55.2649775067096
4 6 	 # Alloc Shape
1 1 0 0 0 0
0 0 0 0 1 0
0 0 1 1 0 0
0 0 0 0 0 1

4 6 	 # U Shape
79.14391229210027 60.027207669641044 55.93095785246025 14.31086967005445 89.3243035084294 37.78757843414582
83.97014696677257 14.054234472424598 59.2655608445022 71.0266195631455 62.76854439478443 38.426822324674056
65.08149393127347 44.257713781751015 67.27735264432127 63.99144076151369 56.17340499668918 42.29804178583333
10.076938401920167 50.04616451819165 28.941543318575903 41.676691648531325 56.47885465918209 29.21736987188106
4 3 	 # V Shape
13.517895007970415 80.51639331081681 96.13848108262314
8.003969620048125 93.52805675332773 24.413288563397916
43.644104711553226 80.91095805869277 71.4913378178846
47.11672317642302 97.91925277336846 91.30069501182876
4 6 	 # Alloc Shape
0 0 0 0 1 1
1 0 0 0 0 0
0 0 1 1 0 0
0 1 0 0 0 0

4 6 	 # U Shape
71.78524041382816 40.72734096180861 60.07177368378315 98.11027063443247 11.78765685255243 61.31918726442818
86.79864881939213 39.77678893327994 0.3844570084710286 8.702714256364175 98.82679480461587 80.81336840280187
60.091624692001474 77.99446445873622 68.98916319877566 60.786732630099 8.609175473981823 91.76931240859739
17.180551243136645 27.086159199147065 24.52706434388483 18.05038754389374 2.614459050099005 67.60721485009526
4 3 	 # V Shape
50.111932821089475 63.2761468164842 9.486108124693416
11.871074294287032 35.17727821230765 15.684136785732495
42.683663964851235 68.40806104665606 36.098833772537766
97.39931023909418 85.60428064045075 25.648511037657883
4 6 	 # Alloc Shape
0 0 1 1 0 0
0 0 0 0 1 0
0 0 0 0 0 1
1 1 0 0 0 0

4 6 	 # U Shape
15.236604335055148 74.62988887495945 57.859734646749516 88.35055518511957 15.265398948850395 93.89493537788313
79.49857715574124 57.292887067427635 78.77092776792516 21.14302268346734 83.14004202759429 52.75466995852584
35.75759764815697 21.438274380935585 92.87068050590959 72.90704464031512 59.94790528894388 81.4558998496055
13.118614818930208 41.17542424205516 96.86787977810857 79.51629826032655 19.032219057890952 38.71757081642654
4 3 	 # V Shape
19.288987732023166 89.28170823888173 17.25598999889356
14.752495380096132 35.545122306895 11.966387455879602
94.53416855003209 25.813709803896458 2.734627786776145
39.572297327738184 33.00969886047241 60.34502544216658
4 6 	 # Alloc Shape
0 0 0 0 0 1
0 0 0 0 1 0
1 1 0 0 0 0
0 0 1 1 0 0

4 6 	 # U Shape
22.87187269262969 39.93567710969075 47.73896774707559 26.283765082726052 54.40800463734846 44.37628453688212
45.74836619338151 48.128127221252115 55.39775282579361 25.8287803223622 60.3903710211501 52.18680990117317
60.49673625608363 30.450377987254072 98.12774325654591 61.57564157534401 0.7969458375310046 70.83607641321422
82.37933315585857 3.85494058320347 51.95917253389434 50.183739738063494 47.97000763197264 44.15002415019607
4 3 	 # V Shape
71.14443555899328 38.8313743492677 28.57113067725211
96.59387793850152 80.58364249146524 6.9130309998436505
87.25995447730449 2.002818740954304 39.938453723254156
43.610164164239904 14.360343315384227 6.65842094943685
4 6 	 # Alloc Shape
0 0 0 0 1 1
1 1 0 0 0 0
0 0 1 0 0 0
0 0 0 1 0 0

4 6 	 # U Shape
9.546852926543758 67.81075651705308 78.06727129373525 52.34205518334413 46.61512054085454 47.0648740393938
14.762883456844843 73.4138181354212 86.252480780994 21.374000491301327 79.24049637167168 3.841886993393262
23.721636039425064 94.38903446114826 13.136089520530748 32.70294537246586 2.3127454723614993 5.72722285933589
46.3029537443319 61.132933387845135 44.11470716568975 6.822048770429157 76.53527185111956 3.588178481387394
4 3 	 # V Shape
12.364813559722199 37.904020042680095 67.74316549411957
76.17234182892857 16.103892417405575 58.72344925496063
68.91852335119711 97.82865623662869 6.914541263772622
36.06443519260319 42.77817541747784 27.943259297518185
4 6 	 # Alloc Shape
0 0 0 1 0 1
0 0 1 0 0 0
1 1 0 0 0 0
0 0 0 0 1 0

4 6 	 # U Shape
9.05184757959393 23.490501105666052 68.72459951453789 91.48336258334668 78.06258538354268 98.90170256559001
63.62752839109116 97.24417034017368 90.10465364566925 2.949495246859468 49.66210724324572 10.647415965359485
18.331075243310746 1.6615691656318154 34.40621195651287 71.92929251387473 73.94870411545654 89.65848362104022
75.01087551998607 53.08428404083515 1.8550921479461913 96.50620422568281 88.51294418372197 58.60756304367724
4 3 	 # V Shape
97.19688645076138 91.19784655182058 1.058174545146695
68.92567239029174 80.68732721194209 98.93493280342682
41.21988496597348 65.74247635920449 59.17113936044035
93.4231251327747 40.28642431509856 11.532131030221693
4 6 	 # Alloc Shape
0 0 1 1 0 0
1 1 0 0 0 0
0 0 0 0 0 1
0 0 0 0 1 0

4 6 	 # U Shape
3.6375462427686966 74.86183210998826 42.33615655818893 65.15287667314922 37.93616507826425 84.42673271866042
77.15528122546046 11.32176374237217 42.36523780550748 39.873007370922394 35.934257645645516 86.9839500001229
46.59816376834329 80.46601235080482 90.17719277551343 14.24996844418055 40.507440222958515 99.79882167781956
94.72646117543782 47.71567241470408 44.94324402317661 35.47779674578777 87.74809780312314 41.408823196995336
4 3 	 # V Shape
21.32644334973349 24.127381629637 88.0308463439741
39.20170918148095 51.057470584379395 99.56718253297598
8.83356068028468 11.188788363245116 70.93138861490203
55.61027336040273 71.8512669451177 17.576235245236106
4 6 	 # Alloc Shape
0 1 0 1 0 0
0 0 0 0 1 1
0 0 1 0 0 0
1 0 0 0 0 0

4 6 	 # U Shape
9.458921673945975 17.098567442328804 4.09388725795149 86.43593615443913 72.81497413952386 43.83468363234279
10.490090533417018 78.43482612869327 24.2391879212692 95.40593407294288 28.39288859715007 84.40378401777147
47.37907712349926 22.07480703162875 22.89682755614255 59.696697689772 26.08264317197777 42.56250844623574
48.94769397286043 37.39686174122466 28.981733735238613 0.5443140616191555 70.04083759080744 30.838232636167362
4 3 	 # V Shape
17.84231762203038 49.80085082675819 49.51395931713769
32.58486599540754 91.20573377406207 54.19969843497847
51.89797762676466 44.134644118187914 18.674582434895203
64.70829155434046 42.71712144659401 68.4331203482915
4 6 	 # Alloc Shape
0 0 0 0 1 0
0 0 0 0 0 1
0 0 1 1 0 0
1 1 0 0 0 0

4 6 	 # U Shape
64.2512714214632 65.80713057090789 99.15785589880488 20.382738204093155 28.458223685163418 97.68059898117
81.40937004802535 74.48249044336498 97.86229071784761 57.015293787025534 80.2034234685304 54.829193760097915
99.76566153810691 40.33074630689156 69.01710056934337 58.46533442368761 58.70761673422634 3.0081717027794164
97.23601169905972 87.09373879657997 28.653046573838626 83.53783327259582 90.23101951719433 7.36140406037239
4 3 	 # V Shape
42.57455352252353 62.33920357446926 94.29518466110302
88.24836203188175 0.3653337498589426 12.617754377000123
11.760625261043945 78.00374148570725 20.681917362520853
19.51690632999573 17.43452075753693 39.43996453029421
4 6 	 # Alloc Shape
0 0 0 0 0 1
1 1 0 0 0 0
0 0 1 1 0 0
0 0 0 0 1 0

4 6 	 # U Shape
85.59150136302421 51.86719049210191 67.04821567398666 62.500044504753504 8.037206450009249 20.470155168882144
5.001001494666446 75.31842226877012 60.945957104066494 43.46281519063343 99.11724383790668 89.051348381664
25.115949700581275 99.94781526960419 56.59741054179469 9.719006262458329 3.6161294022545087 4.810902712451548
17.22502294487478 70.7595863217686 43.86012688347585 98.78816410266195 44.166782080030245 82.24498296422095
4 3 	 # V Shape
0.047415198785161206 77.35357078150308 50.52310051055874
19.749551490347407 83.45681144321009 71.91554370373049
90.43410549344264 4.322202686238796 7.250448355312522
38.91317813044218 56.308447928354255 57.95337286396425
4 6 	 # Alloc Shape
1 0 0 0 0 0
0 0 0 0 1 1
0 1 0 0 0 0
0 0 1 1 0 0

4 6 	 # U Shape
48.61232838524542 46.8941442908162 84.494298649056 83.46971454059285 5.660897980051893 8.808559204084043
11.800218246870752 9.468961103842744 34.452795482571034 16.933927496713984 70.59326619257237 83.03647266189532
83.29590846441613 43.01109525362894 92.84527786421886 23.50940582732981 33.09787695891707 33.70302000461173
3.8057005752753392 10.342716576764477 76.72210156176448 77.78328125923032 50.796307104309946 37.34411237175487
4 3 	 # V Shape
12.907069651780013 53.91853037459451 4.546424833368102
63.144330189878815 49.696811095451544 6.357930193415329
65.81993783348325 13.310706027815245 43.5109935287401
79.1205649603879 42.127586298845735 45.25754539287775
4 6 	 # Alloc Shape
0 0 1 0 0 0
0 0 0 0 1 1
1 1 0 0 0 0
0 0 0 1 0 0

4 6 	 # U Shape
20.599364877560056 74.9547555520163 64.41182239140176 38.29962942307574 57.185272120868234 9.660622471711399
97.79999926723062 17.761853785588734 6.588294142832085 17.989877019541634 72.60024466220094 24.478168217718743
67.94156038211374 24.217218685199803 26.768116884065318 12.761814477492106 31.627336639589366 69.51470114410279
22.960128469472906 29.93785541941155 60.616138996090854 81.78556399305444 17.641259896253292 56.70991403574037
4 3 	 # V Shape
52.26240310181193 14.713271338436185 88.96422140510936
50.55000022957506 70.55202086741983 90.84550492384965
41.515304396843 25.297921010189285 66.10207530694194
71.09975477108095 58.976947072075156 8.801165067301264
4 6 	 # Alloc Shape
0 1 0 0 0 0
1 0 0 0 0 0
0 0 0 0 1 1
0 0 1 1 0 0

4 6 	 # U Shape
21.13286117768477 82.76815540001239 97.35277314073541 75.22282033128973 72.95716641190694 82.67307079260118
27.498722824085696 84.6034811354414 76.53025090113282 6.1369190804087985 64.81208583389375 59.266230000956334
31.221151793662905 94.73826019984004 92.20901851171212 75.01581413903517 81.7245197118852 54.39847945798729
29.526650116234855 65.19896568903935 89.43266758350666 67.75955120883013 91.30113953169533 92.40611453607947
4 3 	 # V Shape
0.5967304661762207 83.19418972617166 89.7798868014582
14.612840512589354 78.4088491437117 66.40286539529814
94.41546065342406 27.167926798398245 32.059150422934515
23.93395994766061 16.755689309208233 71.89156610164044
4 6 	 # Alloc Shape
0 0 1 1 0 0
0 0 0 0 1 0
1 1 0 0 0 0
0 0 0 0 0 1

4 6 	 # U Shape
55.24736905436257 88.92909305784192 90.43137523060022 94.64738795184758 52.5526562626218 40.27559250266034
51.74564316402181 86.39060021919212 66.37939306539535 55.264425635550374 97.36217962602869 92.85181658607623
92.17316861124195 38.06787067315334 96.28688366295242 71.87662525574345 21.750639361632416 48.06054574466766
9.164706043382465 11.355492309247161 95.48334322461626 97.56836131190705 22.021411689073535 45.242109236240005
4 3 	 # V Shape
58.59955457654128 87.1426477836439 71.9904339349345
84.84937384206037 96.11292210656104 56.32745671246469
11.30230829392913 29.310597409058914 4.14012695362127
87.41511926440157 26.882272054019808 68.76970093594873
4 6 	 # Alloc Shape
1 1 0 0 0 0
0 0 0 0 1 1
0 0 1 0 0 0
0 0 0 1 0 0

4 6 	 # U Shape
46.81791716081891 33.31024415285816 62.30502101195261 29.588237907051017 31.478638768068677 95.79770938728566
73.03725267309935 35.35648954250492 52.718347611538505 58.4006547986338 55.690342556442694 84.29368663314041
88.96519366363616 1.1532780904804252 23.21732893586398 9.758086938701894 47.45794010294111 21.767403583705757
80.1904208257983 42.89332656145754 51.11573646882979 4.585289921342717 76.699866554314 80.70392652372321
4 3 	 # V Shape
42.395709247717626 42.165441340008115 93.93697759905058
57.97551162374949 28.225186579025284 37.01046571103408
33.854776210391556 79.34713628011284 69.66651013634164
55.771627042695215 74.1667229532396 89.90072858370195
4 6 	 # Alloc Shape
0 0 0 0 0 1
0 0 1 1 0 0
1 0 0 0 0 0
0 1 0 0 1 0

4 6 	 # U Shape
16.3003812277129 12.929155952680293 47.714827106897204 91.81117364280816 73.12419466558256 17.21236606759968
9.967751827358217 2.1040282791809917 76.36598106938031 31.490221079234725 5.514019191197638 45.45798091084149
74.08254633594765 89.87385573496354 55.790057343960854 28.464603205955164 15.002555930176765 31.610148558211627
46.15063073153396 24.204053019819472 66.93103567428096 85.73286984591155 5.69679440609534 8.465485759293834
4 3 	 # V Shape
93.4991249629833 67.83394101713507 96.74317800585162
99.67735932140195 70.64991975352274 77.9544692701421
47.677000032518066 40.771498078834355 37.63158219044457
1.1890043705531816 68.67243170896575 7.803558929301079
4 6 	 # Alloc Shape
0 0 0 0 1 1
0 0 1 0 0 0
1 1 0 0 0 0
0 0 0 1 0 0

4 6 	 # U Shape
78.93834556085775 30.3994136475644 92.3133142293753 65.5191706447216 98.24875460296391 47.7754758728279
51.98635319222217 76.85131112905239 76.01060612258014 35.59173333134791 2.5941820327853415 80.36985675635566
61.2851896160472 11.285662864896484 72.83387549670903 82.4936658077792 27.931684027546932 91.19484484288782
16.16276815965908 83.71991571658236 93.86401543197223 94.89273692429072 84.95969504797488 40.25938135305914
4 3 	 # V Shape
69.67015581244033 35.68103803841656 88.67748961865524
17.354409326910304 72.8098032733302 51.75589717987915
40.71816691824108 39.059836726356664 95.8119430786849
40.892804241062485 87.63254588496183 87.93326441574872
4 6 	 # Alloc Shape
0 0 0 0 1 0
1 1 0 0 0 0
0 0 0 0 0 1
0 0 1 1 0 0

4 6 	 # U Shape
7.554920712161772 2.7675412957021917 76.30965560674792 55.46179325345837 15.612340723225692 58.14705746252721
56.748807782662944 49.65506668320584 6.100752998040138 64.96940893804025 80.35497438744254 65.3065450787256
39.4309985870396 98.1053061796579 82.63028512770431 25.298888314749203 43.88974440608987 18.07658182355866
23.20799988758 11.974119355002832 39.21686205081627 59.21424231379454 39.098178208318004 77.29546923508714
4 3 	 # V Shape
59.49003685451969 64.91394619713115 45.45586707037948
67.13002613359556 35.202459504081 31.57792997836555
82.21592658380422 30.50587040140218 61.71183289643949
45.15105625521099 89.94633657507151 77.78152849322049
4 6 	 # Alloc Shape
0 0 1 1 0 0
0 0 0 0 1 0
1 1 0 0 0 0
0 0 0 0 0 1

4 6 	 # U Shape
57.1598906369543 4.865962060046503 90.66231344207318 64.96105861868587 33.33845105069535 64.8471829470562
43.03997922405558 21.45854993457523 20.356267847422227 11.441816052186372 79.77295341798452 15.386812593762889
55.248328589607986 79.75076587428156 16.82180065315625 94.12560529617629 96.5584044470566 7.562800156577875
68.0108767955072 45.72012086373329 1.8751223586103039 40.16619247857112 30.42160712839087 60.70390298839353
4 3 	 # V Shape
58.71641983572522 58.91477642442566 27.448001745380367
80.78757497583075 81.75927745271782 6.199543988154399
69.29399285756219 17.571065205805436 5.34784392547496
89.84346577101874 39.369496743217255 29.718841860906565
4 6 	 # Alloc Shape
0 0 1 0 0 1
0 0 0 0 1 0
0 0 0 1 0 0
1 1 0 0 0 0

4 6 	 # U Shape
59.41499627380372 50.58992047640126 93.59522094498935 97.12296375813051 11.851972903086516 96.56707038140026
44.06378826013233 70.9360019229386 52.2093135958816 96.84385569693265 12.434524631890199 53.19284696285739
71.22519327949178 45.365763482857865 33.75895780675858 65.13699513509171 50.702217503834426 84.01788976315856
96.40534383538211 3.7414397178574643 75.98322164803358 94.2234907348553 44.80117892250818 99.141784347753
4 3 	 # V Shape
52.59303192051701 31.54817210548021 76.81895908459676
81.89537998726219 58.374851553316546 35.92883511016485
51.31132052165217 9.241874861100928 9.331616784706986
19.541908299673317 27.92558222431588 20.625319237486895
4 6 	 # Alloc Shape
0 0 1 0 0 0
0 0 0 1 0 0
1 1 0 0 0 0
0 0 0 0 1 1

