4 6 	 # U Shape
84.96299313627624 97.90124866047435 32.334532474959175 55.471060973535934 59.432269648318815 28.861259007158225
63.55478338727634 20.355201279349767 28.535910592694613 62.21417203443822 39.238301409176756 55.50533734236331
90.5729937198702 52.09891184416453 93.87479932162756 73.71548503445185 26.471792123805947 42.45563482984929
97.08884408071663 19.00949121364357 53.89343187773699 48.72692251182058 77.43526868070362 70.19395329201085
4 3 	 # V Shape
84.61163478187427 54.64522507230467 36.120290452001534
79.89975192714984 94.4988225697505 56.07477242738293
80.42391506770842 74.81615320766906 16.14324502292124
86.7338624109769 47.02021634514235 95.97024173560553
4 6 	 # Alloc Shape
0 1 0 0 0 0
0 0 1 1 0 0
1 0 0 0 0 0
0 0 0 0 1 1

4 6 	 # U Shape
3.5620308925248367 36.42201422788044 5.544122316700728 75.33718257017638 33.187106017294234 77.08598711762129
48.07244633817164 33.00248434005787 62.64567656600807 42.756629344571905 25.10595916791725 13.559987765733439
76.11779173576987 91.7648020612145 19.59199850334058 69.21484689727154 48.71158353025563 1.5350704339559318
46.19934114468759 51.27977796360758 21.828528060574314 66.32226592000089 59.182353418792566 50.20748701858733
4 3 	 # V Shape
82.21086436969316 21.072388550652445 24.30081203273363
97.01268860939301 65.78383810384148 69.13168713034369
98.82809864681447 74.43810929889007 56.843643477015206
48.455470337663606 29.284334533380253 49.15585225753536
4 6 	 # Alloc Shape
0 0 0 0 0 1
0 0 1 1 0 0
1 1 0 0 0 0
0 0 0 0 1 0

4 6 	 # U Shape
77.49462799004189 80.35342363596823 19.14827881995931 65.87275783685782 53.64650914948324 47.60264751661714
64.73905014785001 48.82682202390717 53.93450990860965 91.91128399601479 45.55562943106152 63.67424723928856
60.33596639220248 25.6353254245148 75.91786639369761 54.108503959386454 29.144299982930466 86.70932318113793
1.1649132417856034 29.318758740457916 98.88830721392804 48.52540313617176 58.40203754759804 1.8164056326049893
4 3 	 # V Shape
89.06034077185404 12.131955319591025 63.6137740730069
88.61545156487144 15.072594151523566 39.472709418728726
54.89220750580015 47.2472579334963 74.63560006321292
57.7507682467018 53.9137083991767 41.52168868506033
4 6 	 # Alloc Shape
1 1 0 0 0 0
0 0 0 1 0 0
0 0 0 0 1 1
0 0 1 0 0 0

4 6 	 # U Shape
58.44851519818707 98.47552313173136 61.40881097445819 95.8727745856275 48.70304577000215 95.20645918876943
74.96594885575082 46.110402443040286 39.68565238207189 57.21575389074391 88.06914007151194 26.201219364711758
68.33526403696636 52.85991682110851 13.46620843389158 90.1880496098465 78.1205443231908 43.20052172326384
50.525648439322005 70.18670312650393 47.52532738688298 33.423259037184884 53.05396226504343 8.122051503794514
4 3 	 # V Shape
73.15569071653464 88.0154735409429 8.413580019426536
43.020808477682515 53.904133180852675 93.81193171030768
60.419531551127484 8.216314301915606 89.50481554170351
16.27511254168016 28.651887922707132 45.7055551374682
4 6 	 # Alloc Shape
0 0 1 1 0 0
1 0 0 0 0 0
0 0 0 0 1 1
0 1 0 0 0 0

4 6 	 # U Shape
99.69571795676254 38.557283350754915 44.63771432909217 12.682815343460895 38.31122325940947 91.4440430795646
32.127778559527634 48.6482130552602 18.86669957191217 28.71399442716809 44.229404248377925 94.83425056528608
9.366103431999973 22.213702297526815 57.04270142642661 97.15764709073908 11.563712166629314 70.68633371547489
75.77948571958056 50.98156818212571 73.87476060147065 92.95728127492464 22.143781771587367 62.822984309943465
4 3 	 # V Shape
70.00090762394173 41.17016954594681 96.52159293261413
12.217133094164534 4.753533976094138 48.285965706702825
22.722073086788686 96.88100601606175 93.28853574440025
2.1977495277442083 3.18622152017487 33.45459054227437
4 6 	 # Alloc Shape
1 1 0 0 0 0
0 0 0 0 1 1
0 0 0 1 0 0
0 0 1 0 0 0

4 6 	 # U Shape
62.79158395890211 0.7151141904372715 11.824021495562986 57.31172348710005 98.82889231928384 12.912533971979057
8.294748899924254 28.804792425937375 76.46999822855587 21.718665644516665 47.08491867508068 8.164074111973763
64.41112271962271 29.69732771961914 49.54990053919725 68.34802778075874 49.977288362862346 36.59121145801515
34.39558229544642 12.65665044927321 30.680316509796057 63.89612088031779 14.049524216911868 41.07042378182558
4 3 	 # V Shape
30.812567409946222 77.70677643758901 82.6399963833535
77.73079001573151 20.907737556717755 26.806601666170348
31.603082885349455 56.13226082261694 97.96276113543345
9.817965079633417 71.52346846542119 83.97445402369672
4 6 	 # Alloc Shape
0 0 0 0 1 1
0 0 1 0 0 0
1 1 0 0 0 0
0 0 0 1 0 0

4 6 	 # U Shape
34.8420058149693 85.56077049505103 73.42010242453073 12.75262959638912 39.85584982260654 2.512724356354634
35.82172218315679 7.777401742703405 92.73845195368663 57.64728163807711 71.73112013965887 32.890327494499395
8.135177340028521 27.467598404256954 39.35830785130372 54.8282083920901 4.053784633228885 76.14234823274481
33.809183675747754 45.56900826064424 50.877431810054794 35.64434830088764 94.44996742302189 38.17154668959434
4 3 	 # V Shape
72.45044599604817 37.63533891808984 20.577341228968173
92.52600381137029 25.138718879225173 93.91099862714954
56.697192382704785 22.960348655250783 79.308667612035
45.88046520528625 43.61445537557868 79.10181641110066
4 6 	 # Alloc Shape
1 1 0 0 0 0
0 0 1 1 0 0
0 0 0 0 0 1
0 0 0 0 1 0

4 6 	 # U Shape
2.337627536652309 75.1441259231182 30.56495908990472 51.066431667693855 80.49885833971531 46.88039389624456
92.61995528696606 17.661641792489714 20.221867570420304 17.745104956863898 3.239716353484534 35.43445956984248
25.832843765958025 76.23273390304533 0.8567437747802775 59.09650571805495 60.18939294902158 6.47294046357233
70.47039810653447 56.73939879671267 98.73030550062367 45.34783848358587 45.32637119072619 3.69242616001787
4 3 	 # V Shape
3.382864405578645 46.43888458612601 84.83646934294372
58.672797526464905 24.69289164641617 95.78814115096795
93.31874442658064 44.81101032130324 44.884173206178446
29.40619021733315 0.866778699592341 4.036717457086015
4 6 	 # Alloc Shape
0 0 0 0 1 1
1 0 0 0 0 0
0 1 0 1 0 0
0 0 1 0 0 0

4 6 	 # U Shape
26.815716013393732 34.637293102775956 55.914979580523635 9.03867236400442 72.76498300120508 1.1744451463684968
46.39155451829991 30.479332921028647 64.40695670111259 98.94391265419254 14.475290818116992 62.389133745541784
43.36923051369681 99.02482150983775 86.55058922458903 71.07760480274692 66.02484928465341 26.092386853036597
20.74487642413494 44.69327870423104 37.9447164630901 29.763092857581718 16.575343305045255 63.39085357690949
4 3 	 # V Shape
29.383853148242277 48.81569496054482 21.528870285646573
70.51435880597423 30.19064926805486 26.175833824182327
75.80848979191231 84.27148544615491 60.181875707012146
20.36070464300256 22.79345650364665 6.012551515655362
4 6 	 # Alloc Shape
0 0 0 0 1 0
0 0 1 1 0 0
1 1 0 0 0 0
0 0 0 0 0 1

4 6 	 # U Shape
99.29217353194974 15.44634934548814 5.831423342904185 49.378661950966084 84.04888359518348 21.473035235963046
9.663648354591247 32.18801029016273 81.543633038723 35.99139289296248 34.628153464429126 79.21257514016162
62.83852942983993 45.542810740313165 27.11176830618296 76.27310981944072 67.33275297775302 49.5368685145298
45.72442602400171 32.44628249635137 56.060310339159884 49.80875762942372 50.7823501376402 57.73920362118417
4 3 	 # V Shape
83.17210003768606 59.83163200725292 52.851512557350354
84.16043541342337 15.624128788637792 79.38310889042953
80.31543230816962 78.05498434611418 66.21402911596127
3.0269360196363393 37.31120482133227 57.126800714425194
4 6 	 # Alloc Shape
1 1 0 0 0 0
0 0 1 0 0 0
0 0 0 1 0 0
0 0 0 0 1 1

4 6 	 # U Shape
20.819323151014412 58.77123741191529 33.027706358385444 18.86401946047639 31.476544006551265 57.68005596028932
32.9217840896105 60.978263117702895 34.10308971445852 85.75513265900362 3.4878040098464513 83.40478731738855
1.7645630432742254 30.984311615118653 0.5117558597183658 74.27874239987497 48.49571739335749 51.72648472635403
12.513442459203805 76.74545895636994 59.60382042446951 51.211926058443744 95.32997705092593 23.93970146353731
4 3 	 # V Shape
29.889487584797326 95.24733770638478 84.22619494258011
77.9966680121012 6.472769467228878 54.996373061618364
7.383863295667048 78.43898776811004 62.406766934140954
25.602788503019834 93.69561086108024 36.33586770808207
4 6 	 # Alloc Shape
0 0 0 0 0 1
1 1 0 0 0 0
0 0 1 1 0 0
0 0 0 0 1 0

4 6 	 # U Shape
37.37735514436433 69.86142457250804 4.7565999851982514 29.34049887096587 61.10586452100534 97.32765924570506
43.32797606594067 14.01281752368626 25.858206619679912 56.00339751404214 33.09367606065037 27.99823158889897
55.17474699650595 21.599506598230565 6.778894308558181 64.32476817921273 15.857478731273012 54.882850998095364
91.95927687669446 83.9014159758341 42.37358520351305 94.65115729639201 60.62440641854157 6.063261785696172
4 3 	 # V Shape
99.19803100053034 14.984800321738955 32.73250388394493
88.1343165876111 16.21870409987851 69.24308797593203
22.41752439484783 94.86305719003677 93.7505490696574
46.78315804074944 88.45722329471259 26.968225714055972
4 6 	 # Alloc Shape
0 0 0 0 0 1
1 1 0 0 0 0
0 0 1 1 0 0
0 0 0 0 1 0

4 6 	 # U Shape
74.92573585229518 68.7449731439358 48.105318926231845 97.87832315837205 66.40970080947997 57.144892637860565
59.55443058466627 23.489412880814964 23.180819873230952 32.59145945446588 9.740259759928948 89.83634664281827
28.913372258831938 68.77133662388695 91.34229516283062 4.851161446484376 10.912833657391008 79.79780625944358
70.21276609296635 26.942591404232775 86.46564294191032 55.57357756472735 75.75246360207342 1.6039128642750478
4 3 	 # V Shape
7.918055467203344 68.146445215303 8.105024810184336
80.02358740647732 6.072580870190514 44.848545595182884
18.24201503560168 1.3419782627619226 37.65864123687233
79.05104353493843 40.89937026334167 62.43201420003221
4 6 	 # Alloc Shape
0 0 0 1 1 0
0 0 0 0 0 1
0 0 1 0 0 0
1 1 0 0 0 0

4 6 	 # U Shape
53.136111963713795 71.40731360068685 55.599499591072096 82.54404375577458 19.87657299153699 23.187577488626687
30.605606529546094 90.93002853712632 74.38042497333403 98.29022439209845 19.227919681835893 19.488935632219516
79.46206222416706 0.19483274520649685 99.23798003352441 60.09402553205574 14.591281278771751 88.75814111580357
26.977998969633667 19.949246920876963 54.7783924895483 89.63001811778169 77.80553866883737 33.8355592602637
4 3 	 # V Shape
80.22354027189776 16.222279399725924 89.6161437795221
98.26609362011173 48.97204638588135 2.2149934012894557
61.507262482267635 74.94381939279712 14.528510302003571
64.69784938379928 24.407663804932987 17.408837088223194
4 6 	 # Alloc Shape
1 1 0 0 0 0
0 0 1 1 0 0
0 0 0 0 0 1
0 0 0 0 1 0

4 6 	 # U Shape
93.47700258120139 38.87115131197228 55.55403900020447 39.79332527612001 28.755897936205532 46.91848306531393
22.054096487337148 53.07641257452007 73.64517852623916 98.01892809539727 57.665873291579715 93.54420027769262
42.86546689032481 73.84296564411774 82.67532996898204 69.69630257351294 58.22105644985819 12.672774634054951
10.541512116687457 80.39051307607178 15.233026534293026 80.56553026508614 43.08656768096613 39.292029476595935
4 3 	 # V Shape
27.286025029005913 58.31301570187022 26.169485422124396
37.916128843783916 83.59261586089332 19.57153056383304
16.146846587444696 13.017405868529352 23.642940123027223
77.89624314275837 95.79976087564384 75.00404097512116
4 6 	 # Alloc Shape
1 0 0 0 0 0
0 0 1 1 0 0
0 1 0 0 0 0
0 0 0 0 1 1

4 6 	 # U Shape
39.57231589499792 70.61365141969746 93.6867385826827 66.99422245313067 2.6189255300985925 66.40613589570026
34.237248596690385 91.31948085145319 71.12221668844832 16.318512096955995 4.304608249365726 90.55228864336954
77.24105382467789 37.43163109423029 16.497465857538117 39.127830984796375 3.869282653875339 36.038061215852494
23.84072843466609 41.99354121308288 98.28788094126966 81.61945549884288 98.37934400919987 35.9944720611867
4 3 	 # V Shape
58.40681114123836 64.4127105833407 19.278269332051067
22.091522597573597 81.04121568478888 9.043650491304367
92.55134834580994 78.17044564106888 94.59267980886463
86.9444593587767 33.7406974411868 63.4722559902758
4 6 	 # Alloc Shape
0 0 1 1 0 0
0 0 0 0 0 1
1 1 0 0 0 0
0 0 0 0 1 0

4 6 	 # U Shape
38.01157805881448 5.556061780310195 88.9962130831008 38.315237122664584 25.231677143039 62.062578676094084
72.04288872791895 87.00914490485656 20.792440762208876 92.08203135141083 99.37735598650346 36.80213825656767
89.17024663424063 27.624598924611256 60.03807578158186 3.984151132623681 97.43938073405192 46.286423836484246
89.02831030846158 47.64942550228912 36.17496962526848 30.981683402436566 53.14926809037858 80.36615416915231
4 3 	 # V Shape
48.67939399205071 13.884113638996887 21.500227858259823
44.834979141698064 86.51246384814323 38.7242388553947
75.09585274401668 90.27872523769761 96.0404253389431
69.5451964095253 74.38781104161417 93.36291807098534
4 6 	 # Alloc Shape
0 0 1 0 0 0
0 0 0 1 0 0
0 0 0 0 1 1
1 1 0 0 0 0

4 6 	 # U Shape
36.21107568405404 35.0794493683645 68.04892240732475 47.62206556793609 90.66970904000152 44.30388011546113
16.39921084683138 0.14309414271242993 85.88724862817023 19.555310903783298 21.767199679705772 86.72715260300109
51.19350274911291 49.891588543074526 61.23148639469953 5.549078315601863 48.711763949698785 10.195644525507442
31.9728075806051 69.80990728444588 30.20173948878133 46.30211495760409 11.249545688676454 1.825052493871815
4 3 	 # V Shape
95.41058852585749 41.283150289604656 75.60719472761618
60.399011388089576 6.736288186793615 46.21254739374494
13.170800898032109 62.18105149950792 54.548348281553075
53.53757640675118 26.55266261287197 13.062969663100743
4 6 	 # Alloc Shape
0 0 0 0 1 0
0 0 0 0 0 1
0 0 1 1 0 0
1 1 0 0 0 0

4 6 	 # U Shape
35.47005790892081 31.634804913270585 87.45548447132046 34.56577578975064 56.43567854991504 36.015787597957825
88.93882972829866 43.758915049476286 32.74334124742371 28.78811781457702 10.944838449656569 1.6082237859216364
50.64077155063077 68.24840626286759 10.327589839028262 27.394466178521924 85.51947298451552 60.91004928965077
72.30973962247019 47.48433888561703 48.91912155153633 91.3937107574824 42.294043704634845 78.65295252919647
4 3 	 # V Shape
62.17177004601058 18.72489474524366 97.3420421999336
61.51040507573657 34.68394285890323 18.840168420123437
86.08608463997788 97.0644402513517 96.44714535172126
60.52555093376878 54.37699521215491 42.49713730452163
4 6 	 # Alloc Shape
0 0 1 0 0 0
1 1 0 0 0 0
0 0 0 0 1 1
0 0 0 1 0 0

4 6 	 # U Shape
42.28231139524875 51.69374361003909 91.3684431832986 51.88091962010968 30.49216021083757 28.827158531193962
62.86141568883817 50.29849178452992 37.45294545886776 44.75537716800046 7.597366919837478 36.606211964363624
46.43280381291398 49.47272008034983 25.757289486277102 12.919789224756272 33.75958813057258 42.52915911379432
78.51161179932684 50.927711460504554 50.449897150661805 69.16757345119186 56.87071466696537 79.26102777745245
4 3 	 # V Shape
58.78930384600534 58.66417912561596 52.94943698981318
69.2532929918089 84.8956540264413 48.27949168416159
71.21114178686739 13.90470793115438 94.9439035107943
35.664446168311706 72.58292893332165 96.77309444945922
4 6 	 # Alloc Shape
0 0 1 0 0 0
1 1 0 0 0 0
0 0 0 0 1 1
0 0 0 1 0 0

4 6 	 # U Shape
5.817675583405901 10.860130868060425 9.341747321174477 50.59766112639815 56.98407790271103 60.87319044615624
62.59181816434657 94.4444643080001 8.935280607063268 16.935410856695576 58.35941314192845 83.07129359134159
98.31891741533857 10.583294865686366 1.8053662264771453 29.102856255092778 93.49514022733844 70.7399539162466
65.61329731238976 5.44728706441372 14.511144382142117 80.00234478371489 26.62805018545471 45.69436230158432
4 3 	 # V Shape
13.53623777119215 10.355238813165602 54.23846545535792
40.3600168326083 22.55745407743086 15.865203366793246
69.04418519486858 57.27967743964797 7.34701712777267
29.86117560083511 70.0552230319061 80.02571998216497
4 6 	 # Alloc Shape
0 0 0 0 1 1
0 1 0 0 0 0
1 0 0 0 0 0
0 0 1 1 0 0

4 6 	 # U Shape
24.154186852443836 43.18339554244333 30.49675565036276 60.700216609356914 11.663867685309015 24.706896173699022
58.53376449408886 6.406443146406893 44.62456225449443 82.19029606164757 3.707914344353336 41.54411206401796
18.159274652117364 79.49695664184446 10.855827004616147 73.16832441082941 0.2756812038996581 64.6068735869594
47.64545951043549 33.77458787583498 13.782453951015516 21.895455829371258 90.54428448835911 47.492727526223455
4 3 	 # V Shape
18.76136528730463 66.36502817933622 1.427519027536972
67.09310819000768 54.622824233403364 53.64321270162519
15.38127622643134 95.57687145535037 5.049009025798412
2.743861433659489 55.95504604603985 36.15771619841139
4 6 	 # Alloc Shape
0 0 1 1 0 0
1 0 0 0 0 0
0 1 0 0 0 0
0 0 0 0 1 1

4 6 	 # U Shape
66.34875450847171 33.275168428787225 36.05040591179548 66.12364776019288 24.827077144048847 3.9214658658127344
39.829891827423005 70.74019923401687 43.558158803654145 58.0343223949413 61.64341768983546 96.39453971502822
62.12184476936277 46.57694940429678 28.023809179294968 38.45041391407153 28.21049546143899 8.50455930073839
99.0743847407909 32.675633287988546 64.47831092610741 65.8481179343714 81.91124571015645 23.453636312976233
4 3 	 # V Shape
42.94565919654541 56.686298940301604 60.75662305298183
48.689188346556755 91.6623427140314 11.266791394882203
85.11994403425886 33.23944685359395 12.118594742780353
11.449800510147156 58.746867499362274 35.77719929234178
4 6 	 # Alloc Shape
0 0 1 1 0 0
0 0 0 0 0 1
1 1 0 0 0 0
0 0 0 0 1 0

4 6 	 # U Shape
4.4724001458156915 90.21663454503977 22.228116489006624 34.95160983889375 53.700930829126804 69.42247252963547
89.64408813067504 4.44213494174096 62.453866364129674 71.31182778991261 82.73019804221087 30.98834439456215
52.87920524397567 12.47639922897087 19.74663714502032 6.453367662509047 64.21001710810692 63.50520133062272
48.05128499721547 8.801442077117738 10.537472548061078 94.76847368349834 58.625566861451084 75.42795658948671
4 3 	 # V Shape
86.39850512487065 16.572933663543342 85.58812784355825
41.22301895280219 78.38130446859448 97.41811604250407
55.51232902446838 3.212121359473019 18.088786266415912
24.26934219672119 17.954381195154067 34.824473033446104
4 6 	 # Alloc Shape
0 1 0 0 0 0
1 0 1 0 0 0
0 0 0 0 1 1
0 0 0 1 0 0

4 6 	 # U Shape
2.5318541934455263 0.6458098446524785 82.8970620903519 96.7707999842078 41.26904013408264 17.301396357379318
75.32927723362319 65.51989185332407 62.628268031641376 51.49280475526032 50.751835356186824 25.85477115884349
62.144365405149635 67.34887715904787 28.17211341644367 98.48319310539536 92.0908432572594 50.61572206715752
73.23812967741415 80.78635114609797 17.830584334797685 58.10624426539365 15.779596935302065 43.26368745288423
4 3 	 # V Shape
49.09647351404376 84.69839430309358 64.69292988356852
56.60661286631844 49.94378181282341 69.05578220640378
13.354134479205658 9.064600360466923 25.896571167104142
85.08624111508543 67.85984938606006 25.16958074871597
4 6 	 # Alloc Shape
0 0 1 0 0 0
0 0 0 0 1 1
0 0 0 1 0 0
1 1 0 0 0 0

4 6 	 # U Shape
22.289204275728103 69.2397285034321 63.96696130051972 94.739857258895 54.38171012833312 99.65453449939942
44.027461786982045 55.43938166917464 15.77378089912338 62.731223761101695 1.8676960186075786 94.19209919873576
76.36366927866743 98.19892601137373 8.316163487502726 11.826312382132398 74.30818938635848 15.411780519793206
88.68265511656041 29.641228661814345 56.255941848674816 0.8111711395540122 76.70516824371565 58.566648207725954
4 3 	 # V Shape
39.744069597628865 25.674985920724993 45.70607703606957
27.725521810844945 39.41350402529454 21.204652892413645
29.52430379402302 65.20610516083477 47.68843079276978
20.003436529641693 81.96140158021815 65.47415566603571
4 6 	 # Alloc Shape
0 0 1 1 0 0
0 0 0 0 0 1
0 1 0 0 0 0
1 0 0 0 1 0

4 6 	 # U Shape
88.82984382777073 73.03022185450678 32.04597782699695 86.75194505776037 22.33473912880868 48.561722850261106
66.61158785278192 14.41971741233644 11.952700981643838 62.75482005319461 77.36501992217477 77.41408832688568
51.3354380306353 35.89379178202815 59.0665080711321 11.59973107818807 16.468132265747137 46.91076490569951
72.10716474139281 47.752636927457694 51.54317204677302 29.45091117508768 99.67498226582053 22.583304623061018
4 3 	 # V Shape
56.3376397978676 81.02211029680242 36.67390706910678
39.875840051970854 75.29774325259325 26.19835001998999
50.130195872658646 27.509294202645385 45.01504448231349
11.139471923477085 10.253488446634694 13.584720265502614
4 6 	 # Alloc Shape
0 0 1 1 0 0
0 0 0 0 0 1
1 1 0 0 0 0
0 0 0 0 1 0

4 6 	 # U Shape
4.8675046236245745 48.64735945294408 50.89944005048975 41.140720178912936 44.351663830347185 43.8884215936928
65.90821242117455 54.857041225365975 73.22457655156738 42.11416328094059 23.897732686158413 57.28641818059275
33.809238432063395 39.81580362351066 55.97459922262412 78.44797190642717 68.37313365093785 23.258532403685063
12.328014853259027 98.07356068657775 47.97498195186327 35.29891416392936 66.44779708486024 98.5187032795321
4 3 	 # V Shape
97.72377917805142 95.48069928794752 10.867839294152182
99.90591955912859 5.968793902367131 52.8354028884057
19.996804209167152 42.280993867172754 41.16906747416156
47.944429093705246 38.5040969284018 11.631611165995558
4 6 	 # Alloc Shape
0 0 1 1 0 0
1 1 0 0 0 0
0 0 0 0 1 0
0 0 0 0 0 1

4 6 	 # U Shape
94.23446973164725 37.4259771416137 98.11652863494496 90.18281674663305 10.519287570095893 88.5367302396885
56.18440992198776 12.939150962941092 81.88142412558985 12.825314798695198 13.086133500819951 12.692009751965506
22.66056862341882 54.24222033769524 33.82487550872483 34.46650385473157 27.434788854622116 21.235701963399944
78.36858120191039 44.75509139748437 93.43100848962753 11.505660477872315 61.28201354675363 50.52261836009945
4 3 	 # V Shape
76.88855734600153 83.17679415296156 93.5092092064725
22.453326684936727 93.48021002340084 97.26617884046382
69.71631903091696 91.24113557632548 37.74838588487821
72.56911824517574 63.56127098319552 8.835130703131334
4 6 	 # Alloc Shape
0 0 0 0 1 1
0 0 1 1 0 0
0 1 0 0 0 0
1 0 0 0 0 0

4 6 	 # U Shape
97.41956551640948 13.156001629706571 60.73178902674039 24.28747814701674 45.311194671472975 53.580620042520444
53.62398181287959 1.590628264384808 43.63419639922559 2.023712322722815 87.8166802451803 69.96032734515371
96.5194101043543 71.06909307197463 44.05730640556208 9.942162075668826 18.740661353497025 80.30909831979525
60.026576778731375 12.431639940550177 94.31413118307273 22.828386230768526 19.363307914075456 96.2050542775715
4 3 	 # V Shape
5.139398949305418 17.30111320863764 41.46687238577743
16.886474214882618 38.58361426628891 65.5124398534839
85.00173762868364 27.28273686158047 34.036757147963634
28.831594189660002 38.04169563182575 93.68878771623629
4 6 	 # Alloc Shape
1 0 0 0 0 0
0 0 0 0 1 1
0 1 0 0 0 0
0 0 1 1 0 0

4 6 	 # U Shape
99.87429212794731 90.2165253379395 24.635125846003426 88.64017579185409 75.82975730785702 49.39132263892982
44.42947280898579 15.17965893948513 17.756336321079445 20.152483248064044 96.86119125023808 3.6521286854660273
42.1286779249491 92.89235400295979 1.2126231139255705 1.354081965205367 74.56299866957154 26.851592781281276
7.60894920436016 2.7002109249615214 84.37618235412687 37.66525445349509 72.3427134561033 63.483990020094325
4 3 	 # V Shape
89.62633136784348 55.591178246987404 56.3850605914832
33.218531240008865 33.817851004007814 4.211825325016461
57.04459206970287 34.56846223419855 32.83193054921967
96.28248123225099 11.269011584606147 84.62287621197503
4 6 	 # Alloc Shape
1 0 0 1 0 0
0 0 0 0 1 0
0 1 0 0 0 0
0 0 1 0 0 1

4 6 	 # U Shape
42.094646469002726 0.2822109702599773 36.46034589244 72.52140911566107 24.587727174891395 85.3987818846359
3.5906665616541544 93.05146326760111 63.85682047445865 43.02022928033825 72.30903620804851 84.83369370109365
70.37176023326303 69.19224898439555 19.077810890556236 23.1693623565262 76.36099515052777 71.69202744323704
62.67333031753671 45.2881738989702 31.729404011818595 62.15272804684895 54.90178300988916 12.160323431938625
4 3 	 # V Shape
70.39499473932435 40.56640182848808 12.92666945052633
65.07205865856106 42.4763072208561 27.363049552298047
88.2341032538024 46.94524395116878 83.29883856767553
53.52638388424764 23.73017156356353 6.221272089551377
4 6 	 # Alloc Shape
0 0 1 1 0 0
0 1 0 0 0 0
0 0 0 0 1 1
1 0 0 0 0 0

4 6 	 # U Shape
56.028900394236445 79.12298404112082 20.69356472910986 48.46619362176378 29.911887596968832 3.6375105510295214
82.88175756448827 58.47413968289386 45.47402648943928 66.34107044541052 93.43717373645072 21.05407878173331
9.863713552395826 1.3101074378287225 5.92870753821686 91.52847799511711 47.68070453171877 24.18799944729525
88.44825510104783 68.20002163942686 61.34292047419672 57.17805740452436 92.44719147696775 81.53119187769761
4 3 	 # V Shape
0.6505754294773625 27.675404701881757 61.422272055596764
65.69664801333028 10.408491582886892 91.81963691817187
19.283792170868917 99.78952516618259 33.52582536513646
70.68406274584272 83.69866412593815 31.821867436374973
4 6 	 # Alloc Shape
0 1 0 0 0 0
0 0 0 0 1 1
0 0 1 1 0 0
1 0 0 0 0 0

4 6 	 # U Shape
80.41382436137074 98.48035827530981 82.20034855687376 8.289694172714713 12.865945131706502 33.30136060348331
66.1504102164908 51.46032143105994 53.9900981610858 70.96004380361158 63.287090822397204 48.75451824649551
17.864914567962142 98.89022719377209 77.7618137624968 88.19421013040571 64.67888476592104 19.88348626871921
81.38946098785951 2.429532026930481 95.23568564483527 26.058817882231324 42.01870029223224 41.82344707318531
4 3 	 # V Shape
18.56525941596907 96.51296235409058 58.79134797194193
7.266054163215263 63.14056179140749 59.94277929331698
28.063571294255297 67.25299213663742 94.43921145765971
66.50581462187982 31.947799603679506 42.19095918380225
4 6 	 # Alloc Shape
0 1 0 0 0 0
0 0 0 0 1 1
0 0 1 1 0 0
1 0 0 0 0 0

4 6 	 # U Shape
53.59043298696531 19.014001066847243 87.44138010656427 22.31010243236604 24.95214530340921 51.887357231308805
16.963649683209926 19.210331032173656 99.47077637227204 75.24503195254003 42.17236922873266 52.09901020636156
64.70671916444117 95.81261092918984 85.09730386566888 6.6552388313702915 99.44691378115024 84.14153951966979
98.77452080852909 18.80627596231269 95.62400070729169 89.43014076936333 37.54798738445074 35.87267695767552
4 3 	 # V Shape
27.08065459418809 38.8704632198787 64.19232281884621
17.919698654402684 85.33451776284019 41.58724901027397
67.99565477527561 50.803169780366716 76.6837886754035
63.30019262545995 71.61269780943236 49.23171971576936
4 6 	 # Alloc Shape
0 0 0 0 1 1
0 0 1 1 0 0
0 1 0 0 0 0
1 0 0 0 0 0

4 6 	 # U Shape
19.043305022854984 13.900699502693536 91.69634412042824 30.54203502652657 64.7899847816817 53.92938556843575
9.543483420797894 50.61967599894083 55.603402867526306 35.68095077462521 8.723855784054402 13.541466562460236
44.36038932461437 37.59400027148699 88.29602621328888 56.16183019455775 93.842640978257 55.9329736717547
38.53546780201802 89.94157222772373 90.50061828087058 9.235762847795037 78.1046141991001 25.872801095342435
4 3 	 # V Shape
96.71159039382684 41.90030442020861 53.390215064488636
60.80053720961324 39.45290287346308 44.426301536123624
10.784635369529994 83.47937841341705 35.61370580653157
17.55641704364468 44.39140454727567 86.15815795638223
4 6 	 # Alloc Shape
0 0 1 0 0 0
1 1 0 0 0 0
0 0 0 1 0 0
0 0 0 0 1 1

4 6 	 # U Shape
72.19947214710551 60.72844911252895 36.26120321530071 68.49169414371478 35.575489121015295 97.67160713815848
9.097382905778806 59.08692538706719 87.61766858934105 12.620263452156033 66.23772316603032 48.56996754194073
48.93799023371484 87.08018592368828 95.17793333938653 78.14564387032429 36.99984968271968 82.8126668850244
15.011331987516396 46.97323699638773 45.06583263211633 88.38364718863254 71.3910208044557 74.89850378876609
4 3 	 # V Shape
59.18020761656244 61.93532535384981 72.60699074686033
8.793694201514956 12.616243852687969 82.88917065211763
73.37646051765586 26.50156506581377 38.31779675068607
81.71445537277923 54.155610064331725 63.486308068609375
4 6 	 # Alloc Shape
0 0 0 0 1 1
0 0 1 0 0 0
1 1 0 0 0 0
0 0 0 1 0 0

4 6 	 # U Shape
94.45402178865662 65.53133701566803 81.34108541629843 77.98603308247174 8.704244858008881 98.01373779377182
69.0562387564331 96.31533287467623 88.13958960866051 48.43974327241224 36.741717888519986 12.66946576939656
7.20860331627825 88.6266893010347 19.56984629924987 40.500641542739814 45.65618945174704 7.837803824062828
58.519361919409526 43.965522321965075 84.95581611199822 87.15196168436607 24.755161165147253 49.7592469655803
4 3 	 # V Shape
8.174614827344428 28.206351815172837 22.751050290057016
78.50315777487975 86.80986140442386 94.27246045166396
17.781766385199603 76.63374296885875 25.133024402651493
63.51735145277754 80.74267057026306 37.794097258756175
4 6 	 # Alloc Shape
1 0 0 0 0 0
0 0 0 0 1 1
0 1 0 0 0 0
0 0 1 1 0 0

4 6 	 # U Shape
41.72623485011263 94.66114964319848 22.333597155599417 44.65692296186761 63.92533422284401 31.893136350286998
24.46799329965561 56.13783879045725 2.317933435875452 1.1074965763999134 56.09893411858137 53.42071676053263
76.14269382410858 70.80693072522372 78.93099714314774 42.96404061849027 28.511262457211718 64.45770404006342
86.19104786051139 21.55312433813522 40.94654460641202 77.80115944314011 84.40128916507976 76.4620107361807
4 3 	 # V Shape
27.111961685284804 72.7508049688246 79.04280087794525
65.47678149289975 55.81133897288646 23.92687569034029
56.18176120872105 30.24038270705055 14.035987534409578
54.03288032649796 27.194851238180075 66.89827125112532
4 6 	 # Alloc Shape
0 1 0 0 0 0
0 0 0 0 1 1
0 0 1 1 0 0
1 0 0 0 0 0

4 6 	 # U Shape
6.327947929312627 3.940888525301367 41.74865459185764 92.91123535420147 50.510728767462275 75.46595547479978
55.27165529533438 2.5319723459562793 29.762450993585233 36.57683585475946 66.2971951795582 71.52224047400873
50.660516988358204 87.63744307600322 18.48992282190578 80.01416954473032 72.27731229711532 67.86954975336992
84.84867974923822 82.66941032863443 63.19208941833791 76.74575646317936 16.058351405720718 18.127933929684126
4 3 	 # V Shape
24.09540649663987 58.71945805611831 68.6303809984895
37.07608756307841 53.72758759830889 58.761646962959055
40.01267234972605 74.67028840132531 45.35016659717793
78.89352561129867 35.65686542790313 28.510391970621395
4 6 	 # Alloc Shape
0 0 1 1 0 0
0 0 0 0 1 1
0 1 0 0 0 0
1 0 0 0 0 0

4 6 	 # U Shape
72.76710636169078 13.061949919852022 63.15758157244636 20.336880841304016 5.86533741222458 52.11142046048042
88.2558368810757 31.95382941196413 99.17373359762102 41.48632332329706 34.82477561096427 17.449430483304106
11.86033638937305 45.229160731317876 56.04326892367249 39.74061236795106 48.2602540472155 18.935332913742087
80.24833277328189 76.11784459110851 75.34702666486012 97.1381175399681 87.07529642854449 16.07294191683121
4 3 	 # V Shape
99.67098919579492 81.90663701640229 21.53780957771253
85.97089537268083 41.794306147592486 80.01188557060883
54.58699650878898 17.47050848596814 65.6603939713776
49.96248083552006 86.86563335736811 66.36771905334776
4 6 	 # Alloc Shape
1 1 0 0 0 0
0 0 1 0 0 0
0 0 0 0 1 1
0 0 0 1 0 0

4 6 	 # U Shape
54.74343411296031 80.46866870443384 41.993261920329104 82.91074015813848 95.91452850029538 66.17839988101787
25.880218412169963 52.299328812280386 34.03027544996631 34.93509151148045 0.35531172235117037 9.115480509598617
66.0772754175525 80.46669862547886 20.41689981907282 6.5970343957754025 94.29172521611102 82.71886775634846
63.43659051545715 91.76932111837124 32.33634772335675 74.69116530585978 55.322875374890025 66.08319966957559
4 3 	 # V Shape
55.21405523204472 61.96800520102508 6.875567631863899
95.29521010318166 41.940905331584 65.92990321852488
60.47275454390532 3.61051892905192 46.205958577790675
9.43034476648622 60.54131523906479 36.101320245477595
4 6 	 # Alloc Shape
0 0 0 0 1 0
1 1 0 0 0 0
0 0 0 0 0 1
0 0 1 1 0 0

4 6 	 # U Shape
70.01397165184225 88.33559946631753 10.40639511961886 96.22990974519192 76.06288245053516 83.1472644502056
56.21350520520715 50.26223541004321 18.503535513330572 53.12218499660734 76.50396480149756 75.55209636717282
75.74007246862526 40.28334534082156 17.094234865457693 60.29230908343113 51.12010330236371 62.17124525819965
86.36649360647714 98.15164267642031 19.224418261989683 9.772075800914815 1.307546441436458 17.111006305614097
4 3 	 # V Shape
95.5370588314578 62.6450274169302 60.52389297317022
6.076488342082276 47.74485835158486 48.43854856663575
83.60626115268145 37.260394301634506 80.42565310061053
85.41147929431438 48.771647076473315 79.94041481996173
4 6 	 # Alloc Shape
0 0 1 1 0 0
0 0 0 0 1 1
1 0 0 0 0 0
0 1 0 0 0 0

4 6 	 # U Shape
25.711048804058635 10.832243991231438 17.734977459547874 45.374202749498515 33.90455571294336 53.286783877741954
65.24541181322694 1.4672224507998877 91.2493021163959 98.5849156361148 12.09112155999248 59.46076686794878
49.90264420371426 35.350238553897874 62.58658064059289 81.01395303303765 94.72772007365344 55.42433275665866
94.12003714792237 46.024947134512296 97.96811010901415 10.790871355070863 65.22025028551813 58.2669606100522
4 3 	 # V Shape
78.79438575471384 17.004326528341885 43.898302979428706
58.48396549234889 79.09963312631982 81.46767779797986
88.70858564626484 87.7883084330396 14.690850702803193
17.6464618142804 22.879154130945768 7.1678392534970765
4 6 	 # Alloc Shape
0 0 0 0 1 1
0 0 0 1 0 0
1 1 0 0 0 0
0 0 1 0 0 0

4 6 	 # U Shape
65.79387775513659 54.57095064867008 87.9025658043962 73.74871701056355 89.96943091908425 44.529546539015996
34.76751310788715 2.9483586862234845 75.68877928588748 66.0733268843015 87.93168906163974 82.48747993441127
67.63154036310756 33.88589952069413 67.50778295189218 30.60854024949591 99.01341417019758 26.11750110728949
53.34171044152863 14.13677131388531 26.260301405509157 92.3929571501543 30.098401587300337 6.301528727899641
4 3 	 # V Shape
53.68776086134967 46.03550739905311 16.883446335697982
96.30891186378528 55.06781665175763 88.1977316313294
16.753483084222175 68.85244741856003 23.09923269114077
5.994006922272977 58.6612650982237 91.32927798280221
4 6 	 # Alloc Shape
1 1 0 0 0 0
0 0 0 0 1 1
0 0 1 0 0 0
0 0 0 1 0 0

4 6 	 # U Shape
87.95122675155532 39.92909715890979 76.29064349213147 64.10760874339864 2.637721971586282 41.165949287208605
89.40616154988625 23.209273118935158 7.044187290591097 38.68348297622396 18.50472820816169 62.19918007693048
27.012977899966582 17.899269656528105 6.27681669992215 12.905859548890419 65.49348505638176 18.66744367009715
44.14761337422303 3.297357514011079 23.0727751422365 91.42164019883742 31.34878478016223 44.97931663589485
4 3 	 # V Shape
97.17096567750269 94.24243165044285 43.02885940193505
35.186303026538404 84.62657258552039 6.956606461480385
12.511354623143312 60.53577039851571 67.5619934269181
93.56605915448195 87.12328683500795 41.69108603918347
4 6 	 # Alloc Shape
1 1 0 0 0 0
0 0 0 0 0 1
0 0 0 0 1 0
0 0 1 1 0 0

4 6 	 # U Shape
19.293244145479093 40.61364933473961 44.918953902036606 46.409680949449495 4.801965523896213 64.84271946573875
41.09853424488541 25.16639085822674 34.72482976816157 51.31334922009921 15.910018506181888 17.251197170758246
52.987098793226586 79.96837267599356 74.68180673886803 35.39273609937177 44.880900793629706 71.27086527886908
16.839081492742125 53.977823664957924 43.78972907247144 50.51727454838488 88.83295507044568 9.199882600593101
4 3 	 # V Shape
36.80634586583624 66.08164351649812 70.3194126594494
73.3190680297953 29.275295140528623 56.41125169103466
79.9373767661677 15.96554110766143 69.04972904372464
69.26991315009865 96.96017371824595 9.811253161820922
4 6 	 # Alloc Shape
0 0 0 0 0 1
0 0 1 1 0 0
1 1 0 0 0 0
0 0 0 0 1 0

4 6 	 # U Shape
82.37434266423055 76.07948315418717 7.248629281379648 80.22928791341467 52.9824649115707 75.32226181432326
49.18426279886901 97.41005410980745 31.06304154327568 45.94383438298573 82.85461884325646 82.41052995884208
3.708579545299484 16.546249706903883 80.51803320496111 14.996958631232937 30.34886393358024 85.28478045107597
16.19297001383091 23.398113668533604 87.95352121572826 77.03843682423559 56.48896195918759 85.6482476768309
4 3 	 # V Shape
92.4926819298354 99.52229865845919 55.68276103270765
75.50815267658497 24.687595448476863 62.87731846357206
85.61535734578904 36.83754473137716 35.00340270241915
30.669601867815345 1.2545760970805064 70.41606520738779
4 6 	 # Alloc Shape
1 1 0 0 0 0
0 0 0 0 1 1
0 0 1 0 0 0
0 0 0 1 0 0

4 6 	 # U Shape
40.39906276832193 2.5392882495353097 31.886693592715744 63.02945618711006 93.31693864554602 27.54835218603787
40.05770035797555 45.80289475405211 52.64768406853696 27.70029556236866 85.91379634845114 71.32851895757481
74.74621188596113 46.331105052467116 79.91978781719212 15.84208446209624 53.39506066812143 63.282668520776056
13.422575676839422 66.91155315350402 90.6303997569417 62.98236157570215 33.91989507972285 45.88079134877201
4 3 	 # V Shape
85.81199019667748 2.32488419698782 62.130076590732145
21.5241914024233 53.88394692198754 37.9788598070572
56.5159748298278 96.93101479751066 26.434859828438817
82.77775050985288 96.78476856189194 45.9423217332916
4 6 	 # Alloc Shape
0 0 0 0 1 0
0 0 0 0 0 1
1 1 0 0 0 0
0 0 1 1 0 0

4 6 	 # U Shape
43.13105844013122 53.32194782398696 1.7583891973424914 32.553664192611684 22.858977661093462 40.59687937019946
51.64178515198956 44.63288393304731 7.476477088856237 19.778256732534917 81.41248849621313 25.328160781972652
69.7234573615422 66.74266880193366 62.72302408241773 41.36635768699944 46.54447314586928 38.11929839805822
18.294176396146412 88.50896335103043 39.31106221499934 90.03536639169565 84.80207532906762 93.18611480803008
4 3 	 # V Shape
32.1664993954162 19.75649320859809 25.10449879863884
26.663535016157034 48.54042090688176 31.183477270173398
67.406697478146 77.71198564215025 96.70759420341388
97.43800763287148 66.73941325254941 8.30653204227777
4 6 	 # Alloc Shape
1 1 0 0 0 0
0 0 0 0 1 0
0 0 1 1 0 0
0 0 0 0 0 1

4 6 	 # U Shape
48.809902783883274 69.59595724019132 52.5708309703536 72.37285651219146 86.19836500215722 86.47419723232392
41.65740991708422 4.774571789649729 5.730360272606394 47.00349638988454 88.62773244759352 89.55758763079055
97.94495875331667 47.97379008738923 29.02361007762989 6.102751941357665 50.99494812065597 75.39774322268397
50.29796229455295 37.17967640323954 32.99060151017643 99.0500745307139 30.315622499400906 78.80380561263075
4 3 	 # V Shape
20.948292257809655 27.283976456404837 92.48147318277071
1.564369866322135 86.7078231835923 72.46091977803026
5.771879492824549 65.59678952238686 83.40502515006175
74.54958911124552 39.84326971150902 17.75118129097921
4 6 	 # Alloc Shape
0 1 1 0 0 0
0 0 0 0 1 1
1 0 0 0 0 0
0 0 0 1 0 0

4 6 	 # U Shape
4.909863823392313 34.375612038792426 33.23536286066655 43.99541619481921 72.76848110222711 72.20067496015548
92.42242303338031 75.17994509111325 88.53314222531796 98.01951813135639 57.195873288312235 23.555376096671587
30.54246657335804 25.649525649576532 62.0851396605286 7.535277001314511 32.669454223393444 49.95174794373985
93.19553925323551 33.2018251778362 39.88081103438952 76.07238381655077 8.126784344032245 7.25200342867105
4 3 	 # V Shape
32.73957101296705 75.35262801171365 44.70852330980393
54.09624609732997 82.96152635725751 40.97687902399901
27.628413658217255 89.23068013667246 20.412141060119417
24.64928415738591 93.77570525624213 83.84667094661147
4 6 	 # Alloc Shape
0 0 0 0 1 1
0 1 0 0 0 0
0 0 1 1 0 0
1 0 0 0 0 0

4 6 	 # U Shape
1.7804482161309698 88.30968509672145 12.641673363442663 68.39535288998061 45.5155103916619 91.74045995675216
27.922576215389473 89.95674190174753 29.343294013035383 86.92137532401789 80.17954071065907 81.5336477935092
78.50199878144431 56.230564086106796 53.64471453974296 58.51927372785265 81.73197001813743 72.129249930684
38.61897376771801 54.08639218387705 64.10099152937298 27.858232324608935 7.222810491663179 65.33819576874073
4 3 	 # V Shape
28.639199177071394 19.764301443514697 83.79824707094176
12.775106925460333 69.2064514591669 39.337265327553304
29.571390008895058 5.930683797689806 31.850080619022048
10.973744413690545 76.97047235513475 54.45592737036328
4 6 	 # Alloc Shape
0 0 0 0 1 1
0 1 0 0 0 0
1 0 0 0 0 0
0 0 1 1 0 0

4 6 	 # U Shape
85.62459083674898 31.33828402205848 43.45880405352328 58.380826403784845 34.98524678566074 18.49911290855182
76.0006038420792 53.52714958038979 56.90644984709819 94.47528964040124 40.37023322630087 75.41999271626372
17.753095735060963 99.39392567115152 78.3152593703023 62.51985196920749 7.14497386138958 97.22190911586578
17.64333181863529 25.81109491868193 65.35736758574106 58.22467351610617 12.8894566341624 13.190423726669753
4 3 	 # V Shape
93.52484217961896 62.21158440833911 24.37094629935691
64.07055283093524 64.53946466376127 9.955928390932867
45.47682037861625 89.52419686961535 87.15164256570424
93.5392416343521 75.06320538772464 34.183342402037596
4 6 	 # Alloc Shape
1 1 0 0 0 0
0 0 0 1 0 0
0 0 0 0 1 1
0 0 1 0 0 0

4 6 	 # U Shape
8.931576636749083 79.59146264998023 74.19780413876641 26.296003309158777 30.851542295622625 17.4858261277673
60.05650106957102 56.676035295991134 96.59259607677647 82.33803142352473 10.234720766598148 52.08768959038763
40.387808915462685 66.84573171458719 82.68145263630035 36.549035757476624 83.82776742095304 67.55703315222227
74.24886737310935 37.38649497366781 73.84886255668864 55.52670709831025 6.4235175214794715 35.74969667648489
4 3 	 # V Shape
46.011903263935686 11.269751583489573 28.587155482029857
13.695885714936196 19.996973609993297 17.04930229551741
87.04292002818974 56.514613614381005 96.41744364181137
2.548494751668118 94.17475561163786 91.75254767762297
4 6 	 # Alloc Shape
0 1 0 0 0 0
0 0 1 1 0 0
0 0 0 0 1 1
1 0 0 0 0 0

4 6 	 # U Shape
92.46990355803759 20.292642713682994 42.009961699042265 12.39647351963139 74.25940713031711 11.196457576817288
31.779617644186498 53.2795090751369 25.63864253269785 90.83006554909188 89.92217727208003 35.35243516490279
77.77043712441476 36.044844413183576 31.900539187754163 5.483912036882255 26.93758925186677 54.635521967511494
98.41469735124943 39.25811766555536 96.04687968907561 26.555014372005882 69.0133884698706 29.984494267979734
4 3 	 # V Shape
88.84475060198092 72.1825947816171 86.46882693088443
6.555929408115347 85.40686083789528 21.56723501493536
69.48195872504023 71.63104004322199 63.632107168710164
94.36680561969831 9.039659736122152 52.18720436648692
4 6 	 # Alloc Shape
0 0 0 0 1 1
0 0 0 1 0 0
1 1 0 0 0 0
0 0 1 0 0 0

4 6 	 # U Shape
45.482890718107186 17.392551697267155 59.66488526247284 19.411363320843876 35.79067657635987 84.37973279866384
2.6428589702520378 6.2768457993857885 82.28096633131744 57.077157788026476 50.14772425150077 60.43864424741467
68.8345157467777 59.44760799763868 31.648750989140407 81.86108048308854 76.81676383967097 30.065352183664462
65.22123922220143 30.61751639214476 2.5302842472275433 43.754811888816526 48.54449021538294 90.93317358550837
4 3 	 # V Shape
91.88842612949657 46.40889002368773 59.60633066475983
82.33344578100325 59.43391361499527 10.963732890492361
56.09704352906177 30.525005507217905 78.52191950579119
83.77093179760736 61.754293674502556 49.262688831274104
4 6 	 # Alloc Shape
0 0 0 0 0 1
0 0 1 1 0 0
0 0 0 0 1 0
1 1 0 0 0 0

4 6 	 # U Shape
35.51784420533237 93.18967191501305 25.734856804967954 40.450583877075374 8.571824223402203 31.12422775162107
31.277088843440314 77.24824759642294 42.31926695700092 73.36795379657148 59.83935647855843 19.288045965020817
2.598247883822835 78.85290702824976 83.14164305874768 54.782292132765576 11.419791967229532 57.52358454789276
53.4855844108272 20.23740984376221 27.196326121666704 71.82092313682325 48.214520295616424 16.46431422420559
4 3 	 # V Shape
45.156976073609634 60.71213132684042 5.168643209198165
33.16699632891482 17.315297370086213 82.66573572952022
97.34422961443168 23.09781993919138 68.30944784464302
89.39124946815646 41.858327832423626 61.721794091534996
4 6 	 # Alloc Shape
1 1 0 0 0 0
0 0 0 0 1 1
0 0 1 0 0 0
0 0 0 1 0 0

4 6 	 # U Shape
59.811214258070535 60.48409111466141 70.5844415992909 37.24769335575101 70.03885506729051 51.363551455829935
84.00116444366542 89.63046837600925 4.105807343892154 53.00034228564492 50.96758168019066 3.227498929207162
43.60669192290474 69.24019339973097 52.08696811408359 3.709140396953592 12.336431424917471 11.431714513894264
33.23756015146221 15.118833908568552 65.6227389255555 56.605246756901536 28.748949555245527 1.7652914130232622
4 3 	 # V Shape
54.88753701895828 35.61248379935138 71.24723925960589
86.65243162789895 39.061092153010115 11.764178658129032
88.1864671011369 69.35028361272168 36.122216755194216
68.8917906506255 84.9874040900864 29.007655849047964
4 6 	 # Alloc Shape
0 0 0 0 1 1
1 0 0 0 0 0
0 1 0 0 0 0
0 0 1 1 0 0

4 6 	 # U Shape
50.9165345144882 50.27193497511554 95.59497021425499 89.66226376793252 49.701595954475984 60.06283237247011
21.44147968190896 74.09082422120612 49.14543397169443 42.828274171641226 89.5048066581916 56.675530375688254
3.2955165546881493 14.65329580114333 55.63088902101258 26.901655883115428 49.73699179233525 81.35675079609
56.195192680097236 0.9201853503460811 79.85404544477768 90.66289241264418 22.99311695082484 18.045239856657737
4 3 	 # V Shape
12.074674006681473 12.966930738723814 60.257478767973716
66.91491291124909 25.466480864573736 83.57614707825944
38.15465323129853 11.239576428930642 23.298160503280364
13.243936178646177 48.25447733540034 89.01715899420952
4 6 	 # Alloc Shape
0 0 1 0 0 0
1 1 0 0 0 0
0 0 0 0 1 1
0 0 0 1 0 0

4 6 	 # U Shape
26.602979040241557 22.08461996263945 29.66528651578614 47.29438940039113 77.30409983204673 31.770717093975698
73.65939813868468 72.0767640601815 97.00371261033204 75.70964714629173 10.044666567254378 59.21088020831098
67.09582733738583 63.592495475965414 84.90684275072208 35.599036020133745 80.45676204418143 46.238339384642735
6.638281548088587 86.3807688690365 91.22236930323406 64.48349537996214 82.02776988937288 6.689302303001298
4 3 	 # V Shape
40.333240460730465 90.60108224585896 92.33036913451016
16.046769126008808 28.592658648751048 23.660309303527395
59.275913578907 56.45927297064057 22.938105566864508
76.59073968816692 83.33972372344391 25.80370874955358
4 6 	 # Alloc Shape
0 0 0 0 1 1
0 0 0 1 0 0
1 1 0 0 0 0
0 0 1 0 0 0

4 6 	 # U Shape
2.4174312907164763 53.288757111121086 73.32705263708648 46.917854077633706 74.6277391398742 52.49295125587161
25.43973262527691 55.99675465960286 19.54359927342605 83.25866432647939 58.55454624183318 64.35847743446537
64.27772890530102 46.499621802645116 41.14607813949053 32.828922983605736 4.959728014365828 68.32603070099256
44.81506927220171 87.53671401032535 84.4457907116275 66.583050715787 15.873130088105135 55.376025469129175
4 3 	 # V Shape
12.089151657562846 72.5431288944726 51.05861373205581
90.65207445989658 31.55334860189797 25.54484030226094
89.26215745018574 38.72430792784021 29.0726627222912
71.68890929651107 29.518471904859688 66.96283459702451
4 6 	 # Alloc Shape
0 0 0 0 1 1
0 0 0 1 0 0
1 1 0 0 0 0
0 0 1 0 0 0

4 6 	 # U Shape
66.81037906982625 69.10582076827362 69.31238562174981 7.16446415086176 18.752884504305666 90.45570734923268
79.57905601036475 58.17641436245231 9.358017207174974 16.245352355889054 30.60604950651974 56.569528584594096
92.88633721090652 14.32646718420212 67.38446974102578 56.68750487890685 1.2490504095826416 8.58824069448605
80.52842755966691 91.26971847109357 89.15300142160511 43.69232918305832 99.78149976888638 40.727734316700804
4 3 	 # V Shape
22.96411041960428 77.91842451364698 15.962745813277257
64.38368405604899 73.72599856802223 75.90970684052134
73.40931180183175 36.155308596447114 71.75615870284702
1.8109028429974527 7.711915383604751 26.458343128166963
4 6 	 # Alloc Shape
0 0 0 0 0 1
1 1 0 0 0 0
0 0 1 1 0 0
0 0 0 0 1 0

4 6 	 # U Shape
28.69289596683089 86.67061923395761 9.325206877962511 39.208186828177624 98.70161618560697 20.99610170767362
84.50587626412856 90.38123622520607 15.71822802239472 64.62052131527822 74.45355985219348 14.812655049493594
5.975139764611914 56.07675206173739 48.7391830845156 41.16090394341414 73.48367946318439 60.50514707941149
20.161495849013246 22.81039215020313 37.811656229501864 77.23981891876537 65.24632224580172 76.79009903657004
4 3 	 # V Shape
83.66407270053622 22.131972440320325 31.132902701032794
20.793246542703248 48.52629811148628 19.01923545621741
70.30371325970667 29.715491667516257 37.90706103210161
81.79394268343562 45.895889975316116 72.28981591107473
4 6 	 # Alloc Shape
0 1 0 0 0 0
1 0 0 0 0 0
0 0 0 0 1 1
0 0 1 1 0 0

4 6 	 # U Shape
70.36022217350938 55.94891586248074 47.999109395141105 25.787858175330804 71.56615726202406 99.91410005904878
88.197848251971 15.213100959574898 11.976568668577192 42.99437857953763 2.0581363380665296 16.48619088927542
90.47754986594127 95.24737730164728 39.56519687918583 52.0806251444508 45.997336115959 55.57210718545168
9.112941257347018 17.014888549692298 11.054137198150492 88.06993685700782 2.995398793333337 91.16220594355875
4 3 	 # V Shape
53.21131573706879 48.46775903927877 81.13338466008763
55.43856929641207 71.34286952802191 22.459500472159966
29.301580178680766 35.892274206886135 81.39596238293916
1.008558675359239 70.32568664935813 63.82910474686052
4 6 	 # Alloc Shape
0 0 0 0 1 1
1 0 0 0 0 0
0 1 0 0 0 0
0 0 1 1 0 0

4 6 	 # U Shape
52.75082250893184 14.73670422188511 31.527137574203714 8.150923819786215 68.30129908349484 18.323387707031515
21.71443214887048 87.31965692102862 46.347408936493025 38.237900659531974 33.85263449638413 44.11922052185873
12.538773296174355 40.55992169439566 42.013508233253425 32.186785609302305 61.967998198086924 25.67074755343336
0.7515900261190867 5.536350838283644 49.582408328067885 49.27347189061527 71.14008545589418 39.57689263135325
4 3 	 # V Shape
32.183491777869655 17.905751446952134 51.82946245512199
3.3944419456995556 52.62045015161748 47.99404785043524
44.74198387164326 91.90548787074135 88.43951976307932
89.8049037572988 29.230312588876984 59.52691401749499
4 6 	 # Alloc Shape
1 0 0 0 0 0
0 1 0 0 0 0
0 0 1 1 0 0
0 0 0 0 1 1

4 6 	 # U Shape
65.5348354121552 62.706354243864546 55.189040024390465 55.361576848477675 83.12422274302406 6.696447311825205
4.8119707855195255 52.36788163224647 0.17361003629484673 75.97033805994732 7.098235600935954 29.609634476236568
44.840906855981174 31.903409549590943 54.01892253198606 76.50431859819129 57.13210434026196 6.582247801701535
82.03954186527072 2.0269409683612016 91.9909914226431 28.240469293353765 32.32658329644531 4.180454774430908
4 3 	 # V Shape
16.520719930641558 82.67159350577006 36.9004285122714
17.908388649007236 24.1584715541998 50.13913738508996
90.57655767296642 24.444889596021557 97.33435392286756
95.36374020381146 94.33441081358559 16.303535088651554
4 6 	 # Alloc Shape
1 1 0 0 0 0
0 0 0 1 0 0
0 0 0 0 1 1
0 0 1 0 0 0

4 6 	 # U Shape
97.17013462369299 78.86000091084523 53.12395008331872 35.418301190494596 94.05974227004633 96.73234888523238
15.56170480153687 92.43189524452748 46.211379566186615 85.57961943452472 37.068225645391365 7.035705526860037
70.44495111412175 40.454327038815165 52.969184706990156 78.50552323358075 42.346207499184196 23.960182580125533
13.339206899877231 40.71339968713934 14.819388223212371 56.00206104287331 60.16011078342527 91.36148842555912
4 3 	 # V Shape
36.24999972633434 20.485684020608552 20.569489560891306
69.4226442211548 8.924465909176538 1.3336494532060872
6.11381846773682 77.43825362715539 67.18168246857455
60.15848919308765 20.673134176636754 74.05070814550496
4 6 	 # Alloc Shape
1 0 0 0 0 0
0 1 0 0 0 0
0 0 1 1 0 0
0 0 0 0 1 1

4 6 	 # U Shape
12.48396468957016 74.24564795169213 41.876235837863085 24.597853881166422 31.472385209890398 46.23641298520508
82.44053070224491 62.50216224243961 53.07094665790093 19.500637677773945 2.0561421492996335 10.32670024583905
15.333932281244211 1.8099868971145794 86.81401686949101 73.74703485601319 56.31175748391637 13.84132198895669
95.29080735301724 90.19913840069867 81.21518418422905 38.387255650644455 52.747808977492525 62.93467904415765
4 3 	 # V Shape
77.94565261619462 70.13487237247644 88.22749314985604
89.25340962953453 80.60838630185853 40.04789584298314
92.57300912765398 73.46789325362593 53.648298225254734
22.858431473304975 15.157202230839484 23.43514251560388
4 6 	 # Alloc Shape
0 0 0 0 1 1
1 0 0 0 0 0
0 0 1 1 0 0
0 1 0 0 0 0

4 6 	 # U Shape
42.50154744902973 78.59465301306841 60.22278246213163 62.60714195568246 36.44616276675254 61.73863056212726
84.79427025962293 95.07107474721701 16.158717994094484 67.9958441527924 61.80078378104166 30.926437375365722
97.52825706147573 80.2406956778832 58.44468126713419 54.37616494939112 83.40706861280303 7.255388686198105
50.82523584575791 30.544414191653637 40.25607977327622 29.259915973518304 39.79153529264695 61.2837239038044
4 3 	 # V Shape
94.09662385425554 52.05315055311216 35.92814796259043
88.02347437725876 68.24406519622701 78.44451031677858
14.898037878223903 3.1939120307709956 6.537285037042395
70.5394989094886 5.956082344818148 50.191205121300065
4 6 	 # Alloc Shape
0 0 1 1 0 0
0 1 0 0 0 0
1 0 0 0 0 0
0 0 0 0 1 1

4 6 	 # U Shape
34.109795296219644 54.06448135890163 53.664073802545985 39.03229304372069 42.58608431151204 69.11672643190548
12.66013146853483 3.129940783529439 48.60882379556032 18.171737677127176 4.055425364924147 1.5285100699495513
29.674348669397144 21.49729662209101 96.48116538920246 29.986285872891973 6.2902728984351 13.104774648771256
53.96386785708069 75.6658807131251 18.692363362337826 9.452203420832038 46.618568964508576 80.1962873510858
4 3 	 # V Shape
66.40951277642432 81.80636897695408 42.45511272549507
70.8892420280904 9.521412287020937 68.63377072026088
80.17519695960776 40.90940147944696 13.45139309956389
20.720210649477423 47.38396514461981 32.174688066864164
4 6 	 # Alloc Shape
0 0 0 1 1 0
1 1 0 0 0 0
0 0 1 0 0 0
0 0 0 0 0 1

4 6 	 # U Shape
75.70729350004564 83.78430172253356 55.119263630816306 84.41680355362408 50.295005831645234 83.29615555195964
22.050490132369582 8.617957163545553 46.15913768668452 1.5983789290295425 10.510322657346261 56.550237535643454
55.48554397036591 9.15488489649472 55.98371720426467 8.04256701215783 4.376669790809229 14.498698832952462
44.834001218409355 0.04173400757611079 88.43343873499313 99.93085197176424 93.21722803023424 80.34399418986163
4 3 	 # V Shape
65.1424751579577 48.421134471797146 43.000142144971086
34.24424126040978 32.45074696583509 77.61795143757263
98.4504308990658 47.76868369756434 39.96112827425682
71.27262464829002 46.1364576268099 73.97106514632472
4 6 	 # Alloc Shape
1 1 0 0 0 0
0 0 0 0 1 1
0 0 1 0 0 0
0 0 0 1 0 0

4 6 	 # U Shape
0.0201621580163458 74.01840447583739 69.63574498808931 94.32414207566987 62.50172481941956 84.64441309757036
30.514360991057533 13.04415704338534 7.415093065102107 94.33784300534941 99.09134351277629 67.41195116377035
25.56625103191451 57.311163796004436 19.267601393390954 85.59620958368093 77.10144536443806 73.2071595781461
33.03112216018147 63.70030178490287 62.91853286530995 30.54458973451325 1.2324702813467203 55.582188946725864
4 3 	 # V Shape
94.20985920015275 78.98816349924948 62.898797520715824
65.94889644790251 41.44109275310813 79.51215805598382
85.89459227597361 69.8298980556255 68.3155242848199
97.80271892061472 27.62769694403413 73.97637852540964
4 6 	 # Alloc Shape
0 0 1 1 0 0
0 0 0 0 1 0
0 0 0 0 0 1
1 1 0 0 0 0

4 6 	 # U Shape
59.816889343310784 68.24895775266393 10.030918740676075 12.38555010081901 5.356952681520855 94.53153957515639
39.73269544831438 95.62948039804434 71.98607843255233 72.77162071038977 39.56533741025944 76.00329555614941
90.3421412580601 28.872288227923026 61.41492878944857 19.743596268171647 68.74631013377868 12.69483854410539
79.04143284811357 30.482030412739093 8.485217944675272 88.48280044380407 65.49602204710953 75.31979915200547
4 3 	 # V Shape
44.00982202802244 35.458246110118054 68.91918137755015
15.559424710670944 82.74034395336518 38.78352446861864
14.229217289671414 89.57836684084016 77.9195967935779
25.90470399285977 1.3227061826152742 43.00384724131221
4 6 	 # Alloc Shape
0 1 0 0 0 0
0 0 1 1 0 0
1 0 0 0 0 0
0 0 0 0 1 1

4 6 	 # U Shape
62.951657258130886 47.263557462911145 72.84105409550206 35.88569212099484 5.8653246856891545 21.05378626827925
88.39127846020064 53.632389282179304 79.29676661750277 62.30979114324033 53.51573914314521 81.7034162609908
14.610001412617446 12.007203151643797 78.20590264340909 96.3920109884201 28.359569241263316 1.9090273275742864
32.7092974656177 40.18017603355327 33.73130565648712 82.74538856567715 69.88399372833327 0.370992647259516
4 3 	 # V Shape
81.39434275457776 25.4551350309976 33.6604984811675
79.44734279534052 1.2287936373426511 0.13672697403954714
4.933516847950781 6.38686927683999 7.166995284179389
9.487335394439288 41.53878617449013 41.61412589963233
4 6 	 # Alloc Shape
1 1 0 0 0 0
0 0 1 0 0 1
0 0 0 1 0 0
0 0 0 0 1 0

4 6 	 # U Shape
53.035799343700894 28.792839207430877 55.60501371355281 63.68218433605931 63.77572081573619 76.42657507604787
16.133110048912624 86.7107519976333 55.96713081494492 30.6512876574085 36.024949673398844 19.98786863603129
70.90809096432457 39.017779752798745 56.69931583945596 94.45947440891706 1.7531968693565658 35.77254253387916
34.38110874905863 57.39400019079773 83.11903396638411 88.82280459799007 57.67077770316672 8.818846904502553
4 3 	 # V Shape
2.7736438333988644 86.06567866743701 74.12781159963329
60.81900403006967 64.30385485204552 59.13412826497314
67.92407025462856 67.87886786657502 84.34833866605639
49.60004043462387 19.295357865021234 37.6629460809234
4 6 	 # Alloc Shape
0 0 0 0 1 1
1 1 0 0 0 0
0 0 0 1 0 0
0 0 1 0 0 0

4 6 	 # U Shape
61.09649059981417 42.16474444265075 41.69662278317171 92.50244072930823 21.591700347743192 42.08432391108289
91.81259426843202 52.36160996002401 82.80571617235938 3.4009256871152416 1.8399396654127265 28.51818203010158
71.15475411571927 40.80791139082894 17.61208162842298 65.23999472238734 64.09427950590371 19.38242453293929
88.28900478873022 66.75774826000772 68.45307203713158 78.94101943679578 6.416865793905446 99.11512418197489
4 3 	 # V Shape
45.40666153004857 77.14433966601044 57.37214367896817
99.0358810418803 99.90292778056991 19.789346851517642
53.273141358834394 22.593340166238974 70.2186682057659
95.47508894991063 32.92783228438928 32.32961757833199
4 6 	 # Alloc Shape
0 0 1 1 0 0
1 1 0 0 0 0
0 0 0 0 1 0
0 0 0 0 0 1

4 6 	 # U Shape
35.82004422960292 21.516323317506746 24.425909710447314 79.92599873005571 23.301710490953987 66.21081472379493
36.78398523038538 71.56490518567503 5.616784472666181 41.990516635911646 49.42483374548819 67.7372981198701
2.6403084215312345 97.91303210139807 54.8267035050385 32.84544152060263 60.338876886261296 62.16639158711025
65.69227568141899 58.13073610529036 36.56411138498781 64.03271368945033 78.68044045932673 32.16127745082916
4 3 	 # V Shape
11.07391200150648 71.62332594977417 76.33439776608456
87.13248854428667 61.990525023302624 51.784700112017944
62.721028962408774 26.14729716723637 76.3523699587075
55.29431709707746 17.599516276178328 65.47719942819869
4 6 	 # Alloc Shape
0 0 1 1 0 0
0 0 0 0 1 1
0 1 0 0 0 0
1 0 0 0 0 0

4 6 	 # U Shape
47.952224100868456 64.99990364282262 79.20065430100951 78.229607085521 29.57788415329684 74.02722024930402
82.55277636158776 93.70468046517676 26.74500068791176 36.969058509999776 83.8600377372784 37.9791107383898
52.54047132589267 39.609959965494504 14.089891468979342 26.399430492844967 84.9217785580178 79.79479690609307
95.38201102931801 40.53223569558063 16.67838254718228 38.606276680030916 51.388458268820855 38.375620389064956
4 3 	 # V Shape
12.200843382613503 95.39815467808499 45.04759441364453
24.64924276652226 54.316093664628326 64.13348519674751
2.984542102125909 90.85438364076731 60.92833704991276
52.94639629604788 7.028201848315662 94.53953579050238
4 6 	 # Alloc Shape
0 0 1 1 0 0
0 1 0 0 0 0
0 0 0 0 1 1
1 0 0 0 0 0

4 6 	 # U Shape
80.97485052291323 85.69315948737069 14.577333999408326 98.4526946185352 76.65469237524708 78.7429352873615
92.25786652607331 52.26782835035457 60.219414894831914 64.68069785234324 76.94759314084195 6.218169488911984
16.57506665294861 14.14501472890015 22.80757338549142 88.54918325163594 53.12753460248072 81.8856082740855
61.232403548110604 85.95886407449917 83.79577788364602 61.88134492961089 67.12926565758009 15.463213074430637
4 3 	 # V Shape
38.11796823964409 87.90743454255322 25.23336590281997
59.09336755545924 64.59234975719215 55.68151647995897
39.818694006611885 65.34343761873097 14.518444422840581
77.42657306181636 60.18793335232371 85.13997121139923
4 6 	 # Alloc Shape
0 0 1 1 0 0
0 0 0 0 1 0
0 0 0 0 0 1
1 1 0 0 0 0

4 6 	 # U Shape
93.04612875215756 70.08383668761502 42.86973145169463 45.557098963791155 10.078099027002352 49.29551624350205
31.067433533650213 88.68970759179294 34.66979742071574 63.969628963724446 18.451803408504176 25.696134878418807
96.98220288551552 22.978393617858607 4.967056558548144 39.59755137231012 86.15966058131936 87.0498411833706
58.39373191692645 40.02877514338316 61.10758378120834 23.816865621898607 11.679008173685745 70.38186325723261
4 3 	 # V Shape
33.406813759037924 19.920155974657796 47.39405089061963
1.0522528249248486 18.337089914947768 23.474402403653073
21.906320814590984 49.33561511047977 47.89029417057981
45.39261072487517 91.98273479430993 74.83169772681725
4 6 	 # Alloc Shape
1 0 0 0 0 0
0 1 0 0 0 0
0 0 0 0 1 1
0 0 1 1 0 0

4 6 	 # U Shape
70.86320179715364 16.91798823494336 45.60675428163361 38.271472564526555 94.64725465629395 94.23558979464806
49.98121864193696 91.54978488872352 44.281606849946186 48.65585406140713 26.038672524829654 52.12285444685123
93.41671380991995 47.31912057024954 87.29034998931863 22.9761986111249 46.751787826719735 84.37292374872327
77.27752034310757 25.450827931042564 19.758846354389892 8.42257098592476 37.85037944172404 70.96273838468238
4 3 	 # V Shape
24.571296069775862 26.56428538238923 38.25737338429488
15.096340285354614 5.069617397826576 90.44680956221106
78.08265078484156 22.84024816355641 12.987488790474444
59.94294971674212 64.1534083680268 2.3831387042465124
4 6 	 # Alloc Shape
0 0 0 0 1 1
0 1 0 1 0 0
0 0 1 0 0 0
1 0 0 0 0 0

4 6 	 # U Shape
85.4968026039297 80.13509711172318 93.94522445982422 23.03636265540464 52.56945796067611 52.29127339556791
64.43721360164965 31.826118503776446 47.7123233402766 82.26336638540498 31.696359606036918 64.8009738168726
51.72416124196752 84.71373041765041 38.83744413800173 59.2371242661648 77.63673102086301 42.00130901550574
89.00177643128491 19.059097322148954 15.751786322255967 1.520320485524218 67.66985713290956 39.69935476684074
4 3 	 # V Shape
97.16367381824725 36.265020816520774 98.34936998326266
40.59973925293776 35.65792739230431 63.0820809895558
75.17303188029956 47.19079068133348 50.591284978716764
60.10085532896534 85.63530678431461 76.73379551514049
4 6 	 # Alloc Shape
0 0 1 0 0 0
0 0 0 1 0 0
1 1 0 0 0 0
0 0 0 0 1 1

4 6 	 # U Shape
23.853425337816446 32.1488986917759 49.0087629769818 48.607198009256635 8.553115468131022 58.9345503507889
90.93682984830596 96.38644712472264 83.71352994720185 27.70404699923087 31.601236650353837 12.37956007569142
41.69412302771879 43.66176137766304 31.118927136372008 45.57949211505199 51.23709147539843 61.1609216615579
90.71379376463751 90.27222179623496 96.43102531079943 35.36454725360705 5.088928790566383 52.81314660206582
4 3 	 # V Shape
6.373116471771889 1.6124299800811426 2.5310280129661633
59.187894458069344 85.81374700282447 11.850939459401545
46.92643869724227 89.08225552423957 26.774434299744843
51.46066088852125 96.56146851953334 14.748055053543418
4 6 	 # Alloc Shape
0 0 0 0 0 1
1 1 0 0 0 0
0 0 0 0 1 0
0 0 1 1 0 0

4 6 	 # U Shape
48.58187171786471 72.75757322277565 15.900508158378557 63.855966023694855 20.88002334176222 25.030220921063375
73.00710914904252 95.40670275595218 72.93527865173417 97.5564283158018 90.01710462297353 59.518494198486835
58.21407214354044 45.94961867158966 13.97968035698941 99.74546156511279 64.34720292038845 59.78296852706016
76.97272787502081 16.832814982798084 77.9896855694166 26.48001702199725 79.57230192856419 89.96163816981488
4 3 	 # V Shape
37.337069284616334 53.56397763828756 62.16649438492842
30.498794733012314 7.094864221165809 36.90264593643621
14.402876308704759 80.12577867716722 11.834779829412788
20.319507813400918 91.54356205797369 25.0990342115612
4 6 	 # Alloc Shape
1 1 0 0 0 0
0 0 0 0 1 0
0 0 1 1 0 0
0 0 0 0 0 1

4 6 	 # U Shape
43.67588297142249 59.65584136923927 75.16729072568118 13.699190006386786 59.89976067478082 42.36687736513542
96.2929787497304 68.29642682821266 77.30157798645111 81.00529818592253 36.3810006187723 61.557697890678696
87.94993632900646 60.85841972982738 77.82531742363521 74.22146121100475 55.52234564193604 37.06706694202201
60.473254313625134 51.90103904397682 74.2879581225795 27.882928315576848 10.387661821953841 42.4696540032974
4 3 	 # V Shape
44.31669881236987 63.28342579735483 76.32760975264829
7.549263435728659 61.61159751806948 40.89044049245841
27.243971257009246 32.42078235175951 72.44964916452058
52.0032361102662 35.86614721032848 45.96750293582335
4 6 	 # Alloc Shape
0 0 0 0 1 1
0 0 0 1 0 0
1 1 0 0 0 0
0 0 1 0 0 0

4 6 	 # U Shape
11.837676814526487 51.219070878587424 65.14906227275125 34.013042713579885 20.763856000546465 48.08120366270639
23.39487919922828 16.701257942245384 73.11852372494425 45.040278271997366 42.76399122995378 1.77366384758596
73.8028494141613 98.2174698421654 30.451543746591557 67.86178232818058 34.03711970741142 84.49848101310697
84.50547552931282 87.7312950400285 98.6689353994951 60.48421162814779 84.37709366859823 66.91425927266691
4 3 	 # V Shape
82.95917048858217 2.392407917932471 13.969571735629838
15.751835968737737 29.40387332204959 86.0360740532443
44.387462172161186 11.856532917610597 81.33109062021535
8.292889863762154 83.00007001170562 51.70789466470554
4 6 	 # Alloc Shape
1 1 0 0 0 0
0 0 1 1 0 0
0 0 0 0 0 1
0 0 0 0 1 0

4 6 	 # U Shape
92.12845435691874 21.8409885713319 49.60392154726419 20.842045709423495 51.799689328697184 18.125162643335248
41.66636969038441 31.877545592180624 44.638788099168025 14.815672286189685 55.092806306775834 67.10685766936777
84.5309554498749 35.938929077845984 31.03018935827665 70.95686397538607 88.90471945670426 13.318981020260178
9.375343764562915 25.578933599026353 39.692308399809704 61.313976799965545 27.144244649342365 70.83108874430363
4 3 	 # V Shape
64.78099222656036 33.58661728320366 1.344884853676953
50.2623798818696 65.52579277642917 40.330858718049
84.47944013947006 93.66280526493448 69.6834371868245
75.77479316140486 94.05556926993141 98.50255191392358
4 6 	 # Alloc Shape
1 1 0 0 0 0
0 0 0 0 0 1
0 0 0 0 1 0
0 0 1 1 0 0

4 6 	 # U Shape
69.34329191449021 52.846125564875436 45.26151319281661 21.441326768503433 37.191411760116324 24.896208453650935
16.29802739103755 34.99878524640943 96.23305877621254 71.73818089251016 52.764886439388256 61.418383821164056
36.1309708149643 77.52581216799041 14.014225924233259 62.90792099014574 39.12564081819302 19.068653518470104
32.52717198932798 88.10422503038741 21.344978304416216 16.592664076252074 12.353856714501832 25.611269321283224
4 3 	 # V Shape
45.78365669785427 98.25799685013519 70.9837894251643
2.468239136732253 5.733153368197829 61.40337890930626
49.90807951781386 69.43500093399143 9.301547022554823
28.734986280841834 98.9224042247502 41.37486858386637
4 6 	 # Alloc Shape
1 0 0 0 0 0
0 0 0 0 1 1
0 0 1 1 0 0
0 1 0 0 0 0

4 6 	 # U Shape
29.810848984726256 30.581885815971166 42.63003110573678 84.91120554607434 27.1887289642618 81.23504780124121
25.155758928579488 31.92914986223816 19.801478011953233 81.09359740841421 26.673062532433743 83.60242964883031
12.225738389558538 88.446424037104 53.717170606726484 63.285704156901865 49.353712013342424 2.4272935333745194
52.59388531115725 79.296205578716 6.4542719518069 41.13542294243634 21.38177650543075 25.909899146920623
4 3 	 # V Shape
29.32505942165845 35.05952490154578 45.08123941861195
53.99077820979 54.5405048418665 90.0399766025407
68.39261205392475 45.947200293736714 93.36133561010973
95.43156790593508 56.156282150777926 64.48116969933511
4 6 	 # Alloc Shape
0 0 0 1 0 0
0 0 0 0 1 1
0 0 1 0 0 0
1 1 0 0 0 0

4 6 	 # U Shape
40.67797264288706 13.760995825588218 80.96341452959783 4.3174546605221025 83.48357761201076 13.67323281046594
70.62599419498103 59.926793956833095 39.565171747708575 75.51480779776172 22.740505473067106 28.149470315904455
66.64060114078806 47.15362571498382 43.28175732126633 78.06896733310226 78.69500218718677 67.44863366510685
39.582004045840144 16.40049313493891 49.55335140793934 55.80365127457504 22.48052823005029 94.21927621136163
4 3 	 # V Shape
51.68001046397956 82.690664502269 25.988626695664774
28.57398401879625 69.98510688642423 90.87005742351855
53.57413863542673 82.53020502841306 53.7381529449258
25.697244462309133 95.3885612455958 77.74760112841017
4 6 	 # Alloc Shape
0 0 0 0 1 0
1 1 0 0 0 0
0 0 1 1 0 0
0 0 0 0 0 1

4 6 	 # U Shape
32.35442865369392 69.2447138530132 91.8097004256902 37.76227713772107 20.371751985046103 3.877002582478961
37.53316064018903 48.29020893624414 7.923665918412892 13.501583287103713 16.272623546187315 78.10090162473057
26.11843013859123 9.569229546421687 17.946045754048978 74.53838692358387 65.27950563927156 46.466168054198064
79.4782941868915 69.89241220511514 75.92304905366866 92.28250124925223 69.7772024563146 93.46323586116932
4 3 	 # V Shape
88.04445513190733 89.48308607412655 48.96785875275048
24.61400865777933 87.59080910565756 0.9568497530519693
1.6116283068964288 83.65320077278105 84.15251922234349
48.30886638932338 37.97470400970394 21.81286084551558
4 6 	 # Alloc Shape
0 0 1 1 0 0
0 0 0 0 0 1
0 0 0 0 1 0
1 1 0 0 0 0

4 6 	 # U Shape
26.228425233412842 13.959082916587429 18.364970488786845 5.3284366729533295 87.48617295404712 86.92632925991616
95.12449385979357 53.9340640096148 88.54947256513452 97.36312159722627 74.61941668634702 85.74753838775754
57.64755317220735 69.25150386974941 73.3495516823747 1.071203687940936 90.41629898163907 85.171693289317
45.33156624363919 59.069281545965794 11.650159590089515 20.767922526613503 93.93453129100088 33.52713669686813
4 3 	 # V Shape
66.29030791864469 27.50432344951632 76.48237832414593
58.20600521206588 26.14669304582503 55.33749240313025
53.48653661222751 67.00251344498346 46.311230147276085
9.291615742000625 92.62070435385348 9.303927252759149
4 6 	 # Alloc Shape
0 0 0 0 0 1
0 0 1 1 0 0
1 1 0 0 0 0
0 0 0 0 1 0

4 6 	 # U Shape
12.662750195044392 97.10816262960952 1.613182745013808 92.0694509779458 26.992356270706242 28.90027858750287
74.00402379929353 2.224528449940022 83.48760006608987 27.7433400050898 60.78317044320867 35.57833483618873
98.17989968627636 19.500956355190247 60.25824603221821 47.274263631834735 22.06638440875588 46.35946149270552
89.48157977630687 56.90548743821078 63.12900766360554 73.17708162189479 7.230028386068454 6.04799809091462
4 3 	 # V Shape
39.70878520328674 69.79719603117253 99.84642345089891
17.04887303420929 49.40621341018536 1.9875421186402953
5.595405957605559 82.57957825865928 87.3059198661323
15.176255412604068 88.40414592495416 60.67217902764479
4 6 	 # Alloc Shape
0 1 0 0 0 0
1 0 0 0 0 0
0 0 0 0 1 1
0 0 1 1 0 0

4 6 	 # U Shape
54.247750342194045 10.476225342012713 6.660905805918571 5.238942090786547 62.09064433092788 24.428376032488252
62.758324011331936 36.661627937501216 2.6994466839595055 63.510392218402615 77.45881976534965 91.25441721815363
10.733045898957727 47.97139505091895 1.8748333128896122 61.245308457849404 18.093614734476738 83.1091046441402
57.81942855825546 7.240132761857798 76.11429889052071 6.348693211739443 23.287630976988094 58.71449018331795
4 3 	 # V Shape
2.247227262333573 27.387727837630838 96.2579265208458
74.86705714318299 11.38190425423108 33.09109680001576
11.178240591152056 31.616131173482575 59.9341211607761
44.910449556525045 56.912801184409545 75.03206029461288
4 6 	 # Alloc Shape
0 0 0 0 1 1
1 1 0 0 0 0
0 0 0 1 0 0
0 0 1 0 0 0

4 6 	 # U Shape
25.64839376118675 3.361955138260464 65.38606810725452 75.9222245783064 64.51508126310327 30.9968224060568
74.69911291044366 53.48570228829846 95.93343167861956 82.82128534538971 46.43765326772229 24.847432393808443
55.50118712700576 48.80186953753738 15.540863520986292 32.53656966793139 93.05300074774443 46.65231296907585
21.944977326091685 94.00225636819867 37.85259698611759 67.6508651089628 17.79965613806802 18.83912522723469
4 3 	 # V Shape
95.25890229243716 66.1204778899934 17.309029951945554
2.259533517156831 59.853662648375526 15.164402896356755
98.57236993858004 34.724440671996994 37.92763292016686
86.50329182437673 9.298064112660299 72.62365334020447
4 6 	 # Alloc Shape
0 0 0 1 0 0
0 0 1 0 0 0
0 0 0 0 1 1
1 1 0 0 0 0

4 6 	 # U Shape
6.047231446501799 59.0831363235755 53.154152499467465 38.887738682929594 15.775461194306828 3.560308281461211
90.68918195898169 60.05400840206322 89.77558607285037 66.53972395013702 38.16446928230043 17.297545085062794
86.59089115924074 3.992367383508766 51.73226985398326 93.24731453458239 82.58803792110507 40.43812328266744
29.152505568061958 35.845585048900254 93.0489290061983 14.809514995221262 85.44791910452425 70.37258078969585
4 3 	 # V Shape
32.76766599982538 30.435092095462814 14.356159496514776
87.15751602421338 8.08558083752401 90.31083201258325
49.69617300353949 25.69407142990252 16.715846457934635
81.19713104968896 53.69118466628009 31.65626945151181
4 6 	 # Alloc Shape
0 0 1 0 0 0
1 1 0 0 0 0
0 0 0 1 0 0
0 0 0 0 1 1

4 6 	 # U Shape
49.37574744654517 57.666905533979865 87.91757664727923 9.544724667164706 64.05548305380474 44.19319982983366
51.7208834415572 30.967510176999713 69.09324877155876 68.43622999751867 78.18884484842238 58.1252313268786
16.12174751916666 62.277251936016555 55.96627969516524 13.506699151047485 6.512384046973074 66.90227810864464
76.61215360549066 34.97129957437623 32.381033610897866 9.384101965516312 3.748274660822004 18.529152749500778
4 3 	 # V Shape
91.2200047826801 30.600916665811994 94.86285707174501
19.407617997533443 14.580509021203813 10.867760005749961
69.81128156077463 67.34631225774073 58.66668426554313
74.5101497097964 17.562635616290223 43.52135081706001
4 6 	 # Alloc Shape
0 0 1 0 0 0
0 0 0 1 1 0
0 0 0 0 0 1
1 1 0 0 0 0

4 6 	 # U Shape
86.28618392570931 28.712042070180253 68.77702898822231 38.34028926912366 69.27371015816418 42.93692419673929
41.28374270153523 91.1020508400656 70.84947173234102 67.16364154736651 92.20715365638856 22.631065441801635
77.79959007204623 14.430748163644191 80.57918152642407 88.72637454499247 8.823366705338465 78.47142498971955
59.14921034849932 61.3858157921258 37.18351653834107 97.63130165131825 95.03784292272441 75.11375864967725
4 3 	 # V Shape
63.2708841466455 80.91062244062933 3.3761611940234415
90.84884179431431 52.985148453224696 58.74595426577598
26.22579242132429 73.1822649164595 6.369460579913766
46.86740039672619 91.57548880234006 68.59772108731018
4 6 	 # Alloc Shape
1 0 0 0 0 0
0 1 0 0 0 0
0 0 1 1 0 0
0 0 0 0 1 1

4 6 	 # U Shape
83.86384358962161 90.84666124050531 83.65592979441081 8.169405595134972 95.04362752755286 74.08466850637217
48.88957562115199 4.119707217373536 7.424183201517387 94.7190446557375 54.593223960820936 7.625327426231632
19.499670841320025 83.22621652482843 38.629130803264 1.323666275393054 49.74224734494038 21.53209609210559
87.27015541305359 98.12865781408753 61.700209203603684 75.36969186826003 42.6940884998562 60.4087688574376
4 3 	 # V Shape
97.35401998088207 37.513088796165285 10.122854018114513
10.849060650786846 73.71669686345108 82.87652993009993
34.077284869464094 60.55470186903622 23.889626150919273
10.217478554167448 78.83842141356911 85.07295416496436
4 6 	 # Alloc Shape
1 0 1 0 0 0
0 0 0 1 0 0
0 1 0 0 0 0
0 0 0 0 1 1

