4 6 	 # U Shape
95.69493362751167 13.720932135607644 28.382835295794585 60.60831843588289 94.42251360530422 85.2735541109285
0.2259233518513537 52.122602722029285 55.20376332645666 48.53774136627097 76.81341540644223 16.07167531255701
76.45604503388788 2.0809797952066167 13.521017836911685 11.627301740168983 30.989758449002924 67.14526452120026
47.12297782500141 81.61682980460269 28.958678353055355 73.31259776126706 70.26223552552463 32.7569476263423
4 3 	 # V Shape
33.464752910605576 97.80580790165189 62.45821117353524
95.03135246995254 76.74756506204888 82.50092532147735
40.66403018066617 45.13084114213143 40.06316273616736
99.51381603385585 17.75641759378893 96.25969030278503
4 6 	 # Alloc Shape
0 0 0 0 1 1
0 0 1 1 0 0
1 0 0 0 0 0
0 1 0 0 0 0

4 6 	 # U Shape
1.4498616011217602 44.3199569142256 56.87256981061398 50.06968045476531 80.47895388034705 41.02212119714822
4.858846643868464 57.132489087817554 26.408711905480708 69.35274547123701 90.98386663323498 57.33931548352338
63.653014232632565 58.07677765297908 31.37816480900576 52.63375387026197 64.57394108426243 23.321866574787986
6.113485604559465 59.18434924516642 55.19875154532527 84.80156059904505 76.15399142613265 37.39910542603765
4 3 	 # V Shape
54.331459873282206 95.44911136124836 12.939582494933521
1.7975962627419517 56.27371589961477 34.93463132204641
64.410883687405 28.17861581171356 42.52563612120112
37.94504577114115 12.93922910055243 60.332682945919544
4 6 	 # Alloc Shape
0 0 1 0 0 0
0 0 0 0 1 1
1 1 0 0 0 0
0 0 0 1 0 0

4 6 	 # U Shape
31.861143293176696 91.48499547333789 87.5246305731996 52.56047666878033 23.61717119784592 13.189463550063962
54.70604007681732 87.3712627595173 64.82279666620049 43.073219205941726 40.93321428493234 78.62786082732735
26.29882201764524 28.05147311477191 2.3047985152560013 67.24630103931936 14.318095630376915 8.235383414956143
67.11321572499907 73.83629439657436 60.09595106202001 5.3038993416061775 28.526613416216627 74.80523793909286
4 3 	 # V Shape
41.49245638684048 13.675786636386377 50.02392003735603
15.443210397949281 7.631773207340675 92.23506025234009
17.17782439777954 50.90689484736022 19.514725407753996
53.956154998721864 80.04681194925611 18.582839651038018
4 6 	 # Alloc Shape
0 0 1 0 0 0
0 0 0 0 1 1
0 0 0 1 0 0
1 1 0 0 0 0

4 6 	 # U Shape
16.989826093188555 31.680790068904507 24.17802357140627 49.09549698249829 54.39434095685136 40.545438708501024
74.24103131767936 64.37330157652028 65.93433507146706 14.922368526773322 74.65837898057559 64.14475956156164
29.82310292316368 37.58278953194599 98.86278651751473 34.45949402799181 34.34450006512751 61.36534543751032
61.839271273933996 1.3353422191246023 57.443279482706885 77.76794520796216 94.98820771377503 70.29821731000114
4 3 	 # V Shape
11.62057334478247 24.6601478123091 41.89386807175727
63.203154671383956 9.547025346487125 39.03092094231321
32.196758753072665 97.1325293927578 96.91823796114413
74.34179682255139 51.768929503546836 16.44799561189111
4 6 	 # Alloc Shape
0 0 0 0 1 1
1 1 0 0 0 0
0 0 1 0 0 0
0 0 0 1 0 0

4 6 	 # U Shape
42.86613565161779 62.984997895114034 77.62813342653192 25.981748776761393 63.89130692621574 82.67999751606756
52.13052583204294 42.44851388775528 53.10030378042821 94.59781226700603 99.92736621442428 67.09235888482614
78.95761370422827 98.15875546936368 14.155841215261688 2.6287019886786056 74.64427612241474 61.65880740404701
9.92046992760729 52.190267535715606 50.74319814786622 28.569302592260826 24.84384892748085 18.034918019694157
4 3 	 # V Shape
58.38230669751122 15.391860735096497 71.17275877052685
85.87524054520352 68.64413707981849 26.51296088121916
39.7032706867352 51.30160252122433 34.420422080479376
54.56023269980058 68.6116734830431 29.9692894993413
4 6 	 # Alloc Shape
0 0 0 0 0 1
0 0 0 0 1 0
1 1 0 0 0 0
0 0 1 1 0 0

4 6 	 # U Shape
17.781320137911962 59.54826276152517 17.473787912789952 54.48582579015414 70.77703333231644 75.56155826168252
55.04497465769783 62.448183695645 34.17021416606356 54.43558781306864 20.375106125510335 84.22327720569244
41.54121688300787 13.894023695206915 61.99329823170243 99.71593259304164 31.350395683565758 56.92835573906858
51.74725101399057 34.88339716485302 37.380861752883746 70.49617802582667 48.93081514417029 35.84642873847758
4 3 	 # V Shape
26.985632052183362 98.72867922695588 11.000377483237623
50.93625718579561 73.26303967816976 14.442982816442562
43.33835470523031 27.238950248816074 74.2779055019088
89.98904732638017 8.117513536809785 71.96175884244596
4 6 	 # Alloc Shape
0 0 0 0 1 0
0 0 0 0 0 1
0 0 1 1 0 0
1 1 0 0 0 0

4 6 	 # U Shape
3.948342177566533 90.54359547749587 88.90563808994844 17.868128271276497 38.79035282574149 90.763459414889
45.213155017341855 43.329313679157224 70.96122693669314 16.09021378512526 86.37518258393109 1.3862581448035205
7.409320943301223 37.59157430350842 24.93635229005202 51.26233448800741 14.348025691993172 64.16555013357215
53.91055037985244 82.9914175769991 26.912490795327514 17.10557216327111 52.64327644174463 24.185540873261836
4 3 	 # V Shape
45.62141122684744 11.648201134691927 59.98066280688502
83.66348926718696 91.23319112936716 95.06270720400909
58.152936928651386 51.46903058809136 77.67162119208655
67.20973260820745 16.378754066337052 42.75583551925739
4 6 	 # Alloc Shape
0 0 0 0 0 1
0 0 0 0 1 0
0 0 1 1 0 0
1 1 0 0 0 0

4 6 	 # U Shape
60.767475183650596 47.82043133828816 82.86244464591645 92.94254509519651 82.876510815628 2.676703691902571
89.02708182425278 16.429847990240674 33.397227460555825 37.73011594614126 81.82809341277971 19.805308691961933
17.602604697827584 99.24360529903925 4.469874434409105 31.084888578963987 41.15835711828919 22.52632537156383
27.060288082145334 10.721772670927464 81.1020665849667 24.59800877058115 63.38517157236564 36.04378901528516
4 3 	 # V Shape
0.4862687774620622 24.72208979412813 82.99071951997287
41.116032229476154 8.99145839845562 97.47374998493828
65.23622640319752 65.61555863113277 92.75162708400106
93.30226187676534 87.8256588886791 40.1525312295424
4 6 	 # Alloc Shape
0 0 0 0 1 1
1 0 0 0 0 0
0 1 0 0 0 0
0 0 1 1 0 0

4 6 	 # U Shape
42.92895897731217 12.32801745447395 29.77564612911696 87.16733040703059 72.371058508394 73.51129129438877
42.73451042443378 98.37138578781456 29.341799651052924 98.90772503799285 23.58187690175072 82.40099645738277
67.08017260938597 67.12339310097364 15.596943503902738 54.31630702040212 8.622274966110899 79.95057337216089
86.03629493067113 28.73678416526434 14.8573148891591 20.816121962468557 12.039949532268201 21.163301255736744
4 3 	 # V Shape
94.57283202399447 60.03849247602334 76.60723991419141
27.681539893338936 25.514437297942973 15.913573585227624
78.14761004527917 17.52325413706958 58.95883211368814
9.979331795149015 32.2677669468899 73.8462677787882
4 6 	 # Alloc Shape
0 0 1 1 0 0
0 1 0 0 0 0
0 0 0 0 1 1
1 0 0 0 0 0

4 6 	 # U Shape
37.59345000284213 64.15914441552061 81.9849483277934 41.079386760870364 5.569422850858851 72.18711990956557
74.84580251658825 8.25851050449934 96.52014170089565 69.85545227777622 27.50800691346198 2.105749951978264
22.307094539331906 63.61734560173027 90.10323969326824 60.78198962499777 31.154692619428516 13.95279097351727
25.14642165268828 7.7535497260021184 21.200504098311878 42.93513442057463 54.08107995079271 53.36664306142204
4 3 	 # V Shape
28.57745759417336 83.01454272758232 37.717829917706325
44.35812934730611 75.84228734361642 42.095817498773556
19.010468453533935 53.5932121376657 5.427072791693854
20.60025368971332 24.996844604545977 97.13883770283334
4 6 	 # Alloc Shape
0 1 0 0 0 0
1 0 0 0 0 0
0 0 1 1 0 0
0 0 0 0 1 1

4 6 	 # U Shape
44.22328606852115 5.159523738797889 80.18366190739171 19.024511681633506 20.971905185025687 18.63497625932975
34.484759781777555 0.8116182850531062 12.964919659576701 59.63193535446456 20.855665374026632 33.45373731967132
90.8137535680587 37.911492130067735 86.6771400880359 1.8645036501427015 88.67769747840647 34.95280842917102
20.176480858674616 96.84225079835952 33.047163535406696 87.64131448834078 85.95434950850841 6.813566238945801
4 3 	 # V Shape
66.0741488288538 38.53324071041344 38.131929935927836
44.82858349968737 36.5496748256473 61.780610587140515
36.18158482893239 72.18135354312413 30.916436401681402
40.15403243849425 12.548247873155372 84.0018319658635
4 6 	 # Alloc Shape
0 0 1 0 0 0
0 0 0 0 1 1
1 0 0 0 0 0
0 1 0 1 0 0

4 6 	 # U Shape
70.55401231839392 39.996106369163876 9.64306648490858 8.67692093329202 62.68875041838877 19.917743597210624
55.57707346379519 95.83857115421776 75.93918249492008 42.86142650139849 68.77992581274428 48.51266222208387
82.28700600126349 33.90999821466119 62.40255302208223 12.998630401233314 13.31179294914323 97.68748945190742
55.23894178319977 45.8037497772226 60.92191552183153 68.58545039525677 5.483858532683595 96.59078236972476
4 3 	 # V Shape
68.77884239097955 72.00196941979013 25.22914543114929
59.18436835793989 79.83813707704587 80.46607977051866
75.66496275701941 8.805543989599506 29.527218408689492
93.78180847893032 47.06007559345675 72.6666904983982
4 6 	 # Alloc Shape
0 0 0 0 1 0
0 0 1 1 0 0
0 0 0 0 0 1
1 1 0 0 0 0

4 6 	 # U Shape
58.02115475522125 91.7301872691846 91.1755587503654 4.332567078047267 43.0003881077607 30.693718503191935
14.320995763107069 89.28872388316744 69.20367410348861 50.75555700733092 38.57026758428863 7.114712630706843
35.97487389873088 16.324388715968773 17.719694172955524 12.825923582010368 96.89743213134639 66.24204237386945
72.52888353305758 47.98540633014101 38.39169255925464 28.881514033504697 19.532133974675013 93.20446605118859
4 3 	 # V Shape
83.89252236311454 15.651664180122605 52.480993777816174
60.81195195324904 72.49186558401396 45.15169992129281
15.153061512296361 36.0745397052102 93.75784544574043
2.4296476669721567 29.886778788255917 69.56588744749413
4 6 	 # Alloc Shape
1 1 0 0 0 0
0 0 1 1 0 0
0 0 0 0 1 0
0 0 0 0 0 1

4 6 	 # U Shape
61.139218037071466 21.913211640693696 30.641462947745758 73.4408213056018 52.385612743963875 41.899550436726116
26.350379668755707 6.476168149784545 3.21195255465363 82.4251667347267 68.69991113507257 76.5068419761585
61.79775381588708 5.680785679749112 67.68572042987306 15.076377028518218 96.50336539842161 95.23384434403167
96.3388160536898 43.44343322977491 64.45177100064583 7.855171112256675 88.72377126157872 72.65988860186823
4 3 	 # V Shape
32.1772037032992 50.72882061030659 19.682961162293534
62.96094510334698 98.90300165308736 27.324111688328056
5.57785873244473 9.453026507529117 49.27959093491514
88.51337820949404 5.011614634752137 49.81898071415804
4 6 	 # Alloc Shape
0 0 1 1 0 0
0 0 0 0 0 1
0 0 0 0 1 0
1 1 0 0 0 0

4 6 	 # U Shape
77.64027967050902 73.72280104206725 33.99025483756666 53.96785489692638 55.64478653910094 36.58280660766086
92.43603762183835 39.534121871041116 46.61604362455789 75.80007678268112 47.58797778707324 40.37332970173245
2.0772590142384195 52.918887034731256 80.8166504538835 85.26079606804284 39.801623083016494 35.55444403243837
71.40348976245726 20.869798146121866 36.56198051278214 24.064205784705795 18.886996887222274 60.44922281330006
4 3 	 # V Shape
82.10204065745573 35.85919789500419 35.17677484348597
0.0023291299199534876 21.052950189969966 28.018274839396128
79.53546831135354 63.08609148930773 88.76227948715311
91.03200846031345 8.07215111398426 85.34866512989454
4 6 	 # Alloc Shape
0 1 0 0 0 0
1 0 0 0 0 0
0 0 1 1 0 0
0 0 0 0 1 1

4 6 	 # U Shape
24.80926082053213 99.54513462113844 0.427644352758183 40.69325044894543 32.998274016025896 95.42931856243891
56.55157155514706 74.39607041801324 36.2569087725329 18.589540943159466 2.6615067011762195 12.975262059293458
34.31797746464612 72.75260195401277 46.26912376998261 70.10798181739247 58.04085116084441 34.095177425375155
48.72310207824382 49.69420624908219 17.025886084659902 50.815250919662645 92.38445035268107 61.58551016045146
4 3 	 # V Shape
83.04342643389904 95.1528151771571 0.4698225902617592
66.09263771009867 38.4294759639799 90.39131912217162
60.859191407840065 36.514931180397205 11.796143014557947
4.994184320059447 71.73687253620038 94.88963886191596
4 6 	 # Alloc Shape
0 0 0 0 0 1
1 1 0 0 0 0
0 0 1 1 0 0
0 0 0 0 1 0

4 6 	 # U Shape
22.461078644819466 31.91945065533679 65.96791804946285 12.312541012433986 67.83207909041468 88.1929645434025
40.708806914615636 4.151123411422275 78.42607699605992 86.09224480705113 28.26103103111781 20.853404836648302
40.082798496945315 46.32744258233307 47.6675653884821 93.23092012207084 52.267837951660624 98.62002304362693
56.67598599186374 35.587421870050804 58.14705510145105 51.393200628401395 63.950752638233965 79.19961085455398
4 3 	 # V Shape
91.23427814072794 75.28400716472919 33.4671693732393
89.5051474375356 49.396452109624136 76.15992461303247
92.92105845611832 35.941487423967644 45.95256159864888
95.05221286337354 18.49223080201744 97.94852976023645
4 6 	 # Alloc Shape
0 0 0 0 1 0
0 0 1 1 0 0
0 0 0 0 0 1
1 1 0 0 0 0

4 6 	 # U Shape
52.377610243113345 92.39633263644681 78.38145680029014 47.05902885479949 14.863797446864524 7.304610297035863
0.23152353618717258 90.54122794366988 16.75217351493673 74.34867721975274 97.85571333411373 58.321755216531024
85.3843573868573 82.16151011809336 94.16476758813731 73.78471507613224 40.99191196460761 30.798243022698323
52.75078388616355 32.37409471340074 94.47994010617904 8.71353037964866 19.672529954664576 40.32481806275637
4 3 	 # V Shape
54.95949839791854 58.45723604001796 84.10695153430464
29.984951785842064 80.48722490912587 30.73281614984268
29.552811284976364 84.28469047877142 13.944329208841832
93.53212444051651 68.67191238671715 56.2172980084089
4 6 	 # Alloc Shape
1 1 0 0 0 0
0 0 0 0 1 1
0 0 0 1 0 0
0 0 1 0 0 0

4 6 	 # U Shape
99.65727401737341 28.038291518168535 4.588186891572277 94.44459564919265 54.98618923843345 73.26869666525126
28.10433056542465 92.6818967496133 72.09709232600446 68.28267479347052 25.30515790520148 83.15887504444282
79.17656528294175 46.679453676388974 27.678367280986617 90.87988878978008 94.598033304089 53.938152682605214
31.477840672250334 89.99700513305989 21.75547174267448 59.92085402703595 64.71917907205554 65.98298600237297
4 3 	 # V Shape
46.31737456817879 99.41956911052029 70.88676076734384
18.253706548231296 96.32902113251721 64.51865535986745
76.72772453894495 66.53791515542424 40.3722046309605
22.585534250425642 17.310504894093825 52.36975817759117
4 6 	 # Alloc Shape
1 0 0 0 0 0
0 0 1 1 0 0
0 0 0 0 1 1
0 1 0 0 0 0

4 6 	 # U Shape
20.504320555122757 62.63289294866734 81.97227056661423 8.220855473259759 8.920665727465128 19.60801545827011
91.14300214533641 22.266932513983384 9.04839172597508 56.102411304278775 44.95206135764449 52.585033048615095
72.24312270600561 41.67474743979799 88.02415486356183 59.660861198157555 8.01026267694489 34.25631753039292
28.198709800814104 55.20042391158108 87.2181150876481 0.17719489795837706 70.74570847796406 96.94338762808978
4 3 	 # V Shape
62.341842561522284 91.12111094863471 72.91478719959429
44.07837919979146 0.23805598075620216 43.54984453635391
18.233571858729814 43.36548154245272 23.365476856917745
94.65170678078694 64.62874948776198 16.573840842650746
4 6 	 # Alloc Shape
0 1 0 0 0 0
1 0 0 0 0 0
0 0 1 1 0 0
0 0 0 0 1 1

4 6 	 # U Shape
88.09143265158622 32.82794887225893 67.65347983659535 72.86877722269026 32.047260471838555 52.04365916304459
10.989366844084014 79.85809678093722 44.522149738188446 53.42919616655044 13.277242825048841 71.91495804956752
64.93026081922677 90.28290645318279 58.867187535092235 98.3610105517651 96.93229361866717 65.98382865411838
45.29259726702101 81.93736686878103 70.21580183964726 53.84490666417429 68.73383603433449 90.57939128470562
4 3 	 # V Shape
57.260169472500735 37.50718720848163 64.25477259390162
59.62535184998441 29.156923328534933 90.10299590077821
20.665366596660164 49.22219702601153 65.99013045023
82.00117065609402 49.86108133056344 62.58502032502326
4 6 	 # Alloc Shape
1 0 0 0 0 0
0 1 0 0 0 0
0 0 1 1 0 0
0 0 0 0 1 1

4 6 	 # U Shape
24.02062924887769 67.53188075667691 1.4234745281166306 59.44050780413204 20.816369960162096 22.190286862070842
34.58641340459163 15.591441166983778 93.97187839242139 42.7269661095349 26.949585617296723 59.57540610745337
17.769800353011746 31.700592467013024 82.94713379770464 28.642710837222808 15.214236625670852 20.76880521341524
75.43596528167207 17.56374429014038 76.04544487008349 53.24766190602487 45.11926166471313 5.8272995979225195
4 3 	 # V Shape
87.60482070358027 38.409365572313206 89.82337010406492
88.65163563135802 80.79659026022678 87.40019435576946
97.05975226585791 45.264543021202385 73.74960943148494
18.897022601700485 86.86481472624915 12.442779942320826
4 6 	 # Alloc Shape
0 1 0 0 0 0
0 0 0 0 1 1
0 0 1 1 0 0
1 0 0 0 0 0

4 6 	 # U Shape
51.00456537051462 37.763597484131004 66.49587633330756 1.041178577773183 86.82682238748023 76.26604619516371
21.39938711193071 69.19149200178974 63.28783008917277 58.1064967091261 44.88925868686935 65.87392249709461
15.161607955216105 53.394803550559025 79.75157189598092 89.42761787866269 51.463037649904095 12.044340930189323
54.78559858680612 66.12044059783045 65.97141735392799 73.77905002724438 81.86539004177294 97.70660305209766
4 3 	 # V Shape
90.72944906316613 9.4417320293398 20.021831725609363
92.05258641339387 1.8877589962135177 64.98659852688286
66.60138963691558 60.75718119288291 75.29279419666133
58.67701208518924 33.37494282861477 73.90739745866809
4 6 	 # Alloc Shape
0 0 0 0 1 0
1 1 0 0 0 0
0 0 1 1 0 0
0 0 0 0 0 1

4 6 	 # U Shape
12.846714348307387 97.16458886397909 79.46859664784513 17.773160061258466 56.84835495771065 7.800890975713825
43.272311604708634 64.84871279901542 44.02887393758378 27.918150115932093 69.78915304917078 71.6458220229903
11.218559302826957 67.45585205675451 80.77103962229553 68.16276775314812 50.75259905941697 85.82620140488999
51.96549705849498 98.4072508526486 71.0004653302284 46.056659778698894 81.06982837577414 88.32779729828783
4 3 	 # V Shape
87.49497942658309 39.5390098310535 23.205995371887077
68.00383776967037 68.11960717623896 88.60354610455559
49.79262116583318 89.29883501302501 99.54084094391979
42.45682792811372 83.04277738799463 48.97735609379609
4 6 	 # Alloc Shape
1 1 0 0 0 0
0 0 0 0 1 0
0 0 1 1 0 0
0 0 0 0 0 1

4 6 	 # U Shape
98.09411037081918 67.29184942390526 26.90454633263132 21.60900053969944 19.79990778228684 29.948814521196354
38.636408888823716 44.25942439782734 54.714892999050946 1.844823796126338 83.42527254874467 13.293451674674406
5.316272687703738 83.22256695390261 12.338928503181712 8.535745883593904 76.89506253382858 24.74602564670194
48.75353908040634 78.18870426657448 12.382217950613573 93.88584037199811 44.03386758530531 22.23857829973336
4 3 	 # V Shape
78.9451985895916 14.955977951518207 63.9628106687662
59.07703579985106 82.04065822266104 92.21236870100707
49.23451918633474 73.13996681879703 42.87059100353011
43.338026418229155 14.324850242264354 89.63856719852514
4 6 	 # Alloc Shape
1 0 0 0 0 0
0 0 1 0 1 1
0 1 0 0 0 0
0 0 0 1 0 0

4 6 	 # U Shape
72.52082671857806 27.864427780137092 3.4293510563869423 39.42023851050762 14.317669493889218 97.75546325899975
50.07912382164703 71.95747699517273 95.08792632232321 59.32454346698909 55.39658149963272 4.247743156759142
85.99283824788596 2.444230715623563 97.15745773367821 94.29063962156003 99.63560075320879 98.94248247418751
55.57692714547199 79.86049986628176 12.488970808785938 30.46430713386443 86.13684075068781 13.387285652517388
4 3 	 # V Shape
93.52350372979107 72.52873005429767 18.3084516575029
91.15130975258322 0.38212191593691713 6.250217798988578
12.954449899431374 11.118176016574777 91.22017568083413
53.30566791041521 40.746698143220996 24.48873439646888
4 6 	 # Alloc Shape
0 0 0 0 0 1
1 1 0 0 0 0
0 0 1 1 0 0
0 0 0 0 1 0

4 6 	 # U Shape
51.35685432856023 51.20503889452015 18.302454277155753 38.71609288174243 83.24263845458371 83.5332323451199
77.66612658530485 11.909601272324089 63.00849750214 87.69002773422048 90.46220910454973 43.95141607990099
86.26310878466855 28.50004280367949 30.305211068286564 55.18987475980922 87.5699601975807 78.71453903394735
32.3669018707884 52.883147521161725 92.25025618403538 47.58708109610112 15.022627686290823 13.60336855845371
4 3 	 # V Shape
63.13996415814213 49.76295576283817 59.12285256641532
32.84515104903939 38.70161291792894 47.34763663326971
86.04029124886623 5.720363896266689 50.85777903984293
69.51465712693383 87.39045971283568 36.581898591693474
4 6 	 # Alloc Shape
0 0 0 0 1 1
0 0 0 1 0 0
1 1 0 0 0 0
0 0 1 0 0 0

4 6 	 # U Shape
81.29603807981682 71.98719782227973 42.75203761531387 31.887932044027668 33.53055134809602 37.00772274583174
74.67166575101636 30.139536815115374 70.8240323473996 61.39758947906373 79.6217828090473 80.89079037162062
17.128571631200984 15.652697928067239 12.60578309735687 34.071302878724474 52.89980904940338 18.225652276695026
5.512101362369403 80.82665290171991 35.27579864613286 69.04828484295669 66.64703044720457 29.961511116392703
4 3 	 # V Shape
26.09874430423238 47.89852977170174 1.2341515678240156
30.597559480814052 38.73762064709627 48.996422340378906
9.165881748144301 73.18900704632391 89.4389076266026
99.17835465517616 53.90040971026095 17.720237737203213
4 6 	 # Alloc Shape
1 0 0 0 0 0
0 0 1 1 0 0
0 0 0 0 1 1
0 1 0 0 0 0

4 6 	 # U Shape
69.29254893646231 36.64015089368652 56.45685536066834 35.875738092651765 88.46013247007721 42.35505793101568
89.33142806149472 48.448811395792 66.16035426657484 27.183116674818653 41.55397559373581 9.781357888467557
14.705543815918464 94.69831571941339 71.51380100768708 63.183468691874744 3.937942298188346 29.558246050304426
55.50343294927813 47.761967657293845 32.17280235811978 27.175200735842242 60.722442121405926 8.702255285743355
4 3 	 # V Shape
25.174029868322712 74.27782885833149 91.22999710269623
49.76546405754755 84.63279439667966 6.068575273005528
19.840948561712104 37.503388109485236 0.10613299765385165
46.53054957352 23.829302395801154 17.44633618220052
4 6 	 # Alloc Shape
0 0 0 0 1 1
0 0 1 1 0 0
0 1 0 0 0 0
1 0 0 0 0 0

4 6 	 # U Shape
14.455677109173903 26.555565385297065 55.002233482358996 88.14455180731815 44.027951566124244 21.114389643455155
85.77367745861291 61.74548883631296 59.559341529692965 31.02185487602207 62.18110106009996 50.315911435340276
76.0453773445558 24.347730508470832 80.03834607717104 50.08293070550851 33.85939723609464 11.674034494255004
74.688384431907 60.83159841926251 74.23888766408238 26.783677973356756 88.95659477505427 82.18424935253248
4 3 	 # V Shape
11.07732764980861 58.08103497643182 81.36353569094895
46.8400123049733 56.61308448567382 51.44090255423469
32.9914504206416 62.977478510413356 36.56485822466529
48.803218739751294 43.42676937176528 77.79352844645412
4 6 	 # Alloc Shape
0 0 0 1 0 0
1 1 0 0 0 0
0 0 1 0 0 0
0 0 0 0 1 1

4 6 	 # U Shape
78.2554697971459 53.71271033620153 29.867145308366183 8.495267615718415 6.593194461186913 91.75849076534699
76.31128414575477 7.473564938237576 85.09451240481565 23.679962362451747 99.98541427616755 12.586895600301418
2.279582401657765 0.9481732843290902 49.63383454241873 49.573729444453676 55.37951708433659 49.056151443334585
88.3514405744234 45.577885440749895 0.6254835815020399 63.961986128933404 90.43339317400316 95.46455795965923
4 3 	 # V Shape
76.80683567784207 88.32661091894846 47.84030580800726
54.23091301229221 85.5295740261051 51.49156949436461
87.20873314319624 77.9723307095616 89.50240212042576
49.29026990629819 38.12592789705889 47.72698291335219
4 6 	 # Alloc Shape
1 1 0 0 0 0
0 0 0 0 1 0
0 0 1 1 0 0
0 0 0 0 0 1

4 6 	 # U Shape
85.28195496862404 51.29189627290276 39.062412270080216 60.738086534823246 70.90444860622662 42.381934578761495
94.62640876849264 5.786990897787014 79.39616658507796 89.93267726601832 80.82966819986275 21.332377485510754
15.085935451996612 97.15894291541076 64.14786733029935 5.757812222336467 4.683980669311172 58.68515937770623
35.72467639917741 37.43504504430623 22.85496489811504 18.825506321767136 57.03114947692099 96.79478395319214
4 3 	 # V Shape
11.007607149534104 56.405774990201415 29.214004786225857
95.8462200313717 96.44099350030973 98.47968141127248
15.945007613925032 25.120260597112765 32.70461534363564
34.6577778304731 51.08963115531392 70.59686330324631
4 6 	 # Alloc Shape
1 0 0 0 0 0
0 0 1 1 0 0
0 1 0 0 0 0
0 0 0 0 1 1

4 6 	 # U Shape
96.54087996515216 42.603524111351334 59.780883635145074 51.92973749714302 23.11199916467883 28.572575729489415
55.202276837306194 80.44632486176295 87.18864850537832 55.042866281887605 71.66173340595087 25.825363673711987
87.17023945506307 34.45038703836997 65.72090698965204 35.42721054736161 43.01201577777037 51.613081097988115
95.16150881323549 53.958151644602225 11.203590908801864 42.70447690993122 62.541748034529284 3.354436529128646
4 3 	 # V Shape
78.53337623962585 89.97409142278859 40.84755440710598
68.60877434683294 82.99845898284529 46.51509325779741
85.64571405188612 62.6252891478351 74.7862877624899
20.635930568287076 82.1170309368942 8.786160804760845
4 6 	 # Alloc Shape
0 0 1 1 0 0
0 1 0 0 0 0
0 0 0 0 1 1
1 0 0 0 0 0

4 6 	 # U Shape
31.299451440431813 95.08556466638547 14.388680636789609 94.98584968500938 19.603642252196284 10.67492376010286
90.41136273084707 80.25593647877815 55.95225691562173 7.363294235522877 27.117180683405838 80.9437599477522
14.948792130431599 93.70675999571696 22.744518809799217 1.9302366244138058 0.2327750602396983 87.01374913333188
95.02652624838932 41.668965051814986 12.02261122069107 23.057338673076 92.62964904859582 75.52948749451336
4 3 	 # V Shape
51.2613498926788 79.75385055765048 11.551437385170493
4.53776299978379 44.05638063666682 91.17431313737649
71.18317480833339 67.19357337561388 34.39263351393479
63.98251157637396 15.23917633310231 47.6314772142694
4 6 	 # Alloc Shape
0 0 1 1 0 0
1 0 0 0 0 0
0 1 0 0 0 0
0 0 0 0 1 1

4 6 	 # U Shape
2.8091318651062624 41.028131402899284 64.63548566013529 85.32038506727285 7.237398904404923 3.665298283429308
64.04978610075415 23.317534546050524 45.107930635708726 71.8628153230472 92.5594279735413 89.86934877555551
7.302765010367396 49.16350395337202 8.225369872816756 45.733631072272686 48.412868552287534 32.90942248992504
18.704035719576474 46.95584768487172 17.51663042727123 48.87640616071016 73.40273692677151 97.06710401482454
4 3 	 # V Shape
23.455694525508687 22.48585716819752 42.8173601673401
16.440811621722386 15.244267389588872 29.21584024137558
78.72121943297155 27.641035859591724 24.904797516698718
99.7110075026289 86.82621530287616 64.1474608657545
4 6 	 # Alloc Shape
0 0 1 1 0 0
0 0 0 0 1 0
1 1 0 0 0 0
0 0 0 0 0 1

4 6 	 # U Shape
75.71657875657584 0.8177971394228822 23.02169782354445 82.74623545337873 32.0247340467178 35.80925087446067
12.161949777499192 20.70718437936708 83.32213463648675 93.34811133603968 97.43439567945316 89.53098575419534
19.75056299350082 42.696996098717676 26.106799764914268 69.28876878868647 73.87099984571154 57.55096480987824
39.35509949373013 27.087424258569236 81.76348762720686 12.807383598781064 10.851138830865391 13.049767934995792
4 3 	 # V Shape
20.665853899480158 42.644865761911255 7.596547349521798
70.07490866511796 27.785182264581564 76.53316530483343
34.67724454797298 32.27769769793854 55.83536376206093
7.647442681799621 24.746207037599522 60.00704189079327
4 6 	 # Alloc Shape
1 0 0 0 0 0
0 0 0 0 1 1
0 1 0 1 0 0
0 0 1 0 0 0

4 6 	 # U Shape
2.4220760828632892 97.4122020587236 44.618734324795696 62.78981724592724 11.742142928495003 74.3228709952584
45.68565788866867 98.24805818798798 68.07660392817135 46.49495297727137 16.160161575531095 85.31603840590441
62.36918563870306 28.487615641122265 89.66137280560189 99.42493095629743 15.25149643424093 90.28488448128815
56.87316823299806 22.19867139855145 6.273081703775074 72.75537480006886 1.2333459186922524 91.61737966807868
4 3 	 # V Shape
10.817165860258937 61.15424461918687 30.926521698519437
79.1426442141872 30.718339249128114 8.039954081197088
15.119607421091786 98.49207747724451 97.43846796801151
44.18955755009571 68.21377458006891 68.32888415190826
4 6 	 # Alloc Shape
0 1 0 0 0 0
1 0 0 0 0 0
0 0 1 1 0 0
0 0 0 0 1 1

4 6 	 # U Shape
79.02225900616803 23.9042241751382 44.366133147512265 81.99137460646327 34.00060892764781 22.59649168543024
1.042840324638139 29.70921789516755 60.991923644398646 97.75687109717187 7.079658464233141 31.656499554626116
45.34834814690455 92.26278448655717 80.05672970428544 59.568756449941354 54.05748880266737 21.728899988152016
13.600245929717204 24.481305612255245 99.82197359233125 25.50239638844577 10.589323680061346 61.599517025402406
4 3 	 # V Shape
55.79185644887193 48.15325937716766 25.03198750379535
2.2674193968150735 58.34716444016353 65.35604544645702
32.204170463129046 20.10830038734335 36.841900017024955
14.214075558182039 95.6049141538781 58.14111624510557
4 6 	 # Alloc Shape
1 0 0 0 0 0
0 0 1 1 0 0
0 1 0 0 0 0
0 0 0 0 1 1

4 6 	 # U Shape
25.526960380882326 23.55853241362911 3.0212969802915213 38.79208070626014 67.91958469009283 2.822125330337999
52.12813326797322 45.461717851475015 34.48117016531671 9.30932421388777 10.471772650725608 32.85239032485112
88.25418023370672 88.35863709706466 51.196724703154295 1.3128026550336513 21.864648964904454 40.66873091839456
18.030528325841843 93.67429833809753 75.80462589664934 31.748523538591066 2.171168567512094 51.76333712521192
4 3 	 # V Shape
34.35633316817548 76.14165649639612 55.492393531042126
72.93236899682891 12.764571650904767 40.134633417860414
25.656818083201948 26.665809794686123 63.24570909349416
57.903625856525935 0.251218600396208 34.57675021035356
4 6 	 # Alloc Shape
0 0 1 1 0 0
0 0 0 0 1 1
1 0 0 0 0 0
0 1 0 0 0 0

4 6 	 # U Shape
37.59265847905594 18.27998609500433 77.74535784160386 7.932652381420424 53.17547243492127 71.53421660181054
68.80043395852479 80.5671011741422 49.15158093858232 9.429711686766451 4.7551990931078425 92.18185117929207
28.595160550367403 38.51723284486166 84.20276633358455 85.85721772771943 4.385095552500806 12.201863199444263
86.76038303563111 76.13823882326875 98.88976387212684 17.251139443774978 28.04574901390233 32.21458547164132
4 3 	 # V Shape
19.805199019220964 14.081810299856057 51.88525076412507
86.92410311879841 74.49990661799629 94.35554535553152
66.70573771162974 12.99405011943099 10.548116155482534
59.036290618597675 37.66549887230665 57.604734238509614
4 6 	 # Alloc Shape
0 0 0 0 1 1
1 1 0 0 0 0
0 0 0 1 0 0
0 0 1 0 0 0

4 6 	 # U Shape
8.02135716187573 38.15770681154977 60.27459397174096 29.414125531545654 56.90305379258071 98.7942628734259
78.9194856061587 44.628487538155525 94.1372834018823 16.314475901191173 90.61907023685254 34.599182687195636
95.80238928522397 34.18224108226712 6.536343679386225 68.47562207954617 18.417800983435704 8.860558852332046
43.74312118747433 35.55757343282783 98.64086402317102 89.6095020404154 42.10602506003329 72.93931125773805
4 3 	 # V Shape
51.172312170922176 99.98853659465428 79.9294922746446
32.10296448321029 49.08626733066297 60.16647653176352
13.676574393917939 55.60002095392409 11.598690699906744
66.23406075775313 56.14003048166255 23.308688057924375
4 6 	 # Alloc Shape
0 0 0 0 0 1
0 0 0 0 1 0
1 1 0 0 0 0
0 0 1 1 0 0

4 6 	 # U Shape
26.164429351038354 45.794783286959465 68.93377527418549 89.64895068551596 81.11423890637954 91.85107490650698
56.43239749040746 45.21722178123693 33.26424216842675 95.85648244148416 66.71425834028099 71.4985796922405
0.33938496366685555 70.28956878143153 63.51418777237765 95.00024126211991 53.637195853050045 99.94796312524039
32.63553766640257 53.74947209998718 26.000903044686297 12.512476394662364 51.282253184922176 56.65007578988824
4 3 	 # V Shape
13.704464720249964 93.55843129530473 94.07132744656121
28.741165198333583 88.10353060020545 15.71580268819519
83.81255705748623 23.997477403232416 97.01254012625736
18.860145913546724 84.78319744466786 19.627609311119564
4 6 	 # Alloc Shape
0 0 1 1 0 0
1 0 0 0 0 0
0 0 0 0 1 1
0 1 0 0 0 0

4 6 	 # U Shape
33.18426321124874 43.68915309018276 21.290726926112512 21.897338152918767 14.34573945934069 89.32586626084962
20.495285313434774 0.990181971828763 43.202340594626875 1.0594400390133818 39.32947057722585 65.25701781013633
61.94412186639894 58.811482544704816 99.39346951735459 60.73586199942025 8.469062379215464 12.39092214817904
58.660535718999604 19.842503337617188 82.67117260086471 37.832749815446974 68.46835500282499 1.17114576017745
4 3 	 # V Shape
13.725209929802284 93.48721833348355 6.100854851341387
16.042181792965472 61.28768495070979 62.22851948139967
22.178486310088708 86.60719645456938 49.66527025748155
32.546173651681364 57.36846846897612 33.352221347216826
4 6 	 # Alloc Shape
0 1 0 0 0 0
0 0 0 0 1 1
0 0 1 1 0 0
1 0 0 0 0 0

4 6 	 # U Shape
6.7725091520809855 83.77791528598547 79.11067402216428 4.300724753878438 64.89867930468543 49.3920409977524
96.06474666927375 96.96769044816588 23.783062475398864 17.716046804590757 1.2887333841340443 61.94773496889645
7.792242168190889 5.1507758210805665 64.58735229686383 39.940887253132374 46.076342707823514 12.048992262417158
25.444993726312404 10.87089662115357 20.308846281887316 52.56123131568852 81.59760671069739 21.852787719323487
4 3 	 # V Shape
60.124844609180926 26.094086417893802 11.561615912091982
17.469536397329666 28.14226852291244 98.55932134333806
77.02509232918234 25.93398810340133 10.013213521013098
39.058663863426325 63.67884917898758 41.479645146960756
4 6 	 # Alloc Shape
0 1 0 0 0 0
1 0 0 0 0 0
0 0 1 1 0 0
0 0 0 0 1 1

4 6 	 # U Shape
32.410734754909875 82.70345090091223 39.32273600229045 79.77691492038346 28.757367645800503 88.15138940673684
80.12610357617619 21.572942300974816 72.6352535925425 41.898277874315745 5.998243797722358 46.583773300214546
1.6144622851663515 19.848386052085154 81.25725338986986 77.92542308751857 27.72467900977089 51.28316426841489
55.16724187113834 29.9832185457388 85.38180450427191 75.26371472606658 22.36568801597206 49.63524141134411
4 3 	 # V Shape
73.35294619949514 33.027356917133844 88.6347004251822
94.51454382240495 9.84141341494038 32.761412122137315
20.59293540088831 54.34011176261156 18.180248651545185
72.67628642284963 42.708815539516586 46.027712676133326
4 6 	 # Alloc Shape
0 0 0 0 1 1
1 1 0 0 0 0
0 0 0 1 0 0
0 0 1 0 0 0

4 6 	 # U Shape
11.46254202403595 26.675439499727858 93.44659108352361 57.30454182727873 1.816124200648106 10.677652705546292
79.01213916732654 40.068591447653866 18.133946041529114 90.09948796594917 89.72313122754483 45.10687949037882
22.157143616730046 12.150653421470793 90.75876848049961 84.24393106471062 21.893136617754482 99.71475948156503
78.74520295409025 14.026978072648033 48.5387365078198 70.12967585002436 35.3058348825105 63.551545053958414
4 3 	 # V Shape
16.985410359161733 2.927585210826078 79.11384029768541
15.042609555416753 14.411663407226893 22.4226924739109
82.45185713335356 16.899734274674362 83.9184441883481
30.800157386377357 91.15359208033675 54.67320058559447
4 6 	 # Alloc Shape
0 0 1 0 0 0
0 0 0 1 0 0
0 0 0 0 1 1
1 1 0 0 0 0

4 6 	 # U Shape
29.19125948452177 80.61467637163847 64.25724227405122 48.82089371719181 29.23321304615898 59.57703069617902
23.40478700921851 46.077606707722154 62.77901828826735 40.897511555769924 52.876244347934076 87.81891801335223
36.31027508951168 28.94356767740379 10.710687406103025 5.0705794414172 72.64374822521434 90.15174577066422
34.41070134215338 13.668326989102175 22.002552729220938 63.54319769383506 9.559605770819113 22.808769455270863
4 3 	 # V Shape
82.3205239934072 76.06864540751538 97.45735550838035
61.75611242928495 95.77635139503535 64.44399612052808
55.69528967089011 71.56908700788416 90.52419628162728
10.697402018308043 34.65833515332789 45.4012029779565
4 6 	 # Alloc Shape
1 1 0 0 0 0
0 0 1 0 0 0
0 0 0 0 1 1
0 0 0 1 0 0

4 6 	 # U Shape
41.73572472776511 80.32573073226469 51.19957903607354 26.57652309544366 33.0868293564252 31.986063124478935
19.244032585749117 37.39662382088945 17.51780232693093 75.42571381188795 53.81364797917876 16.4307653372445
33.07800603896903 21.700599975857827 65.0826107615066 56.59682657178248 44.0265462647823 42.74430666767965
68.90620548814016 18.48260368126018 67.99386288910553 13.44721189692607 49.25547358169487 15.227574728410598
4 3 	 # V Shape
38.03274775663442 43.064870213110254 58.90582043594207
14.248579079028767 91.56633813757105 27.72546898158319
2.2349613547322567 2.449691866012793 26.06572811629484
47.364764973463345 96.32814774097234 80.42831571728301
4 6 	 # Alloc Shape
0 1 0 0 0 0
0 0 1 1 0 0
0 0 0 0 1 1
1 0 0 0 0 0

4 6 	 # U Shape
35.58236516481126 88.34032888325693 34.54610684023187 60.143031252143246 44.456775768487866 66.23048990569069
40.88276841954117 74.89260151175789 16.609053465731073 97.66892210699615 90.17218836985786 45.04521444141181
15.79504212770102 76.29652444747315 33.25968580479805 66.92496542279333 22.645179916861647 47.84813748480124
72.79189589162264 98.73570725323061 29.644562480012958 80.3900216977963 17.543003772022935 49.68540887671454
4 3 	 # V Shape
41.742132967612264 31.35311892464707 94.89570827451223
52.982225891420754 17.44826589293581 79.69936396042068
75.53076615611599 27.689649692179895 10.349912092824798
5.016219919057818 26.373440860212128 23.074728956737633
4 6 	 # Alloc Shape
0 1 0 0 0 0
0 0 0 0 1 1
0 0 1 1 0 0
1 0 0 0 0 0

4 6 	 # U Shape
53.4134322206633 60.5244052170848 14.278844583557614 74.59634023974901 59.437440377183094 60.42359616682469
6.122977671991514 38.69408899075428 16.325557404981282 14.801915207873762 46.11227413709915 24.947510892458723
84.99517643340457 30.55654589439336 5.622896743983031 68.74694178978925 40.793979672138725 0.01444142111519664
66.34096556971275 80.6963718541058 5.382198164103658 48.15752227537612 68.25475977076958 19.356115407052098
4 3 	 # V Shape
18.318782189152284 86.12951068837518 20.063092305893313
56.05738398555692 61.32648373632305 83.64997593518696
0.7355722724116553 69.91089030434405 35.55765658836682
69.00459007446578 7.4840334893439 63.25327860495672
4 6 	 # Alloc Shape
0 0 1 1 0 0
0 0 0 0 1 1
1 0 0 0 0 0
0 1 0 0 0 0

4 6 	 # U Shape
61.03210998800134 34.485104204320514 51.590883502149474 52.88471650812845 11.378501151137755 86.54358151695472
73.60783417635983 11.681236977456821 36.33811171979334 79.6882626511245 99.9517476848064 87.8310897645137
36.274979658740456 65.92713110214021 20.89315181203514 67.13477021890117 35.746114464241174 7.793451006896968
0.45252668369452076 10.199815484129871 19.43824175457075 65.5053989547675 87.11314199420109 48.65556559721378
4 3 	 # V Shape
30.257421823378827 3.7728283332351564 33.10334972011477
78.26180238595887 45.91792094974546 75.87790011587573
22.82384083761301 2.873800364697965 52.44878417202684
1.1840529917012788 53.428875247364374 9.164518523295861
4 6 	 # Alloc Shape
0 0 0 0 0 1
0 0 1 1 0 0
1 1 0 0 0 0
0 0 0 0 1 0

4 6 	 # U Shape
68.124574671843 17.782140240787015 71.11199778859566 84.57581279501926 57.90211450688726 85.08107333848312
30.126285168759935 96.26583300694949 11.250581186292784 39.2566560492774 65.50383606891239 30.736432073755115
57.20938613980935 13.929580597442826 99.29160402018995 70.82628380275438 76.4353699405972 97.32144649499672
77.91669559018105 44.56744506967168 9.420847324041926 90.53286602456475 89.47674503788346 84.66520842466943
4 3 	 # V Shape
2.7691628450659977 55.694724909327 35.001748946511235
74.250121392501 11.02492989802254 3.246048554326808
28.989812922811787 38.206538161176695 23.620797288419027
60.302042697041436 46.80707824404905 28.148523302252205
4 6 	 # Alloc Shape
0 0 1 1 0 0
1 1 0 0 0 0
0 0 0 0 0 1
0 0 0 0 1 0

4 6 	 # U Shape
39.7500278229208 16.911714032233284 9.495081574587982 53.09227120800626 93.25822196597682 9.570718510434617
29.587937375078333 12.603828257020622 32.654427661537675 26.571185348564818 59.099282472556084 10.326562211869527
44.16395696470812 50.60828851305441 93.46118871281965 28.270059843471728 66.37069221424274 53.68467436703652
36.70448485976525 24.230122076813398 43.92440336279755 87.68901019795547 61.12020590450625 46.265729105507766
4 3 	 # V Shape
5.542893491396262 33.693841898074474 26.37192705504211
2.9265066252926686 65.1291989409081 11.185387112007506
32.6708216193698 67.68113381047957 88.21214197704694
46.5665887386726 62.953412094125696 47.347175707588576
4 6 	 # Alloc Shape
0 0 0 0 1 0
0 0 1 1 0 0
1 1 0 0 0 0
0 0 0 0 0 1

4 6 	 # U Shape
30.968083477316245 82.95103641301024 72.908171705166 59.79045458271482 95.46546326282946 4.5162077638326465
70.80478109533139 28.33409092280914 17.24568794105058 60.94443656101757 31.401237531509963 68.12847257743387
64.49405818012175 63.085660694632 41.38506725787165 93.20061709627235 70.97356780436004 4.136763668766497
13.52194970567987 55.199640686586946 78.79388429245245 90.34432967894254 15.2832918152505 68.86228004704186
4 3 	 # V Shape
8.371782163047637 26.924624945345123 12.749410685242268
31.00375345193822 63.212493269286675 57.337427468298344
28.665168459267587 51.3692995247013 99.57314536705661
18.771516784492636 73.97769709139955 1.3386405046123095
4 6 	 # Alloc Shape
0 1 0 0 0 0
1 0 0 0 0 0
0 0 0 0 1 1
0 0 1 1 0 0

4 6 	 # U Shape
16.899937621145433 55.57827076718903 82.17407594501654 72.48902752156596 72.39652118757573 69.0963113614032
35.13515627137965 19.830476514536887 63.44788801406066 67.44491805821683 69.39496756471682 11.923359634211062
13.941169780284014 76.66132492926566 17.355689924735383 77.05182687477591 72.85067830345712 27.347934294558684
38.87334640089026 56.269214428726144 99.21595920101167 46.25787478874005 9.417445955592484 3.185167070604167
4 3 	 # V Shape
81.33046800817617 50.664514047951506 61.94699954154841
84.85839617623367 45.14654499029077 71.39994921507338
33.777538449527064 10.830863463633833 28.725487538599292
12.19393086789241 73.86031635437425 93.82913460485659
4 6 	 # Alloc Shape
0 0 0 0 1 1
1 1 0 0 0 0
0 0 0 1 0 0
0 0 1 0 0 0

4 6 	 # U Shape
9.212900250036215 64.25251111316344 13.204580544990907 36.0691539304842 87.25574422117742 90.34404045735923
24.27733873201773 3.464881940624387 39.49560329330131 97.07058705392606 67.91090457438332 81.77076768203233
84.241754580682 11.090043727077648 83.77354873475831 82.90456482097167 26.335347269186883 36.1571620364593
31.106990048078732 10.78753907252501 0.35416915268604576 74.96825735116221 65.69301796536848 24.032443140092862
4 3 	 # V Shape
44.87032596920577 74.36685076426545 15.263633389634535
72.86189614909826 84.77187830556639 12.937211226111579
83.92363518420281 25.85428434346889 61.82433322592122
22.303882139597498 21.438024432448522 77.2593454953306
4 6 	 # Alloc Shape
0 0 0 0 0 1
0 0 1 1 0 0
1 1 0 0 0 0
0 0 0 0 1 0

4 6 	 # U Shape
54.139760272319435 29.74159016192226 23.55524351547037 15.192170665638116 44.817884500766695 16.135569665894412
79.77669138421918 72.15354809178069 62.53172214923285 97.16696479691474 44.36995804589669 81.52930319020776
94.65081837031943 96.7267146950006 68.76305246784004 52.29529882537211 37.549930817286395 34.91821237032179
36.53037227147553 13.718786728957056 65.43676359978497 4.588326857225966 59.26579526617294 62.55121204684409
4 3 	 # V Shape
81.38891950562088 26.15075693014881 17.868581337429777
85.38493868735277 9.385936877190993 4.063336420042962
68.44896179290483 62.579442315534685 98.32426191825017
93.88864180433272 71.88895041207397 30.85102751226241
4 6 	 # Alloc Shape
1 1 0 0 0 0
0 0 0 1 0 0
0 0 0 0 1 1
0 0 1 0 0 0

4 6 	 # U Shape
59.59085625616897 74.18672583552485 36.436874227141935 2.2318331683270243 17.907299799954234 21.178621504635665
97.8965425141722 77.48185066836025 29.12205217130882 97.74740030382006 91.96818180416886 0.8150053335385543
13.961730054457 95.88714995437476 97.08942485667063 87.11936852278198 60.79959820915592 78.70044724961124
4.488983853650086 26.26833274181952 88.28170550224996 33.5597189856192 69.9135807180433 99.02559510643621
4 3 	 # V Shape
23.32114513284228 89.55903006930252 45.70143326293389
23.323459209618992 77.22267094157476 93.30899581195494
48.920252578497646 82.54535069593905 84.83353762931846
77.09126075203908 69.22155115090057 14.354047004979542
4 6 	 # Alloc Shape
1 1 0 0 0 0
0 0 0 0 1 0
0 0 1 1 0 0
0 0 0 0 0 1

4 6 	 # U Shape
48.30243865130254 75.05944172397304 64.65914868241406 44.757422159566204 16.248047115308527 78.88531925053822
10.243187171173208 15.675523036468885 68.70503222483543 96.51449912549548 91.26419410605192 66.43280451646247
76.78047741857785 85.97634473975975 13.803959458100179 49.42850424531194 65.5497902869337 88.45345065848136
86.10727245532117 70.6521253467545 40.73309685308351 60.55346442416276 2.897545990133521 15.496544556892712
4 3 	 # V Shape
9.115259814282584 9.852784178654472 17.197643873275403
34.37171157504524 79.85985554979905 39.133500622306904
92.05915848535645 49.74904298161149 42.20412956422375
10.47223441609696 97.43796743752011 3.951377277681223
4 6 	 # Alloc Shape
0 0 0 0 0 1
0 0 0 0 1 0
1 1 0 0 0 0
0 0 1 1 0 0

4 6 	 # U Shape
94.3902041802959 45.52764865245015 41.78063486414063 21.976962180807924 70.224388610904 4.65547215835167
97.74204903893624 59.24564372436969 70.67453024704267 94.6231700839577 59.38675262774923 66.69883729594727
28.577890359231027 16.06887384365231 32.51392923133911 33.42056458380876 89.09047525240496 34.99819102806775
88.65711651321172 79.92586157047943 49.97349064632747 14.581872742133628 1.179446810659801 64.29928500981869
4 3 	 # V Shape
72.44292358821696 73.03119779992771 45.059212841937644
40.30936508799332 83.0753770577944 89.99903640356482
1.7640968786483135 48.60126703983217 87.74534631414099
1.88316233022926 29.304876735515638 1.3395677000956008
4 6 	 # Alloc Shape
1 0 0 0 0 0
0 0 1 1 0 0
0 0 0 0 1 1
0 1 0 0 0 0

4 6 	 # U Shape
66.02954636238204 60.7354929344746 5.007582853742621 3.158249510752864 20.28587649953031 92.0185352883477
80.3473833807041 29.603595039643118 20.204277418919524 10.434195368609922 22.95190684158551 15.720890636274554
80.16982237120789 20.421369446013536 84.1143843152543 32.496958180134314 8.918452083730022 36.83002559555478
74.16017157167597 52.831043786650746 72.20785444265648 60.96692785418665 42.35878183755801 31.583039650905086
4 3 	 # V Shape
0.045834955653478726 5.074212939223588 48.47729577859323
10.7520326867112 25.294894143134606 50.02885940956195
86.32577362513895 91.97077944647612 61.84648005503143
5.533261797593658 36.58473626607207 55.589427612168215
4 6 	 # Alloc Shape
0 0 0 0 0 1
1 0 0 0 0 0
0 0 1 1 0 0
0 1 0 0 1 0

4 6 	 # U Shape
14.217787478374566 88.67879554765695 22.752919806517113 48.606233577537516 67.86912128803093 6.4293969185013955
39.28274628769908 58.00865339718041 13.490821105737394 77.56665260143508 26.431251359700102 24.548133224697267
77.78516151684019 69.70302367294197 63.969623505879525 93.94975131917818 3.779789078252782 64.12870448651023
35.1019731049013 54.92794380624139 63.77054951677267 21.81780310580148 68.54301422498908 60.62087886759385
4 3 	 # V Shape
67.5814380777602 77.19704093339092 54.29070385552313
59.04537197777808 29.064940954729867 95.41098541045666
17.567337580476806 99.10588655470947 55.72254839354171
86.0746116257774 67.29052151744008 25.218410433527293
4 6 	 # Alloc Shape
0 0 0 0 1 0
1 1 0 0 0 0
0 0 1 1 0 0
0 0 0 0 0 1

4 6 	 # U Shape
93.2973843591501 69.83648801799848 22.850051769139302 49.70882097924151 17.805052736459082 75.70557516664178
13.768246659867312 33.699212338212945 68.69086741312638 30.45624249690706 4.311258992566913 37.953450892008824
50.09895027175537 31.90458871060249 60.42789011081915 86.23959986463365 12.612151073364686 98.38366321624932
37.15272497151088 25.49671824331423 40.531642152315165 20.604816685466798 85.9294161543213 16.979958407032957
4 3 	 # V Shape
78.93696194496022 10.352158114504096 30.87367631595226
89.30773197963873 16.58501919198152 65.17448119843439
51.064820825753486 20.65744246882315 84.73052915768127
81.01892238380611 55.61867047437522 55.134397501204624
4 6 	 # Alloc Shape
1 1 0 0 0 0
0 0 1 0 0 0
0 0 0 1 0 1
0 0 0 0 1 0

4 6 	 # U Shape
0.9868519014791133 48.17276447005611 8.98444155202971 70.26921297461725 90.5372448579772 92.63352738117871
58.20724001073483 13.675350963361055 60.91957351614179 19.13954741038403 70.62829183633981 0.15644799990937042
63.48746367991147 68.7873459596139 25.897897983376982 12.610995502129118 32.37590692126082 82.70311681062148
54.33356547257902 20.107543641205638 53.03294939594275 63.09069941865435 20.91536830392916 48.56676300335114
4 3 	 # V Shape
38.4155703748043 31.098168692652408 11.257270981517653
40.600081764511145 82.61244579051753 35.159475205175895
10.236053200286388 79.85218463833253 79.57399831199314
95.5730763620954 24.09186881667299 23.351024603961246
4 6 	 # Alloc Shape
0 0 0 0 1 0
0 0 1 1 0 0
0 0 0 0 0 1
1 1 0 0 0 0

4 6 	 # U Shape
22.23385961735659 23.122992199011637 58.307652605204865 55.75654833436781 40.07940133424539 22.72364378801417
13.855112566555928 43.61601525684963 1.1294702155029257 69.62532212363107 63.196301847276914 3.606579147763378
16.08639142470797 81.16690724539384 90.32292588711587 89.80755249630313 87.67596908599391 55.10461462733445
2.754204382594938 63.07969542649986 51.9171876294956 96.13291856453844 79.6962925688973 82.90568185675615
4 3 	 # V Shape
91.69768477627592 66.13894472967668 72.08722103231007
8.060302194922953 36.47119280004168 82.84174898686118
28.155120539103685 21.106281072797916 9.077531496853709
71.2267094629915 65.67931384050918 36.680082380891264
4 6 	 # Alloc Shape
1 1 0 0 0 0
0 0 0 0 1 1
0 0 1 0 0 0
0 0 0 1 0 0

4 6 	 # U Shape
1.043127461325788 65.2453002596657 36.19639843183092 3.952168940505496 64.28223336187277 42.3217029688939
75.83326673078601 44.710263697848475 84.79645823498677 87.71603921569607 91.48233193802949 49.50251521711454
57.40057426151284 59.34778055465393 8.724146720868609 8.90333127661358 14.53864650981036 42.397826163578344
20.128228344499842 64.18120341806899 55.93471255442615 19.781725766753134 63.96770012605657 86.83856400590336
4 3 	 # V Shape
4.726736475139893 49.94762374366165 95.91655425537094
22.89277341948295 3.55594467451974 63.70644021283067
94.28123482383846 12.843233645353392 73.32259901114155
23.572038387475114 6.088775571631588 89.6418908167436
4 6 	 # Alloc Shape
0 0 0 0 1 1
0 0 0 1 0 0
1 1 0 0 0 0
0 0 1 0 0 0

4 6 	 # U Shape
89.96244038824656 80.06303707842883 3.3180016222221664 88.14996360614475 93.57095475966133 42.003725648287215
88.14131525135996 37.897837277640456 29.9852499908839 19.915634077334065 79.15813328580893 57.504724656958636
45.1187132073668 54.04069058185853 69.99670211160525 4.845911271917435 34.75255103840491 40.37411251735419
29.50711588239011 36.44847702313398 92.65703330898464 22.622409960420597 23.136340911224075 87.82446935844624
4 3 	 # V Shape
89.60211920589917 7.4403435589088796 16.250014797683743
23.862018289971697 10.395049559651737 20.90022731677458
90.29472365251051 74.71083273665516 54.313375504734616
28.22709441354766 94.5818014736234 84.82011768122146
4 6 	 # Alloc Shape
1 1 0 0 0 0
0 0 0 0 1 0
0 0 1 1 0 0
0 0 0 0 0 1

4 6 	 # U Shape
79.78747752541695 51.18875034621379 82.85836236998426 38.79397111815028 4.227974957670888 17.47519128237479
87.08596651764951 48.834541719290826 15.939062629438439 45.027249947412564 87.56446495047709 30.250056564479124
70.29358471081933 59.00097185711418 98.44888341001553 12.321785072534286 66.75893559570716 58.85921822939733
96.57128499691139 5.493345263371763 64.05701412296952 40.91838021201018 27.909471054790856 52.241500384887395
4 3 	 # V Shape
43.69790435685342 16.287885922835255 12.434847355283962
95.59201304502083 44.87054192258836 67.27080480030526
22.186351761419644 94.82466568863327 59.42377846596001
75.52911913893492 31.673573395259027 64.72403053226694
4 6 	 # Alloc Shape
0 1 0 0 0 0
0 0 0 0 1 1
0 0 1 1 0 0
1 0 0 0 0 0

4 6 	 # U Shape
71.6682172870085 32.21560824723325 13.06906321107043 84.27859346535465 50.05896938761831 35.320790267453525
90.46476496555556 31.94550108064693 65.23743000256982 8.857187178846448 30.280375899525325 31.719116858986418
65.28357965195869 45.71140977121016 56.02895404128855 41.02836108709531 82.30235456977657 78.60716228793193
13.861578730912472 88.3419709554558 38.16606568228125 63.98129271280819 69.56176267111461 65.07732034003321
4 3 	 # V Shape
13.282859115227863 44.62317218734954 96.9642277541491
56.48747489841342 86.81502690326944 75.01547681024108
65.89440377891349 37.89171162519317 76.17033646371225
76.214709558409 39.18471113466927 39.64186190139125
4 6 	 # Alloc Shape
0 0 0 1 0 0
1 0 1 0 0 0
0 0 0 0 1 1
0 1 0 0 0 0

4 6 	 # U Shape
16.29246476304409 19.592010987594634 59.849005974631865 18.15016565621669 86.83055627263447 89.44810808358694
32.4767954420043 10.14882277714424 56.763141444089236 45.448340609532735 40.862567426541965 25.137302544288897
26.418585143604865 46.07945468279412 13.438689787486203 18.67992613235504 51.0792964409904 5.672813126475207
1.2471131976110938 40.77067262302826 49.914933782259595 47.37668691065108 30.959690196956856 24.771797517426954
4 3 	 # V Shape
23.086124401516283 27.921620135288993 96.28630446301233
16.570257195386297 26.69775034663502 33.4617117787141
4.035985354971794 22.25276364329264 74.17456916421725
47.16769248631913 14.824079836274862 54.71355789449321
4 6 	 # Alloc Shape
0 0 0 0 1 1
0 0 1 0 0 0
1 1 0 0 0 0
0 0 0 1 0 0

4 6 	 # U Shape
74.36742889120326 13.51189828141759 13.241298712277594 7.46046173481828 16.481768918403617 85.07720220439299
52.88285603758291 37.58203676389517 14.574947429638186 12.333267943553928 26.604050841619518 49.08115520637504
25.194333918214884 27.746805370676874 45.027095989039466 82.28704008542711 87.03970903693099 55.25905385258938
48.04346407713659 51.456208430882974 70.22823843645327 54.193948354407304 19.55734655704875 82.52167663632022
4 3 	 # V Shape
3.11906122116129 69.82921333003124 53.923432982856475
76.49449529130227 22.132660879172562 13.218895704147538
83.53329970900043 66.75201068114947 24.422085601944556
51.55510149406452 9.195251948923634 31.763110868715994
4 6 	 # Alloc Shape
0 0 0 0 0 1
1 1 0 0 0 0
0 0 0 1 1 0
0 0 1 0 0 0

4 6 	 # U Shape
33.756515824630874 42.939259119045836 90.034680162419 15.834679394474216 99.79070248671856 93.30159744767741
29.96912537185298 95.98944009900066 97.51389497207444 70.04848089166221 22.5476815310955 29.071242432479117
64.71901111977276 95.79702334080048 75.76896004867412 76.39076454069821 20.363742025605326 28.30581928269703
79.68378002781121 33.608111694511024 26.299804010274975 96.25203407356321 55.24024421911942 34.90992923793521
4 3 	 # V Shape
49.27869232369624 37.132223296393384 57.70101825662108
28.37922425750927 77.96385779763227 54.225249173551816
49.317222258131565 86.60875145250871 39.37398180267533
57.61320011763944 28.10835238075805 35.42125234996196
4 6 	 # Alloc Shape
0 0 0 0 1 1
0 0 1 0 0 0
1 1 0 0 0 0
0 0 0 1 0 0

4 6 	 # U Shape
81.39029936822159 73.98969704958225 25.161237804914638 24.64357483022298 14.586132123770701 76.23426451294047
36.101715437376704 69.3373964296485 2.5152681094264273 85.85502339988165 45.03031635118734 0.7600951555107871
23.19051308238843 43.96141963346311 22.108479284999525 9.268621280847567 48.49521598206692 65.12318216121035
72.55348130906083 21.63668848376401 53.87757631395519 8.57647865577058 29.227460879745802 14.0714922995972
4 3 	 # V Shape
83.23625474856394 76.80551073819845 24.62414237246452
78.90455818782509 47.3741474784403 65.16503697907791
31.260871019483748 24.887515641274117 54.1162916984281
96.64195952311158 52.198597342218854 79.74989872835974
4 6 	 # Alloc Shape
1 1 0 0 0 0
0 0 0 1 0 0
0 0 0 0 1 1
0 0 1 0 0 0

4 6 	 # U Shape
27.501306255833914 9.244511361547136 6.661078340029891 75.80277635703264 79.27836225427706 40.922480992047625
35.327705998938185 0.5761630833303055 59.32324972065136 25.337595887019905 32.181616361021526 17.08845184639206
28.018210985260506 6.631323342034157 54.628232701756765 43.23641605740305 79.01474898266983 23.259642239078893
46.55876927402461 91.0147030498748 80.10961121933576 67.19204306520339 31.278628882971137 90.35271247069045
4 3 	 # V Shape
64.76037507120871 96.95893854482125 45.92463286506441
88.0852990793654 76.06998462733702 15.734817838673532
76.15061225880534 82.73001448291798 44.75703000903085
56.801641837259695 48.81740358531551 66.73953851646377
4 6 	 # Alloc Shape
0 0 0 0 1 0
1 1 0 0 0 0
0 0 1 1 0 0
0 0 0 0 0 1

4 6 	 # U Shape
37.81079506196047 4.594236179015243 86.1901864521736 57.92325953118177 86.94731090779992 25.02942451908726
60.578259064613036 7.091959406312642 5.484837796491471 62.94116951498173 95.13859775445277 53.30631173723551
90.395017424613 4.246884512520732 50.06949235160555 70.85184008244885 30.302712082263383 29.27922000508987
87.96984030058238 33.26062210916783 56.42401500725329 47.28280558202703 84.56533097746049 34.573512640783775
4 3 	 # V Shape
53.99213555358473 42.10013033318275 22.659693141186533
6.308815977036897 12.286593566194814 31.74874290306264
84.17257011081456 47.21386285491958 81.21584201554548
48.21163920636694 79.44411144414417 74.65078651750623
4 6 	 # Alloc Shape
0 0 1 0 0 0
0 0 0 1 0 0
1 1 0 0 0 0
0 0 0 0 1 1

4 6 	 # U Shape
76.1812332076498 24.745522882540484 81.82123542712428 79.36014454456453 93.37606425144025 95.0818207388678
85.72608537951774 81.01729067744829 16.631096917714284 65.93402918511737 97.32544728848637 86.2879791746779
60.94261678743968 81.04932063492953 67.32287459487537 64.38183135994862 56.47517458119259 91.41947627912536
95.27248758214746 61.369632157441224 50.61369185668391 19.372608981500015 48.32401994677782 16.700691698750347
4 3 	 # V Shape
67.76391837143485 34.360331718035766 72.24902335546479
85.83803664738427 49.213235182929736 80.91711705700376
63.54592605253071 96.50002804447433 1.905769500102461
10.642795245505132 26.75687238875859 98.08995052802804
4 6 	 # Alloc Shape
0 0 0 0 1 1
0 1 0 0 0 0
0 0 1 1 0 0
1 0 0 0 0 0

4 6 	 # U Shape
27.47547008696747 98.42001987139481 30.07342745190763 83.08126845362585 61.623915317155344 2.092558190964666
37.293008747238446 66.54438224713398 27.10701570548678 35.601164895142325 72.5023332541181 54.51049417594779
41.947829306631455 76.95823632426709 94.77953858902438 30.27836173620262 91.57605230550898 69.4154114387254
36.17443844301454 65.72604183172834 23.40088967512557 37.17097589353532 58.9161285824682 90.59306461834996
4 3 	 # V Shape
87.09942905756921 34.35531102789674 69.73455004276504
9.181113363732774 66.43262082761652 46.91455144844938
73.5182532685616 62.77160456084076 6.308758246769875
36.340536353215406 32.73479588933401 98.34246645645985
4 6 	 # Alloc Shape
1 1 0 0 0 0
0 0 0 0 1 0
0 0 1 1 0 0
0 0 0 0 0 1

4 6 	 # U Shape
99.78076393479809 82.17216503844014 61.37127516735767 84.46341331850601 70.24568179498603 20.30956881055197
94.890847161954 77.53415215736268 78.80806025271568 74.20922281757444 99.54572230333586 5.055603981140133
89.26004011442285 83.28402578384603 33.50013097001242 68.64361717005066 35.88092856913696 39.484742832136874
7.85507907699603 46.4726129219884 25.975867927096374 83.81315489999487 71.63736076805408 5.69228526126051
4 3 	 # V Shape
13.68492184655452 46.77017582195708 70.93791560163505
93.98402233950772 91.31983615669566 18.567967989352695
20.08854095101489 22.8921798062919 11.54259749021972
72.5073587875242 14.159044958201239 22.97616474751314
4 6 	 # Alloc Shape
1 0 0 0 0 0
0 0 1 1 0 0
0 1 0 0 0 1
0 0 0 0 1 0

4 6 	 # U Shape
49.3450545798995 84.5656858395349 49.14216686967228 43.68043205882516 19.459900177282574 20.486744204076345
52.72563337094864 75.1091827764395 94.85456290803192 99.38359977770564 50.573627797566175 4.66575904513472
9.729787221792652 1.9142938571993562 90.9806802530315 41.55038264259757 40.34108493315623 18.86107881494967
85.26826136965502 15.271248931426074 93.71447125245393 47.05620393962967 88.64554863361576 23.389096289036903
4 3 	 # V Shape
32.14140478111138 33.87369881265878 18.912047925030006
18.177578266415363 57.15202224374338 4.802350081387208
68.77661741790529 12.149588310079995 42.51549898089178
29.670875558362386 90.24659522217308 56.71159454033111
4 6 	 # Alloc Shape
1 1 0 0 0 0
0 0 0 1 0 0
0 0 1 0 0 0
0 0 0 0 1 1

4 6 	 # U Shape
25.11685232910006 24.94589870084054 79.2695663497493 45.28375007715779 92.0776734756134 77.9896932240975
92.13716983851373 20.97537513129857 14.468415587795914 98.38578814022596 55.699066139674436 81.14537748389759
33.43275677803996 40.842963776310825 23.17818736083561 73.3801974824789 69.81904511887303 40.20469092610555
63.63536118778924 38.02280878190801 15.646709930462654 67.66076987843648 38.86101163534666 14.508652252307119
4 3 	 # V Shape
46.71126763806377 99.81755671253678 8.705801984300344
4.694770104214818 10.42043891483262 55.016021020476494
77.4716813340455 28.769571911711967 31.60296256621512
26.075903116600042 94.60249420667904 53.04292900405675
4 6 	 # Alloc Shape
0 0 0 0 1 0
0 0 0 0 0 1
1 1 0 0 0 0
0 0 1 1 0 0

4 6 	 # U Shape
38.89984810663345 54.508537048503925 57.0379486977395 41.4733539494477 15.779961412481768 41.265521335447275
67.94526395298823 81.53645013952622 92.44564829616387 34.0578193788176 32.7301130632115 50.94938436471702
76.39681419760778 90.9052085238307 7.125548470496557 18.91992229733527 3.4477277034895892 51.05206286439209
98.01329347220647 39.589765826547705 42.55819929424204 50.965032811568435 93.56767582790575 1.7364197853995567
4 3 	 # V Shape
11.234915091409691 48.73684889812229 1.504916410369439
78.68835071752555 36.46286371710129 74.55922457001944
89.45558891609097 22.36552127772495 6.750185072871318
31.291965930173472 60.952865284257605 22.82946313762976
4 6 	 # Alloc Shape
0 0 1 1 0 0
0 0 0 0 1 1
0 1 0 0 0 0
1 0 0 0 0 0

4 6 	 # U Shape
44.72766460656453 87.16852619732141 22.625959527054118 95.15863940399456 71.3904948719509 89.0786659826345
15.256421374401086 57.95332796622973 1.1305870700465959 60.605532716504094 46.40119482782568 18.408231505537632
80.6458138912802 12.212065688776686 28.831959938294403 3.4968734233494003 67.44932459403499 36.06237860936614
38.42529377112762 30.683328232068174 6.29138342946729 8.486747188342258 40.46304643541537 22.12390294443284
4 3 	 # V Shape
80.6664041486888 17.343334042327395 28.482377725352404
38.58393213763899 73.74487072743553 21.56466612189011
70.47202278828655 96.3177932974459 25.847427673721548
66.95136213390248 29.285424124231664 6.486591060112734
4 6 	 # Alloc Shape
0 0 0 0 0 1
0 0 1 1 0 0
0 0 0 0 1 0
1 1 0 0 0 0

4 6 	 # U Shape
58.38613768789056 62.19924314340625 70.08803737308348 2.1359532676390125 11.777306278445831 43.64436623906616
28.200286710735835 30.736315667797943 27.546056771636785 11.364485002450152 8.667629569842717 24.86607296072565
7.887882907915566 56.27453652234063 82.94239791627334 28.99680756822074 12.790521846884062 75.74217026630986
17.16899848124912 34.964431644833226 97.97897677423514 22.378910393390715 60.18162811704495 75.03138429866918
4 3 	 # V Shape
11.006644159665225 36.7342412357186 70.51415484490879
87.33456061198324 87.31822014085327 62.03024419348202
2.1058249002802953 42.2624897118982 36.89855782085769
17.44946866154018 0.17396328285393947 75.91917061865358
4 6 	 # Alloc Shape
1 0 0 0 0 0
0 0 1 1 0 0
0 1 0 0 0 0
0 0 0 0 1 1

4 6 	 # U Shape
98.9207984173452 93.59107654279444 19.978573236736707 43.369930507021884 56.725538343374026 34.44386023002318
16.579976514660576 11.751741676001593 0.5520396315474296 25.139602337252843 13.154398512100485 75.6963464995822
96.02986746361354 32.913313278949175 67.60607921046059 47.32150907082361 8.530178895472373 13.54165664402246
85.43351657470029 18.22476221907523 25.79514239068237 48.93806146106582 17.948407957455636 94.9950510173062
4 3 	 # V Shape
99.07906004826422 26.947530808943874 77.11627422807828
99.38520040881883 2.1402552190327495 13.453713816278267
35.74543603255189 35.88246541401517 19.78483459353835
20.538814076610944 73.26441694399225 65.24999753940496
4 6 	 # Alloc Shape
0 1 0 0 1 0
0 0 0 0 0 1
1 0 0 0 0 0
0 0 1 1 0 0

4 6 	 # U Shape
97.65281333902999 92.83296342122185 93.89625379027032 26.923169539619252 68.49884619678197 34.31333305398713
4.12958918520141 45.800285731301415 96.68604462920658 23.006872096158084 66.0095392239293 83.47754515601649
56.955595703331255 63.121933578379306 5.384446237394136 97.87291638999542 90.86168522998067 30.75428439953717
6.651563851416209 16.327729794870294 87.37063804951285 51.12509253051888 4.737292172031948 7.484420291237692
4 3 	 # V Shape
46.15920753887753 17.98529915871361 98.16580115428485
32.0765623153586 5.924083037485184 10.793075463227487
53.315238059011314 66.03763411842843 2.7383989169175615
13.88741731770452 49.31866946122915 38.16952083596783
4 6 	 # Alloc Shape
1 1 0 0 0 0
0 0 0 0 0 1
0 0 0 0 1 0
0 0 1 1 0 0

4 6 	 # U Shape
52.73174112143546 24.85011424999346 7.398671551667057 26.832977511547973 4.828719235538559 82.42035611194373
9.626889126745041 71.14062110546067 9.726601106425504 10.179762095078647 91.57529644744281 63.385030747157685
35.11339792272018 67.33922171536368 99.40959772642147 38.476626871918015 74.5420453952236 86.69714705942695
21.234852446034836 21.38259988542973 77.028172165336 74.3850441668938 71.55768483182746 88.49615795510569
4 3 	 # V Shape
20.154936067976827 86.62198075397927 99.13325183013042
88.24797059498026 51.119047214411786 6.8148965508812225
49.708814729082896 50.146025654033046 44.05458301403643
33.48886991869695 74.56652420499708 99.45259636482943
4 6 	 # Alloc Shape
0 0 0 0 0 1
0 0 0 0 1 0
1 1 0 0 0 0
0 0 1 1 0 0

4 6 	 # U Shape
52.014841370438035 14.734861637256525 8.870631816405162 90.42532817912577 72.41331109959839 3.513724548831232
47.94918217059786 99.44988879888274 53.14075412727033 32.51217266422075 47.492637384841515 96.60543164517402
55.38907474439948 0.2958099883495269 5.117992042294938 34.26031019262956 15.97566087998149 25.1339624119708
73.30983529223599 36.72146065091211 56.9804187610046 91.83755435718516 63.69962130073466 41.06746086617685
4 3 	 # V Shape
78.65212678396377 52.43629972071291 70.95960846253502
96.39739573383338 39.24076480598261 11.769239421871747
40.882645988654495 59.05704962838141 94.1734498398429
42.30825222967037 46.81637347182003 78.8785638307934
4 6 	 # Alloc Shape
0 0 0 1 0 0
1 1 0 0 0 0
0 0 0 0 1 1
0 0 1 0 0 0

4 6 	 # U Shape
9.794106493276612 82.23325644875115 9.64244235923919 15.774832071387056 71.60161270093431 80.81570417590991
76.6056398256554 98.94361787529682 49.542346027914476 59.7516927408651 90.52224705849507 5.653886013855914
4.677328786959734 36.24247362524537 20.48788499671813 25.13228590486739 49.5650274742109 75.53352776729926
9.639691736342881 50.87572306143371 62.782534668130495 94.87460248081753 59.837477133950316 58.47474553748351
4 3 	 # V Shape
35.81276220825459 58.116232919167544 91.4965144371146
66.49882061465452 59.66812422687852 64.96018096158681
29.966119952299074 37.8773256277612 18.594059525075767
31.159841754070673 31.383665706933527 63.015245590146954
4 6 	 # Alloc Shape
0 0 0 0 1 0
1 1 0 0 0 0
0 0 0 0 0 1
0 0 1 1 0 0

4 6 	 # U Shape
74.90772406221289 60.1796276184654 89.61888549409029 81.70486973322785 73.93172877042522 84.71635434538175
87.56708953655749 84.09179018110073 22.287676957179336 94.47644489881151 83.91976157209564 44.87613554752791
98.43140786778032 22.439614544883234 62.13221746821791 17.43562290821201 55.95195904058008 22.214352384765323
92.71103048125839 83.0374714645511 61.859424519343605 96.18335015295185 30.285898040168323 72.39164207794671
4 3 	 # V Shape
27.56581358517546 77.72980581857051 99.85825323364381
83.48651510497938 48.01779570127096 19.88000576439696
46.29587198174716 61.29520893163621 16.737284989502655
25.644445039725895 86.4400491992242 3.6885997428890427
4 6 	 # Alloc Shape
0 0 0 0 1 1
0 1 0 0 0 0
1 0 0 0 0 0
0 0 1 1 0 0

4 6 	 # U Shape
83.60217066764602 47.73977469413702 31.84160137862485 51.447020009370924 50.14432473073243 36.849537072901384
97.7775604380573 30.052945889318107 50.763429062770356 37.27201750719331 56.82765788904768 72.5118016954981
25.78511586701212 27.01275640532269 7.510425335190474 42.88046904821968 93.14188102701625 95.72959782124734
53.597244728577664 83.15224222874477 11.01841692205655 0.8000586936083298 21.128434247612205 65.66954191904908
4 3 	 # V Shape
16.196997078017496 10.875065903152715 44.11254826688443
61.379148537166 97.55034469114106 66.42500839659571
96.04622005862338 45.11730998705341 88.6694736635761
57.40349421395287 5.656027578436163 59.22077528883637
4 6 	 # Alloc Shape
1 0 0 0 0 0
0 0 1 1 0 0
0 0 0 0 1 1
0 1 0 0 0 0

4 6 	 # U Shape
84.33014731551374 35.09642207152749 81.52788350853317 57.91719365047875 8.540940113494443 9.266618457736476
16.31379492962698 39.96015330563186 22.012605996832768 79.75511458389661 55.18841690889435 6.439897727294886
24.34027417679152 98.0994602397665 26.678884962205384 74.3098784118601 28.871646678473574 71.0399589479213
61.797081885388735 36.782270700211185 47.53288222031976 11.76514954006771 22.268114790717984 59.00725719960871
4 3 	 # V Shape
17.653821838434226 63.944051786188574 55.89549550743875
39.85799978768315 14.058968418449425 80.41971290606676
86.27855469196479 81.0274212263663 32.45469057011105
97.73593361527699 15.367728783989321 91.20166016511241
4 6 	 # Alloc Shape
0 0 1 0 0 0
0 0 0 1 0 0
1 1 0 0 0 0
0 0 0 0 1 1

4 6 	 # U Shape
16.507923069150987 97.07417132906501 11.639165499784177 30.245125829691165 21.856597728509108 88.49407042808663
29.20319598389376 3.0183187337163853 2.357765296663894 44.09256125949062 59.870600347356415 42.46693163586562
45.59650001713237 96.15663914723825 46.69506767243836 82.77651495065727 65.5367361997075 41.659624729171384
96.12251478802825 61.28009800083143 55.931564409687404 87.6406927649587 94.29132600716622 4.56401930124688
4 3 	 # V Shape
52.14253056874225 48.592339148610776 51.06292294903212
69.52897714653558 60.808075813568976 67.38638984168365
1.1612039349713221 56.978599963804314 18.552838064147814
27.153063632410547 14.891248452896777 56.22572525397307
4 6 	 # Alloc Shape
0 1 0 0 0 0
0 0 0 0 1 1
0 0 1 1 0 0
1 0 0 0 0 0

4 6 	 # U Shape
28.006150158743182 52.07412259752328 64.74066459127188 24.657228719490178 84.4265574675829 55.343123894866196
58.77229577852749 47.104385362057 25.176864854170088 2.305347563353244 18.272978391950534 80.62692865523091
64.76372453493077 47.341903018419764 23.672977310276046 50.49222077575308 24.61337335833206 21.750217444979047
57.67972497888214 96.74863393455148 65.20408194830497 90.0543381824039 50.72604961541598 82.59715362499816
4 3 	 # V Shape
50.43178417905588 19.600677347365625 83.13407668915343
58.42958868047759 57.17700485718762 32.65717110230199
25.461388397450648 23.38961192132476 88.3439068661665
92.04972680529725 26.825657994457764 79.4855760021295
4 6 	 # Alloc Shape
0 0 0 0 1 0
0 0 0 0 0 1
1 1 0 0 0 0
0 0 1 1 0 0

4 6 	 # U Shape
4.544601856881691 24.483731812729424 97.8782473102021 95.45929970435022 52.03499627701158 9.01729996838755
54.247911768414966 26.660336152687748 99.96754862456564 47.578689336590415 25.06130036342252 33.013244458002724
21.44951589347318 67.95866873084208 87.37773551819036 80.4520437997392 87.05348088788358 27.233624417147805
83.50200148362731 1.369845097948752 62.24937687569696 23.93264646047929 37.13696910438827 92.40181272847732
4 3 	 # V Shape
67.05257401016986 90.36846730906268 80.15078213914394
72.8816107506282 74.7929994950973 89.9193026557387
36.75666942085132 18.452669727530548 91.17946822506565
63.238795943838866 25.553077126634673 63.89480879950865
4 6 	 # Alloc Shape
0 0 1 1 0 0
1 1 0 0 0 0
0 0 0 0 1 0
0 0 0 0 0 1

4 6 	 # U Shape
75.66066455465818 98.33344982260553 94.42343266547306 29.62683638847514 20.06149256339942 76.26054403271465
90.66521098404677 48.87816788837983 86.20809096649306 80.80636690735665 41.08019170703854 56.0409206845515
56.43012240341127 54.39208934464978 96.32430139290588 75.97284448713476 73.91515114336163 42.7104194696726
16.668062502599966 72.80229117031028 81.61781958821896 42.049550010158654 4.798781178251077 43.489545311791964
4 3 	 # V Shape
66.27119537320642 45.94669260268712 8.41257982054916
4.318492169438759 17.73400522620593 4.777103809747441
62.702269480669194 38.1798910731854 61.17103671997333
39.6443371102641 39.171455641561614 71.29679922185562
4 6 	 # Alloc Shape
1 1 0 0 0 0
0 0 0 1 0 0
0 0 0 0 1 1
0 0 1 0 0 0

4 6 	 # U Shape
23.233805500366834 25.351030206597226 2.1601008808049604 77.20489431020347 32.51634922960004 77.15602641676794
80.2787144043929 38.86878807965579 96.55083856842933 18.794960018819793 87.63092844292888 89.36531793652262
38.69028997057288 45.07726178975769 17.71471366770726 24.199879400002743 53.36318260753591 93.61777481884661
2.506363258463573 0.13162865919753575 14.796923981727538 60.034827969691854 5.42403055417412 73.06881682073639
4 3 	 # V Shape
36.1155270448323 5.747851003295901 79.30070652201375
66.78973097866957 78.90443479658683 53.32749170250216
41.19658323181841 31.139743549494646 48.656042853866964
68.61187843004431 47.53430772542326 65.66570465940337
4 6 	 # Alloc Shape
0 0 0 0 1 1
0 0 1 0 0 0
1 1 0 0 0 0
0 0 0 1 0 0

4 6 	 # U Shape
10.396977087197978 2.1260357071771097 33.34079496105633 77.47193259679294 49.66883677551658 82.31194268682617
52.28808502185536 69.62461274556345 34.27515505086159 96.46026995448544 63.727708631739766 0.9834457390366813
34.24565717712505 22.39606119932298 89.56000956658946 33.25931577907265 86.1860251271705 70.39373167343776
15.248107178882297 84.87974720851942 89.38910726551077 99.26801537496837 38.7862134048477 4.599308433609961
4 3 	 # V Shape
75.26112278274346 28.521876949454573 94.04011799352972
89.45398525496469 64.30425396992561 26.82573019611705
81.38221915145458 7.908193184466894 10.176556074918896
97.67463331318936 93.67865024245202 24.066160288767392
4 6 	 # Alloc Shape
0 0 0 0 1 1
1 1 0 0 0 0
0 0 1 0 0 0
0 0 0 1 0 0

4 6 	 # U Shape
36.428269066080034 77.65878475087513 74.56511660390571 67.1936303881424 85.19120132682015 85.38118111792207
32.891291361872355 35.03082042136383 79.72521405180186 43.54972952410948 80.93934096421826 27.600021840814783
10.74870522827137 86.73911650648499 30.779766825726927 99.38991070633178 66.0724155782823 86.72311628623763
46.89065155764004 23.632209246487502 93.88491689635148 98.88892165437643 71.02610249165689 13.836923188867445
4 3 	 # V Shape
13.699183815025862 87.92585016310447 27.241810410780932
20.548209185702515 28.173549421519883 69.75300455623986
83.04784734864286 44.360561457190265 51.908853766108564
43.56891576614711 29.086065322289222 52.61541260849223
4 6 	 # Alloc Shape
0 0 0 0 1 1
0 0 1 0 0 0
1 1 0 0 0 0
0 0 0 1 0 0

4 6 	 # U Shape
98.6461039510594 39.65665195344307 56.01162791301263 13.944615172819653 32.37259628313429 80.04131284436356
38.95866022014647 76.04370403191638 1.4834611263054298 95.65846623071545 12.07667936149125 14.2883572478668
96.75516476916538 45.91755416024916 75.12781641477247 17.843266824029726 58.808005562683164 14.724058181747758
38.64609416118182 30.479438427655946 30.621416231208045 8.308316922218417 62.24711716393584 79.07787168570269
4 3 	 # V Shape
23.181720987536103 75.64956677718054 9.12915440681099
0.5014672141084309 71.18831083921762 64.72689004805004
46.55676739332889 94.15829260868037 21.94071284146516
64.05245420537243 73.9440880777219 74.6607647931339
4 6 	 # Alloc Shape
1 0 0 0 0 0
0 1 0 0 0 0
0 0 1 1 0 0
0 0 0 0 1 1

4 6 	 # U Shape
44.82507406360895 79.08808616865201 11.996490441414398 64.00192551229891 78.52051836778602 34.41427963301374
68.7345801979938 23.396930661345493 37.165584429796326 98.62176508750974 57.41920554155258 79.03092997773241
72.33801414003477 25.694352700558042 59.946287287826536 0.7256252176851885 10.415922554097722 40.378039350480364
56.93708272789999 68.06059991239994 3.910182990998401 58.511274014380966 5.597123133593018 42.62707331237038
4 3 	 # V Shape
66.80427139036343 73.92720602699553 66.34943575780787
99.74800567498897 43.82234078320837 2.6760968237437677
86.53379300871134 78.83802704270873 75.43930209729236
87.25718757190832 74.20545264067133 87.82359461466419
4 6 	 # Alloc Shape
0 0 0 0 1 1
0 0 0 1 0 0
0 0 1 0 0 0
1 1 0 0 0 0

