4 6 	 # U Shape
24.989901388011447 91.76298978365625 26.414685325337363 71.77736874735561 86.5715034190154 80.70794822453757
21.0550582658828 16.724303145644548 4.670639168207169 3.9422311757498107 20.02308097754729 99.8543402727172
37.27869783278882 76.05102739289497 47.34744426831612 50.971530581765464 94.50384171904427 10.944664834182994
46.50931607648355 14.155525990080143 53.83487621569256 29.899865650024548 53.7745219418836 66.56275378248544
4 3 	 # V Shape
36.4328800568146 62.30186193345604 64.27248852452114
41.99818200973734 40.324243401016226 39.042032609654065
40.618952247249155 7.966610538989782 5.683120141208375
7.83309086330889 69.56778106391276 2.9158960905142917
4 6 	 # Alloc Shape
1 1 0 0 0 0
0 0 0 0 0 1
0 0 0 0 1 0
0 0 1 1 0 0

4 6 	 # U Shape
68.40462123134094 35.10988572671809 77.10361133392682 79.17995013694747 44.38745891254291 26.882830125824032
2.3904422054516594 37.13325657678248 9.773087965586324 72.75225485779123 45.944442533571575 52.0496474809741
68.45690429035142 42.52902952923508 60.34730573112549 82.38491084564107 45.187126344277296 88.79452010333057
22.03995366736389 10.682265172052396 1.201012562940873 91.79413986516765 63.656621422787374 21.976203733713472
4 3 	 # V Shape
54.75524336459725 92.07996703472 87.56659420813519
12.759215495203946 30.365373978719955 29.52965716988186
56.910503764257555 74.34196294659989 33.001518527033426
60.78523073725284 51.56753531483024 91.98007246232733
4 6 	 # Alloc Shape
0 0 1 0 0 0
0 0 0 1 0 0
1 1 0 0 0 0
0 0 0 0 1 1

4 6 	 # U Shape
36.3290798030508 1.5004156349900266 89.97274088109545 61.54001669174504 97.09420683125343 62.16203340783855
93.62624562662404 59.90396713972187 13.927871531915537 67.83747232389689 54.63390473331029 0.9044383533662548
77.47702399200641 12.142450487678925 51.73941425728488 66.5752343841587 76.29128415038006 94.08788806763205
12.398756441911152 20.999573804245497 36.53677020716356 40.12884997359451 59.00054614056987 99.39147012278791
4 3 	 # V Shape
61.15088735479919 68.30213508992105 9.621129351913138
43.40216715597561 12.915869529940904 21.54033690963183
85.00659465396039 36.99892463660712 22.821247935454547
85.99326513042675 46.575077893392304 67.81169710862007
4 6 	 # Alloc Shape
0 0 1 1 0 0
1 1 0 0 0 0
0 0 0 0 1 0
0 0 0 0 0 1

4 6 	 # U Shape
47.23416941275893 63.02029281971097 81.20136902857683 6.600112254706126 29.991891969923234 62.358205361840454
49.318753724236075 78.92197289772629 83.87899276190961 76.12766711569552 12.149158646230273 96.9742712023998
86.38092279224774 9.92905573924363 34.265500273325614 3.6127052386988323 58.684087946666175 79.738549578538
96.91310570839595 96.85052507178072 7.902950509210371 18.474297802999107 88.3535734887161 74.45137283483997
4 3 	 # V Shape
16.70162454535159 43.85093092938887 51.26574298015115
21.738165701726288 10.164343205158344 24.896492113506387
96.66123172928161 82.18465055048732 43.511613072352006
82.78123360964413 4.7536989692292035 76.98532438293519
4 6 	 # Alloc Shape
0 0 1 0 0 0
0 0 0 1 0 0
0 0 0 0 1 1
1 1 0 0 0 0

4 6 	 # U Shape
73.886093692666 1.1285522082773891 36.097429072761635 53.28148857533833 49.3828046949298 6.8098128930414
47.488198218907044 61.65355471510748 67.5004245031974 26.59016818035258 13.80103775273377 88.45680126710143
78.38522104114143 29.79648675085953 54.567740312415545 86.24527807014488 97.17677906701826 42.020647150345546
99.84272883028322 36.95634666183851 21.87221906176703 21.164242092224995 56.525376802731365 12.960435073458065
4 3 	 # V Shape
72.75931105719518 97.12593798502395 93.33948017913943
17.20870171128267 61.575368723905385 53.419943567359695
72.5049322121582 70.90386316567283 58.888545084354504
66.45688371134798 41.83293061414649 86.06341534035498
4 6 	 # Alloc Shape
0 0 1 1 0 0
0 0 0 0 0 1
0 0 0 0 1 0
1 1 0 0 0 0

4 6 	 # U Shape
72.78934984274035 85.85361195870658 87.27652054919555 52.84065440430642 40.841077734630396 74.25485752222045
80.041975407192 26.94825371672692 26.418620539695514 24.776276007443354 86.01293168804773 94.75496408939313
15.401133468110938 94.53893286742516 50.33195838866129 32.233959235494005 75.99568696076389 92.54786361604154
26.051744673573086 8.258403571946072 5.3528109550113 80.5126363199286 31.172871057546715 65.00659237024757
4 3 	 # V Shape
17.14198223450768 80.01108798624738 40.250834314536
6.040716813355996 60.243981545387356 17.427870674180067
42.95640133701271 41.846399950122304 92.82627623271036
92.83659924741072 31.155852147103 25.064275513904455
4 6 	 # Alloc Shape
0 1 1 0 0 0
1 0 0 0 0 0
0 0 0 0 1 1
0 0 0 1 0 0

4 6 	 # U Shape
60.37551944991748 0.6915925142911394 22.09277140195288 13.416170429504104 39.056412377999315 58.307357909349236
7.079878501183245 60.24420605375605 15.791636401632491 85.02478745723377 7.7151464303560235 10.103813510464777
21.02825453516861 63.397639008129005 44.42601654111172 61.54165116080489 69.83774097198267 73.82948716184298
19.305740126945103 58.76808008108736 61.87151893379771 21.65854253493468 63.41774867011139 47.57502451646671
4 3 	 # V Shape
69.76853380578143 5.307869508584606 53.269368463151366
55.937873003644356 81.09938259135812 87.28841935119245
32.8877874968347 96.58357126614804 3.9562317666961277
3.13579910166053 62.59095611378952 23.433157847207532
4 6 	 # Alloc Shape
1 1 0 0 0 0
0 0 1 1 0 0
0 0 0 0 0 1
0 0 0 0 1 0

4 6 	 # U Shape
54.48452132007492 69.60214862457458 83.0418911909342 21.96513022338953 43.810491758683966 88.42863758298174
4.987925451626962 53.68653469955609 25.46312179960708 39.83457517212088 23.24035893464179 61.229421993794034
82.94242301078948 92.46908436497371 14.886116166459084 91.38481640926123 77.23685844218963 77.99301053613983
78.04967809466923 27.245316628494876 31.77176613808793 45.824472966949024 8.300444961733454 51.2908262294759
4 3 	 # V Shape
64.89059942021947 16.246289295671446 5.767769217676777
87.87914938951232 52.91242960474568 28.144259387048866
78.00447843497629 52.28878129354835 48.112623398235165
14.00774452313912 23.885033816735678 32.45827433078815
4 6 	 # Alloc Shape
0 0 0 0 0 1
0 0 1 1 0 0
0 1 0 0 1 0
1 0 0 0 0 0

4 6 	 # U Shape
52.60595653445635 63.450322978524994 48.568849249538815 25.728231672818204 47.328996329014316 77.28868930536356
75.27034890007585 25.66506548202463 75.58340308597275 36.363470647559126 7.247963302692106 80.80203215558906
93.64948375724903 9.295844822640454 99.11570533257684 37.155244139567046 89.81350678596517 65.41817091089298
76.89382819374912 16.902762897776125 67.74958221035816 49.96359143285227 32.562636251375785 15.837764953054034
4 3 	 # V Shape
91.15296281895144 65.21132931754832 75.02574818609023
67.68918456511554 19.992496383687495 96.92806819035586
39.92675099001517 35.10307265594219 32.43273543749231
84.7674761579604 38.36339510748651 48.46020006072932
4 6 	 # Alloc Shape
1 1 0 0 0 0
0 0 0 0 0 1
0 0 0 0 1 0
0 0 1 1 0 0

4 6 	 # U Shape
79.76280437066835 68.40583534244455 72.69109189840518 94.15261512048222 2.321028219362653 37.60558202746982
90.7250054285806 86.14158379182874 72.53695559848825 32.32657537439202 45.01699610470289 78.35515310818602
42.10632275070032 4.774115929882505 98.54150111731599 53.88393625906636 52.393805285080184 32.627902940796275
36.496107883362725 98.74733882824286 11.944654637993068 88.84325076798484 79.1987639035407 91.51312583312763
4 3 	 # V Shape
96.54898398951444 75.91568295773261 51.39378979916168
39.392135346192305 41.83976811381447 40.32549316868762
39.804339637240396 76.35764297572312 87.22548628177496
94.25741898191552 26.677980579361183 70.06818162377073
4 6 	 # Alloc Shape
0 0 0 1 0 0
1 1 0 0 0 0
0 0 1 0 0 0
0 0 0 0 1 1

4 6 	 # U Shape
17.35188676350069 13.42294362586932 29.10184977963275 30.867034890650448 86.71300327291779 7.83707345766026
98.45633049818427 67.93625964913761 22.98361116698331 37.24761678300338 5.0176247218848165 34.859772021048045
88.15016608189065 82.680587803321 16.800677524168307 40.48062959423362 59.36574250913008 60.20371552059447
67.06534957643146 84.81624102751216 76.52292638228666 59.79090586383682 18.42442842175519 8.56036751180107
4 3 	 # V Shape
90.27199837468352 53.99700016156201 86.99565431352532
44.742858482680326 24.20234055668965 36.64194553274732
35.06882729018168 68.007252903164 24.562039599125985
46.40913873630308 77.38116106450124 33.4196221794947
4 6 	 # Alloc Shape
0 0 0 0 1 1
1 0 0 0 0 0
0 1 0 0 0 0
0 0 1 1 0 0

4 6 	 # U Shape
35.093762283138595 5.813848845850833 25.765571820052468 22.482515755431688 74.20067478133699 14.911931130710087
11.988674891849794 62.0203767427618 5.493280646994824 94.03772539749458 12.818660821227013 16.306045172728368
8.280750481109767 31.497386009122586 72.02867871636172 31.908068860473016 82.73130391336325 6.068824246381332
26.426690097043814 6.817224823672452 56.14458434964581 29.327075617175137 59.53772376888262 0.43721315471904054
4 3 	 # V Shape
52.421727188983034 27.713224255813785 82.15872732818092
1.8842378591275577 18.612198802782398 89.96974525526333
47.79082690906622 4.911875784705655 9.754237135141786
34.129634876488744 33.35783984141704 6.260592038241198
4 6 	 # Alloc Shape
0 0 0 0 1 1
0 0 0 1 0 0
1 1 0 0 0 0
0 0 1 0 0 0

4 6 	 # U Shape
24.201379258770885 27.42847700386033 0.9379422328582243 10.279655944524201 4.804262866923425 11.745450275723746
43.97783831190794 60.4073641174828 8.829248128396161 36.71604771806349 42.89102239094341 27.50135874740144
79.39454702179937 1.0324374137284265 37.422707934576 48.82186041725599 51.5144676304247 88.22608392846064
49.85232819432426 42.25601554034617 44.57523774021864 60.90897387810815 75.18630636281118 50.24363075831755
4 3 	 # V Shape
53.39457782738669 43.21099213857467 57.409994025755005
59.24720177598608 63.939728119285554 25.30838289143259
77.4288357882946 45.849617367751485 37.28523993814024
82.09117578349459 10.587348285526454 46.63421108631375
4 6 	 # Alloc Shape
1 1 0 0 0 0
0 0 1 1 0 0
0 0 0 0 0 1
0 0 0 0 1 0

4 6 	 # U Shape
72.13625533575392 35.81179150863053 67.20185763977167 67.96493114856543 56.09253216650115 14.341037308931238
50.85007892893103 1.7492800192041025 84.56336779510261 70.3295924944879 72.8610859785303 33.46355646324329
65.89761432746107 67.3387703724626 62.55933546889487 7.774999476670796 6.7246301662677865 50.03773878250358
4.09368447168037 15.887937768459636 46.51035870035679 8.655693581241952 31.853050625215353 36.46322794385984
4 3 	 # V Shape
35.296443601968306 3.384038502489861 17.271395471943496
6.935285266320013 69.26258617614577 60.3106109186574
55.94958707460642 18.233689850442104 19.90777018690172
67.44224999145696 55.145559866808 2.549812999240242
4 6 	 # Alloc Shape
0 0 0 1 0 0
0 0 0 0 1 1
1 1 0 0 0 0
0 0 1 0 0 0

4 6 	 # U Shape
87.65309559556545 93.14399127573797 44.995643280234134 70.00090282490396 37.93724196072351 81.8517847772066
15.316080553439892 68.16772153532776 9.671364737445998 33.902986684198545 42.448860842958155 9.572958591461035
87.60185791539055 74.0997567368816 14.993398565645123 57.64802277166372 26.596258447949495 45.55626377539163
73.77391709279334 34.209486990026015 88.89865605569702 40.61521156758615 88.07806714614138 12.499501609015496
4 3 	 # V Shape
8.66153672031269 46.905550630246196 36.8214008273456
45.574871731875696 83.46280992758841 63.64023123688819
10.148959515601785 60.65395892189548 40.71382468432885
66.35104607881547 17.633356400321876 12.428754379364992
4 6 	 # Alloc Shape
0 1 0 0 0 1
0 0 1 1 0 0
1 0 0 0 0 0
0 0 0 0 1 0

4 6 	 # U Shape
3.5882804799251655 6.111428682697717 45.983266985001656 56.10544796824157 20.16320716250043 32.279454606247405
28.388771436716365 85.09360509849661 0.5965467047569395 74.93083023549424 49.562365726635036 81.74355512907705
66.20134393776331 19.020202315987422 13.728248146122613 74.10376405388523 89.83364019741346 91.12288802044003
73.26367971554797 44.655122953735884 1.7038045963652881 40.994987990223095 99.19042428877086 75.62706040664312
4 3 	 # V Shape
49.85414116653887 74.25636194872448 96.28278031931038
81.33945796819737 11.310737039275043 75.61100522010076
75.92224587445561 31.58056832195628 58.212923388360515
6.611473632662356 27.394964033475887 14.572458203802064
4 6 	 # Alloc Shape
0 0 1 1 0 0
1 1 0 0 0 0
0 0 0 0 0 1
0 0 0 0 1 0

4 6 	 # U Shape
75.23970699142461 77.08857961355494 93.17491746136585 13.97562473688071 63.7083511033808 5.596757178926759
83.30554105234081 83.02730085440608 8.334040972695867 98.73762819246853 59.500530429319255 4.323101682473673
79.87942915269433 13.99029436467134 15.127843543905383 40.57843816704533 70.90080606838515 31.033085293631412
42.70696637802599 58.12116127091556 40.60713230501043 0.794045036068225 22.3196793583026 0.08348786419931642
4 3 	 # V Shape
21.65962395253036 74.06663261489925 60.52052321775838
96.50166425147096 93.63154759604106 76.46311029496152
19.635296706978146 96.72189349196897 24.054760814216493
2.9304746932158565 72.68053586865982 88.58380638189965
4 6 	 # Alloc Shape
0 0 1 0 0 0
0 1 0 1 0 0
1 0 0 0 0 0
0 0 0 0 1 1

4 6 	 # U Shape
60.204871483375314 13.026791323409515 22.157910709637786 73.01732597003567 24.626573619796723 49.89111324123531
45.556029187271065 99.63371071249915 55.816945932762565 15.818022475513672 12.935419680028449 94.90776836484561
49.97959730849399 38.20253034688806 10.148528037945114 2.6353591636657514 39.37748886565523 27.56742642853982
90.04353620975466 61.82184342139774 8.018375310757353 20.626159307331847 75.262065486928 36.27330205208581
4 3 	 # V Shape
65.20150994542551 17.24431688752749 24.93612224020095
73.69528014432268 91.35668607060052 68.77685821757933
92.8707335818369 51.65237774510588 69.73894336636322
19.7129676406264 20.346098147767133 88.88436137908847
4 6 	 # Alloc Shape
0 0 0 1 0 0
0 0 1 0 0 1
1 1 0 0 0 0
0 0 0 0 1 0

4 6 	 # U Shape
12.01425583455774 94.47946071626765 34.988546182287536 21.64818609928788 21.630609937340772 85.0169820726171
72.64226820441591 34.776356964125064 47.46121124900935 40.64791631043266 39.23388634907121 92.7509125031627
13.045503667730507 79.26343245896264 75.8694970110989 34.15284794614695 29.140083471967092 95.98823683283288
48.61161391215549 68.42636458363884 79.00832075161745 96.67974131255974 68.35202771916397 14.958951461969438
4 3 	 # V Shape
23.278700189161782 12.329066549635492 75.66801244397426
90.53267092823648 31.77807348266678 91.38173290119855
47.80100380907285 79.18022712443882 69.51496102989876
74.08454196570304 70.18200475297837 52.51525976072915
4 6 	 # Alloc Shape
0 1 0 0 0 0
1 0 0 0 0 0
0 0 0 0 1 1
0 0 1 1 0 0

4 6 	 # U Shape
43.550765425072846 87.68205717814305 43.37868601360121 67.14433418649323 29.40915623646003 96.92244751316034
76.7218925016448 67.75915946086906 4.158321342810911 69.28990746711936 24.85805482621296 76.7131024438972
67.72075355327722 78.09769116149569 47.5437265824955 99.95039259029315 62.239934206538315 36.852541184020914
24.2510926361043 31.996779123197072 50.11655000977127 44.42528273615387 96.32468278048283 81.41936737709267
4 3 	 # V Shape
36.15338817612428 9.405386806626037 44.61352329776922
12.99048513653286 80.60655830096565 96.45800504473925
75.12500230490535 74.28921837022224 80.41417406046861
19.628260562030697 34.233646671048724 12.903327015533828
4 6 	 # Alloc Shape
0 0 0 0 0 1
1 1 0 0 0 0
0 0 1 1 0 0
0 0 0 0 1 0

4 6 	 # U Shape
85.915357094757 30.041465338781205 43.13958408162962 23.492476792315863 43.83028402184064 7.605524763727878
48.459334467953155 2.4656703759595278 52.73512227097239 88.07924932594615 73.86063142548848 8.990655665818782
27.882006321061414 26.08316419942468 35.129970243751885 2.660396066814541 56.51305891141308 73.5524905074668
27.71465428522252 56.50341642915729 58.8660291251726 75.39884871734859 18.035470536378483 83.20922648174425
4 3 	 # V Shape
44.86956921412476 38.12069969925839 41.18202830655622
71.61720117705025 68.37878201658478 13.856949771388793
10.845855824802786 28.36675966031753 81.6312945232352
43.33834298142807 47.73085382245835 98.74669611837716
4 6 	 # Alloc Shape
1 0 0 0 0 0
0 0 1 1 0 0
0 0 0 0 1 1
0 1 0 0 0 0

4 6 	 # U Shape
20.499196619507252 91.46370000980417 46.53816581083659 13.784086626337789 99.15860142543788 18.5587078049368
2.178528755004361 55.902935009511914 32.8555675865408 53.90176570591373 40.630989286630616 42.84546302829783
32.34531007282515 19.099450589335788 38.27238073154835 15.561590292837845 5.928337185841959 79.39590954432961
11.445834691862789 59.26195079809007 66.55985340695413 62.413716497739 34.92988785331141 62.8944565952659
4 3 	 # V Shape
28.901183139512575 0.3769184472362186 45.2927487855555
33.726594514372145 84.21879326027391 65.0394163163288
27.711885931043913 91.64389023437303 47.27440226672619
64.78889519043695 29.971367638145917 14.104368609636298
4 6 	 # Alloc Shape
0 0 0 0 1 0
0 0 1 1 0 0
0 0 0 0 0 1
1 1 0 0 0 0

4 6 	 # U Shape
2.5619417944006795 57.59313247150361 88.03387131973895 50.928379448755834 25.39943128151424 84.48311318017913
82.39441740224177 51.698999673693244 0.9195754348438889 56.92325968250336 44.58515662453325 65.29791485222572
10.874695855040727 58.62656042001916 57.65294308964296 80.28599531338233 31.09243635545791 40.250390835453146
94.65224052808868 5.797428498803692 95.74886881378512 44.60630405879063 77.58272159738732 38.200896927770444
4 3 	 # V Shape
69.39256106453705 28.889754383274656 82.17889114838773
11.643960067099568 86.22202915116614 8.688794864578108
31.988660712282336 77.54307458036934 68.32406889192009
44.22774198065602 8.118511010456276 58.3828533840156
4 6 	 # Alloc Shape
0 0 0 0 1 1
1 1 0 0 0 0
0 0 0 1 0 0
0 0 1 0 0 0

4 6 	 # U Shape
18.370549830773875 2.972148384231088 57.34110194620724 61.746641154132305 73.195679813162 89.74577940429424
25.578736810859716 84.25705329155984 34.77415081558264 73.89170177747465 26.947917923901866 75.74763632860432
31.09531723945721 48.58640546267944 89.53366682065646 15.646618452138883 9.475562970081452 17.524772684971836
64.28166994803918 37.295691619599104 91.55531866192477 51.93862248196874 28.366270550873807 39.94939913670253
4 3 	 # V Shape
65.86711411017494 98.64340248916513 23.506514261061373
22.962985807005055 86.86229004501067 7.404319327448805
39.23765173942086 14.587716320115241 97.06008134213478
4.317363746034397 58.16737584923193 74.08998928405535
4 6 	 # Alloc Shape
0 0 0 0 1 1
0 1 0 1 0 0
0 0 1 0 0 0
1 0 0 0 0 0

4 6 	 # U Shape
82.29106307874117 7.4267831530102075 54.167705660041186 66.16648513214227 86.58778177046104 72.40924093520997
57.135209975425916 98.42700486538459 87.8196096407302 44.13758814851646 47.06096140624552 48.68435803800797
37.475403504762596 32.715299953337286 83.48138520798794 29.04282921992164 16.13365885180007 33.666398892617046
57.701378164490414 65.80796165788821 25.15062871436655 82.12265405683516 79.24023450342419 65.69365404478594
4 3 	 # V Shape
37.64915467704937 30.306945229919148 61.150778006867846
25.04721104509904 22.161210421192134 21.212917675570264
57.295062202695476 21.211464347239804 96.33941614823831
50.99339509997339 57.488673280663306 73.86394023492758
4 6 	 # Alloc Shape
0 0 0 0 1 1
1 1 0 0 0 0
0 0 1 0 0 0
0 0 0 1 0 0

4 6 	 # U Shape
54.92456544194469 13.936748779722308 81.69223687376115 28.49907248027346 12.037678235899262 31.547621040248387
8.88008820084365 83.43177693378496 52.67741096729808 85.02025456697665 17.160748670591587 1.776518114461334
11.666681399590551 82.27259810463872 94.44414362462874 58.952705542780414 64.60217609756907 43.44019834883437
5.77046960901777 73.74896317450164 31.535254145376147 37.8421415634253 27.670780281120557 30.461899455692766
4 3 	 # V Shape
47.38366030508928 89.65142949669324 41.45591457248589
64.18942449718786 40.01448153400871 15.453231503537445
56.38904873622389 21.935815293754114 12.080380277588997
70.10386449232105 24.66260908821527 19.285262652880487
4 6 	 # Alloc Shape
0 0 1 0 0 0
0 0 0 1 0 0
0 0 0 0 1 1
1 1 0 0 0 0

4 6 	 # U Shape
65.05641354680553 96.38335785301905 62.74450167145904 3.3683376243419327 59.107988966086 58.94730519941316
70.65040875977151 96.63129692211741 94.87962753647895 66.58444357435032 96.80964676495056 41.96714909826922
79.55724000540731 34.179546982043675 89.43932629706237 64.36757421934692 37.54373314646369 28.64478861403982
67.13028174135744 51.95705392486014 42.64008082219931 26.908092866127255 15.541371382217772 8.598089710312474
4 3 	 # V Shape
11.400006433221165 46.016164876068544 11.844400237780583
77.97818195901304 97.3712940594507 80.32246394601074
72.64387456274082 93.8267783225306 7.043839503645466
77.34097809392088 56.81618784630391 21.222902863402137
4 6 	 # Alloc Shape
0 1 0 0 0 0
0 0 0 0 1 1
0 0 1 1 0 0
1 0 0 0 0 0

4 6 	 # U Shape
28.50251945934803 53.55870622418541 34.19596171295254 7.271385043191147 29.300427228139235 27.453823002809862
58.88352354565237 22.031175653574277 20.50433625339555 38.5706556858181 25.281838530508928 31.114015488268485
63.10655524389311 46.971547279670666 4.0774447406990095 68.24319807826635 35.673798494006526 35.2071072310289
93.87712444569723 20.82101046090904 20.669212931796153 49.37574346058149 81.30789604214205 9.091932612097143
4 3 	 # V Shape
11.497744246741593 9.69357699979938 62.10875436111358
60.243976769681986 72.63993910095515 11.684863939445956
80.55385331400305 69.47521711299581 17.16489535627207
6.231075039958012 33.21183749649595 49.03153383091271
4 6 	 # Alloc Shape
0 0 0 0 1 1
0 0 1 1 0 0
0 1 0 0 0 0
1 0 0 0 0 0

4 6 	 # U Shape
46.46994275518953 62.13663221512801 89.04993463832452 37.90277362868155 41.72893955344129 41.23630520596413
96.67620986299004 38.85854162867452 68.22652230495935 73.1291177317753 17.41404526462691 28.015644356284408
6.703344402897249 33.03891359353719 31.53983943652995 68.01590190655229 73.3466958947043 31.249360710479024
71.0887143093237 88.68591836153453 26.387515622640688 13.982380941211892 98.4572474946278 7.519418541057554
4 3 	 # V Shape
46.340924296909 94.79343785139565 66.2592139138327
84.37048136304873 45.20219433771621 66.00133174943305
69.71137587921655 0.9793182634664443 80.19637655828099
17.286278281052482 76.03533938104826 52.50399804350687
4 6 	 # Alloc Shape
0 0 1 1 0 0
1 0 0 0 0 0
0 0 0 0 1 1
0 1 0 0 0 0

4 6 	 # U Shape
34.94691566074134 96.27390016004877 68.41728987630776 12.791023237954436 42.89808605460027 75.9860024231552
32.738020752628294 60.812653800636255 88.50186977537456 15.101927389129877 63.280170728599636 30.0687127457792
29.33971697765295 39.91299567448628 76.44279700136599 5.452529904506365 25.85360987521792 15.759384818255818
54.23477345051523 27.412073857848597 99.55213730848816 60.03667486131848 7.398167966127089 76.01020529351767
4 3 	 # V Shape
11.000664529239689 35.994874892796304 66.41963173829042
97.59913438422426 61.52031981342113 23.561598493103
4.1235955877662605 85.45970010867539 29.628994099102833
96.81617323803621 81.01757121829296 55.24699974909445
4 6 	 # Alloc Shape
0 0 0 0 1 1
1 1 0 0 0 0
0 0 1 0 0 0
0 0 0 1 0 0

4 6 	 # U Shape
14.27538679833118 46.34769626534458 42.67120248144464 80.33860503412264 63.439640163023384 2.0136835299679468
74.24444627359598 97.46664684504557 22.433322921628353 98.50724219677835 46.875654099063205 52.08915531167839
28.256047761746828 49.03237112639787 47.59243539376053 20.494073432683567 61.102162107669066 74.1007345116332
89.7511633792578 93.78195266847094 48.970612039299446 32.303412264257226 57.712289917371315 85.8442619566002
4 3 	 # V Shape
81.12985824433237 97.73620096467505 67.67869902229971
26.999899155420827 74.76019163465449 47.29862142054089
25.556306741758327 75.00014471355814 49.7926548309641
14.915114992233402 91.08491619833664 10.844416078801377
4 6 	 # Alloc Shape
0 0 1 1 0 0
0 1 0 0 0 0
0 0 0 0 1 1
1 0 0 0 0 0

4 6 	 # U Shape
70.66613514807477 72.32627535129971 90.2246180950689 33.17530848492505 77.05603541458464 83.99293166230586
81.61858272255917 57.20167339951836 96.2492855054369 14.593100360590904 21.921727036124437 64.04678870770162
89.18722644224954 31.732799013315415 63.376558610164366 12.5827765565114 12.762253213349627 61.528589456967744
70.89246782956668 89.74907230121097 45.27922088591486 16.27482647482542 41.720600903143726 51.166738838155545
4 3 	 # V Shape
56.32830054509059 70.41653713705037 57.608285534097746
57.076027812105224 9.063493928132093 10.147609352582664
41.81843338892398 1.2479909361780117 18.8817813335316
23.947550234804737 16.181375859041868 29.203029478929555
4 6 	 # Alloc Shape
0 0 0 0 1 1
0 0 1 1 0 0
1 0 0 0 0 0
0 1 0 0 0 0

4 6 	 # U Shape
6.714804412381136 10.642395153513407 98.98673963473753 63.56645641709021 47.76843226185612 46.92753523636909
42.0244161932598 75.96106122413833 30.417612903440695 62.2746230629998 44.05498324279182 93.6769178309847
12.93352015917123 74.52294141627621 54.50276077219479 44.97428180227405 82.70095174780761 38.94880743941793
1.52552000927626 86.38806309239375 50.63961650992205 29.60362893954005 88.25800161408506 53.37453808937915
4 3 	 # V Shape
25.844788175962897 47.61098244937284 62.9201270510493
17.34313266789601 54.22749697332987 54.021530576911644
33.64447159930024 12.027665005578347 83.8912903575749
64.97660139656138 32.95788881752133 12.261404013450928
4 6 	 # Alloc Shape
0 0 1 1 0 0
0 0 0 0 0 1
0 0 0 0 1 0
1 1 0 0 0 0

4 6 	 # U Shape
1.4814736540351592 6.77926090947617 76.66118906160756 58.84364428815934 52.06928938195345 25.74354100265934
35.269831008384955 22.566137526752193 29.408831395328484 97.30270078226593 44.497293298744 78.9309171565734
85.38179843707555 24.979381829533697 16.89245256781574 22.314152881948313 28.021776531526843 35.06825976478159
8.358042911193753 44.300964203682845 51.08609480149696 13.858827677952057 4.340475960543988 18.3042361452721
4 3 	 # V Shape
60.3496309082464 46.51750377887739 93.80234264729094
87.25309720419946 51.16194277404542 24.868040518671908
38.85111536502954 93.53359370779502 31.967110909522955
84.94659079004612 42.927136935286924 47.55639695854882
4 6 	 # Alloc Shape
0 0 0 0 1 1
0 0 0 1 0 0
1 0 0 0 0 0
0 1 1 0 0 0

4 6 	 # U Shape
75.46711173331614 85.68059623292926 99.1734173721146 62.84114290298982 33.265090100564954 80.19010347672264
12.303093399439014 46.88096678051012 83.9611633881558 75.14144845739102 7.077063829770647 75.25737983569782
16.364009874487063 15.093431454546824 38.448443337428074 81.5682109586946 62.884642843037085 1.4287754581972623
87.01143148373097 99.65499250559219 18.508700531241008 43.04374234230154 71.31969579301055 97.13516985855317
4 3 	 # V Shape
13.285755203120008 93.39157998084102 90.44783786946131
57.57274820023007 1.8341705581601309 41.69270724446134
56.14321810072555 83.13368970337855 32.86373673744315
45.807765812195115 46.0979692879907 93.14011848241745
4 6 	 # Alloc Shape
0 0 0 0 1 1
0 0 1 0 0 0
0 0 0 1 0 0
1 1 0 0 0 0

4 6 	 # U Shape
50.918146605378375 46.970046719554205 71.27110065461028 79.9736624625427 58.00915729295375 94.66279557014154
36.06232396397705 80.18407251266237 51.73163674494929 17.659848222588792 95.21580395307781 37.534632018494385
78.33581075456166 33.29607826062936 41.24227342522697 67.81604526459006 68.80648800421235 62.13119132869232
36.27562161384715 34.451881184982255 1.6778600716334302 26.181108950760866 16.40587699505548 99.20616854927154
4 3 	 # V Shape
50.09984729761441 91.50689394586459 62.299426646289156
99.25872401742183 18.173246542132304 27.237542566905937
35.280509740883105 78.85547857306594 16.3815271450777
48.82982229694427 71.61366281357854 41.151746018981605
4 6 	 # Alloc Shape
0 0 1 1 0 0
1 1 0 0 0 0
0 0 0 0 1 0
0 0 0 0 0 1

4 6 	 # U Shape
67.76180037026157 64.9561863033293 31.1027331414121 65.0139356086285 85.97834066396949 62.31021388525975
83.19139568746006 24.32571621551032 85.71679548863767 98.71622643393331 33.63093590526469 49.73845013569359
42.21583436320861 61.03729477233622 46.31425766844311 44.58354766721331 81.42997856085252 11.600289489769144
53.790962769030784 22.565263687946356 71.3786872439176 47.198576233055256 38.859933764430764 23.23181707228703
4 3 	 # V Shape
41.10572196464201 84.98331876012068 58.83708079224513
76.21298784002455 21.465030560137087 86.68940391923327
6.414475073732029 93.79075101412015 15.869461457431743
27.367628996771952 39.91474191598804 56.629442787664985
4 6 	 # Alloc Shape
0 0 0 0 1 1
1 0 0 0 0 0
0 1 0 0 0 0
0 0 1 1 0 0

4 6 	 # U Shape
44.41928534764177 78.96059125723767 32.448671782996286 91.66195347593984 96.14721580955313 19.971905897220708
86.02179432420701 95.64907482502258 42.19700221429852 64.10610903113688 1.5255037991982134 60.59627764323675
56.352977321909506 80.29997932405091 33.96518974986258 63.75811265848703 98.79361860280811 97.13055083460401
97.76802666647009 74.1423831349263 45.180169508043065 86.5770314834114 96.86057337531417 79.88388835010826
4 3 	 # V Shape
78.3966255846099 56.82070182994185 1.6383257629479786
56.446846468988966 71.19250207276771 89.60699947096637
87.80030731858865 48.268832933109216 10.211760819796023
5.987602052363128 16.30370312070285 31.773309717250708
4 6 	 # Alloc Shape
0 0 1 1 0 0
1 1 0 0 0 0
0 0 0 0 0 1
0 0 0 0 1 0

4 6 	 # U Shape
56.83015747844895 16.9577675667269 4.1253126704495 87.6825403730222 88.00250478190323 96.68907761433229
51.80150706331662 65.61508820113534 56.430147863547354 8.882013540483968 16.3629009031519 66.7554147924046
51.31092736949372 38.867970219472404 50.76080959913899 30.156930360378453 21.729512817780584 53.772677840916614
42.719360865355895 84.79664463416167 77.38660960972406 73.5726274504148 45.93988561368073 42.279306906567
4 3 	 # V Shape
81.69883373747291 32.75822286680555 52.62268486745614
78.05730894296211 58.75063033111718 85.29100133501927
84.06024218153884 76.14349182288235 8.930785715844324
44.195306264993825 27.548514775848297 24.117517285907752
4 6 	 # Alloc Shape
0 0 0 1 0 0
0 0 0 0 1 1
1 1 0 0 0 0
0 0 1 0 0 0

4 6 	 # U Shape
93.46521465735366 17.796170262150845 3.0036651163028782 8.795545768018243 60.519659082750934 56.492903149514575
58.73056260313264 65.72291408935908 99.19850405606678 65.60861372639884 62.80811313054654 57.602240863182274
99.79594470779467 19.662696925620903 73.05998891302664 69.85592477057399 17.958044026764895 46.44188034399186
37.26689405662753 23.467078506509054 61.62541926225664 79.49729169685749 44.644361444418394 23.980239590527663
4 3 	 # V Shape
79.9316286220504 61.42478123904871 13.207106430902705
75.43662685541317 25.308860231807838 31.635007008279324
46.16651090414737 40.01672445992392 79.9139715622825
50.267415452989624 30.121296602466018 25.4526124768906
4 6 	 # Alloc Shape
1 1 0 0 0 0
0 0 1 0 0 0
0 0 0 0 1 1
0 0 0 1 0 0

4 6 	 # U Shape
20.598136794338252 36.98599488315516 28.98921647503213 13.898764598922986 67.04057361889353 20.310339907541387
84.05503313865957 48.24674600116935 34.12740500795686 54.08761153355559 86.86787712132912 75.59661967584128
25.324879656700627 55.49117978576705 65.72117256440264 85.80668774911912 41.611974575870036 12.716487681701105
38.0033625987893 26.814608893486948 47.78141092596733 44.99177309157194 42.339395896272 27.15121965228623
4 3 	 # V Shape
43.79410354401057 71.77439396585848 17.358477488244894
90.37459828571657 34.61144572635077 42.97439024931954
24.64256037402508 36.62854894234439 53.41617817198012
81.63794707275814 59.755528686310235 49.75465997392155
4 6 	 # Alloc Shape
0 0 0 0 1 0
0 0 0 0 0 1
0 0 1 1 0 0
1 1 0 0 0 0

4 6 	 # U Shape
59.673456882470276 64.99457208157565 90.56809852363622 53.656449479382374 2.494186822581146 62.016886501190385
47.48527031376841 55.06827468164794 44.814611111394306 5.089726574918907 28.48875958311783 20.95458033048132
76.74947327232769 99.98492154619245 79.69491805624128 94.29384189575606 10.51796117566315 19.598748172975323
89.68921212622776 75.04904667204023 24.39489533821736 21.00940099505948 38.70748813135041 44.226441929606
4 3 	 # V Shape
32.56913798571111 37.118466848007635 47.10151046532774
97.94102534975663 87.07220481039576 66.77992611939541
93.80588322687616 82.44027222349634 61.96802760797288
25.882559480379598 71.48818682631925 41.90918531462804
4 6 	 # Alloc Shape
0 0 1 0 0 0
1 1 0 0 0 0
0 0 0 1 0 0
0 0 0 0 1 1

4 6 	 # U Shape
61.99100347743551 57.31592236898615 73.55037829381037 3.3366353458743503 2.380140726395108 92.87117326588728
71.33151610535798 20.31869522778661 47.93387906273286 8.723099421437809 16.914933230634333 81.23735436879755
10.501027874645995 17.321541327133026 31.571584882100858 64.39965710118075 8.255941541208156 81.73552624666746
12.071618015212515 89.14601488883027 80.63731345921295 83.02647677768505 36.62579731401634 95.85518066924641
4 3 	 # V Shape
89.84072067466663 97.8539614406682 8.64329748802114
6.179566992051577 15.276504375375833 76.01690359093087
81.99399995239627 47.29229555800144 88.07767445523864
81.88364322948696 57.21302230908615 75.476393272989
4 6 	 # Alloc Shape
0 0 1 1 0 0
1 0 0 0 0 0
0 0 0 0 1 1
0 1 0 0 0 0

4 6 	 # U Shape
12.218963403089223 49.10644492764382 91.30715521606453 44.58115294248392 30.158940637358544 29.55373907122261
22.41663793507963 55.425157284742134 45.185026404495545 52.94016011147696 77.5394665016471 32.92523417701961
25.413719950769163 57.11478346143104 17.89659964584972 83.76202409444723 99.84026145206849 8.542065914661789
37.86338376856071 3.8378266155869145 36.618283951367545 72.40397336633248 8.311882612527688 2.596028242566595
4 3 	 # V Shape
47.56557720916387 54.60031168476662 76.9127599157768
47.96602001483687 90.94256101209027 46.5311376543468
14.440090101564262 2.8363801453292425 28.75661693888638
33.51266200898021 96.84714425362337 29.030352687620077
4 6 	 # Alloc Shape
0 0 1 0 0 0
1 1 0 0 0 0
0 0 0 0 1 1
0 0 0 1 0 0

4 6 	 # U Shape
90.44558664754531 95.80957614086613 98.87928496014547 89.31834306565305 76.19416470231917 28.170464707296638
3.0935555824306515 51.881202832681915 27.129314209328193 64.79849272635221 47.234180044022736 15.209379604545514
99.24980131357628 68.08783202866603 77.96425596713962 7.550734623415867 14.541953036933608 78.82229088552198
84.81782293410525 0.28689695090264866 67.90996785752523 94.11769015143643 40.39528532457697 64.60278713596182
4 3 	 # V Shape
65.62323919841245 41.369084145848674 16.04729244587031
77.64708011707442 47.63595117288699 11.376874582294484
73.17015694110279 20.728111673197592 1.416812428621228
94.82862850303813 2.0364413330128395 41.707968736588
4 6 	 # Alloc Shape
0 0 1 0 0 0
0 0 0 1 0 0
1 1 0 0 0 0
0 0 0 0 1 1

4 6 	 # U Shape
1.2616540296148449 31.37192315258982 38.89970316955041 95.17931033803934 95.50703814254761 51.166094158636376
24.8036443191045 96.40148427387251 47.0925318732608 57.65043979810628 56.80176072961446 11.123891024833155
50.82161880770178 31.023438693404703 51.63112812338898 51.57141925111161 27.32463664947068 99.11508633126722
70.54804803939037 27.59012302461823 62.36194848121591 84.38127125267165 73.59769722959571 26.706044711563415
4 3 	 # V Shape
22.770452647201424 89.92891086513262 67.32253996126836
43.29255082681045 46.05809407276856 91.46792819157102
30.755655387505378 71.93236817048971 23.112154173751954
38.60575530502778 95.49229360648363 37.98254025464248
4 6 	 # Alloc Shape
0 0 0 0 1 0
1 1 0 0 0 0
0 0 0 0 0 1
0 0 1 1 0 0

4 6 	 # U Shape
9.008448734711838 26.31486007005548 13.767268711165814 0.4946237488306471 41.73974706811128 59.43883875047712
11.399999855650977 52.32090898251892 65.7661830201122 43.15153800898875 60.97763541455402 91.7973217784858
31.394121769440662 27.35416960564503 62.2151497518636 35.66882974643206 67.05512304948321 30.894270943547554
83.40502989123712 60.87790772828413 59.902717696674465 90.1500656307837 17.793119826722304 65.07781382463187
4 3 	 # V Shape
55.10864528449025 72.92736257772917 92.28785601577512
14.156971615570612 41.461932209015885 7.106841126975027
97.50931897665053 38.993651067359444 7.878419424295613
91.14194767001523 43.88670502238875 93.67944335710273
4 6 	 # Alloc Shape
0 0 0 0 1 1
0 0 1 0 0 0
1 1 0 0 0 0
0 0 0 1 0 0

4 6 	 # U Shape
70.19314174481441 64.88372532726284 67.63282446794138 83.51527628619091 73.47598131265778 28.05517975287649
83.37820868307318 1.8214604669358425 70.53216032266606 36.29559168705219 46.76259472838772 15.853198589362593
53.49020088145859 74.48004322251187 1.9210920139467125 53.86493614130406 9.867838539304541 20.164031120453807
26.297875871481423 60.68494154026809 3.5346396551391046 35.12550369955718 11.343816820696507 80.51647847377238
4 3 	 # V Shape
95.22270704489898 16.82609567885427 26.404562741555647
88.66661936375931 92.49337537618236 96.74252196020296
0.19381966038772847 48.584034296695755 50.11876550943792
79.62796594759955 76.91112122319984 83.17266347995091
4 6 	 # Alloc Shape
0 0 1 1 0 0
1 0 0 0 0 0
0 1 0 0 0 0
0 0 0 0 1 1

4 6 	 # U Shape
87.69519660096431 55.202132226884714 79.07835017126946 11.391335036875184 45.16220878804238 42.472097524320006
82.56132320983463 15.9439872484329 18.418122934568594 91.86604648735532 21.143343661127812 50.92715233097124
83.64712389831296 56.99362178254525 62.088565409582486 32.91334632646379 18.86335263634712 15.280560027008372
29.520667112304178 85.34076522349068 56.26335186510916 43.55859963252748 28.67508244610303 86.39471264392988
4 3 	 # V Shape
87.06715345665624 50.41460254234191 84.6990550251208
38.71189428107551 16.786179993534457 73.679414211574
45.90874018140918 26.837141727853187 59.05893064062927
14.268043727392964 31.525655009503595 97.0554681136705
4 6 	 # Alloc Shape
0 0 1 0 0 0
0 0 0 1 0 0
1 1 0 0 0 0
0 0 0 0 1 1

4 6 	 # U Shape
44.9960022535714 18.197421723434772 55.93031275343784 33.141474080229536 72.75983530086582 12.248340448460127
89.253444460024 27.64138322040631 21.728256203238217 84.58120584680108 82.50591075282956 43.10725344725098
26.224688676666187 15.931276609745792 9.612764862747536 81.90815294701578 0.7356238249852765 69.04206576199243
51.698651532999186 62.151474937858275 9.485187054756006 29.479604177130337 19.117946479098592 37.227961427749975
4 3 	 # V Shape
78.04130321088823 25.764653699490513 6.0242826565942265
18.111225910433106 22.376182627423013 56.480802632945036
54.19513876213369 23.907724018449052 96.84846131766768
88.8495805581 29.46708850174973 28.456116058052327
4 6 	 # Alloc Shape
0 0 1 0 0 0
0 0 0 0 1 1
0 0 0 1 0 0
1 1 0 0 0 0

4 6 	 # U Shape
12.975752867052003 97.18849125450578 10.525307672512819 91.7262810219548 70.68337000837994 13.261556031526489
48.508575870539275 24.101195176472245 39.27704150770358 73.97135940380993 33.59916435578935 11.749499271430174
20.50783948818946 3.128237516039367 44.44717292352043 42.978437377317334 96.67940025240276 46.69812957851559
1.1865249718811532 12.416588159548658 99.94961903299463 8.336903390417316 56.56078072645842 44.68685394611837
4 3 	 # V Shape
60.53912118916058 59.816697124173245 39.32322112917351
99.40435794371545 88.65638513214066 4.040009852185344
30.58288007900196 50.7825025282881 11.356646964558404
75.54735511297743 26.89559047214386 71.80232498104978
4 6 	 # Alloc Shape
0 0 0 1 0 0
1 1 0 0 0 0
0 0 0 0 1 1
0 0 1 0 0 0

4 6 	 # U Shape
84.75415150265859 57.381828853719064 51.07654857767214 3.3200176029885786 65.73044946775396 30.410228797118734
40.90252665900752 80.94634224701471 35.5279837538655 9.675797769629813 35.27190008709311 36.58328463890817
51.59981249692116 93.18491524703268 96.18091443607068 48.08752818556295 13.110051955009949 80.47200273542498
58.28858295239875 58.99579942454651 17.538063385336244 89.17340195270492 46.9150425223153 15.857190450190151
4 3 	 # V Shape
90.15198013644715 16.218562021722825 39.41778085507459
34.50500012475675 41.32597147226848 88.05004257851812
68.13737141720996 52.699494989435514 65.63365795412622
51.973521906852994 63.89929596438041 19.657257888529323
4 6 	 # Alloc Shape
1 1 0 0 0 0
0 0 0 0 1 1
0 0 1 0 0 0
0 0 0 1 0 0

4 6 	 # U Shape
42.68809891821179 54.826874194218135 11.173885478430945 87.62546677272232 20.777645376753963 39.93679552012883
55.50832391813152 31.23961470454537 15.546238599161688 66.33078098984574 26.46697367176918 63.872828410122196
84.45042806095162 48.466627991439324 52.12017680659661 25.576011123312604 90.57980198482902 95.99060178744706
52.65499988014953 59.44878973398047 70.95610626290315 62.39721487227733 51.48852174732559 11.100211062063881
4 3 	 # V Shape
56.70677354893871 28.265655088565556 3.66275222911544
85.99314471714747 90.27824382008738 41.15962839628771
19.58769505715897 37.640953970927036 44.839392271514235
83.10398541879772 41.9347364216927 84.32424648236682
4 6 	 # Alloc Shape
0 0 0 1 0 0
1 1 0 0 0 0
0 0 0 0 1 1
0 0 1 0 0 0

4 6 	 # U Shape
96.44178097161311 2.244175343562771 31.715133037929267 37.51285639080012 90.59627281848347 56.14634087773213
13.641286761133742 80.92065147094405 36.98832408812691 6.366464455487042 44.833090630285746 68.64855247331785
25.145963663141934 38.87907695078127 26.797422701276318 2.229307850292239 58.603690982305615 55.27493481881998
71.39252808133303 3.631715412972014 48.29207575980767 43.26611104630334 3.611446308125177 63.26973220285637
4 3 	 # V Shape
82.83064455004897 33.77780771001264 71.867438678672
10.490813064762195 11.240149506922915 28.542154385331298
72.00484531789189 39.28168078831102 76.0359730796463
47.319098654448986 97.65185084490162 75.09820711690494
4 6 	 # Alloc Shape
1 0 0 0 0 0
0 1 0 0 0 0
0 0 0 0 1 1
0 0 1 1 0 0

4 6 	 # U Shape
57.84606998931402 59.564156702744064 63.434338002582635 32.43407338010482 59.3090998181238 88.48924506447699
50.81975699225859 97.79438179434533 42.91633618963896 51.75188612522372 74.99927640814563 17.796007844740558
14.449210656406352 96.41143177612196 80.28250807503376 48.903363401837886 58.84878680477447 27.466837238395357
68.9318628967838 22.301664411277134 22.84865632380333 78.49558468270301 70.93031073157834 45.737100138820075
4 3 	 # V Shape
55.5776191787895 38.58754371849624 64.47429029860415
75.7626742376962 60.617093617472364 15.247321500412347
82.69965699858483 12.923582339214024 19.72557387087428
71.35898704094355 25.120543206155922 84.2706368837836
4 6 	 # Alloc Shape
0 0 0 0 1 1
1 1 0 0 0 0
0 0 1 0 0 0
0 0 0 1 0 0

4 6 	 # U Shape
88.9688683200075 59.920454900802376 84.01427636166444 98.12249012550149 6.7244942344199305 90.87917651371116
74.07503096859259 50.02153750195162 89.63794486377941 93.04946632604039 76.65463607306108 80.57659836230292
73.17679637256022 75.93946944453931 38.625945781867365 73.76482152643791 7.3060373754520125 50.108387857931945
98.67235775471677 99.48370742132934 29.227503422386437 83.62124520588189 71.74243372100526 72.97139946898133
4 3 	 # V Shape
77.15650271270896 31.33398512818418 99.5531214499963
12.560511143452956 42.313990137397624 26.914724075518837
96.40018616740917 43.76744221794876 3.0003944822860618
7.649868278374051 38.79858808355987 22.033365573819996
4 6 	 # Alloc Shape
0 0 0 0 1 1
0 0 1 0 0 0
1 1 0 0 0 0
0 0 0 1 0 0

4 6 	 # U Shape
71.82537900103058 84.21441992956706 91.55521496816566 92.685399108314 28.51177246254434 66.1467914681809
68.60613623025736 52.49086862065211 76.01989495343514 97.18405301240922 96.57474325376224 32.183100328214984
64.87479520609737 94.26057193150528 2.986010808605921 26.403556525429362 60.35403243960607 17.51679287517286
78.16139458087076 38.90552537297673 58.32871830597368 43.73203052026049 23.19579828492595 31.773945799257362
4 3 	 # V Shape
2.232063116256844 5.937167677500421 38.17271780677175
62.519785059160704 20.207108326476032 73.73211750707344
55.11649841886634 7.607420660058962 54.30712859853389
79.87457554789091 52.05075081964024 89.3556846426851
4 6 	 # Alloc Shape
0 0 1 1 0 0
0 0 0 0 1 1
0 1 0 0 0 0
1 0 0 0 0 0

4 6 	 # U Shape
88.80634279343408 67.29507568249772 45.65179160862738 78.96932417062142 89.91814193092002 12.959235801469493
70.96366154986481 72.56985693796094 94.23515412284698 17.846832784098687 72.43208085815705 10.04779880272314
43.753734576400745 47.08725250636717 64.25259110489023 57.867861597212226 73.36147205960911 93.87281580716713
44.970177601656715 93.55278544521855 43.27282910873434 53.6833158601146 90.76068730050086 18.588997048887578
4 3 	 # V Shape
95.9522786601882 6.7701149478554985 94.09068074162539
8.893156399155878 67.694381539525 14.2531226134612
86.31349752852937 88.37912349738998 35.22064582161089
86.38636816566616 63.86699108913621 22.958946381107182
4 6 	 # Alloc Shape
1 1 0 0 0 0
0 0 1 1 0 0
0 0 0 0 0 1
0 0 0 0 1 0

4 6 	 # U Shape
3.739523884206619 81.77569109558527 16.75322872957906 29.496910340073956 66.27226855943451 56.861759165169836
70.66922338577616 27.325330336892716 20.783927304394012 58.05154659960938 87.9096591705498 13.8361419450311
29.95980108311409 74.98415460433414 72.52309963878393 30.366616352045504 52.62802387500902 57.25466779105298
76.71025714142117 77.75423596954563 41.096870181502375 30.506195273004955 51.838942519947764 27.768649590922678
4 3 	 # V Shape
21.610555735945034 19.28316066387965 13.492742550294146
33.51706304889724 86.06803990586526 18.07182214823819
65.39363736495665 91.86675776507744 59.665873528122226
33.499171464605794 73.21895138655715 36.99666652638756
4 6 	 # Alloc Shape
0 0 0 0 0 1
0 0 0 0 1 0
0 0 1 1 0 0
1 1 0 0 0 0

4 6 	 # U Shape
64.26123268453645 50.0847287839772 29.32696492461273 46.92407992270089 51.19261037770953 39.783446178590594
46.918425112886275 1.9831135677814027 5.971852402290622 86.54749824666861 46.7066835390421 15.116544135161192
63.66082185661318 7.442027198343382 99.95359704454539 65.26203274952238 55.204427186665015 37.253006666848286
73.24859384663435 50.67994703324401 25.62542898621798 54.243353328676946 57.79963335310019 61.74989447158635
4 3 	 # V Shape
98.70184842677847 33.76257845528361 30.12105115282211
37.41556968749408 42.23227744756335 62.36635764919124
62.423046748193215 72.34745676790787 64.13471747966895
71.35824516830043 0.3533126761705918 48.91205941515591
4 6 	 # Alloc Shape
1 1 0 0 0 0
0 0 0 1 0 0
0 0 1 0 0 0
0 0 0 0 1 1

4 6 	 # U Shape
72.06655205512385 16.42134161562514 91.50157342616119 64.12437537416756 10.111128106757118 72.58098101417379
25.38207885152528 2.495341801486506 10.265222582340972 72.19914194668456 99.90627503215416 1.6267640295907215
5.468796443969093 19.673016178003945 41.31771942105552 19.188241182986122 39.94479828852343 86.96016952731611
10.570108124616674 38.01951290701806 11.947790514815516 18.208317188259883 10.91568009952304 54.46698145329505
4 3 	 # V Shape
52.50369253699076 63.459402548711644 42.90019875375953
46.42419586380705 62.14061924832093 46.114104548268145
43.64765738635922 59.052481446631454 54.519554100614286
9.244256449939659 56.59373248896473 29.397700954573867
4 6 	 # Alloc Shape
0 0 1 1 0 0
0 0 0 0 1 0
0 0 0 0 0 1
1 1 0 0 0 0

4 6 	 # U Shape
46.44091993201761 42.01064541396844 39.206117962524786 59.607437624946854 71.41601394372312 66.8576781342275
53.5740808999777 84.28555513185376 99.3993692502017 28.264650462579187 31.296033824369076 32.953741805720306
59.21081063841803 46.32783453249909 93.08122715085804 60.96907687238051 50.477388508847234 67.65530331525706
7.273417203080557 48.34490919873586 20.41601079125501 90.51709311418065 46.775765704411945 86.84835935610128
4 3 	 # V Shape
64.90131214192732 62.99136194292151 8.230593248443952
96.95571031940614 82.40172712949813 8.327131040856894
91.58071872234153 58.58388140407315 35.73927253525775
52.52926696316057 76.70907526733754 52.196581270806185
4 6 	 # Alloc Shape
0 0 0 0 1 0
1 1 0 0 0 0
0 0 1 1 0 0
0 0 0 0 0 1

4 6 	 # U Shape
35.20511513621069 72.60348411894068 17.874977520610756 8.982631930111607 60.49357843177112 83.233323190212
45.72374985265269 86.01645691853793 40.9035881350172 2.208670901164733 17.00843865779389 99.25528032742956
46.760349701456725 93.40602551762599 17.46603277132549 80.30747834551113 56.96605334794101 76.43237339230794
50.44862649512878 25.10495620506181 44.002689347188195 66.80977907789143 23.96662052696947 18.85900582397101
4 3 	 # V Shape
78.21107505755116 99.445774251289 27.806547503914924
65.89391779146851 25.370123625894113 1.843794805800647
94.02499447330142 72.33812800057413 11.158900565702334
75.88770758715255 91.24506775515742 63.5006647844561
4 6 	 # Alloc Shape
0 0 0 0 1 0
0 0 0 0 0 1
1 1 0 0 0 0
0 0 1 1 0 0

4 6 	 # U Shape
94.35014095836439 62.95329494200197 98.82738905454877 68.31886354436534 84.64542564137157 2.8776629030965784
65.76490295024475 41.227668512216255 55.10236926451366 9.957567749006369 80.60336310165894 3.009122546666254
39.90642398134128 65.52255164020812 30.302055374762382 17.411943333572633 71.53021171162543 77.76645140750931
37.57826598053568 65.287668167479 8.370442699440527 39.6349130732048 32.34529495381708 99.94077719345556
4 3 	 # V Shape
55.71686871897384 80.38552195307574 51.52007258669683
52.955196865790086 58.71650354679478 87.974056623825
50.61238535530877 90.6216218552811 45.53934021067868
40.19935796369754 5.940051098310983 14.98937611618949
4 6 	 # Alloc Shape
0 0 1 1 0 0
0 0 0 0 1 0
1 1 0 0 0 0
0 0 0 0 0 1

4 6 	 # U Shape
29.513290246408452 55.786575768110666 24.420093367925077 72.11751334296578 41.896484981552206 77.47465124939932
77.25337647273949 72.68525260005543 87.52504345976226 23.784112911107847 46.33421877579074 94.69246216219682
80.40694565706963 82.09187544951479 34.74730436239604 45.06667831900818 96.78517686731968 1.5767598078851308
86.85192312724827 67.99355658638338 93.02794208455487 97.32004834330797 86.71720457451335 37.56375090707119
4 3 	 # V Shape
18.213051929227664 34.37576758150932 71.76382313799368
45.57494891365289 80.41484974233438 69.28878764483116
59.53328174439913 51.01812516872606 81.89059475323565
50.57772127224263 87.91032005637209 55.142910641915634
4 6 	 # Alloc Shape
0 0 0 0 0 1
1 1 0 0 0 0
0 0 0 0 1 0
0 0 1 1 0 0

4 6 	 # U Shape
34.608776934242215 38.70054827752959 74.19898241496296 64.40132965145166 17.37621745409845 24.802955632544755
13.024912743565354 85.3535874211925 23.834019384223105 44.70132443909547 72.58900273334294 83.77278444293485
68.86716465732616 88.15418015254404 3.800734398899963 12.914478446198686 20.875232706004297 66.67449112199145
60.30214929892279 86.43636126257165 42.04858401556516 5.926923378158588 34.23145994802229 2.394807353111339
4 3 	 # V Shape
97.01456021069384 18.336135092839246 84.20856567753931
58.37656289304138 12.604333030987602 90.94642197764749
52.9433526061252 85.32303757890546 32.289827461035806
15.043625068460242 81.69001594878436 4.190042097154112
4 6 	 # Alloc Shape
0 0 1 1 0 0
0 0 0 0 1 1
1 0 0 0 0 0
0 1 0 0 0 0

4 6 	 # U Shape
25.058087222622426 77.59015749604589 94.63995041934719 25.1170126537859 20.836978215846912 71.84245072964028
91.39139750195355 78.35587030055822 94.23362345325597 39.74372054200428 95.6150437496961 97.22313516830023
15.813556260131268 61.467653746547455 97.92925877272269 1.1719935209073218 30.036621099604965 4.186104319528184
0.5076636911127252 3.983787133400374 25.88002656744529 40.90557303378751 25.735265878030923 11.24224647681984
4 3 	 # V Shape
82.23729738494508 75.85588295102352 24.528936928131206
20.509320623869275 69.18717639659369 24.964707933144005
57.00952770403617 31.718294835335247 35.761003610702204
11.901321717339975 37.1963538158066 73.23981573897002
4 6 	 # Alloc Shape
1 1 0 0 0 0
0 0 0 0 1 1
0 0 1 0 0 0
0 0 0 1 0 0

4 6 	 # U Shape
1.9088447660080665 21.673406716738917 66.91247001012411 45.043596372518465 14.288331699317702 14.237063186277831
53.166677494672555 1.8161567802524425 7.462547774072192 73.34304849301026 29.882395058971234 82.39189543015992
88.43091784526041 83.64641948877612 14.478592591039963 29.106379650600022 83.5975846478818 64.06520740453402
20.79686268735912 1.6066648058251976 15.215365123658842 55.03072664809727 59.94386550282697 14.204426144679438
4 3 	 # V Shape
60.97941020211285 97.90679850940153 3.0900959406041872
37.48898259084513 61.09586994503168 27.892060571404087
13.415907775505055 20.243509945080916 63.381621408283486
64.96268591470808 54.61322934609628 86.2950743504603
4 6 	 # Alloc Shape
0 0 1 1 0 0
0 0 0 0 0 1
1 1 0 0 0 0
0 0 0 0 1 0

4 6 	 # U Shape
23.58491069962938 72.955982825814 85.91781248652998 66.42023110377934 71.85190676684813 55.30584576105015
45.64600478808831 75.00437650631243 25.825333155022467 42.16304507069889 41.89828530710198 17.334484472526068
96.05678531339721 29.816523685303853 14.870406563609539 32.66321921503123 4.19697220119386 72.79554191077654
41.70578689901963 6.831112640488513 36.23904601688247 95.53214472854414 0.13880152753726893 87.7414722079119
4 3 	 # V Shape
48.749213060911224 4.767304945444373 76.32954654887048
48.91872787719925 73.31687967683028 94.39058883630705
16.416240540396785 6.302635423050152 13.458637038846488
56.66457099255401 22.073111395016166 73.04027591359313
4 6 	 # Alloc Shape
0 0 0 0 1 1
0 1 0 0 0 0
1 0 0 0 0 0
0 0 1 1 0 0

4 6 	 # U Shape
17.982070025229845 64.31540286936247 88.57644918383237 72.96556497092797 95.51050717508332 46.98584891446356
21.759564464531522 70.62295088415122 62.025081274786444 72.64018476175762 16.649123649097763 97.87821364306902
12.741767546253858 56.765067391210465 68.86610865217057 88.80263201439905 33.65624191696342 98.69285283134542
78.69472468752738 14.545563716545452 7.3822684137711425 45.228225506125156 82.7758905053152 51.72716974395403
4 3 	 # V Shape
13.19431086218591 53.67187322592256 61.50806586697082
48.55370917205002 30.461801621109775 34.513187857682816
12.248327288405314 39.20050994826896 68.77405813261005
96.72248462164437 52.49668927150471 56.35937007377333
4 6 	 # Alloc Shape
0 0 0 0 1 0
0 0 0 0 0 1
0 0 1 1 0 0
1 1 0 0 0 0

4 6 	 # U Shape
69.94358501846567 47.422136051923694 28.158643264269045 40.16700131996115 38.92819473348249 98.21406081710424
3.5092767608779885 78.55239273786198 57.95991866496314 88.62626570012642 48.07711830713075 26.216077306719043
92.07650414188294 24.44367040757427 88.63684880879546 76.53531359184377 57.98339925838278 69.935683397001
81.77387051130661 79.19771463297543 30.851385891238902 2.1686166628284265 1.9356518216344654 15.854100773674984
4 3 	 # V Shape
5.291693198420278 23.994527437499503 96.72749442159221
64.10246241562513 22.12355685200116 41.96136554788358
54.27991113482863 78.71789291063855 78.328837226744
24.604636130158262 77.19982728700595 57.103586160761964
4 6 	 # Alloc Shape
0 0 0 0 1 1
0 1 0 0 0 0
0 0 1 1 0 0
1 0 0 0 0 0

4 6 	 # U Shape
14.312430905837136 48.687585960018495 41.655918361736546 52.34236675698936 81.2130158417459 5.394168611916816
69.62215072685476 33.001976665302465 49.364470404675295 85.24561041708476 72.0791823056662 21.92533160414385
70.67504075487236 18.132333764724816 10.077208910544988 37.89829101603915 21.6070269788042 79.74907500918094
75.47593432902501 99.60720534966714 49.98838888390142 93.92177433359477 71.22587778646677 86.55286814267996
4 3 	 # V Shape
83.67126860395283 17.23273933458924 2.2232379427373328
6.59486243573194 71.60129064932369 77.24857422655187
98.83372093386794 93.3423484861936 25.30378013589446
64.42523861594391 6.249458054224865 71.27652811966989
4 6 	 # Alloc Shape
0 0 0 0 1 0
0 0 1 1 0 0
0 0 0 0 0 1
1 1 0 0 0 0

4 6 	 # U Shape
43.54303065973074 0.9868369033402713 64.38403150145966 91.48303454734238 80.9286760928951 53.069250792326784
27.36423671995013 35.6721572525734 99.2564867904494 15.197122343434765 56.052147788105444 92.51527277860043
33.39148105100216 58.311353976957555 84.63273771497288 29.815141892410445 4.6298277344110295 81.98669090056725
15.383346939832155 91.03879719615394 27.25720962957594 8.192960876267485 24.936741957998343 32.720428307340924
4 3 	 # V Shape
26.146598578886938 35.52499585502296 21.00793752525465
25.1504505639941 9.96306315695018 5.406189665157379
35.9251164173086 64.4839894506818 74.2951407794129
90.48045694544373 99.45719798198522 63.51812385963258
4 6 	 # Alloc Shape
0 0 0 1 0 0
0 0 1 0 0 0
0 0 0 0 1 1
1 1 0 0 0 0

4 6 	 # U Shape
16.054625872458917 70.75140979951536 39.07736858037283 16.133814884943288 66.86389182752676 87.39750493173533
9.994606951813989 98.23933639095046 67.77073439214453 80.53168460354794 44.036085585568216 90.6592566831921
67.86566193967816 53.66596763819126 91.58552000640209 12.716007682322793 41.83019099697264 17.610084155030957
9.382785742799825 37.98391959407348 21.867555699625463 33.28589722817703 0.10867444736014642 15.948485687310566
4 3 	 # V Shape
85.35523278667306 71.18959803831375 29.279261599639916
42.9568111789102 7.589541153184443 67.6560783812209
13.430023657625368 97.4639860357895 13.752782068662873
47.34427611198062 42.75451716132258 94.90872869778005
4 6 	 # Alloc Shape
1 1 0 0 0 0
0 0 0 1 0 0
0 0 1 0 0 0
0 0 0 0 1 1

4 6 	 # U Shape
7.38505998666027 67.2465058033979 20.06257231944195 33.657441757253245 83.503248370504 56.69178795935752
82.50007273380317 38.361646114103564 41.09981469430332 98.95657144332966 53.110128660512736 88.3371545558127
53.72998558957901 47.23813852441749 72.47962224013324 0.05914853710703438 15.705596502334451 95.15611087125325
15.922926480884215 3.0489320766382555 72.05548125698907 14.191461412780871 86.40875856594057 54.27327912333296
4 3 	 # V Shape
13.323796516005649 76.59770369317681 16.752681786935785
15.65588703252172 67.08296546410352 49.35276509779787
27.309119104904255 74.54454762448187 73.38312576742071
45.85526098715346 9.41941115924646 22.831158382585283
4 6 	 # Alloc Shape
0 1 0 0 1 0
1 0 0 1 0 0
0 0 0 0 0 1
0 0 1 0 0 0

4 6 	 # U Shape
34.48722911446208 30.52676519964447 79.48827061001379 37.519286484778426 3.77191024563176 28.950124250639895
19.086832535947106 12.5379275281564 62.5828825933248 96.48752828446582 93.2176949403889 48.25095959400484
67.46511258350854 94.04519482050733 15.921796307052393 35.03382385897906 32.48529546619903 73.6170949836095
24.509572876398657 78.15849930729125 32.02105947825644 29.390838914500783 18.290673133418878 51.51052436412126
4 3 	 # V Shape
54.07627011785697 16.200037468677685 59.81244877816049
92.44821281276178 49.51097454246206 98.48231799911706
67.52512519093997 6.288321130578867 15.45003870299928
86.93455781063584 76.71528408601918 53.01420557661272
4 6 	 # Alloc Shape
0 0 1 0 0 0
0 0 0 1 0 0
1 1 0 0 0 0
0 0 0 0 1 1

4 6 	 # U Shape
95.62411418003872 90.99352498874357 21.404965568327306 46.45068439117045 98.11830415216592 61.868905264705134
44.19479033589795 67.52743680236709 41.17709872210808 48.32057291224975 12.106888147316841 88.09367872788711
73.55700478148198 82.6460228982354 11.142367201487168 84.32651145938279 75.2763982947787 29.756459409172987
68.26977257264826 16.527560314721445 13.512003286797558 93.8522965435792 34.330717411693215 83.2805949865475
4 3 	 # V Shape
69.88392044116581 5.876886938240089 52.14718051752437
67.68760802953241 24.151847502319534 44.05817807856478
80.59281541151935 27.264181797378484 35.72624681389806
44.48079785170304 20.44118672768136 40.222422860195664
4 6 	 # Alloc Shape
0 0 0 0 1 0
0 0 1 0 0 1
1 1 0 0 0 0
0 0 0 1 0 0

4 6 	 # U Shape
33.38016120295799 75.31881941517369 23.44302516456498 56.6426385744855 59.339806669151564 10.80131695048976
33.66571600050807 35.1323832116088 45.32541867588387 69.63386141163794 84.88757122429186 20.308433718124807
95.38376573539065 74.12269565756988 53.060446529613515 46.386505218743636 49.474723608176774 66.26362423250548
83.19130652564498 12.514932026316849 22.06980687113417 4.469961855364746 43.224595766278185 48.4192940903384
4 3 	 # V Shape
77.44716604089957 72.49249233087227 15.635360139940191
52.68042720234503 17.690253847353798 80.02631312302692
1.8048853195776982 30.465820369248497 79.23744470530129
7.99912150402271 36.72119088471333 76.89604419648518
4 6 	 # Alloc Shape
0 0 1 1 0 0
0 0 0 0 1 1
0 1 0 0 0 0
1 0 0 0 0 0

4 6 	 # U Shape
43.270454262634715 86.91141128107506 26.32333358263751 36.30931392916013 87.1631006165348 90.18540856960264
57.57053352852321 34.73886134679029 31.514111049830994 5.065587610164924 94.8407706524695 41.24783226959959
90.85767717830929 34.54210436668559 1.2580474152956045 29.415182649628967 84.00090185762157 50.867651310202675
98.46766822579353 60.652252270412475 36.26778180272775 11.551621970925419 2.0332172673144466 61.32280935196172
4 3 	 # V Shape
46.61935501734511 35.409940583231815 25.774369769396067
85.4227104379907 33.675928141979924 40.51401593128337
27.812675187496428 43.22094485139773 3.4241080976676885
10.27359368527131 21.26460576011859 20.512040311554014
4 6 	 # Alloc Shape
0 1 0 0 0 1
0 0 0 0 1 0
0 0 1 1 0 0
1 0 0 0 0 0

4 6 	 # U Shape
57.10651453216453 79.89553296258305 92.20201197302593 49.638423279876775 18.40077690024812 7.429104944612153
36.82791638869749 26.19825714273969 31.72693144972184 28.56458479157684 61.525287249050464 66.53836410330665
51.83719989994597 12.516587649878518 0.8509119432688173 15.597797057888595 78.71861124460251 53.10376669216449
68.1676807359162 74.88486249775383 84.60057075266643 12.511179133668238 21.170924497367427 9.80002386750104
4 3 	 # V Shape
60.80057159272315 23.790075747399598 13.093766021666687
29.379025767342203 6.6169279131560454 59.79122800109784
60.13069682756025 54.41073135799226 71.94202454749129
50.19981353525872 65.92966488543117 84.51688126197111
4 6 	 # Alloc Shape
1 1 0 0 0 0
0 0 0 0 0 1
0 0 0 0 1 0
0 0 1 1 0 0

4 6 	 # U Shape
22.61501480046246 31.27734699721899 84.36665053100671 34.336313263229265 50.00132958455252 51.35624281403365
35.689257373799045 49.83720300686228 24.082304326848135 56.8198915790626 22.70641507661756 18.31086473981357
60.35669937687027 74.13272128448129 87.40426026282393 33.66331838386788 12.97907311670279 39.0610841112506
42.09889987786429 98.81099005603778 19.278700618653687 50.53594781398946 19.70205613618098 10.654891995784489
4 3 	 # V Shape
41.03610141947559 92.19628992037194 47.632571757638246
1.4296757264172455 10.350826436888127 39.200004120683374
30.783356076537327 80.4054046813389 91.89635188372638
38.57661249958906 47.67961400263376 36.445165743214304
4 6 	 # Alloc Shape
0 0 0 0 1 1
0 0 0 1 0 0
0 0 1 0 0 0
1 1 0 0 0 0

4 6 	 # U Shape
52.30102522991796 63.847583531936166 4.261678802823743 63.71574746277388 38.231347923706295 17.850255299315588
63.38237104648115 86.20697861266837 49.129285480417906 93.47895844127379 14.380413029730743 86.37205344297692
78.2991247999963 30.271856345630265 36.56645587450622 62.79744766070707 71.00561688760939 46.10137916830297
97.04934361723673 89.14844991513449 0.6945280878868254 99.48018686062944 28.16941378686262 83.63715654852008
4 3 	 # V Shape
20.058513479257766 45.073965936313286 54.175672468074374
53.11510832240701 7.544625221547651 84.51800077591489
99.55410205521993 66.06990959872648 37.16571361542004
98.79341666663339 56.78035080482652 53.88045523511944
4 6 	 # Alloc Shape
0 0 1 1 0 0
0 0 0 0 0 1
0 0 0 0 1 0
1 1 0 0 0 0

4 6 	 # U Shape
24.830269191065813 68.588098318159 32.69591286542576 24.381312911256348 16.458674505938898 2.6755303503780636
55.61372992270559 50.16097705280589 85.51911109476198 9.069703442688425 4.302788550407632 14.536145209030582
39.212158542200825 57.6684973922343 18.178567747091613 18.48374757659572 35.208012821633275 93.94737387005642
83.56232143533154 45.01745839804312 11.214836616177504 12.60238663559974 20.006019359361503 95.01322754120875
4 3 	 # V Shape
23.163248901195445 34.36671426967819 62.06618778793771
47.01551339807912 7.4872257076342486 62.11980146105237
86.60132624354662 60.495428721735365 77.8546798318367
13.134436607885148 43.6719170739585 19.048764096468595
4 6 	 # Alloc Shape
0 1 0 1 0 0
0 0 1 0 0 0
0 0 0 0 1 1
1 0 0 0 0 0

4 6 	 # U Shape
73.55995703681744 72.04392306728444 58.591873364160016 68.6433990200132 99.1070881982462 48.05095507167943
64.4797032845112 89.98680933395079 73.5004160121713 28.82075455752222 22.202736089809562 49.46618737444714
30.58333020545185 64.03185289473402 20.279660476183626 2.9259857252436516 4.827364060310712 81.5805992314479
94.62956130198357 95.5242625607178 11.936811088563271 68.1344684028556 77.53720682391 83.96920534518597
4 3 	 # V Shape
27.151878881826764 93.33731286302822 73.37966109767352
16.844951163142174 66.72152736317926 25.228498251834353
7.8156978613803325 42.275249036482556 48.84942963219271
8.932734574320989 60.89892094761541 38.45034155670511
4 6 	 # Alloc Shape
0 0 1 1 0 0
0 1 0 0 0 0
0 0 0 0 0 1
1 0 0 0 1 0

4 6 	 # U Shape
45.465467334074994 70.4800515940475 84.47773182326647 19.411452912490834 67.36646536639242 95.99470672755878
55.18332023954153 64.5154647390248 76.15670094045637 11.019253838317077 91.56169468060003 66.74298061473878
3.2203873961331064 76.16598139971376 4.749320393656198 57.96431423691759 26.478149248594107 67.04187349867927
48.87069029819142 39.655662086074884 75.88764816272405 59.41506855132476 52.664547467841686 12.659449099133813
4 3 	 # V Shape
99.87153880524312 33.18886324139866 51.45456094453936
31.350699586715248 24.74502927561223 85.84389885909225
43.8438359196061 94.28356637997469 83.98750718880711
10.422130402597485 72.04902692603065 39.924765416817245
4 6 	 # Alloc Shape
1 1 0 0 0 0
0 0 0 0 1 0
0 0 0 0 0 1
0 0 1 1 0 0

4 6 	 # U Shape
3.4147272953057417 41.401256032555445 99.45732225211466 57.259746545677025 56.425980525320526 35.61624154070936
47.69811760028085 99.36622899179586 27.919457322247553 14.791283940092093 57.13154649233424 16.13025393046189
18.59170220244193 0.06259763731588652 42.417633884217544 81.91924140625963 85.57115391341247 54.529442233247
84.65515118973634 16.7947341257638 53.77129779482728 55.324177040120546 67.34981323758052 24.83412159160644
4 3 	 # V Shape
45.563414651730604 4.99139574625832 26.13246927392201
37.18542139101548 28.21141773823026 4.137832799011997
47.19160907849208 84.92768108281098 99.10995160858633
99.32148410364535 8.104565516191997 6.255715878789781
4 6 	 # Alloc Shape
0 0 1 0 0 0
0 1 0 0 0 0
0 0 0 0 1 1
1 0 0 1 0 0

4 6 	 # U Shape
78.9924289237595 45.44520259474476 94.26805913585929 3.486777036547184 72.08596284998295 18.560066331948477
15.700989338657012 36.69434896469226 97.8533614328007 34.18016697840653 88.11496163022969 62.83239654823256
16.44063145949628 25.97796183503789 38.56046733921149 62.09470311750421 83.32445405772863 53.798563816032484
30.574100167141772 79.06854914560529 99.37444251630373 94.16752732661531 73.10331192011463 98.54786794833585
4 3 	 # V Shape
48.02994436128324 49.65445838337993 55.858124632717235
96.48065949176382 83.41465313280912 56.03428044799189
69.01575689374611 49.949272211186525 19.5299991777768
19.947394060647362 18.219422582232557 59.38348478126619
4 6 	 # Alloc Shape
1 1 0 0 0 0
0 0 1 1 0 0
0 0 0 0 1 0
0 0 0 0 0 1

4 6 	 # U Shape
81.59944484303733 68.08603862151773 77.84208734871201 8.252926968471519 69.80227690716345 14.101024364465042
33.41106775103342 27.42151276483358 60.749211515755505 8.348284703203923 81.59381423012742 76.05763260153428
71.35047754409412 83.50663180747308 18.10625906546033 13.852409225936956 26.95633353494444 49.29665997685142
34.35368060599859 2.1594086346289454 80.99680826233639 90.53550811286144 15.672404344002711 8.276962086022676
4 3 	 # V Shape
73.29827219706635 45.69119005783722 56.59774302820043
82.41946615721893 30.3612177414065 45.941591281450215
5.12353718434051 48.951530840858446 40.80885024502573
61.46514171628462 8.52569763967722 95.14771255339356
4 6 	 # Alloc Shape
1 0 0 0 0 0
0 0 0 0 1 1
0 1 0 0 0 0
0 0 1 1 0 0

4 6 	 # U Shape
57.41861845898 37.32787440607843 5.3173513330903805 91.61396175683763 51.11686882685632 36.94159229615481
39.695540349381744 40.90734524758627 83.43758561059867 62.26928797110588 29.21654606629377 42.46858498394873
54.89292920143688 85.34286744557075 29.590457239724433 84.59161872652342 15.881863895454684 57.62996885988309
29.5693072343432 36.4600842806584 28.29247043053308 49.27261060813933 51.625762929475506 63.59642253550788
4 3 	 # V Shape
56.49150671682948 28.956349458147336 23.062291081168816
63.392434558691946 95.29602329463404 62.877087883567285
56.45056924654659 5.9202818727301265 51.79757575721208
59.38038935068898 13.968697350711912 17.05914622487752
4 6 	 # Alloc Shape
0 0 0 1 0 0
0 0 1 0 0 0
1 1 0 0 0 0
0 0 0 0 1 1

4 6 	 # U Shape
13.018682883004384 66.75410066300691 71.51456785612325 78.44753351509087 71.62150209672637 20.891980104031916
79.11864027396886 0.04881495729061047 30.600107924601396 85.35385011283836 14.057756541677936 92.74437448367047
53.3843829771774 98.23157306825752 2.3347878975442105 29.802082464426217 2.406335581070762 30.15440442831728
75.78326244881318 53.14458688384157 21.594017954108057 87.02300332932364 8.959770725396865 53.295388224060325
4 3 	 # V Shape
15.822293554905375 53.81097010064799 67.25374125111063
49.00876493286327 74.09546742400181 39.38923198061305
50.643155023884454 9.028777488187945 37.349980378982295
29.850804619971207 48.97626373336201 45.152542637098655
4 6 	 # Alloc Shape
0 0 1 0 1 0
0 0 0 0 0 1
1 1 0 0 0 0
0 0 0 1 0 0

4 6 	 # U Shape
4.4758082721396475 12.136147879647263 71.73073884105075 17.608269632665184 71.33544691536937 70.87264096919148
27.13657194786938 58.79994010849294 8.302040767263252 95.11544126157074 57.47127360525337 42.80584950711306
27.28511423001706 53.009727806506305 91.45757883464209 98.1633663961627 47.09638324059493 59.5570012546249
42.61486420844675 22.19353744379501 12.25292827195721 88.33014605361697 4.424743437502443 68.57071329966043
4 3 	 # V Shape
14.122288625436196 9.476587052966433 87.15693404908833
23.020250547187395 75.1950886741844 37.81175658472269
74.06485159380797 66.04209420469346 79.81608430393442
56.892683556929825 81.91659240708415 18.697081728553123
4 6 	 # Alloc Shape
0 0 0 0 1 1
0 0 0 1 0 0
0 0 1 0 0 0
1 1 0 0 0 0

4 6 	 # U Shape
10.413318707116249 31.9795658270137 32.372577674069056 93.67334898027127 91.41459187356537 30.209299767388764
81.13768576380527 43.290939856204446 74.71370289792546 24.169260023189164 6.146707095065606 87.3140323300179
87.94330833263561 52.4673537899026 6.8408213397420425 50.33554666029121 7.670446797807107 38.272061313810525
82.94094090302605 91.51909582144367 76.97797316766273 20.090565230780665 27.09706068905887 35.51488437293332
4 3 	 # V Shape
72.98337726939134 98.48569090258759 20.822006321456456
93.21203558540525 34.666950226604754 48.462826286929506
20.558834495208245 95.8651088674659 10.496619765702665
17.214072299079277 76.16689008564735 25.651456900194713
4 6 	 # Alloc Shape
0 0 1 1 0 0
0 0 0 0 1 1
1 0 0 0 0 0
0 1 0 0 0 0

4 6 	 # U Shape
67.17764097055976 6.456133004605158 38.47667694846578 27.114668783053098 80.92921263390367 50.574602553867386
60.016849582284436 15.162020873299642 39.67840250360284 92.96530295051708 28.87283693913284 74.1929732770667
86.85611998590753 51.42305105271332 20.482253037468436 0.6156613929600652 11.407619248617774 31.921648244595215
9.069615046967206 74.14532706340128 46.91869586793413 4.186697155469632 21.370575439442163 17.012609449516535
4 3 	 # V Shape
17.422078054707725 12.083669814267939 6.717176540915471
60.42626038073122 34.96982629087567 91.45592097921404
64.65961301464421 79.94548142974065 12.373771009795476
12.718694697538869 97.83705420472359 82.33432736166105
4 6 	 # Alloc Shape
0 0 0 0 1 0
0 0 0 0 0 1
1 1 0 0 0 0
0 0 1 1 0 0

4 6 	 # U Shape
98.26354423977475 62.93144110379364 22.70164088821385 98.56340855746308 8.472074337030143 29.289533540878697
68.47786952500061 65.08188860838149 94.59445501090904 48.45247356818899 27.046912068292894 47.707540438292206
30.89955283814364 64.00649271054594 23.113244400751242 25.089707853356423 50.26596466206858 60.96281857359109
63.737232752213494 52.9252214196532 74.18280069141119 5.817658941800918 2.39997462016327 34.83473504937261
4 3 	 # V Shape
97.31012758272772 29.786763859127742 15.013296038747193
18.842532863420114 66.79701371013826 42.690028802548206
5.361720925104363 25.59156208421728 54.45676848063833
95.292394252891 13.178050958552912 87.36666390844114
4 6 	 # Alloc Shape
0 0 0 1 0 0
0 0 1 0 0 0
0 0 0 0 1 1
1 1 0 0 0 0

4 6 	 # U Shape
51.95717783334539 67.5320897977141 61.18775018356107 84.0596771941329 65.59338520116572 2.1061275375011346
25.688947679957064 51.09372478148209 60.13014949570772 33.29098847926739 6.8285252407446535 57.094099175557766
54.02117376574071 97.47679721233713 34.93760739382799 40.30727603586841 9.19710974325929 46.78553300808369
41.153116369865494 12.479034067824035 39.24338481664187 35.264633668712555 89.44096245290497 69.2233622808758
4 3 	 # V Shape
75.24236895641785 92.9943814464334 57.9686083767321
60.89418721326313 14.289908294015186 25.801550330644176
10.46104341346239 17.446735540013236 81.0171209454548
52.18107200876414 82.95085766733347 88.59454073734166
4 6 	 # Alloc Shape
0 0 0 1 0 0
0 0 1 0 0 0
1 1 0 0 0 0
0 0 0 0 1 1

4 6 	 # U Shape
27.369030675990878 71.98246934739834 49.88646566638049 72.18219252372798 35.456648667645375 12.813217356561612
4.779458004320647 48.57351240417059 71.06084451975377 53.51719528071411 82.06556181970593 85.38315400355441
15.29780848526282 72.43676142456256 84.67100468366931 88.13521796951838 64.64393693522038 49.497975191127466
98.14196030638229 74.53525712049779 55.776209588709335 80.83740325211494 6.271275529311183 48.838906800676504
4 3 	 # V Shape
70.32251886696027 11.313494531914259 55.54059397205611
39.68721137525991 24.483354902210543 63.10738147996297
95.31939870938115 84.44441406103799 14.306215869211169
38.05979571253477 51.80949587464537 67.57436315779263
4 6 	 # Alloc Shape
0 1 0 0 0 0
0 0 0 0 1 1
0 0 1 1 0 0
1 0 0 0 0 0

4 6 	 # U Shape
81.61308790459032 91.89564523610838 34.9504372389598 28.836691667775906 72.02174459919553 87.26315487125922
53.06185877800475 93.5231497412829 67.7197287091302 58.18305910688933 3.118069571434978 41.70911684946502
23.16890341633503 75.9692465916023 43.60915612563853 88.12594704422312 70.71835028938884 52.222026220090065
64.94508596135807 75.65561826235121 53.36821459467088 81.17864517173814 4.663589049896888 53.54728672224297
4 3 	 # V Shape
39.123823960950865 88.60135612668061 75.91762956360651
45.86107581646633 71.37838356668847 68.6661147124931
34.067414076739965 19.48417683038781 4.44824391753742
43.055743030033724 45.80768716135973 1.2989710033921131
4 6 	 # Alloc Shape
0 0 0 0 1 1
0 0 1 0 0 0
0 0 0 1 0 0
1 1 0 0 0 0

4 6 	 # U Shape
78.65122709363081 94.734949519422 40.06454413331782 45.07530227969192 79.71365382564947 77.67603637342482
1.57537678766142 70.97003081796781 88.83499038022299 14.750784773562653 52.24560980970357 97.91831751041215
90.3202978806979 31.548699833676153 45.650172280665466 20.634495579220513 22.30025118420562 37.56890126961664
20.05228875630558 50.90600209052533 29.20835937680787 2.363194070441399 88.63295547537112 55.02825708942194
4 3 	 # V Shape
94.93246862199 0.15158778332062806 2.9462188273545187
68.0522891478204 27.19777753132281 59.53115245168733
60.314717781533176 0.23143016666508087 62.612265177790185
28.68071709108432 13.902995345562285 97.78441934057582
4 6 	 # Alloc Shape
0 1 0 1 0 0
0 0 1 0 0 0
1 0 0 0 0 0
0 0 0 0 1 1

4 6 	 # U Shape
59.841232829295585 27.646927284262603 66.30175299364029 15.612254550188542 27.81478382600654 20.838038795303238
74.16964808665018 3.9413568500179186 87.8977115893427 83.30368891190804 12.438038136201367 79.80770863070713
8.76046294044609 9.579320347882492 34.79716297708679 51.49657697787412 41.58387425273392 14.441348020120303
51.5634628670258 49.004974760120156 55.14054487606842 65.62086821590387 45.254241508729265 47.00616606795742
4 3 	 # V Shape
55.7358051350494 79.37078453020318 6.91134102304215
68.67571942171865 10.323379537656052 86.63069081752064
92.3873639836582 6.901932707347425 16.4142367493045
16.073717503256447 74.0378195430211 0.871498336645482
4 6 	 # Alloc Shape
1 1 0 0 0 0
0 0 0 0 0 1
0 0 0 0 1 0
0 0 1 1 0 0

4 6 	 # U Shape
36.62776636955818 28.705882323668106 85.65107950376125 97.08727398237006 28.21306064699246 31.100013732537423
31.080883506676827 34.609695121838655 68.97324525220439 40.775932060104346 59.61637993994041 55.23040865111201
67.6911512874465 28.8334314201211 46.01442887846141 54.526524431163914 39.247355042156926 9.773662493349178
31.61071719176811 53.38533870961639 55.12243050603235 58.77258428974065 68.76361414940212 70.1637046447945
4 3 	 # V Shape
48.27041731503557 57.88106939173589 89.49181361555777
29.665585414697716 1.6713392735042354 52.95306697883891
58.51047139740546 61.4319850941986 64.94370471087227
25.93094072658877 48.650923673075766 43.286821237644936
4 6 	 # Alloc Shape
0 0 0 1 0 0
0 0 1 0 0 0
1 1 0 0 0 0
0 0 0 0 1 1

