4 6 	 # U Shape
82.6181351704945 9.281249233182576 88.97081891444658 71.37619339580542 51.78985364280951 78.53887219515013
58.76658496639625 73.68362146044821 67.25102366543084 97.0070988809595 98.85791116682239 77.81031963073633
2.5149276546981736 92.12787361314547 41.09122778819836 18.970270692407187 20.40093772982152 86.40042326148833
15.514488304202201 77.48306140269592 48.310623359437045 78.33092099413072 4.49048236137366 62.128215914949024
4 3 	 # V Shape
44.247249303645766 89.76630762373212 6.909280681896068
50.64253877781509 46.490601440275704 67.89070840034935
48.51588177671632 42.71521851154845 39.82290779328825
4.3003532026824605 19.61877500267535 47.645316510921496
4 6 	 # Alloc Shape
1 0 1 0 0 0
0 0 0 0 1 1
0 1 0 0 0 0
0 0 0 1 0 0

4 6 	 # U Shape
26.32370996195147 97.71366173984507 66.54880200541587 99.39018042440189 32.010280915013 78.90169717367887
21.48035891440828 95.11079470415989 33.47403402097867 50.177260786539634 72.05655303481066 37.191633736019426
15.856975141533535 5.4427613709976725 65.07805944306148 4.019311548929549 22.80653637457195 45.74116791328372
28.448009295949795 72.87897910910345 27.47738237259101 9.61633817228078 97.38502157156927 8.95847638066134
4 3 	 # V Shape
29.046143647284794 11.05234847913933 13.955098956562173
61.12624589559373 38.929420428599414 42.83188860114776
54.89849926431732 39.56933048935058 40.93358305769325
92.40331336399346 74.04159444051788 31.920955132106677
4 6 	 # Alloc Shape
0 0 0 1 0 1
1 1 0 0 0 0
0 0 1 0 0 0
0 0 0 0 1 0

4 6 	 # U Shape
20.928988351443667 86.03266892996321 71.14283093675017 25.563680543007973 72.51405778895207 91.33212886911979
87.66824635730734 80.77928505198254 16.32192753328321 35.1376273376456 16.451751696849836 14.357864640132345
7.336974124586771 43.293599505144975 52.35359763302172 30.512094986966844 92.42345886453823 75.28125332717018
30.421297649811187 69.74016942912463 78.11311439834809 45.90215853306998 64.61552792713621 89.0306703168528
4 3 	 # V Shape
17.377481403880758 94.2415934010692 84.18005965463546
15.415834373773773 55.693800335952005 80.82094308036525
73.83489532111227 32.128947922895634 91.19745034030484
42.94660696912427 95.27227771022999 41.415296022912266
4 6 	 # Alloc Shape
0 1 0 0 0 0
1 0 0 0 0 0
0 0 0 0 1 1
0 0 1 1 0 0

4 6 	 # U Shape
22.803686619425722 71.29629202330348 52.15734913958031 50.5473168619571 13.648451325554378 14.491946190451044
92.96051143502446 95.6058264048287 96.59308966993166 35.778924129581746 4.587020519081331 55.392727282158596
73.63094717820712 64.8046473172597 5.293284911473728 23.288283262928864 70.5884258625311 5.508483210578596
84.64969771473588 98.9081161579356 24.77996424832022 5.411530447521384 97.96933083190055 76.72162846141741
4 3 	 # V Shape
45.4197800127103 47.825664023283686 91.550300409866
35.5830079862602 5.3179828778995635 61.39703292233637
31.254475928120364 68.1559042998229 94.79500297521538
36.057987839676244 24.699815272037572 5.295186810844732
4 6 	 # Alloc Shape
0 0 1 1 0 0
1 0 0 0 0 0
0 0 0 0 1 1
0 1 0 0 0 0

4 6 	 # U Shape
29.103797580332834 79.06135259730081 17.079014782816504 29.909023029198533 67.34901437201955 24.84196822431457
75.18671691628543 87.92560630523988 32.037244968918166 29.87078763658917 2.773266075835501 42.265997464635085
6.544658271019488 57.46559438006095 68.79362468714375 56.83058309279075 60.372654739276186 59.96501042461839
90.26474290190248 53.102940591393946 86.13926874133443 35.19715939039939 14.062588525348064 22.18770910355624
4 3 	 # V Shape
79.3282062247835 22.96837238326862 77.25377474183456
90.28368325407534 54.43871912785486 14.322266096375436
62.34966034572851 37.94971883865353 90.84479428605393
22.36384804517928 23.4288511937924 48.236109558236784
4 6 	 # Alloc Shape
0 0 0 0 1 1
0 1 0 0 0 0
0 0 1 1 0 0
1 0 0 0 0 0

4 6 	 # U Shape
31.77219178558235 73.20870673880485 24.86131186836137 66.51225966132439 50.99283861666326 61.05034719221605
61.70056112159868 29.037757659864315 88.76190825360582 86.75053674038796 28.788176365471042 87.75483170932688
79.66694656231944 95.33334842623889 10.751133670058632 17.0442472056319 79.70145741463143 96.4969574127571
43.18103309406737 64.83304576454303 49.397735850199034 92.61487089259161 34.93010310746224 90.01400358569892
4 3 	 # V Shape
50.649329506484975 98.24229839391143 60.77158463995532
10.350068120864453 95.00780216168454 81.29069496681629
95.3208648526758 81.15250866017377 99.36646858769667
59.0020631837469 58.64190839618002 97.23514300233396
4 6 	 # Alloc Shape
0 0 0 0 1 1
0 0 1 0 0 0
1 1 0 0 0 0
0 0 0 1 0 0

4 6 	 # U Shape
66.70340941713064 76.45628984466875 82.29658059287821 30.244553822412502 20.91003056378511 7.256924416241772
37.63322669294579 56.248473578616576 87.25513490307833 3.304441704947503 8.965531399991189 65.3145124864115
67.13210588271136 12.413149197003836 9.636570359272344 2.797631300041259 64.87340744847194 27.985678149375914
24.09929518723605 66.45489927793861 12.10004667658876 53.64132554382519 9.092484166469161 6.574940877546687
4 3 	 # V Shape
66.85331729938397 79.16144787696052 46.242776805153284
40.214605823925694 70.15487985287336 7.604137792672061
27.8282875182854 90.5267408738359 94.89558069066827
3.839609224862206 0.30641225222766133 76.78841222754801
4 6 	 # Alloc Shape
1 1 0 0 0 0
0 0 1 0 0 0
0 0 0 0 1 1
0 0 0 1 0 0

4 6 	 # U Shape
78.02844441963892 65.49281206138899 62.157872341972784 81.6612358880182 29.13424595463794 39.41051418095679
63.06562657571645 82.0955782119158 32.13886772078395 16.847811351592178 27.225627931772056 43.89763536721386
9.846297786639624 62.83355101588168 89.64800274276426 34.219781219585364 95.63789416359198 41.96281071311628
53.57437938546939 97.67308840392515 71.00334933361196 50.550927531971176 75.45580166234636 47.330732756814896
4 3 	 # V Shape
72.15739814674552 22.234907776730562 7.689554943318133
59.91572260327291 52.36840393834341 46.06861355210167
11.7477429055876 93.45439630578024 11.173844324449789
96.74649553355928 31.81191073565963 28.182995732813932
4 6 	 # Alloc Shape
0 0 0 1 0 0
1 1 0 0 0 0
0 0 1 0 0 0
0 0 0 0 1 1

4 6 	 # U Shape
79.1989800807611 64.1877324256918 10.704076626823245 21.965878411878847 29.17413457830691 47.37154519806953
23.062615141484464 29.755971880310884 55.148280673048546 14.698562884594757 75.33193424431563 45.05683593501077
40.7101575697982 57.34797841443358 15.768436809037212 89.15261645833937 11.515934620524426 54.71185969589334
96.49452122746865 13.919124586676324 69.88103112095466 97.51956094037246 99.58282939543165 34.773721164898085
4 3 	 # V Shape
62.57633388317952 94.23759623025943 62.45378976215248
87.28197456685284 69.7575525903039 3.6900658417940324
34.5527801300605 89.38272516290294 46.88005606416107
43.39699285171342 30.492016208911366 15.973648714811528
4 6 	 # Alloc Shape
1 1 0 0 0 0
0 0 1 0 0 1
0 0 0 1 0 0
0 0 0 0 1 0

4 6 	 # U Shape
73.34445823050129 26.125452785593104 34.80814840509717 6.02117824739069 81.09096528203558 81.94631084540057
59.066258527062466 37.348764689219685 68.4036669099517 99.6975493507594 72.63223313386563 3.3258283082894247
21.78449888396855 89.69479688715748 80.79676021430214 19.071562272855612 34.91084412598493 63.324866719325776
75.00458373704977 16.240076184042906 25.318276900779114 27.776332470872276 70.52147361300914 95.08771884588315
4 3 	 # V Shape
76.13029870002966 53.30883317125343 38.81729152235355
24.19708646179659 73.88643321646647 37.716890558513086
22.469708653953703 41.244071376918825 64.01390657183664
95.97090185189451 83.93668718159255 87.91919453188255
4 6 	 # Alloc Shape
1 0 0 0 0 0
0 0 1 1 0 0
0 1 0 0 0 0
0 0 0 0 1 1

4 6 	 # U Shape
97.02568308970856 47.16820395866904 30.967251911195305 27.22837973746568 55.57564397777889 0.4232538507112471
55.49498566663408 40.29533854821753 13.49328106594303 24.948106722852913 12.700733749430738 99.39140183033547
60.261439716409484 0.22428442336868137 3.08611388354576 66.44903361004137 79.31311904005688 31.177962446988893
79.65741167296656 91.01628612904085 73.43118604339118 60.98111999732476 14.04884819823683 57.49697704313703
4 3 	 # V Shape
79.6276211383568 69.6634735426696 23.57128197772106
52.03976121468744 37.706570653146144 62.48342753338507
12.298925272363626 59.6503535043488 3.8622631145561748
50.678495186094416 81.03264585139243 19.218684029749113
4 6 	 # Alloc Shape
1 1 0 0 0 0
0 0 0 0 0 1
0 0 0 0 1 0
0 0 1 1 0 0

4 6 	 # U Shape
42.95787136777896 32.37637730583951 92.23480232015278 74.53850150254328 45.461907099703744 89.51334822199162
13.10841461421699 96.96876885694857 50.22617418826192 92.29976704736643 65.9474339125456 58.0907877348104
77.5125902143022 3.9576332612759613 17.998815182663996 75.54089143864515 36.11602150231202 3.793130167592873
63.44860261033622 77.30523006987482 13.608919082609393 59.110690402448085 44.370085898099035 71.62005672219622
4 3 	 # V Shape
75.03610424220204 84.25691175341636 96.19779271273988
56.237498002718134 73.67814420471241 23.09241326650876
71.0763583768709 2.3501785962908195 84.6063913928008
34.20556736034458 24.670437709670868 93.33918352309763
4 6 	 # Alloc Shape
0 0 1 1 0 0
0 1 0 0 0 0
1 0 0 0 0 0
0 0 0 0 1 1

4 6 	 # U Shape
55.34885169673007 20.141431898977412 6.1729175293708805 79.66330838808192 12.983251373876781 39.75059843704833
76.22885113660706 68.53014829780436 40.83483663007335 79.93050539876128 99.32551845976205 47.99540327457359
88.49668973744681 52.089096285535334 38.82710075143139 98.95258011082733 77.19933291125305 13.544587514316241
54.110177873772 37.92051234572871 49.550642511944474 75.56846105315417 33.745984176014645 60.10922155578897
4 3 	 # V Shape
23.823213722716407 44.316833004666265 88.92051407329384
73.6892954906496 36.28976680473694 27.82258982179121
60.299327949696824 47.501629986920534 98.75456069611546
29.608083567587904 92.08062912251056 23.453398826262127
4 6 	 # Alloc Shape
0 0 0 0 1 1
0 1 0 0 0 0
1 0 0 0 0 0
0 0 1 1 0 0

4 6 	 # U Shape
41.3060681406379 11.663565077861227 47.19059878638452 44.348855534424835 41.96441010631167 62.63429608758082
12.29154990344462 81.39386989747985 11.313672674987485 93.19178823654349 36.30686146787904 75.8741340643836
16.34435872610105 34.28271717156461 42.929623483899505 70.82189037140742 62.55999427782043 61.45950682068692
48.17202532714238 59.58144216631223 8.526389890747277 21.055469568192752 61.89541216254126 54.46589112979172
4 3 	 # V Shape
1.9001773146367973 80.62297252900488 48.68116860946452
7.133438599650033 84.96739466890503 72.08687443690174
68.34288486049498 11.166679394805046 27.430647466259884
20.65732555386457 5.279661954738691 81.5331655045315
4 6 	 # Alloc Shape
0 0 1 1 0 0
0 0 0 0 0 1
0 0 0 0 1 0
1 1 0 0 0 0

4 6 	 # U Shape
57.146091213987404 7.853752776033374 75.79487592343256 89.68065607312646 10.137025786010323 35.56578074985444
80.73718816692725 65.98460312761391 77.92080597541576 75.50621718437158 32.89995876724111 28.60123835077355
61.871841472358646 38.15608683452879 3.639967585827253 56.911355948499946 83.18875663567908 78.31703440769586
95.50903964294965 12.1105827422066 87.01954755276961 79.19318631926409 62.39212570007354 75.88638579009607
4 3 	 # V Shape
6.832287674113136 29.259207281918933 62.74441094794072
91.75549672903837 93.60880846230603 23.8181005023434
94.70673354970083 57.920943362168295 4.959327042761563
16.25377151726176 42.247338634385166 45.51276643084755
4 6 	 # Alloc Shape
0 0 0 1 0 0
1 1 0 0 0 0
0 0 0 0 1 1
0 0 1 0 0 0

4 6 	 # U Shape
83.84229943926029 12.209844802966563 7.853778756279761 15.705698621131969 52.15252982429208 68.83714513208697
49.409582257918046 62.0824613541948 49.71992074981084 74.4369028733814 60.35349781620516 17.59225447347732
33.59820178841167 99.32920579228444 44.8663421793674 67.74716014907204 17.243004596442645 67.58157306150852
69.79980445233677 16.018790500333346 94.1367762949758 39.430220063485564 34.613171007770426 67.79352150797406
4 3 	 # V Shape
92.02215746028843 83.82335631963274 56.20390542853153
5.433712303984972 48.586805644723995 62.07712562365914
83.66171179121102 20.216627688074006 46.57122163655689
64.11291237789148 68.82073117838671 4.634966877073444
4 6 	 # Alloc Shape
0 0 0 0 1 1
0 0 0 1 0 0
1 1 0 0 0 0
0 0 1 0 0 0

4 6 	 # U Shape
68.23996876014962 87.96439727010777 75.24457451606887 34.31895672911902 13.936224531961972 63.294354024559205
72.28701705161616 61.22452345248433 89.36886253497923 42.949965364018404 72.0810464865966 43.877990346823516
78.2553030796784 82.17184826747815 96.48995815113909 1.3515038017535397 72.35740056307046 70.79187213230122
29.09020617954764 11.910138348443844 34.39404094970928 64.78738533429194 69.87323421995512 91.50249292875912
4 3 	 # V Shape
30.349961795698576 64.61755831990618 1.5314374477036208
96.69876589513214 44.82969113200814 18.92888317475717
30.322300116682534 88.0421548224529 30.28793895493649
35.81376347163516 41.06086127540232 97.45515465849671
4 6 	 # Alloc Shape
0 1 0 0 0 0
0 0 1 1 0 0
1 0 0 0 0 0
0 0 0 0 1 1

4 6 	 # U Shape
59.41787610395062 28.19032957101767 0.3911711055691103 48.834785099055125 94.82841812621996 45.872172382522024
21.35415926363624 69.90452834211167 87.57258186062505 75.97450917212983 25.014117989272634 77.82389087310627
77.77074855567756 46.03271815778955 75.49316510886703 3.656673811448652 20.55270349791084 38.74658048605157
92.7116322933608 69.58388717292895 66.85925998038171 82.31665195322287 72.22804036461422 6.2683413284811085
4 3 	 # V Shape
89.21935263611566 76.24343913868842 21.555872113030638
59.48051990591714 45.1876933990365 2.9035293279632834
80.21235101795354 34.418661719520074 62.758316920545596
82.0691132212148 93.06304577083132 52.65539770132982
4 6 	 # Alloc Shape
0 0 0 0 1 0
0 0 0 0 0 1
1 1 0 0 0 0
0 0 1 1 0 0

4 6 	 # U Shape
77.07712108422561 44.45377080671702 74.92006073663389 35.90420631465206 96.49531000177082 50.26890091533113
40.614931598206624 41.48597088792221 30.421049165920365 67.20272244523164 17.379750283479545 15.408874346175383
96.36986510872877 20.989298001991973 81.0528616108615 8.29732296314104 59.44809706989973 10.547501839912865
36.04567101472252 33.43496520374296 61.29303162280625 0.4033238117851501 27.684159874089886 76.13943984676821
4 3 	 # V Shape
75.88451293694843 78.96783967942352 57.686629607023775
75.4254270126936 43.48095570047153 31.532063146231703
81.17280739809796 39.69418972815052 13.251962208529278
95.52167961457813 12.857094319574047 76.68570066940048
4 6 	 # Alloc Shape
0 0 0 0 1 0
0 0 1 1 0 0
1 1 0 0 0 0
0 0 0 0 0 1

4 6 	 # U Shape
54.08203873510741 85.57101482185207 7.962165804868537 35.35004061828615 4.633635954330895 12.19111402915718
50.348478960675955 53.79458920620862 18.461255736647374 26.723165840895536 1.583128787765764 95.19139630968712
56.992654418712604 3.4244599396190067 11.237351713911925 1.8894896803433814 11.177113213536426 89.80402796328323
96.7182859014398 88.91986797395535 27.72313693128192 91.12439797896155 11.314143049074888 62.33216453795679
4 3 	 # V Shape
93.08643634479154 78.2186484896233 36.68430854897052
8.355774236906143 37.31847221437261 71.99359946240101
81.00948431909873 18.254909757373504 18.476690147411002
33.96141371875703 33.06017193943427 7.288741536682641
4 6 	 # Alloc Shape
0 1 0 0 0 0
0 0 0 0 1 1
1 0 0 0 0 0
0 0 1 1 0 0

4 6 	 # U Shape
30.179917914867637 31.67536363746557 93.90135095756091 34.15395116783174 69.92256075777969 37.10703721149613
31.735137380235166 41.892764222298105 54.23930993557514 69.34267791294839 99.68479038512844 76.10296619879313
53.4507425405249 11.23471360199525 63.99557641177979 57.52562860820329 62.268783700217455 56.289027047262444
49.39935671022037 82.62175916698165 5.420110812814427 11.536022843309379 62.88735136694361 61.99886621455531
4 3 	 # V Shape
47.96605430090924 58.838504914326414 50.64835357941805
47.70032156947869 34.49853089438595 22.369579031197485
55.466474822459965 49.59190607471877 67.11601082700776
57.51402693489515 47.35394821900629 71.53421489667451
4 6 	 # Alloc Shape
0 0 1 0 0 0
0 0 0 1 0 0
0 0 0 0 1 1
1 1 0 0 0 0

4 6 	 # U Shape
77.9524016079558 66.1688024980229 38.84274139316669 83.18679889466871 58.08499853034472 51.19237590298668
13.510271554157905 11.905296453117886 67.44566964419231 13.883456546095541 70.21786257754893 43.49664183759512
12.846980919403773 56.12435885236603 79.06184760505192 98.98512621425064 24.79744645142059 39.15568537417825
48.4498192375703 48.697449161538664 23.577556977402903 32.9804740329767 8.92852530830166 57.223572350825535
4 3 	 # V Shape
99.64806556574634 12.42706463380353 72.03067839735043
52.75609376897209 32.782898741315435 33.284694763535086
98.62583853515683 10.849556133826288 58.86379358718089
53.707526465213306 94.36676531254102 20.342060693282438
4 6 	 # Alloc Shape
1 1 0 0 0 0
0 0 1 0 1 0
0 0 0 1 0 0
0 0 0 0 0 1

4 6 	 # U Shape
40.17274569900808 40.1320294578416 4.88446468635061 99.8361459345757 84.19251093162825 77.86318590178352
70.20306696671574 39.63258511404221 66.78994762165249 83.99890169174539 71.85622826896694 88.33768477185315
77.79969360368182 73.18930834422993 91.14248010823353 79.4602570302008 33.22339059954672 50.5217784791402
9.407149393441362 41.90730459458144 64.00134989092857 21.6611257018863 57.680822816992716 33.32677100218218
4 3 	 # V Shape
23.215902881161455 35.9799118620243 59.42639750328106
46.44209161301824 44.51363110737373 77.52322791156718
64.23303926199053 58.5006074603446 11.45938205298932
1.9831585506475347 37.275640238443316 12.115944059611984
4 6 	 # Alloc Shape
0 0 0 1 0 0
0 0 0 0 1 1
1 1 0 0 0 0
0 0 1 0 0 0

4 6 	 # U Shape
35.41551010311539 96.95305445746618 72.13154432685697 56.15819507014134 37.4155056321722 36.15635692299747
25.602454766113457 93.95104029848066 87.92338430505477 59.78293809120233 53.1383280188939 53.45029220307956
69.37651555808054 21.61037580143602 94.57483750018977 92.65474284288494 81.83306128839814 81.37489892005529
79.21919479314008 78.78741996588367 68.20615449582414 73.06964649394192 87.71220821517902 58.26651908712221
4 3 	 # V Shape
99.11497577280755 23.078658458264233 25.053417506848774
8.009244309755715 6.9864682889432705 90.09538415393676
3.967284639467905 92.94879756181253 32.80933190601826
39.56310083828301 33.61740366891998 33.28972380964353
4 6 	 # Alloc Shape
0 1 0 0 0 0
0 0 0 0 1 1
0 0 1 1 0 0
1 0 0 0 0 0

4 6 	 # U Shape
91.91635581524024 91.2838756104333 53.58336331347957 25.629512395135713 63.164300905678395 9.239157736696779
34.23025197154526 30.299123486897052 95.32291882701709 56.01677871947476 39.203906127293266 28.253309055226737
52.92704182481871 53.06517757446431 85.8980150971784 49.88875124093391 97.50227875252595 5.121317844826489
60.735050737019755 42.43182272648084 30.402520938040723 48.7480653261101 99.7293296577192 39.785901992811645
4 3 	 # V Shape
94.01463106970749 53.21813337789201 39.200650725798106
7.232924557683451 8.8737660955439 86.50016105839458
13.346631216307625 28.877574050186983 36.980926246762934
7.041407844623726 20.46985864519859 22.495426857215516
4 6 	 # Alloc Shape
1 1 0 0 0 0
0 0 1 0 0 0
0 0 0 0 1 0
0 0 0 1 0 1

4 6 	 # U Shape
13.94155469171986 49.82445826770079 37.219157659918935 37.90597358327038 79.54978729020554 5.289168936621113
19.13056384548145 95.65925520117477 34.681097035722615 6.249212666605775 23.008818581996415 7.45851858221066
97.60379987543644 30.653310413512713 16.62713130744037 10.150227262499467 82.26365794494198 55.92231107106586
90.04202849971935 38.84411080579528 42.20994455285157 52.29793838426574 62.91943395649465 51.727048347335916
4 3 	 # V Shape
25.06505748026383 55.71761612914838 94.54772931747155
55.81763484875204 43.7520764813855 7.249276514714165
98.47239899671311 2.1352225201022312 0.7138458856244312
33.44289208852926 92.24634469046897 34.505131518418985
4 6 	 # Alloc Shape
0 0 0 0 1 1
0 1 0 0 0 0
1 0 0 0 0 0
0 0 1 1 0 0

4 6 	 # U Shape
14.981693678731588 3.9682576761483124 69.66517579937376 89.01190559046836 97.68279327735291 91.21363822851455
13.6293563301215 51.29719045218973 45.29726341244151 7.630609546649813 36.452606152689135 26.20822751896048
79.18726180472468 52.753570774203205 21.884871665409054 27.157584589382346 81.75522420982098 1.0877163000900247
54.116059006514675 74.45737260428045 99.10115792881781 82.85089800224232 72.8597314121177 42.21110693709916
4 3 	 # V Shape
61.29392267398127 66.98242627776337 89.76478187008541
83.0324932434575 24.15962662505319 93.64915828523769
9.65273672006518 52.14691566340562 35.62619665481772
16.21982196706515 70.65806900155226 81.15747657029439
4 6 	 # Alloc Shape
0 0 0 0 1 1
0 1 0 0 0 0
1 0 0 0 0 0
0 0 1 1 0 0

4 6 	 # U Shape
31.109446462397106 16.886886746497677 63.59220202882566 2.430385219321629 60.04454889941378 42.885606419293296
95.12629411831523 29.24125159751336 48.52189743020833 2.142310758737298 43.49436735589246 63.76394933786702
17.488161755991005 34.13793456082463 73.80791740783091 41.917846758868905 24.74543716970935 14.782017873995457
1.7793473778581426 77.31425951214193 45.986386711864526 28.94122741570102 8.779993532964902 71.6025815140002
4 3 	 # V Shape
86.86719770538713 32.902535419180246 42.985481536026015
95.71393063369825 28.131562197414027 38.764199415149825
41.155029485239055 59.85337266212108 38.62544303368397
92.82895972885517 78.03579622920641 27.914276830316574
4 6 	 # Alloc Shape
0 0 0 0 1 1
1 0 0 0 0 0
0 0 1 1 0 0
0 1 0 0 0 0

4 6 	 # U Shape
29.590617475376657 38.58650601653545 49.144954969934375 75.33964456996769 27.252135379832055 85.13709702457368
91.8938685352345 39.485325140766214 33.141475144477916 27.348372109294516 60.3256824029471 60.60841740952541
91.40723540735944 33.06216489266396 2.842165113662809 33.990946737396634 37.509423326956195 78.77519146495624
22.80722941684017 86.97047953351316 71.0476780884889 69.57332136436843 72.57682025923772 69.95657018162224
4 3 	 # V Shape
97.05623195263654 86.12797757014293 52.32201800852281
10.385030000353145 99.83121757028901 3.5538421723389724
36.79568329831739 66.21613905110605 82.08575623570536
66.361827961608 72.83829716410095 69.05306411974304
4 6 	 # Alloc Shape
0 0 1 1 0 0
1 0 0 0 0 0
0 0 0 0 1 1
0 1 0 0 0 0

4 6 	 # U Shape
61.770317147579945 35.44122616762853 58.281745825357746 24.489467821184107 11.253889551093366 2.2813263469359857
3.2254367105587822 91.55814687308983 57.14926391700965 39.313120269083335 81.34067400560106 58.08087125715192
13.859387251292166 69.89298523640583 43.826899408483634 62.05562258512306 96.25555941413042 5.074625061386218
93.72648140694203 18.207014164194902 10.313654713140464 32.72117390840997 79.93134089132286 31.072796277439373
4 3 	 # V Shape
5.053642512735779 74.56297151566768 62.79171576181681
74.51752001600458 75.45720766673766 94.14520028500473
32.79723516379902 83.86433593194249 45.12990844100662
48.7830096737492 3.9633273829572713 88.55002490576716
4 6 	 # Alloc Shape
0 0 1 1 0 0
0 0 0 0 1 1
0 1 0 0 0 0
1 0 0 0 0 0

4 6 	 # U Shape
81.23371921395649 51.409772820835165 98.64850034279932 67.79813261081719 15.580089995186764 38.550358042943536
12.271373231331385 1.3845504997924918 30.82148516657135 64.76757243312414 8.000143450469565 24.00875610816633
56.58712435814669 9.626385010442796 47.96311988206864 57.184762219206696 4.268748932656674 97.33562806977305
85.85699700441951 99.87562685208674 0.0013367743634251639 46.19927710587491 97.96704789267184 37.78890707347185
4 3 	 # V Shape
87.52183104324006 58.217986600483385 22.97975233663504
92.81054524443644 64.31148504060508 85.77804124535298
89.43303269061205 26.131517715535967 57.44180592796969
30.092742872149557 21.65005099358114 73.1750520775898
4 6 	 # Alloc Shape
1 1 0 0 0 0
0 0 1 1 0 0
0 0 0 0 0 1
0 0 0 0 1 0

4 6 	 # U Shape
98.40342418331497 58.602568837324434 88.88061663136533 90.30494773881736 84.57783893511461 52.51759784324168
14.260767128121676 62.57527388606873 21.231193698996776 37.53317699517162 29.748940679139036 44.22753641706328
23.70728766627722 73.07539579144576 94.99451664306505 84.23266515704138 72.38329542400503 54.1966260379804
36.95987198042435 1.9915355567592385 3.9698080456559537 28.116878220474927 36.695447069649944 38.814067231740836
4 3 	 # V Shape
63.10184387230295 78.05086604598492 66.13909705404754
82.96819340818993 56.14424714428887 86.06809379258266
43.41586681362792 4.67590187502328 88.8604714508878
23.25297806919695 21.00323234957049 0.6363690301556924
4 6 	 # Alloc Shape
0 0 1 1 0 0
0 1 0 0 0 0
0 0 0 0 1 1
1 0 0 0 0 0

4 6 	 # U Shape
80.98557173513126 83.10952713712969 73.92713056767052 64.51528112511528 71.89692393008322 11.038679756089786
29.699560543874004 13.1822395512192 6.260138497375866 16.362544948887546 15.722435751259056 5.8900655620421905
96.5530488924523 36.43489661043788 37.75405732332477 93.07796174533699 79.43014568810447 69.13997693832366
70.93447820913796 5.681688970934107 24.82184726866826 16.454441918861583 23.464020767575 15.31945062430049
4 3 	 # V Shape
12.80170028606955 32.843923482246176 67.553354671856
72.77778942567767 48.80111160602097 33.73872361709069
98.03516186896036 93.0447894369037 14.340879459470502
55.77917930395524 48.9269022608666 83.99516864023842
4 6 	 # Alloc Shape
0 0 1 0 0 0
1 1 0 0 0 0
0 0 0 1 0 0
0 0 0 0 1 1

4 6 	 # U Shape
54.73460642454589 18.338549448101915 35.85726655108584 5.067714208817065 28.636942163524182 10.63513012204378
65.07806579229316 66.68431600719214 11.091194481651922 23.52562260933828 57.99800136411748 46.36836203618285
25.51009930345376 98.66862033924242 70.14580476057152 21.48825214574266 81.32150946845145 53.668395792588285
57.30731134787605 55.210748182698765 58.17150607871192 65.45487698777532 63.8894148527755 50.147527040643865
4 3 	 # V Shape
56.361591440329526 72.91426100881347 0.35659370572673765
40.32832992624213 2.9096861438899335 61.53765824123675
70.91406389491334 38.17119841437018 12.571979364201491
47.82747383771455 47.5637520317561 62.622303836143814
4 6 	 # Alloc Shape
1 0 0 0 0 0
0 0 0 0 1 1
0 1 0 0 0 0
0 0 1 1 0 0

4 6 	 # U Shape
23.52264641035353 24.40141021795428 83.03244614393466 24.686140049550996 91.55022698405494 36.6172840425406
50.45363312131973 11.634230314159655 31.545440504393053 28.316558424319616 48.064019641402346 92.74023779689901
81.8903004635115 31.13918264331096 83.25080043699639 46.4496003719991 69.93782580473177 26.578427226777624
16.691626069444943 19.79005864168818 93.30186533894502 63.64344125724693 40.254981397483846 7.9343418345953705
4 3 	 # V Shape
58.86186125088876 20.597630330570517 53.87461422168292
67.73547572060978 42.05187823863648 26.665615853303315
15.833455877123303 18.299544601362104 6.963372399542855
98.630656266063 87.43599825191002 87.99789974338431
4 6 	 # Alloc Shape
0 0 0 0 1 0
0 0 0 0 0 1
1 1 0 0 0 0
0 0 1 1 0 0

4 6 	 # U Shape
31.644692696920863 52.31384085238451 19.937909923465547 70.18249617514417 35.747090086501586 5.503991418600096
97.37002140488448 76.40516717735586 74.63663289297087 83.43702278028631 14.610121436291124 14.226093869184698
4.529469392975627 25.586784004719355 74.0867982665622 14.557512052415245 95.42856257909074 47.59614648413528
83.66161074970748 57.956186940846365 54.44618486414592 38.70567072919818 66.19456202966995 41.40372177225245
4 3 	 # V Shape
82.25345621243747 26.94307078400644 9.097262962464214
56.700824750950304 16.338039013792038 18.311673318074007
99.82729864791253 76.70477692104667 32.65869706431824
41.50180107021056 51.03716982493604 28.311941020215038
4 6 	 # Alloc Shape
0 0 0 1 0 0
0 0 1 0 0 0
0 0 0 0 1 1
1 1 0 0 0 0

4 6 	 # U Shape
37.18125642358089 96.88820005754776 39.21927678897856 80.3973981301337 16.688887004880606 35.29682643153622
99.6653585773723 53.46555155809825 13.364582000235048 47.29747005122178 4.273125875939543 27.61194717224282
89.59138302529493 77.36245691506237 53.53412020736123 60.222040616857264 73.93192930767192 61.54135450505611
47.41798117932592 88.05592574800679 65.69265501967233 81.68211882416459 40.1888248619578 30.04713590480581
4 3 	 # V Shape
63.166746317625744 14.910719533653028 9.492004458692538
7.196235011907448 50.7066617006399 72.6838892611743
64.82125342362005 41.059425092566514 18.885257300186986
42.13548016987113 70.58878416476723 61.310176826775496
4 6 	 # Alloc Shape
0 1 0 0 0 0
1 0 0 0 0 0
0 0 0 0 1 1
0 0 1 1 0 0

4 6 	 # U Shape
86.71541440667812 90.46937932393075 49.257327473703526 52.937469560091785 65.83771168112371 33.638321867731015
77.75063189962714 19.739816612624704 1.7779167484218816 79.5470587546225 82.71516152573898 10.566510758539426
44.251811104590054 22.1404244237857 50.47901612939788 1.4311358555266773 65.00384304136159 0.545623683862928
1.8966917098361513 48.94561007159015 62.88032171345856 45.989495555558555 31.23143886715424 66.0081107875129
4 3 	 # V Shape
56.716764433553536 19.168294067943137 15.636651398164968
16.11698264948935 92.58454061001194 81.2742910562562
10.605451300843583 22.374551195610472 44.28339366235588
44.68879025321911 90.94203632779296 7.7697313503897085
4 6 	 # Alloc Shape
1 1 0 0 0 0
0 0 1 1 0 0
0 0 0 0 1 0
0 0 0 0 0 1

4 6 	 # U Shape
22.367947801602927 32.893645216970256 63.88641091390518 17.282120743339767 65.96059722510577 56.245884866351105
30.31289573866599 50.98806807391346 68.05429857008266 95.56720029887265 28.06676497612467 4.866556887318218
38.52422727511868 27.087815031425965 34.592488011168754 97.89364888877533 45.07068367826638 51.9208188424248
15.077929633666853 32.44848797135907 91.22452001015722 37.078734182066576 56.238317289979335 45.04185522502582
4 3 	 # V Shape
63.28163041667343 35.804045258776284 99.643465656233
97.45753797517796 8.107390280311321 99.84342564384664
68.37008728309405 24.0066993063601 36.37658760662168
46.48035519140507 55.24121337890225 23.734983447940174
4 6 	 # Alloc Shape
0 0 0 0 1 1
1 1 0 0 0 0
0 0 0 1 0 0
0 0 1 0 0 0

4 6 	 # U Shape
5.475316873963165 37.28329919881808 26.35768658690121 89.25618078023838 52.80186497248284 42.68849625716522
63.5009277405757 42.91979450736263 71.6829298174311 48.148966844096734 49.86141360235504 81.27853172068293
56.73100101802532 52.66906229382211 4.465097634233361 41.44680813957415 56.17494488916064 90.7610245928577
30.510622910472275 3.668778374679238 6.833298356750417 69.01761996848755 36.30878283470159 71.16773716332962
4 3 	 # V Shape
48.39035497648329 97.77533702406937 44.96372735130721
47.33603475279563 11.90953872882714 44.466881003755866
12.537495585566806 72.58696928343163 41.83746755596188
35.13155745536538 31.203388638790173 40.844032612292644
4 6 	 # Alloc Shape
0 0 1 1 0 0
1 1 0 0 0 0
0 0 0 0 1 0
0 0 0 0 0 1

4 6 	 # U Shape
75.7023310853148 5.80009675292561 79.82961096325234 76.7766147556182 43.540796676751626 15.86777459952675
12.362853093734405 28.720706994194156 71.91532098996505 49.37903203359368 53.66006466619285 89.80849227493484
78.9020328985424 56.73805775511656 1.0411773375793576 6.414568017394506 59.64680621621308 18.515158511901785
58.241169953493646 57.60427103521077 69.75709010812419 82.5653954331894 43.04298890937637 32.577978918274894
4 3 	 # V Shape
97.6514344926474 41.81883709783808 37.7589307433957
52.06900017898778 68.7689982381911 8.614441571474984
37.368967808709996 9.935114777455178 73.11663114910039
89.95386306555794 92.81316809818783 59.02326102039611
4 6 	 # Alloc Shape
1 1 0 0 0 0
0 0 0 0 0 1
0 0 0 0 1 0
0 0 1 1 0 0

4 6 	 # U Shape
39.18864836353841 28.929301985145027 2.3870814354820302 8.863309980951184 80.65166556698304 43.69020771212079
89.29557795200007 14.15287145109707 35.030742931421486 94.1148224696487 57.63630730218382 90.43052592731982
86.65092097460189 57.57174428863128 69.22858492849493 94.49701585037748 24.77014748337031 81.9990902650436
86.61268300230628 6.501973663102268 33.69367784686732 50.27530842334554 75.50615580740039 42.89334279800616
4 3 	 # V Shape
49.06706370243265 1.6682906729686753 16.250492432504203
36.00063253149438 47.42618780778255 97.07367141187989
30.703408923498998 73.55125529628204 1.7219871802236941
54.991611014335305 79.98532902586626 33.58786303235627
4 6 	 # Alloc Shape
0 0 0 0 1 0
0 0 0 0 0 1
0 0 1 1 0 0
1 1 0 0 0 0

4 6 	 # U Shape
26.242373711378963 57.91165186958277 20.35308158494139 35.53634774860347 19.230681223790015 80.92470146971836
48.611202255608056 39.292175208292925 67.37312807095512 18.417729701270748 32.58744219491475 54.42118256879716
78.44347194706167 13.676172389317943 75.6185075990247 5.085401847209903 8.584521476174356 87.40399494748362
86.801239845813 85.58142416659776 93.07787062870683 44.7064745007985 56.78908899973022 82.71112387051697
4 3 	 # V Shape
82.26925204504293 42.439577194128034 24.26028152293297
59.35623784870647 35.386138484160625 34.771036863051144
35.96430623802345 75.7934428145808 79.57420878392078
11.403779429545246 27.29917957275361 44.11048344630887
4 6 	 # Alloc Shape
0 0 0 0 0 1
0 0 1 1 0 0
1 0 0 0 0 0
0 1 0 0 1 0

4 6 	 # U Shape
11.086959385841633 16.55370540937958 10.641458056740593 14.517863888377203 50.39520769417298 58.96790805193063
19.160952108037787 98.25045496732407 71.88597237443187 88.41601805697887 69.93839727324381 25.47309945436419
86.31671204230533 34.383425203837845 21.39413800429998 66.07838874285773 92.49614744675355 5.87146747807219
33.202041907328784 56.117911273573895 59.62356480935222 43.85127376465911 34.61483363607327 19.531220784544413
4 3 	 # V Shape
77.70441161474857 2.375060727178324 37.21254591232237
73.83032696480227 78.0957774485632 52.11517501091984
12.807305447566131 34.2409159355782 97.27024657648191
13.243632006690277 19.31452179792592 14.599723992847247
4 6 	 # Alloc Shape
0 0 0 0 1 1
0 0 1 1 0 0
1 0 0 0 0 0
0 1 0 0 0 0

4 6 	 # U Shape
14.948714608339753 58.4873021491298 99.4589902743707 69.44672439018814 47.232280087216225 79.39997805481693
14.279694858937086 53.88247582691774 63.714007104716806 17.726578561913108 28.8445465122275 33.26004112242895
66.38765969634315 93.59782483400596 0.6352338891125076 69.26225665184728 59.913933364512616 91.67435511095259
45.19770794047372 79.8925215664701 51.60148183949641 9.78872381329946 66.40686436024507 68.90647650651074
4 3 	 # V Shape
94.14385632530082 17.62211087871165 9.693428287673589
96.23042379955257 29.5742554059112 34.213327758128955
7.871313410780401 33.299985378499386 25.940779388617162
31.948663302462975 56.41280907495505 14.408273757176005
4 6 	 # Alloc Shape
0 0 1 1 0 0
1 1 0 0 0 0
0 0 0 0 0 1
0 0 0 0 1 0

4 6 	 # U Shape
0.1942763004292858 15.150627425118646 99.49125517919481 89.664502783015 32.21370997952606 14.175409019027974
39.41879437175654 38.909780900468824 15.856986351864322 42.08770332662569 16.391147977543476 26.913586944261326
29.762521126732043 63.234902366897785 16.7345143809141 98.81303871616032 92.20801625101377 31.672260971277066
93.55223858758342 36.45526428721981 2.771240117035456 69.22441335819921 15.880906646061977 86.29663257415628
4 3 	 # V Shape
53.727647100953625 52.54450503550818 83.89192337625069
72.18979061514685 21.750653115522923 19.977338309152458
94.02627960830424 15.68415177185425 19.356636100247094
70.91252539495889 10.18206125583243 32.93475090642504
4 6 	 # Alloc Shape
0 0 1 1 0 0
1 1 0 0 0 0
0 0 0 0 1 0
0 0 0 0 0 1

4 6 	 # U Shape
62.07267177050843 12.691204172374182 35.6324001215488 92.87119097333377 57.581838228290515 41.22128024944174
9.230147016241474 18.350353827534793 86.60370347572083 6.828376598090169 61.311988516539685 98.58515331274074
5.991971793237383 36.52071375373724 49.939969149650175 24.227761278789796 99.6258114320302 95.92908995080313
93.83727712731786 21.86522343203856 87.14287181250711 57.01941696992927 41.82848118464759 70.18670867582824
4 3 	 # V Shape
52.01720709312073 74.78528123071762 2.140638106139714
74.38072898640836 20.18905547468155 69.52360087443648
80.39439254375318 93.01327232182007 14.05379207334365
65.96386117547138 23.95882845265095 65.72009737754013
4 6 	 # Alloc Shape
0 0 1 1 0 0
0 0 0 0 0 1
0 0 0 0 1 0
1 1 0 0 0 0

4 6 	 # U Shape
80.10109959008575 77.74926965608748 25.29351277211743 61.61107397687078 5.857813238973575 17.975267895206137
11.628087604582138 92.47392417651172 0.18391105850105172 32.65438891480718 58.65374499920908 38.022123089180894
59.49077456687949 62.73298671582819 76.0952794377786 58.64061777532497 22.474986782613094 14.331865163284673
42.49735714783816 65.28081557063908 66.38893210384639 70.3770266432717 55.48015645060927 22.874512901308986
4 3 	 # V Shape
90.60187312151189 39.06278675433359 74.7113657799077
72.12807280714892 66.40539025272939 76.52354239578466
89.92350719710498 85.81480460089107 94.25773711114566
72.8503915727331 87.59697719697513 98.12590926830651
4 6 	 # Alloc Shape
1 0 0 0 0 0
0 1 0 0 0 0
0 0 1 1 0 0
0 0 0 0 1 1

4 6 	 # U Shape
74.81667118818893 54.11165407630054 58.97119635689631 23.920192376982474 75.82589665568187 54.51149096075526
62.25825759629468 45.60716530830108 82.97546235707223 55.543963306367736 57.0134154952053 65.68458311638088
50.22029485954717 72.74806907048877 28.906554472744496 76.22520982174072 74.95543442889684 32.24917513119166
8.618961436259609 69.43702229294448 67.77136499679479 1.7620226467367606 61.54820475911902 77.23447332105933
4 3 	 # V Shape
41.645345648282564 3.502164902556437 42.65105916712968
43.32117724689735 42.89504133930346 38.27760049927377
43.676852212621775 21.907595436255058 12.046019705591615
90.9969008563522 10.326405824257012 35.57012653053564
4 6 	 # Alloc Shape
1 1 0 0 0 0
0 0 1 0 0 0
0 0 0 1 0 0
0 0 0 0 1 1

4 6 	 # U Shape
30.515389544597017 25.60923853998257 67.3946877449142 8.123991676118425 42.56294900611608 29.06706502059746
92.44082464204922 79.03476308962529 81.11547298332728 54.40306279617608 15.791537334808513 19.692952140757804
57.07697581797927 21.745226054325308 86.37157173273035 44.51394447084384 95.58406406924472 75.06809193002577
85.15866031781937 69.13817593809303 24.85813542770776 94.96581494760188 43.42105380303093 35.336754332368706
4 3 	 # V Shape
86.60651271413684 15.191863936506177 51.49351176141283
48.38659513850941 10.166930468033442 81.32705567233972
85.21676752910817 69.45191753779163 83.1290160369794
2.7669309118320995 48.301405591783194 69.31333837006703
4 6 	 # Alloc Shape
0 0 1 0 0 0
1 1 0 0 0 0
0 0 0 0 1 1
0 0 0 1 0 0

4 6 	 # U Shape
66.47766358663958 98.74004073055228 89.43431924933085 27.66510788182448 67.38663161459453 54.379184862854714
20.145214312706027 81.243115073578 93.8315985842948 55.55534640272546 72.76005600947104 87.0786121547257
21.565803264138907 5.554561447596917 26.101861421137475 75.35276989113035 84.73332398081652 12.287459799366196
50.984455588390354 36.16512658840152 19.283836673944588 17.97987961044898 46.897394212561686 58.3871284289332
4 3 	 # V Shape
72.32703032580774 83.15354174904034 27.346714939253268
51.110971824327734 60.861960733117094 92.7279852439296
83.88828929177039 86.73244152669935 58.11724771228254
38.877384308846096 23.139499114436447 42.33196622206661
4 6 	 # Alloc Shape
1 1 0 0 0 0
0 0 1 0 0 0
0 0 0 1 0 0
0 0 0 0 1 1

4 6 	 # U Shape
26.411400748418533 33.00632003004621 10.643760886333242 71.55043604192575 45.08009618749066 96.4684787645336
91.16833524607354 78.26821999145814 43.340028402988075 44.4171098293783 95.61965252014811 19.01115592832503
80.45445538129324 91.79531774424828 43.59477930350022 60.97862119680704 19.163979807087518 64.221140948185
13.090683951186566 91.06293102315504 3.6519410534972763 34.1015712341314 45.8364131460109 78.84211157543122
4 3 	 # V Shape
38.813177645179145 37.917893786030746 88.2689778456617
63.130593012103944 54.22594815934498 53.99283666792479
47.45700591201177 20.22025175339185 57.384606359528924
17.198328769089542 33.2748512244723 57.29394356010793
4 6 	 # Alloc Shape
0 0 0 0 1 1
0 0 1 1 0 0
1 0 0 0 0 0
0 1 0 0 0 0

4 6 	 # U Shape
8.15968590093149 79.99372836435003 45.91193846429914 30.31556590109129 27.844482237288094 8.209616990780798
37.11022559963797 75.27370158573734 81.10525769677983 53.188072545284 57.06552317356951 75.47971892483616
48.65149661165115 39.026339590822076 26.78858728996204 80.01684284108708 44.722568982601516 77.64770430989255
50.59877324642742 52.59434747153995 84.38957663805401 13.44609237074257 82.2933772133158 15.413029361344199
4 3 	 # V Shape
30.27466656097215 1.4573616118559563 21.60581807634666
57.76104551975499 49.143163139119814 71.34376318121866
95.122519914367 56.325059756398275 44.37811930944464
59.104638492053006 56.854640939584314 11.893099020635145
4 6 	 # Alloc Shape
0 1 0 0 0 0
0 0 0 0 1 1
1 0 0 1 0 0
0 0 1 0 0 0

4 6 	 # U Shape
37.745537648231334 66.7545365840197 79.53615487587393 78.6153580933721 79.01520572401823 84.26356674875548
35.87805498183278 99.51981778409818 4.217415539214353 77.00004219435078 50.74149076135136 39.96916336689298
64.46402878404155 29.586442618284526 80.87773494817286 98.45011517743913 28.488707712199325 9.458096733878252
32.54754403176623 49.52492312001097 17.222212814843353 45.49865968811713 31.91918516099681 82.31495372611583
4 3 	 # V Shape
68.04767217133677 33.33939097036054 13.265088381704683
38.651944306850474 99.04393659881777 5.513248937974346
6.752654225508559 26.25051234003186 12.741524802786142
58.44172035482219 60.50619749287025 85.15344379758257
4 6 	 # Alloc Shape
0 0 1 0 0 0
1 1 0 0 0 0
0 0 0 1 0 0
0 0 0 0 1 1

4 6 	 # U Shape
43.42028063065907 64.3970951431879 67.90423563965646 54.193336081058085 27.98121884664142 14.741278609537478
95.04941634260014 81.55375065389077 58.759538694697774 35.20036565593367 40.7398903281165 10.524072065072264
68.91141791522931 18.544506718131792 29.381762635173292 34.09209452397327 73.21550261332078 23.335789756408186
96.32925764256878 69.34601611985592 80.02618876199816 79.48429836385688 30.72937920596228 58.9474992676073
4 3 	 # V Shape
80.74584121066619 90.94374776240394 38.4949685514131
73.4753288684076 16.444743222531798 38.57859289632999
63.33541845865239 57.48187101165721 32.02064421819537
32.14129261580232 14.856394243331582 6.296646472379708
4 6 	 # Alloc Shape
0 0 1 1 0 0
1 1 0 0 0 0
0 0 0 0 1 0
0 0 0 0 0 1

4 6 	 # U Shape
92.56263364908386 52.88666999494477 45.2009504424286 21.889681676350126 30.18108454191466 24.110892460700295
20.708945967227223 14.78473869020689 26.539394812512295 34.67399306638056 80.94979577596494 9.263625232295913
13.870710757203252 39.01322831745978 12.508825830129233 76.98849768076131 69.80129789588315 97.04205140002698
59.4672361001985 7.477260853343304 32.888252064982574 84.49784165621978 24.862059415405614 13.23337346199256
4 3 	 # V Shape
61.19846188125294 23.740281423838727 10.84237835839712
18.636596179795383 34.07388161791328 18.240368638361105
45.72092429468994 16.976899890622978 86.38912039730333
67.02800062441267 88.56638225736893 81.42147638594153
4 6 	 # Alloc Shape
1 1 0 0 0 0
0 0 0 0 1 0
0 0 0 0 0 1
0 0 1 1 0 0

4 6 	 # U Shape
1.071328001267946 60.11676456904045 51.70577458228409 1.597279378414096 61.877950434646436 21.835841495096652
29.538678224583727 74.6354222421601 73.84108494984757 34.57953216353623 31.956664186764307 76.31762304801106
15.34858015541165 98.0059430591942 29.720116612557447 42.35688689666467 68.74391945442997 92.0296557916233
63.48706589390625 50.37270789642996 25.748188827329965 6.6714568905712035 27.406210375950167 93.10631150036713
4 3 	 # V Shape
99.65930469269908 58.94260715924271 45.99106631200923
85.69499327394222 63.38220043891026 50.96998878066219
19.7439014436833 35.93502715608833 6.964150949246939
65.0768037347739 68.284941713842 8.836887818127703
4 6 	 # Alloc Shape
1 1 0 0 0 0
0 0 1 1 0 0
0 0 0 0 1 0
0 0 0 0 0 1

4 6 	 # U Shape
81.54813688487269 59.9748793579541 41.394551166462854 89.86838316876472 66.027499634928 63.7947822501171
95.06718687980205 44.68937522111271 20.233730232485748 96.37399399344304 98.14968884475861 21.679857814233394
22.608658241961777 66.50466708277997 54.88629521946373 45.50323227877695 50.991712064415125 33.6729987010411
95.45415831762347 11.583703398749911 54.728615143973414 94.26862422076768 67.2565286981775 56.70560222397223
4 3 	 # V Shape
56.198718724918976 15.585318056114106 36.808911816659105
11.625193685411395 47.68722960180279 54.674677398503
0.88352275995639 77.03673558011647 50.11651982380223
83.44629603601653 92.23863021175835 61.358902249453664
4 6 	 # Alloc Shape
0 0 0 0 1 1
1 0 0 0 0 0
0 1 0 0 0 0
0 0 1 1 0 0

4 6 	 # U Shape
38.25956199618723 5.406916219745539 82.8069356696112 35.10070013212155 97.45981102957582 25.427364764591122
98.4303996203575 65.25721908939693 7.172884812546998 13.602145928840336 47.307080357518394 98.46292021858949
22.870265726345107 27.84436777994944 23.4267531257236 1.3717289947284828 19.057368288476383 10.590873674223788
96.35475489202405 7.734509260370459 75.34368996918202 17.275199755944147 37.48253147025936 39.80019903356872
4 3 	 # V Shape
34.12410520004443 62.479448259653815 60.85240091645983
50.84383236173362 94.81123607653959 84.1066503745129
20.440750621960056 34.64682949419847 58.59339544182439
19.80015406132205 92.1965845983171 38.033769206188815
4 6 	 # Alloc Shape
0 0 0 0 1 0
0 0 0 0 0 1
1 1 0 0 0 0
0 0 1 1 0 0

4 6 	 # U Shape
27.45146454048568 87.57426533734802 37.88387822636593 70.65518506855977 44.27424666349662 2.0877280120852437
10.807192137037413 98.26952214082787 66.52559760748564 29.411474009196038 6.170086430173615 18.83686620943684
24.491658371763226 33.76290216784543 93.27633227461965 11.304306626376082 57.63682581373922 34.368748021620775
33.606319970322176 69.83493667668169 2.113118025922811 34.10555802511324 41.250366406243074 23.56730257852927
4 3 	 # V Shape
4.059894868048652 46.459394336635576 16.1335132328133
98.91667614295156 17.408336067542507 63.317369573324534
52.7688161755289 67.096595861427 34.99877668220014
84.30732139630035 67.7541053862121 60.15021182307627
4 6 	 # Alloc Shape
0 0 0 1 0 0
1 1 0 0 0 0
0 0 1 0 0 0
0 0 0 0 1 1

4 6 	 # U Shape
61.25398493620471 57.14201382567205 4.670114150820837 71.74801342511711 65.26872095171154 4.853500965308378
88.71480876975193 37.9512449569017 6.046019561584048 87.48116924121882 59.03316291199682 93.18152163263058
47.34518075317047 18.087367925824694 87.31584800642217 17.776507001564013 55.14200034925315 74.71591028204261
42.268561845293085 53.00045799426135 22.98957064830438 27.135253249232626 55.474528148366545 77.30526993682246
4 3 	 # V Shape
97.3091467471696 14.47785746298722 36.110671934807414
74.7743534356115 98.96825366516556 38.45085456683569
0.8606535156709616 95.18220788427637 15.158431878341073
15.05403843687616 1.1915290138714951 4.507845816449074
4 6 	 # Alloc Shape
1 1 0 0 0 0
0 0 0 1 0 0
0 0 1 0 0 0
0 0 0 0 1 1

4 6 	 # U Shape
43.44861405327099 83.96638932866904 99.76880677026693 53.22942599690415 56.24439077096418 58.497770196492695
40.883417184667294 72.68404252919225 89.06225352248835 30.151498983205737 82.78865593765845 88.05936399368105
47.871463089170085 91.29565124795458 82.75153370332649 31.541564667307874 34.589611485119775 59.68733822994751
30.76978064914082 39.12021760640645 13.74961089383433 84.8046185498647 25.059378936275202 1.4561602295365628
4 3 	 # V Shape
67.10406484426453 21.51172892027482 99.73735101198639
6.399670869917207 87.31084192770517 13.374484388843888
68.84574173169254 87.76978353506829 84.71469287598836
58.56563540942435 76.51685443125952 16.52004196776723
4 6 	 # Alloc Shape
0 0 0 0 1 1
0 0 1 0 0 0
1 1 0 0 0 0
0 0 0 1 0 0

4 6 	 # U Shape
93.15971238210813 44.08271711634336 10.587843370492845 11.567068361681166 66.32956359756186 65.63884105921296
16.26679156372789 49.972415709030656 85.231586836376 84.21608191512304 95.45731533696988 58.911084612299845
63.14249764069601 4.906141679457154 95.04367347964751 88.9049515110263 53.56456700006507 45.45498232378087
88.41414065145624 96.14759967970097 1.8805459958959991 58.35597346013598 85.49476470324196 93.38688002208448
4 3 	 # V Shape
31.932717622098007 92.10602618093623 78.0202480427453
26.489588946235397 5.684485408216144 54.980599239408065
72.78009498097731 85.09280106011789 21.929023287983117
87.80904808145526 30.78801990461846 73.40649586325645
4 6 	 # Alloc Shape
1 0 0 0 0 0
0 0 0 0 1 1
0 0 1 1 0 0
0 1 0 0 0 0

4 6 	 # U Shape
9.331633163002984 0.5444005940767216 86.20789643332036 56.68997635125762 31.31260782976446 92.38374269701303
75.29121077732788 96.28706257321562 50.75006216437139 7.281383347883363 53.48733888489878 55.94145382739981
36.848794192517076 25.47622039082167 19.967854356318206 97.952864519961 59.78449079497267 24.517184788554502
23.854238232351076 44.96983110542207 6.352487531591889 33.74702564711002 85.86810991429495 0.6238508354989847
4 3 	 # V Shape
38.358385566844746 15.831105453474681 25.55558749909216
72.31444745588973 22.312073396412824 42.87606952277259
78.51802731830504 41.15556778086707 17.426507796516223
74.44497852066064 77.4886661172076 36.66691116987403
4 6 	 # Alloc Shape
0 0 1 0 0 1
1 1 0 0 0 0
0 0 0 1 0 0
0 0 0 0 1 0

4 6 	 # U Shape
33.32437032554271 68.24212308416023 33.14452797544014 2.7582415902380752 97.46830359616355 29.78017559820565
89.43772549463552 49.41039749106866 93.46137173620654 62.761236349835684 95.90760883150843 38.783595658195026
16.44650429538579 55.495501262591176 96.0221051330803 22.58614204524353 42.891278674746246 16.521507941492587
13.012550932895216 11.122052963104334 60.37755694360158 85.36267848187903 4.640079627422022 0.2847139202433846
4 3 	 # V Shape
50.855097142476716 63.864852834922814 10.092665044880222
38.72488961819644 72.27972175700268 56.0805530306031
41.561882428511844 81.62813684533857 35.896942344572395
94.42591285865952 39.165384820391616 6.865568813411704
4 6 	 # Alloc Shape
1 1 0 0 0 0
0 0 0 0 1 1
0 0 1 0 0 0
0 0 0 1 0 0

4 6 	 # U Shape
19.587952173604716 31.236885312219208 21.829757972278983 43.65399166611618 45.638531884938004 49.25521455615298
62.389380396394536 0.4698725588119568 26.25658998445246 97.59090706422234 87.24657522746558 56.234721187266025
67.82207851589048 15.181225688726862 62.76037238014 98.41307593748799 58.5165144783223 75.18386253510761
24.406157155201637 61.62682728696013 77.22244217600573 25.264216534913842 54.71197030099899 51.455193906499815
4 3 	 # V Shape
54.921358486796215 30.44092486595993 30.00457254696426
18.543152752771842 29.81896448397806 7.7778906444809
57.27214540786658 9.121792105949888 74.76361872051433
96.05003131580139 6.2891489265948675 13.905668479163435
4 6 	 # Alloc Shape
1 1 0 0 0 0
0 0 0 1 0 0
0 0 0 0 1 1
0 0 1 0 0 0

4 6 	 # U Shape
66.82563721984978 75.47689569523997 91.76788275390672 39.962467193070815 54.35161720512767 76.46410254638731
56.287470049762 18.979376414181726 87.37298486876433 91.3782492907784 89.67128091722508 41.828747083729844
85.98355933197395 62.7008323262594 31.13796365815451 58.50020956104203 91.27805750125468 6.326184291852888
4.048927197882712 24.819789205967236 85.72390808859235 85.11350197527786 64.45406326385032 97.31062004029059
4 3 	 # V Shape
2.4486257646585075 21.404182802704252 51.04017235307402
28.475092844726003 4.365095930800445 33.66688270129684
56.86612161578199 39.732016531437665 29.852494244545646
23.551459088443295 87.93008909809681 45.76341131522621
4 6 	 # Alloc Shape
0 0 0 0 0 1
0 0 0 0 1 0
1 1 0 0 0 0
0 0 1 1 0 0

4 6 	 # U Shape
61.61241822720043 37.39380598258069 69.72278045045093 55.51311759029659 52.13910481544309 25.509822368445832
62.62434233493364 65.21253124989383 6.940719333949286 5.56023349008653 72.08910870389836 87.0230158297664
78.62028959240273 68.42599417828995 43.21030348108338 57.08805829715998 2.0804026230711536 14.411334670851584
9.530996103097467 84.89153232178359 32.45209747766313 18.966484284573614 91.64759316328411 72.59032797712409
4 3 	 # V Shape
29.388841839776948 98.08549385853455 41.408015444901636
2.273490488212171 0.08801369258345515 54.983019161478985
74.66469083503739 65.85674666691416 37.13213850508996
10.003141045244368 59.99819223463692 50.27602525770103
4 6 	 # Alloc Shape
0 0 1 1 0 0
0 0 0 0 0 1
1 1 0 0 0 0
0 0 0 0 1 0

4 6 	 # U Shape
68.67288283424978 95.2606563797458 32.964546056497724 47.8829907810281 25.074148035658993 24.466370267110204
73.05352024718623 51.49455250552669 4.855761203221709 79.77837950650978 96.38921080499009 61.971903443078126
12.939022620318896 66.65584845129332 20.37213188025383 89.83164433376511 80.72953845504823 29.296116351559377
89.78886493797748 86.87325289609431 87.92060476480263 97.62013877473309 35.893948033857036 36.90459752778772
4 3 	 # V Shape
97.7641592526314 91.59624924918612 7.80634612735348
56.30458316902291 12.288329822269972 43.75130317856243
2.2271962529061384 45.14969221621578 42.16128349883073
58.96231097004988 10.714970001158509 97.33316860724672
4 6 	 # Alloc Shape
1 1 0 0 0 0
0 0 0 0 1 1
0 0 0 1 0 0
0 0 1 0 0 0

4 6 	 # U Shape
53.86582737369968 94.5843194653107 39.40039717977199 8.677978190652624 10.421677236946604 79.01647953025402
51.69547602668004 67.37703885865987 48.11923575918178 95.37014996205221 78.6515648546236 18.79120230935746
48.898542125460885 10.837314677439503 36.5063274682843 66.97391581827694 62.135653987567096 87.91801418713038
6.724603183958111 59.01151048405524 71.58459919109144 28.14646397926648 4.574332935018477 8.608652015091744
4 3 	 # V Shape
35.64224309097375 63.379008926545545 21.78787871468799
42.35522888836807 20.57795413340221 95.05818261696203
67.16404208205716 37.94344961510997 36.630698787235815
64.74741039356705 25.546618766481068 33.389177468073385
4 6 	 # Alloc Shape
1 1 0 0 0 0
0 0 0 1 0 0
0 0 0 0 1 1
0 0 1 0 0 0

4 6 	 # U Shape
75.44563995153199 34.5552412595856 42.9727638640908 32.474610826478354 21.466450352300203 8.106257022192054
80.87617801086466 48.921346369158044 76.17318844977915 33.283893037146996 33.78722503855667 0.8327566421585497
86.16148829113384 12.155188198192368 71.84162973267897 83.46154924262629 69.56069333416349 35.038901490236476
60.69991946052509 31.38318135416104 68.75451016240191 40.93429610646512 6.544164433959343 6.281215930593409
4 3 	 # V Shape
56.244859194107754 91.67278513997145 22.79880528054836
12.910997342388274 93.40603825904357 35.214806660481536
7.942520413632204 62.78765540789044 15.169375777247641
19.510352992046677 3.1987205436570854 7.780572480122605
4 6 	 # Alloc Shape
1 1 0 0 0 0
0 0 0 0 1 1
0 0 0 1 0 0
0 0 1 0 0 0

4 6 	 # U Shape
63.4219548914672 57.944466333954324 18.090826431940886 26.51573494254541 91.2290629162946 4.353260239024381
31.631717443926565 29.21592883013071 34.856244912047664 57.493734017950246 7.264489058415657 19.96174900698887
60.56356813769899 20.83650553107761 91.76376846288446 54.56798727170953 53.379165957687476 94.81872806245674
92.69183653605081 95.52791733299784 25.751373547176293 9.39551199167763 60.47410373164826 2.4745433719168597
4 3 	 # V Shape
88.75137058195605 91.21812104519105 40.54103430344136
87.22692449703356 14.440068734240786 70.11392196176828
48.944419070954545 87.33586193861662 38.55796206399897
62.71396262550727 52.63990865363245 8.933912850291136
4 6 	 # Alloc Shape
0 0 0 0 1 0
0 0 0 1 0 0
0 0 1 0 0 1
1 1 0 0 0 0

4 6 	 # U Shape
27.482120842071723 93.5362771456003 90.55506295026105 18.101998994315416 14.499161617379897 66.87436518383855
78.02580633855898 68.11725409691266 46.27813005042394 85.95917112790457 82.94018291399128 18.603377526344435
1.316580894050312 57.5646892329206 61.05460728960449 66.3335071827157 98.19944124068381 34.0342080034501
57.39390369323234 42.33039183529422 7.9106842311860825 85.20391510239924 70.13987094517138 63.4347455616752
4 3 	 # V Shape
45.45742017899478 49.689098304002435 64.02545710323531
61.212546679505856 36.92321809436798 30.787182292196746
17.14939776474903 85.39062145578583 16.336144213553936
46.44606625461434 38.2284028801483 24.865987515100286
4 6 	 # Alloc Shape
0 0 1 0 0 0
1 1 0 0 0 0
0 0 0 0 1 0
0 0 0 1 0 1

4 6 	 # U Shape
5.21288738552439 17.958240194495232 0.893549572091501 64.62162580406519 42.334904182085 68.62632632717755
4.454442425057503 41.88619895005933 30.662529929296443 21.16209079888014 35.22460894441982 40.96221677958701
57.28321554415302 39.600904584241846 3.9130564561818293 81.62723290792357 90.88075696045604 37.430174149526486
65.27245143075365 26.916822776246274 31.232903938595047 8.669463800476452 21.825972244508574 81.8398211105611
4 3 	 # V Shape
6.47081286294473 5.073856205276883 40.933686127424316
52.759358027092965 62.4521738035835 3.7338402672467907
80.71450521121983 71.99388854110512 0.06690779428856208
0.5088822769267365 61.627872306625164 21.75795115137008
4 6 	 # Alloc Shape
0 0 0 0 1 0
0 0 1 1 0 0
1 1 0 0 0 0
0 0 0 0 0 1

4 6 	 # U Shape
45.900071756470695 90.28530870007589 7.75801909692616 19.43453493297791 73.39401854775993 94.75906224745229
13.34548065498441 56.91901063875105 19.717628882918493 1.260841038459104 3.963577801442131 30.717971965581903
77.10273808550045 34.14418920760994 20.317046443553878 96.97594800402555 74.65546237307935 65.8034997935234
16.949696854646845 23.750019007089563 67.6937660707772 26.286512020447496 49.69583573534171 88.81564267469281
4 3 	 # V Shape
57.126991151737705 6.530571094009785 95.94814175426826
12.673315378733951 37.50503844627479 1.4260680402177983
7.961446080356294 94.6134644045969 81.68520305004809
79.46380846003245 84.52990175156947 42.98587195596533
4 6 	 # Alloc Shape
0 0 0 0 1 1
0 1 0 0 0 0
1 0 0 0 0 0
0 0 1 1 0 0

4 6 	 # U Shape
75.48380130485859 65.13954025078321 16.838093715246604 28.056395849588213 85.13876371070207 71.92290770212777
44.94823611421579 29.994356687261337 40.887455790592675 64.86630881580017 55.15826144654768 92.30913913916528
0.7253429772522524 36.94611288343225 90.10403470102565 70.12167584863802 38.990537296308226 57.697498210355235
43.48104554480169 97.99967046848253 43.445456205735255 38.77939939354541 6.754408076449847 38.09508152885943
4 3 	 # V Shape
51.92641370737219 10.158593640389647 23.96473930882803
28.521556055307272 60.07450739813135 89.73504611541982
58.798907676601786 31.363966914401775 98.88970181893663
8.461246610285434 63.51870046702426 92.9182140048321
4 6 	 # Alloc Shape
1 0 0 0 0 0
0 0 0 0 1 1
0 0 1 1 0 0
0 1 0 0 0 0

4 6 	 # U Shape
19.606401139760223 59.964814332140406 43.14331900771774 42.88092547258875 58.33084545431765 59.66931370114206
93.85970736496064 98.0903157831439 99.92868374808192 58.21555603948637 78.84786330973628 21.33440775320229
35.81076545229397 67.0311042194957 52.42263587955581 80.05055199391046 18.736417254100168 64.88399665575085
70.98609223566571 19.767866745517104 64.81349491413327 65.42723084098976 81.66277644790388 82.19592959855959
4 3 	 # V Shape
37.2654096129824 3.893313541072385 26.537411206543737
19.523411098424535 26.104904598057356 62.704370313906246
33.22937997661752 32.40363043639768 28.737719447723343
8.442653904776975 16.419477185260934 59.830943665630656
4 6 	 # Alloc Shape
1 1 0 0 0 0
0 0 1 0 0 0
0 0 0 1 0 0
0 0 0 0 1 1

4 6 	 # U Shape
21.595945036855714 0.16688602213545956 32.40681260943858 51.4349007908759 88.0621297174832 14.164813937958531
11.76617978129042 12.6489339030745 80.68753096153841 68.10056839801607 76.61520857821613 34.885517026809985
39.92764809399989 46.791156803986446 45.66833217453507 93.76938503086048 66.05484431085074 81.59347694011755
70.38090950590895 25.199921431725237 60.70984276321929 18.840052977516585 13.31202794237294 91.28596471389967
4 3 	 # V Shape
67.62824482465591 78.13548380179432 19.537440739581267
96.68182796617863 97.59479613186163 40.838175035958024
24.288472702283205 82.71330100017113 29.107538656028286
90.16634223655473 17.015161312436746 93.655553512197
4 6 	 # Alloc Shape
0 0 0 0 1 0
0 0 1 1 0 0
0 0 0 0 0 1
1 1 0 0 0 0

4 6 	 # U Shape
95.6922197778049 97.3394110192415 69.77203644586943 35.51454416174491 84.87568799165727 81.5141265663992
53.818961912045935 21.100305759355365 46.37812988500235 20.943584711818588 64.9869160092977 1.4413640585315024
57.07690091011474 60.22776908542337 52.11612721639435 74.35884241460867 25.586327623658743 89.1588622072254
46.9289710107182 65.23784556896034 41.61577190421749 20.25592240290015 18.411298031975065 93.53621247287822
4 3 	 # V Shape
89.59801363227648 13.976084945540268 37.73576465653644
81.87112824523247 93.98363929091609 8.801730548591447
19.74842454896789 56.23146037268813 21.927110008108464
36.879889614398834 4.312961780336433 16.483130464295826
4 6 	 # Alloc Shape
1 1 0 0 0 0
0 0 0 0 1 0
0 0 1 1 0 0
0 0 0 0 0 1

4 6 	 # U Shape
55.541019963302915 60.85325961321971 19.65412657168827 29.256932017342695 62.369190863992316 44.52150172310591
19.40260190990979 9.91967227577254 95.1044986900132 75.14835663219091 93.0131632531488 51.17979315508519
56.32870848925784 62.57102087193166 60.52318722553365 9.573782207968605 65.77205574073191 6.716445476156363
3.926163043622899 12.702901301391723 9.230819121886825 21.299258254907794 15.647691958201172 59.54399727183427
4 3 	 # V Shape
61.501783265796774 9.052754967416899 59.560480868997566
93.17872160949442 74.92735725731005 3.733941168046695
27.443435992162346 6.835458311621889 9.514409923546319
18.17380582093887 26.264475627004114 58.53465878272315
4 6 	 # Alloc Shape
1 1 0 0 0 0
0 0 1 1 0 0
0 0 0 0 1 0
0 0 0 0 0 1

4 6 	 # U Shape
74.35762856375844 94.2974971835555 45.081875201671316 26.277809874125914 98.86720510330025 80.08755052235897
46.6620842085654 60.906518201871364 74.03617528699826 9.83045493413477 18.208872516383778 91.5875432003898
68.90148327818805 68.99470745989626 15.222125385635666 43.65410975031957 61.86468037187913 99.37063895476771
47.61927434112977 24.71973951397677 53.628649061416176 82.25919864638439 38.230238552897575 15.771433958924419
4 3 	 # V Shape
69.7274155599683 37.83150749250589 35.45792042358037
53.50503349991491 90.37976982662772 62.39500383774573
95.47589475569607 97.33994825390731 87.9344356371494
25.466715398581606 12.938719755398909 30.145079278256294
4 6 	 # Alloc Shape
1 1 0 0 0 0
0 0 1 0 0 0
0 0 0 0 1 1
0 0 0 1 0 0

4 6 	 # U Shape
94.2026534618762 13.673376613512634 21.9863042238151 46.717311714348085 18.43274878263552 18.766931944320252
60.43917975113304 76.04660710333614 31.21480252339335 9.254012934263844 7.339499473193878 12.288652615530438
97.87492421752823 71.80578685527507 14.937240235627991 36.658809247359706 42.6643179712424 86.33204681494047
72.72205832149697 45.83842713131061 98.93338055063414 44.76782472520492 77.57092160576836 63.608218345116455
4 3 	 # V Shape
10.186445459737591 61.285096412010546 84.57395615784911
67.05944096838373 61.46320042146242 43.394123394296024
7.692316650923791 91.37884533606983 32.2754236547557
60.60754953001219 32.37588139694931 57.79639056438991
4 6 	 # Alloc Shape
1 0 0 0 0 0
0 1 0 0 0 0
0 0 1 1 0 0
0 0 0 0 1 1

4 6 	 # U Shape
27.074364824027906 1.8665919856031055 63.3381561682488 21.959064015775187 18.726940874864397 16.24933331025773
92.40833021922175 9.693647212670886 56.20313217153946 80.31985708189126 80.01501611578897 91.67859703208136
89.31711733634738 38.79051505809359 74.38685120285035 42.483842927361 3.5700231215918032 82.44661831845416
76.58434644995137 17.044863589782324 80.8789829313384 23.321472998486836 13.15341313128896 12.916231696820446
4 3 	 # V Shape
2.2661555848609294 75.29670088833691 9.38183383790997
92.10562297227565 98.78054261778657 5.585940722164606
44.829466377477324 9.600104057036196 24.640557565692934
63.18711062943212 90.86754908630921 25.38237964437314
4 6 	 # Alloc Shape
0 0 1 1 0 0
0 0 0 0 1 0
0 0 0 0 0 1
1 1 0 0 0 0

4 6 	 # U Shape
17.54823897101474 67.82572532967595 58.007597051225034 19.215507934112463 66.66372777691117 44.65806137492928
40.17764140192206 56.879607248720795 79.49655849942864 80.62720635562873 40.40035705793474 94.31130291494568
50.08132204970419 22.790904977229197 70.90689432607697 42.038283822035595 81.18407942439 62.81139020523502
94.12199027942201 15.615568662988998 46.695983395462626 14.425536317281583 18.790910104246382 97.90328394040885
4 3 	 # V Shape
11.632983795125384 13.312377130615083 92.89303573163588
5.510672507845493 14.2967317423917 37.89011099294961
28.652348475070642 42.53376294372896 12.244461258911665
49.034467315515364 98.7616613690656 41.95217358963901
4 6 	 # Alloc Shape
0 0 0 0 1 1
0 1 0 1 0 0
0 0 1 0 0 0
1 0 0 0 0 0

4 6 	 # U Shape
87.63987050690419 11.206698952084738 59.607041999075285 90.9132394425918 25.93116403654393 74.3355213780579
1.7486166052866459 40.24528360982771 3.8981091759439424 0.6218261439147499 27.80927232099818 90.18770173947136
85.83546698914498 32.57107336545514 67.97633329924075 8.967664919845465 0.9778724184452692 53.727782408950794
48.60359986255841 75.95364884114079 20.422083454483776 44.56243734118698 93.02446927647566 89.65914506275467
4 3 	 # V Shape
10.697784943073074 59.99513825640827 79.34054083979638
60.20936258656479 88.07550906820461 65.58376523580516
58.160680647073846 99.71710047773261 37.08401688024845
47.9730874693452 28.936100343892612 47.6269876769784
4 6 	 # Alloc Shape
0 0 1 1 0 0
0 0 0 0 0 1
1 1 0 0 0 0
0 0 0 0 1 0

4 6 	 # U Shape
39.48077157032952 25.536123843462967 52.775615704232514 4.350799691276119 26.062065528214482 50.05873376526316
65.42832540368791 80.23441036114043 31.84227295599745 97.6663310435402 5.169197429879768 6.580706883407927
79.42836703631232 28.48890144076799 0.03352322982886902 3.590264934285592 9.821285340985819 31.58699228050783
45.48940991456983 47.654949189287166 86.18447569745976 57.8614029664949 80.06979869638204 80.09887258617901
4 3 	 # V Shape
94.4289062290002 25.88094939264497 42.85151521116119
58.909296581038504 92.67340387955765 85.25894573002468
66.02326926501007 55.46027401457258 69.7117806108778
48.41397706602333 10.565365428175767 28.23305472516473
4 6 	 # Alloc Shape
0 0 0 0 1 1
0 0 0 1 0 0
1 1 0 0 0 0
0 0 1 0 0 0

4 6 	 # U Shape
88.54926897992576 71.62517325752549 49.06146478694778 56.80653611578841 26.20390141774198 52.665342743634994
98.36042877151831 94.74908908349 40.642032079489496 35.421909591879384 53.19236967534553 77.88996388139135
4.100169292710998 60.04724138519747 98.46640552740361 15.694222753833243 88.32238951530607 61.42991473723182
94.0389979640489 99.14715795318938 46.86018936442217 95.23511333114863 92.28615281896073 71.22370366204531
4 3 	 # V Shape
0.533360395115301 81.39604498685999 70.48860272863114
86.68644401458285 19.71266316145781 44.47829572228849
61.4353368314633 98.38097718143365 3.2161316000996587
40.33256189053822 68.50583213113495 29.90901802479885
4 6 	 # Alloc Shape
0 0 0 0 1 1
1 1 0 0 0 0
0 0 1 0 0 0
0 0 0 1 0 0

4 6 	 # U Shape
12.642658864630029 10.251829639799093 38.448819522311226 76.41983383429445 7.077481348525549 98.84495901290417
25.151607259453524 52.43096693964433 93.37589773032482 26.55282250217541 12.612621387172085 20.703903165369255
51.66400477145473 91.00468374172155 19.811263494236353 47.113167199846885 29.79367240464814 61.65350795450648
46.85155545213392 84.07394992875408 66.7720593357547 48.07097733214499 76.17419873019624 72.56782541640325
4 3 	 # V Shape
4.510850011532508 4.146090803801917 57.108460071006725
23.94817166616271 36.597573291872955 10.403882615666916
99.79413242881053 23.019004845063286 19.7413473033907
77.4614710790088 26.822727954955283 96.78227057893447
4 6 	 # Alloc Shape
0 0 0 1 0 0
0 0 1 0 0 0
1 1 0 0 0 0
0 0 0 0 1 1

4 6 	 # U Shape
55.4108617000535 48.08672044120716 19.801825542041684 90.49668655043345 51.50682653434397 47.68616012933351
0.8291460716065013 40.1537952018605 63.96970585519524 85.73281397161743 81.4061206575851 82.83319001295501
22.359024709130814 33.31744933494721 79.38189371687545 8.062301077103061 49.6960355241115 75.97188111027687
4.775544822748157 52.403826649116006 89.14556835516527 72.13450946011541 81.21954944825448 96.39690465933367
4 3 	 # V Shape
86.57780504748168 10.941955242739121 32.515842157872186
40.66015360982198 60.83901125606707 94.76858513130246
7.382887624095713 1.6850140988870388 54.297899017301155
67.73601305191349 94.13906449681029 21.286299054934876
4 6 	 # Alloc Shape
1 1 0 0 0 0
0 0 0 0 1 0
0 0 0 0 0 1
0 0 1 1 0 0

4 6 	 # U Shape
37.303924043858295 31.73297366055907 37.27787944366715 60.43973549350207 44.99529908354189 55.64203824004363
73.77604577386967 56.99241867895331 39.09905620460664 34.25492928851358 80.01928359179676 71.47248275176383
19.416437618797588 77.72303474683503 98.2413390855188 97.25598145688981 47.55804963326528 36.08998399706148
79.78193181800674 85.32186890953847 46.30345493991746 54.13333034209637 55.82315180254024 25.07246355432019
4 3 	 # V Shape
40.832250434865244 63.87106545725169 81.36307216391343
29.841911031925182 50.7784215849993 55.80323103492033
32.85648479887349 88.22602570946914 34.21048219518356
99.82454849685001 81.67068513383235 1.3779484181410506
4 6 	 # Alloc Shape
0 0 0 0 0 1
0 0 0 0 1 0
0 0 1 1 0 0
1 1 0 0 0 0

4 6 	 # U Shape
28.827623155013736 60.58044396874023 54.70594833824715 92.60152769788687 39.21461699486005 7.267178614099079
94.23572586515814 12.5932480721895 52.83246494823148 17.228226864077556 80.62422863985704 36.543004959924275
55.787593378226184 60.623911843111486 95.37352579205084 70.90064911019991 21.414893853637484 79.10088462427123
1.8413676219473873 34.56813239939252 97.58551443718659 10.116103534980203 73.61764073731887 76.29055072539653
4 3 	 # V Shape
19.72586906510014 12.376757778515623 20.496481757963302
68.52460409486568 12.634667349249828 32.72531041290896
11.331598460656734 95.07985824982708 83.09908054612372
60.17861275899941 98.29726440112442 9.281883154662719
4 6 	 # Alloc Shape
0 0 0 1 0 0
1 1 0 0 0 0
0 0 0 0 1 1
0 0 1 0 0 0

4 6 	 # U Shape
8.376174194458175 5.891827527831595 91.35794752391972 66.75808776557238 9.292257732294118 90.34493409181708
56.876099043106365 1.3127272610721663 79.55580866313191 43.36175264673901 63.13264255343076 79.7412594520729
60.82359827372497 9.301741836428047 4.4637720704611255 7.855919063029216 20.752201067657527 70.06652001155274
56.51012109784427 89.4413402994303 40.17590215602785 29.618898956717366 22.74876152785472 29.420292785005962
4 3 	 # V Shape
51.5332808910224 32.94325140476991 76.76053976398698
2.3073760300063806 48.48460748888609 81.8827507113136
70.99991915264627 44.734568518920035 69.81617041307844
89.20764045635171 99.3465412993064 78.25291781674491
4 6 	 # Alloc Shape
0 0 1 1 0 0
0 0 0 0 1 1
1 0 0 0 0 0
0 1 0 0 0 0

4 6 	 # U Shape
10.461702444441345 29.409476641686382 0.9959703529804576 3.479351280236753 21.712439474511235 68.0497316490763
55.928760584210366 57.16350857367488 34.54742891623197 35.149208515140515 69.49044823705002 9.404642352813985
92.83363277079157 15.031223322061592 81.69388618344092 78.3022335712247 43.84388800571208 92.18653481332277
10.95183662738657 94.75740114597257 25.016409084999648 99.77162264878095 32.882571387461944 28.796777470075597
4 3 	 # V Shape
97.17425146119353 67.52640602790584 10.371555752726703
85.59515960104082 14.45796591922618 31.480466317194466
47.570403985902566 61.94761212005632 65.93730365568487
76.39499047803045 27.87701593987244 36.04951082317679
4 6 	 # Alloc Shape
0 0 0 0 0 1
0 0 0 0 1 0
0 0 1 1 0 0
1 1 0 0 0 0

4 6 	 # U Shape
21.76391844979062 68.59776270310483 52.396564267992 67.10445824774325 57.47790447874957 82.80408104738758
37.207580962764 59.88892017905282 51.97906905818851 81.77861716401705 14.4972666670369 23.560019765061703
30.974401681960153 15.28861897243683 3.9531449710886846 72.82476582489565 80.23466753125452 74.4088505794247
30.652671159438526 14.426489071622207 6.718820794237046 99.07109019665782 57.63092406619015 56.10676912750192
4 3 	 # V Shape
62.987407618652725 62.33112551365873 59.235293233207045
43.9447748408732 96.04401867661377 57.18200532215148
56.274642377044216 8.380347030846725 8.703885301917126
23.48073786420324 6.171550084409983 36.20000460149729
4 6 	 # Alloc Shape
1 1 0 0 0 0
0 0 1 1 0 0
0 0 0 0 1 0
0 0 0 0 0 1

4 6 	 # U Shape
61.669323966685305 89.27327876719644 21.28160692015848 66.16817044543473 89.92396470093765 85.56041513330752
9.244058123538611 7.380854432338246 8.884164428670804 8.332216940778158 25.675568847758445 99.31519152122212
11.853241535632419 73.50439211334802 77.39317992929456 53.71717339910342 61.130846939873294 93.90130323285375
20.381041767268204 5.0698412792744225 58.248085828366435 56.25981114701821 29.149463192659354 84.04156327745915
4 3 	 # V Shape
53.84270185954401 73.97499864176697 77.28800732456105
21.709720689077304 20.24661721451997 17.031038426667955
30.134447800636323 27.518149791461312 4.911228939918855
7.912297808474467 40.8960560301082 52.51551966573813
4 6 	 # Alloc Shape
1 1 0 0 0 0
0 0 0 0 0 1
0 0 0 0 1 0
0 0 1 1 0 0

4 6 	 # U Shape
29.36913976691158 32.003192001259976 49.430953695905544 56.132856245493414 99.0771692286167 78.8284817710498
64.95820978868824 36.19369041488349 82.09166514296051 18.185751665658813 99.72822286654431 82.26293186180781
25.96260233389016 4.8700435230549015 11.11608301659982 8.8875077781003 62.91535461901856 86.28193099815046
26.57156312152884 60.86551045515935 60.39705848695564 60.35083332895207 75.67633269821475 69.49110896124249
4 3 	 # V Shape
49.50982932686783 77.30659434078295 0.08784258223099028
69.51160699752329 38.93199223123312 3.052544354022113
47.91292032067462 22.263230278770795 11.546126750461683
71.47139829049759 77.81506421567501 45.86612550047443
4 6 	 # Alloc Shape
0 0 0 0 1 0
1 1 0 0 0 0
0 0 0 0 0 1
0 0 1 1 0 0

4 6 	 # U Shape
67.06501353377561 99.30017054814361 68.68836639872013 69.54251184705414 54.70377936864986 22.925726465274042
45.13459670128617 30.03447900428643 76.50419515211256 59.89809988395676 77.08486595727452 46.796244188924355
88.5644383540657 22.16092462689616 0.27582053446586485 16.538150530062634 29.820973883522782 34.88755971509681
6.1993138403759644 78.98515626515848 87.06645842002324 84.8344657754726 76.55945429567748 54.40212000699071
4 3 	 # V Shape
26.266074286773865 32.87404811009932 17.972853509932662
17.36082195015891 9.756668474335516 2.42059021710348
69.29629701255809 54.92853031931344 73.12631214415867
84.75785670707863 3.925769842067084 93.14058364273399
4 6 	 # Alloc Shape
0 1 0 0 0 0
0 0 1 1 0 0
1 0 0 0 0 0
0 0 0 0 1 1

4 6 	 # U Shape
54.21373771201876 46.55724181131562 29.86097764945391 48.419129352589586 8.532249642490742 10.223960228572471
25.704492307326188 70.63273426304903 97.57608789272855 48.83015354739532 86.32171497845911 30.682052281383363
36.79412108857141 86.70608708427685 80.90841592749226 81.54093382237062 82.07067404232964 60.54258998364577
37.8620102954334 76.74525681340621 34.121656470289174 40.37674064276645 37.87823608223735 77.81358721165412
4 3 	 # V Shape
63.088115279707246 0.7362337600510971 11.276295846939322
61.24916913467526 86.24376710586881 32.37626506621173
13.27686750197844 98.8776177557319 91.2962977061761
33.93906414079873 40.58241702549221 29.647384978163217
4 6 	 # Alloc Shape
1 1 0 0 0 0
0 0 0 0 1 0
0 0 1 1 0 0
0 0 0 0 0 1

4 6 	 # U Shape
84.97590740197666 6.738779136591344 55.93183586374657 47.973482763537945 37.90394281009105 13.91582661635714
77.890243522639 3.82914176195035 54.109511642798104 18.204672617580897 56.30450789187444 52.546971609873374
4.576370570857858 21.499391467037853 62.03076253987126 76.70293205318399 84.36384297047807 50.91700155612294
79.96364825357509 99.99503310373628 90.30221996852809 96.21862056878098 94.50719066642183 49.58085963081537
4 3 	 # V Shape
62.55324171340696 23.87482191774709 43.33536187539683
17.96562605397406 40.48557684636281 36.10654563350327
55.78232385551429 75.3589025399212 71.8930873358462
34.37569635401094 49.71610938758735 31.463652357285078
4 6 	 # Alloc Shape
1 0 0 0 0 0
0 0 0 0 1 1
0 0 1 1 0 0
0 1 0 0 0 0

4 6 	 # U Shape
67.24883688844041 98.5758538210674 97.1608992716722 11.81093388572978 58.97992136325298 70.33300238749712
22.754780670076613 85.62482555304938 42.251347922088 24.432935454677494 82.87057125194345 83.4650777795977
39.725365420303774 71.8731171592784 72.33816360846876 63.81992337449668 10.357754047125646 60.186038287700846
47.00877437882917 29.259066442601767 1.8225005870287636 69.39511142337709 4.689960109827462 8.36314059940303
4 3 	 # V Shape
40.34053068693149 24.21378462931436 84.02491034452107
93.20167131199318 63.6146622613818 4.706535742945938
68.05368559511368 96.58963841354877 86.28152377132986
55.44580804468624 92.97513076397779 40.60797660538472
4 6 	 # Alloc Shape
0 0 0 0 1 1
1 1 0 0 0 0
0 0 1 0 0 0
0 0 0 1 0 0

