4 6 	 # U Shape
35.781360448354896 94.56831868184075 6.004468031538535 86.4042103546211 87.72905261480302 5.119366562045369
65.24186154656549 55.17513686348753 59.7513253239051 48.35286243100021 28.29881608569912 29.772571830177164
56.15089053263611 39.604743604702655 78.87007096788996 41.84843853458769 14.390392077532788 15.090669442067705
5.524135021582377 71.80371937036458 29.231735450413854 19.877387220034304 83.1363922310521 56.7991119724631
4 3 	 # V Shape
8.233974921248077 54.499857393072034 15.895874456727544
67.67623857029605 11.847226487907648 44.49960661200688
88.7982434157199 79.72677299953102 6.797872826362639
96.07877564667781 65.92053923760217 71.87760832244346
4 6 	 # Alloc Shape
0 0 0 1 0 0
1 1 0 0 0 0
0 0 1 0 0 0
0 0 0 0 1 1

4 6 	 # U Shape
43.725199216804086 52.063506351133185 49.28726741656841 13.042928220861905 98.43835309944721 6.570232191808534
57.928407774407 58.077482508672794 95.43378655569242 19.744377751367526 8.332540063040506 88.38642177332372
1.569619295094371 79.55946473535244 76.81904394283123 87.20437859531704 91.61100863895552 27.38131929177843
23.638112638259944 31.051984364538765 71.5643258918474 8.273548925340336 67.54864430044265 85.85246688775271
4 3 	 # V Shape
69.2896884116506 78.50836912639295 35.32812517806195
22.019206904373746 24.537239045975 72.7412515574231
6.412777290220895 45.373746194220686 48.767732946854835
64.08748294444948 10.616885236333873 57.360993780103755
4 6 	 # Alloc Shape
1 1 0 0 0 0
0 0 1 0 0 0
0 0 0 1 0 0
0 0 0 0 1 1

4 6 	 # U Shape
52.46287488422274 68.19708923407795 12.465567755416018 39.32159524036884 13.675186345772905 46.47349977098803
50.22666070352606 13.23335830782506 93.53973069079488 59.924428253908744 55.39143124294241 96.42382297586654
15.22720001435821 40.465879062639424 55.657034743187964 29.191048715355727 66.02489038035729 58.30800231391415
95.70740173013135 66.0649624922221 99.2674962906035 44.57454331885186 4.9894936134145755 12.27552554224034
4 3 	 # V Shape
38.77753655668157 51.57825403747941 40.35739949899296
84.3656093157598 99.2276161075909 43.90692873938694
93.88862757535857 91.54579240376212 9.095129732339814
8.810022420469622 74.10987859210478 4.137510667874644
4 6 	 # Alloc Shape
0 1 0 0 0 0
0 0 0 0 1 1
0 0 1 1 0 0
1 0 0 0 0 0

4 6 	 # U Shape
2.62549322888882 16.617830223495844 55.74574421886089 44.31606919654981 99.95560109207652 31.771201485178846
91.13352907042231 86.2652821469039 76.41976405374453 18.439390683524625 35.14559242881569 1.6148967431796724
70.87076640132774 31.86633612037797 63.24481620617679 74.00734488576441 17.065195375223162 85.75990190706403
42.57572065773498 43.02289257625767 75.77630765217388 4.241660684733295 56.784893726684224 15.034766462585525
4 3 	 # V Shape
41.41411333293501 79.79571732087348 0.616836948610433
19.498122545732265 61.073699082350345 62.14639850416292
6.583765301785349 88.6010008495438 57.52378217995836
61.376300363480105 59.629223690188624 36.56114230315146
4 6 	 # Alloc Shape
0 0 0 0 1 0
1 1 0 0 0 0
0 0 0 1 0 1
0 0 1 0 0 0

4 6 	 # U Shape
20.011020756261722 13.24847804652448 4.536382995459231 88.11558180548468 89.34313549862829 33.375572540755826
33.851102526839426 11.633567689691526 27.132105024013764 98.56483170485039 66.09009480247123 28.413844098754637
83.87800495307533 97.28067479827037 9.023342205678953 13.044478715603681 38.140245528671954 63.76724826626615
9.136638460502855 13.203573178512373 52.926257042915545 13.522002069715267 27.680212824903794 0.4601569949792439
4 3 	 # V Shape
43.13181946855153 23.34860630451846 0.1938168079206659
81.69541198718285 61.73959900088396 84.11603602018356
31.027690474366445 84.19263353242822 19.69640679212956
51.32716079237252 54.11581070330966 33.1336646074688
4 6 	 # Alloc Shape
0 0 0 1 0 0
0 0 0 0 1 1
1 1 0 0 0 0
0 0 1 0 0 0

4 6 	 # U Shape
36.02030767759318 39.79421629995827 99.02168554955388 19.874258373635488 36.92533101705139 76.93942246513328
44.54704572227711 55.627020498289305 76.38007314854575 99.97833836496167 81.7925096622923 43.895814172745396
34.19766060842667 33.60116871555001 87.94629784389713 75.15606054244411 7.712045666568645 52.6244631632767
67.30674227044754 48.762092818895766 52.3962618185111 85.88670385345478 33.56486742296727 13.515543168847632
4 3 	 # V Shape
60.96971800763078 66.02199575582411 97.70320661194685
82.2221657175036 77.8657220082415 94.28522424740099
39.871665076947124 30.22381123692436 69.33172089324822
55.940054848846366 51.5846719674813 22.269923159481465
4 6 	 # Alloc Shape
0 0 0 0 1 1
0 0 0 1 0 0
0 0 1 0 0 0
1 1 0 0 0 0

4 6 	 # U Shape
51.414238931863075 50.26513159501243 7.304338372879826 64.82598913325333 97.0658689483157 76.34708336427674
77.48715641894509 96.12773962544053 74.06711786110827 55.15577601686053 57.294146847172044 76.27911783782963
74.79072113560095 48.77869949917194 43.93027593735299 44.83062114960561 53.90257288000539 89.99656268160857
55.006349132994345 10.56996731164247 41.4781066043323 46.158030373513405 66.19461387056359 35.08440917364801
4 3 	 # V Shape
96.81178905513482 38.85412936157757 47.60036206177085
31.039469956590537 34.321319277858464 56.63841337648816
51.56421948744008 77.94083049925182 86.72131313324404
41.22512207690452 91.79837780845509 47.119958065814174
4 6 	 # Alloc Shape
0 0 0 0 1 0
1 1 0 0 0 0
0 0 0 0 0 1
0 0 1 1 0 0

4 6 	 # U Shape
69.88609124663937 43.93958897820289 65.57870191749669 79.69503778553548 54.839396345846005 30.525118653194472
32.92105645054222 21.03960741297344 78.74584000566249 40.418223421314735 70.98663774109556 28.761505143554068
28.61254028906376 33.33160111450552 50.542597062890074 92.18198185756552 72.17049798495994 26.69556919924848
3.743961513831806 44.227462910340634 28.97600873734223 77.18713438712774 40.05980312032889 18.62264390359266
4 3 	 # V Shape
88.83164668571939 80.93405017771319 34.214842236376484
28.769125442699295 61.9892467181856 77.12186912395066
70.21119364459041 87.91551671730159 58.78037434756893
28.243142604803317 60.43977329027 64.43446575155644
4 6 	 # Alloc Shape
1 1 0 0 0 0
0 0 1 0 0 0
0 0 0 0 1 1
0 0 0 1 0 0

4 6 	 # U Shape
18.98164237366904 68.62373292730194 39.61078344133222 36.564060348051186 59.52782629185837 14.078866488324648
64.90723499363085 11.696455339503675 81.32100987079257 47.37649253974949 7.4117386019600495 43.561947244024466
49.58133747798568 42.6032373121778 10.076517249612637 93.71343808753194 45.29132382080947 91.47802149668705
98.33243751558938 41.79280379245019 95.09063075044133 39.475997215181934 40.27422063230124 9.500749515849582
4 3 	 # V Shape
82.24646958272437 30.100281659587715 59.96990456405016
59.60146463264056 48.35509248572999 2.785164147033614
29.6265013402216 90.80891472259323 53.89430360358843
14.604689707378437 15.160182821721847 40.531040738189084
4 6 	 # Alloc Shape
0 1 0 0 0 0
0 0 1 1 0 0
0 0 0 0 1 1
1 0 0 0 0 0

4 6 	 # U Shape
94.6038224287684 48.80003885346825 95.12786629968552 22.13875432501924 89.7725166527007 8.021193433823704
0.22665332019460305 8.720605356987065 53.12677130022514 31.209644120107626 76.95189749791675 41.88037940090359
55.30658289639273 44.85700638983653 3.91611739727733 26.069513618012785 5.095746732514039 10.276854179162786
83.51063436264985 77.97235362656131 75.53484451475776 85.16715509298028 27.457764032203315 36.947783735979186
4 3 	 # V Shape
90.89945305885145 0.8720673377126453 30.729687977393382
27.555186802030207 60.38523875903334 81.48468578537667
24.00347617563493 94.98842766933191 33.202356267242415
49.564813488484695 7.94226413665019 31.900744857697383
4 6 	 # Alloc Shape
0 0 1 0 0 0
0 0 0 0 1 1
1 1 0 0 0 0
0 0 0 1 0 0

4 6 	 # U Shape
93.10239524949125 98.85254415339283 95.60994531724072 38.44446613371563 50.781288555539625 50.827056087567854
57.90611312768647 45.36726643848371 23.40633401479074 63.43590962007683 13.933139969609975 60.18941719036246
13.923611723320018 9.965915223959843 70.05428599226232 47.45215958636228 95.74421476127381 43.19598168753128
5.651413710511621 1.696104159533962 38.52229471349175 1.3706189693830306 52.94302769000496 55.39230207031201
4 3 	 # V Shape
85.43073703968071 69.52355987257289 65.53202310456194
95.96899257803977 15.695889679805964 90.7087458342412
52.709420449855095 2.4895254380492893 41.87584016466004
63.717042520588876 75.90490461966841 10.100931782057076
4 6 	 # Alloc Shape
0 0 1 1 0 0
1 1 0 0 0 0
0 0 0 0 1 0
0 0 0 0 0 1

4 6 	 # U Shape
2.1590066492838456 1.3392180220207939 81.77239017876246 25.10362491352286 54.07344979170884 58.466099376130764
69.53505100011134 57.21229552630659 39.69067716058382 24.407301348983356 77.91699143813211 49.97084442108645
12.13401952578087 68.08288062792994 11.290600083111691 38.57720825877228 61.8598691519536 75.75614603156001
49.51518966293427 53.30309484404907 67.62373858047458 80.10294468030659 20.969205739223916 25.830313398760353
4 3 	 # V Shape
26.088236459345005 55.00533918808964 82.2928723973022
18.732217202449107 66.01225648754954 13.538009301677201
22.339339446888452 66.50324868849502 15.639922447258492
10.251593852628528 57.48776695203335 35.25669908442141
4 6 	 # Alloc Shape
0 0 0 0 1 1
1 0 0 0 0 0
0 1 0 0 0 0
0 0 1 1 0 0

4 6 	 # U Shape
26.034032533521913 55.9847308333263 52.48588166213678 49.080283221758194 41.83060756283038 59.45832321677297
46.30716777701501 61.85976012519405 22.843729839347727 13.337380503819073 74.2278148610396 53.889698056393144
60.85711509254682 61.171897766074366 74.6042164597036 84.59350253802693 7.25106541163667 43.134337833746194
47.28378049099252 63.17844051476011 61.071051156690515 35.884898003163165 32.653453944272826 3.0726773412611985
4 3 	 # V Shape
34.92641249171471 2.2023488203246067 73.27127817729198
15.7121031907269 23.61114400619074 56.730335388216155
96.45324380183466 51.10157736462171 66.13661675387286
23.284642927025068 79.59891111682018 90.27634795060546
4 6 	 # Alloc Shape
0 0 0 0 0 1
0 0 0 0 1 0
1 1 0 0 0 0
0 0 1 1 0 0

4 6 	 # U Shape
78.36963784889386 88.82789686495923 40.280832379101305 82.7635917371633 9.883702058535448 75.60670593672538
23.375279213062004 20.144257770586805 95.36197154728626 31.395623472022283 52.59651518436507 44.1298621226767
23.532230049185642 65.84205184086265 94.86351208867276 59.990836601959295 75.15993608984375 69.30413006361825
84.13988452227046 79.34109868904517 99.18662670424597 19.312739415579994 0.6853042870186177 60.414540825402575
4 3 	 # V Shape
64.14314518290234 54.112571420576714 0.4672314913490405
82.0821579339067 6.282257914528344 63.726368308402236
4.63651627040369 15.11792972582584 96.10885876114955
49.5730835769844 29.73699235457037 43.78868221324763
4 6 	 # Alloc Shape
0 0 0 1 0 0
0 0 1 0 0 0
0 0 0 0 1 1
1 1 0 0 0 0

4 6 	 # U Shape
1.984580636054567 54.56922643491261 7.1763256902926065 99.5178397384342 25.570742383137723 23.81139676827948
37.14748551748549 10.328189859437021 0.5681227222786633 93.25080941727362 45.35538150327556 36.51472399160763
70.52499059584072 79.24289152140341 33.55866407778044 34.01010016562016 55.08294989334961 34.906642713311854
18.034969327781447 33.98719311282401 71.77829034946566 29.23402808365867 59.9210943452432 35.98232205499905
4 3 	 # V Shape
57.14965295464369 78.37160728011239 97.12425944372016
10.365844500679867 81.4481085129874 62.76531131283859
66.98003435623478 89.36159462234001 57.4416014337728
35.96921690902376 96.20066530965539 69.91053807775744
4 6 	 # Alloc Shape
0 0 0 1 0 0
0 0 0 0 1 1
1 1 0 0 0 0
0 0 1 0 0 0

4 6 	 # U Shape
81.72043351689457 23.332432888524924 58.902632672277974 73.51508970634559 92.44426707062911 70.91197706580695
74.20116347832571 62.817263822228185 36.15584041444052 80.71930522950419 57.087905743906205 35.142949971218165
43.37440627055778 21.015089175386848 63.610702265177146 35.132537556812984 34.02702328670162 20.873142738815233
75.91831149300968 77.96392620981638 38.29530355423746 38.738865271389834 85.48602598149706 93.15811622145603
4 3 	 # V Shape
71.85882483595987 62.57970842277678 75.4325066554465
80.81806418508299 63.99421941117376 43.48634278587159
67.46841100095737 33.74990727014665 16.61943629465068
24.423287064238675 5.679112264987484 47.55420297716908
4 6 	 # Alloc Shape
0 0 0 0 1 0
1 1 0 0 0 0
0 0 1 1 0 0
0 0 0 0 0 1

4 6 	 # U Shape
37.45898474857717 43.594441120085925 56.948719973209684 46.26931822111663 94.45094801811497 83.66149969439482
1.3265990786158532 44.11719721426465 52.60435151500615 65.12218020986813 97.33626364569157 52.86529931281259
22.585272083209617 76.74533002669772 9.498048967811823 17.883748749524397 66.93704041424576 82.26265541640927
16.38301370959121 18.012144092759186 0.31509676244356744 52.38591039608645 55.62263273962367 69.31799625492609
4 3 	 # V Shape
40.74036703808388 1.1145206553506037 50.69196656822152
98.00314577697053 47.77784866927725 29.62358731191088
57.21144465448048 84.20963798356597 58.87146445825869
84.33907043352217 40.95509674888127 10.313147090613295
4 6 	 # Alloc Shape
0 0 0 0 1 0
0 0 1 1 0 0
1 1 0 0 0 0
0 0 0 0 0 1

4 6 	 # U Shape
92.96686458456766 37.15276729146553 80.0013617523033 64.97530440970229 15.516104876996584 48.116385220181
20.03921375115063 10.96022695244393 42.44783574198399 37.06813477547968 18.34656264181599 66.1956828531529
49.89883870835533 1.3580200190114855 12.552895766520933 52.36955198453458 58.50052543907417 82.69950863007362
50.73393176478507 10.687671641057916 68.45134059493019 63.5554993086017 25.46393726712105 28.10282777626658
4 3 	 # V Shape
24.96552291707256 8.878364682632611 87.39375598446516
31.379178473410995 39.367648747511474 82.7819536792816
13.531833795258086 79.86005234239866 84.08256206115782
5.310944105492776 42.00080498421118 65.87420128918674
4 6 	 # Alloc Shape
1 1 0 0 0 0
0 0 0 0 0 1
0 0 0 0 1 0
0 0 1 1 0 0

4 6 	 # U Shape
3.8212523576721558 7.632996398857761 56.3982414092733 79.15828330966464 77.08664520470482 23.63060605701731
64.54098099679051 62.67124358005116 18.48551372929821 10.890241352185193 61.617008604362255 78.82289776570667
16.311188296518985 59.39588623656308 9.120078485955318 24.065404765680164 22.04234252106859 45.73919173443478
62.65682223090654 0.6584695555690523 78.47354753458153 1.1420643240516948 47.78785080076524 84.62303940284359
4 3 	 # V Shape
44.636765706151024 16.912187615325713 63.39772708584507
5.286034207123603 21.46093670213688 12.645058953927323
61.881712671049335 69.87124206975986 53.185640857815585
14.859418499732179 45.85691021344102 7.763440149911016
4 6 	 # Alloc Shape
0 0 0 1 1 0
0 0 0 0 0 1
1 1 0 0 0 0
0 0 1 0 0 0

4 6 	 # U Shape
3.233059417999873 45.84100447848143 86.49330099646942 86.12659659822258 24.583683302188298 50.32548789594742
50.70930963204315 44.36682360607388 0.3320893039375994 50.00338213013443 45.56979016141982 40.66138184247874
57.347805992810905 77.79706664595273 75.0353644724671 39.79888320234743 55.467538773835635 51.07340140501421
72.88759489318237 3.877601067687886 91.43400935512359 5.33112671137419 63.1237997404973 82.25240363733182
4 3 	 # V Shape
44.543367303888836 30.136346917024138 47.018354238741345
33.51121482884929 45.78328841023727 91.28481045405428
66.56725803491697 39.547224097648105 31.786277437462207
42.995630553188604 0.1980625031092531 95.70965387898787
4 6 	 # Alloc Shape
0 0 0 1 0 0
0 0 0 0 1 1
1 1 0 0 0 0
0 0 1 0 0 0

4 6 	 # U Shape
77.72633154811368 58.52183125103506 81.66751096065825 0.2933512625056922 78.50383713480468 93.62274445050595
50.35980782108511 55.26220237289748 1.1619558899432003 23.897572583623884 63.85213167188889 62.981341971747504
64.36209078923662 61.14441460503305 23.940804039981877 13.67102943283749 23.60203838269712 28.09948727371655
44.88965306703187 73.35365952349478 64.48454206197397 8.96222045923909 44.84222575809994 2.8691484926500754
4 3 	 # V Shape
77.55604496034717 47.949929457509896 12.625885693578077
17.88229688969859 59.078732662142905 4.89120697101243
12.768963980562564 20.166450068949494 53.18037277013187
19.773448172014263 41.40443387622991 46.659614781356865
4 6 	 # Alloc Shape
0 0 0 0 0 1
0 0 0 0 1 0
1 1 0 0 0 0
0 0 1 1 0 0

4 6 	 # U Shape
43.24796874599129 58.1808314621057 68.1284184358651 22.95770176380527 43.08863848857206 4.794539188435731
32.39062597288659 52.323097531963526 82.93982226612795 82.52717709548776 4.817326629702801 0.923929361105269
13.365139295567975 81.8524724214295 25.222240087829807 79.02212569723807 6.313470785418929 24.11610357235727
3.87527684200204 70.77904121352387 87.1797496215179 60.57004142266015 38.5634403889347 46.57053235928701
4 3 	 # V Shape
49.158237578107375 20.04029367655359 96.84526804735644
42.24322103484825 2.2873089021012927 65.1442607520023
41.19644733080703 95.685511965975 70.04195402464042
92.64574285610965 90.39319091616598 93.93935436817983
4 6 	 # Alloc Shape
1 1 0 0 0 0
0 0 1 0 0 0
0 0 0 1 0 0
0 0 0 0 1 1

4 6 	 # U Shape
78.41798653043828 10.249418821858324 20.98655975185604 17.92223371737778 19.148383647459156 32.51975677493913
82.59211820542268 32.65606908170601 89.60505980660157 40.887333079485046 57.185064272038545 66.66234141646447
82.43303514978611 4.999624633994992 9.744055285493747 2.0946830613903566 47.65656712819503 40.845833103886854
79.2204591659391 62.40663292825166 55.71253841394823 47.309197818470516 72.94179475861979 30.689332227718968
4 3 	 # V Shape
97.53625280725589 35.67036759232906 14.61797390470857
32.056649587047346 73.70570463509995 17.63018352999054
58.57318380809379 8.71095074706545 75.40684926138105
33.98634903502713 64.52684341734724 46.98567731633996
4 6 	 # Alloc Shape
1 0 0 0 0 0
0 0 1 1 0 0
0 0 0 0 1 1
0 1 0 0 0 0

4 6 	 # U Shape
24.125946234517905 65.00958220637105 93.06296939467147 15.849545039906243 54.98705812818345 39.24032754631046
23.07384654490442 63.657022783174746 77.02290609493318 56.69054275385701 38.750032179943275 89.11574599178577
39.65193205704577 22.059660274277803 44.593386885255434 32.51639530615805 19.45256754330381 65.48684189964384
45.7225755424754 71.19294335685015 61.05495310842123 25.188341164808758 39.82166544984863 48.19757962696841
4 3 	 # V Shape
16.123557994279068 75.75897830798657 56.209556028286634
71.70314550551188 88.34548823304502 12.933725297754828
9.7934669455213 85.9801191574673 90.98083083626396
93.20653979134461 66.20169159853754 28.393449025432517
4 6 	 # Alloc Shape
0 0 1 0 0 0
0 0 0 1 0 0
0 0 0 0 1 1
1 1 0 0 0 0

4 6 	 # U Shape
64.57100699244386 29.82371842942497 93.3815498561479 85.32123724981771 95.88511757366497 6.045609163697597
93.28400701941982 93.91233250341516 3.0994081613696878 37.74853848022657 40.12577533376227 88.71977548803406
74.18496821164841 61.13755745213948 11.024277106959147 37.28749183522322 43.918479424619086 97.32188799894871
59.32639566568027 31.390847302282467 6.6162410555905 1.235204509948462 66.42463125104669 37.47645403975899
4 3 	 # V Shape
56.592566893638775 20.906053075060893 17.117702406418168
14.259373842687085 50.289249127401746 24.806916912971932
50.32570244360295 35.74463382577839 98.95828512913498
22.059048316421936 24.925828844358268 64.59272346920858
4 6 	 # Alloc Shape
0 0 1 1 0 0
0 1 0 0 0 0
0 0 0 0 1 1
1 0 0 0 0 0

4 6 	 # U Shape
19.60496926306017 5.525969345428083 71.16078540114457 63.80416884370066 17.924878267376886 41.10422387960948
39.496047662843495 78.61765757792082 71.91633552218362 6.401927700690724 7.6304611108517495 92.99637875342297
51.18754187341473 68.18746083322246 61.060069499873634 85.71433443851652 98.11033601766528 95.72996444002366
76.88704763286516 27.96731844036372 73.69559276576295 88.67184520813748 25.473795009565436 1.7595655485424189
4 3 	 # V Shape
65.05704422073936 49.3459110861243 83.08724241293291
71.03684796829448 74.19687578297584 93.27992270139369
72.91721946585153 21.553844079680175 43.33626975924674
89.18133608507421 96.24840246344112 1.9261320044993036
4 6 	 # Alloc Shape
0 0 1 1 0 0
0 0 0 0 0 1
0 0 0 0 1 0
1 1 0 0 0 0

4 6 	 # U Shape
40.30774097811558 15.760866144054509 11.772144161711518 67.66203951820412 49.52705223739454 99.6216409916465
45.21746906268521 15.77110844118229 81.05660335642968 79.09407063306077 87.98307484612367 92.37201300966493
56.509540270263095 27.024420301705877 20.796747140352124 21.811602607663016 13.709283328809473 93.15469833301613
74.64471998422148 24.786931729266648 15.630858864220587 9.141072595997757 31.601015205699778 31.25588991608421
4 3 	 # V Shape
39.25639240365534 68.77232429868727 96.08580218726289
45.52351808335581 89.75488015365323 36.04482338068684
91.70592096031999 43.104375820840445 89.18405415046198
75.27454306885629 99.26550218666812 66.28228984811606
4 6 	 # Alloc Shape
0 0 1 1 0 0
0 0 0 0 1 0
0 0 0 0 0 1
1 1 0 0 0 0

4 6 	 # U Shape
2.0120751056797226 52.426988607904555 40.16958504491658 61.428677828210084 62.62635340012766 6.133141160447842
0.030644690246872663 0.30280303076025694 52.93003513905757 87.44826816094131 95.38400626373486 57.063154457350876
7.331636368746908 52.49447335117983 91.67535618773056 58.89052903752808 12.900607832082988 88.88066732537645
98.53063888606563 3.487965551385519 35.529330043895804 70.46669855154808 41.306265002069054 44.891250999680366
4 3 	 # V Shape
21.255698490599272 45.48215907914268 80.83197724312772
50.2817493601323 88.47656107368817 76.38640830961393
73.44992104076104 7.1699796593416405 81.76696529631633
24.94566450613185 72.53921375573395 88.07904728587461
4 6 	 # Alloc Shape
0 1 0 1 0 0
0 0 0 0 1 1
0 0 1 0 0 0
1 0 0 0 0 0

4 6 	 # U Shape
35.528891041160605 95.10367099212233 52.55077471982352 78.39373147700088 6.023232500687858 95.93346285945611
66.59586506862183 9.33827810128951 54.301666195476116 13.326810088277451 45.612279899702 59.136387521780605
94.3111789028784 37.774886707226344 69.66552409673503 30.738067450439722 28.03706760993727 10.476250691583944
98.52281460267996 94.14611847280538 42.1664695484833 22.584911973186216 13.06662317963313 68.07074405652084
4 3 	 # V Shape
18.65166675596618 10.756854287889272 60.17838776149904
77.55771692315669 14.27539751709177 9.38740999865736
7.407500107967612 17.87224301186292 82.9344526940297
35.01084122511094 6.864911892933057 37.95260152802419
4 6 	 # Alloc Shape
0 0 0 1 0 1
0 0 1 0 1 0
1 0 0 0 0 0
0 1 0 0 0 0

4 6 	 # U Shape
83.88765935499785 0.7132144336333468 1.0574343737590142 27.160535259769237 9.558148066471217 84.60716707065649
77.20234898726758 6.2813906227901946 78.17456105155091 23.55118634870099 92.6996334697923 74.21872675624894
45.06444575748812 56.280643803117044 30.673774256718232 6.784755397365883 76.5415171030436 13.532999048160299
81.19996943891572 66.54404199679493 27.243464380578576 38.64312373314465 64.13773155310132 11.867718488687817
4 3 	 # V Shape
90.64482923222663 73.93729611953196 23.71337378969197
4.111882229197327 9.08383687989528 19.166730526222896
97.21672111242194 78.58064442674473 95.49015350486339
32.44742883180825 67.3318355811805 29.827295270897025
4 6 	 # Alloc Shape
0 0 0 0 0 1
0 0 0 0 1 0
1 1 0 0 0 0
0 0 1 1 0 0

4 6 	 # U Shape
99.27286816929407 61.57932774044221 58.959857218325816 85.45345961009662 63.35382694640388 56.03726666484229
77.28132861973923 86.84207395594659 44.77294338929318 55.918111862377685 31.273708605819095 66.31444519267554
77.64750681956983 4.818801744978463 36.06192034707865 61.27970750492473 51.53074979088312 41.05856397618937
81.01680919186104 0.5388912157739179 45.035196813022516 19.236513695880742 26.499796373297357 35.56208835073329
4 3 	 # V Shape
12.915202705943685 18.88402332310507 54.396447266130345
26.340931708112493 65.24427602919167 98.75915341617211
88.27568898984102 72.43538209155837 87.29396112421703
49.20543465172224 69.70004685986598 66.194723444989
4 6 	 # Alloc Shape
1 0 0 0 0 0
0 1 0 0 0 0
0 0 0 0 1 1
0 0 1 1 0 0

4 6 	 # U Shape
26.259523315948652 61.771239717930506 87.60072350156808 43.058664400684464 22.96231148870277 67.80089403685895
70.83839659826735 20.000411293577912 13.907002476723207 61.855271303954225 68.98349329455658 48.72230157739238
49.662211856782946 66.43722927758867 20.207487339409557 66.57181026943691 13.083996396350617 15.448315060711193
16.008848961449797 1.5830453124765276 70.79678038256438 0.4648212659116968 31.56363980660879 37.791161490846605
4 3 	 # V Shape
5.048902327594984 4.098992222995057 50.65296150305366
36.60921881431756 39.08071381364188 25.595102943878935
61.84358743790064 65.32211332685745 32.13393729609384
38.031100832180734 52.98576894409307 39.26747882841379
4 6 	 # Alloc Shape
0 0 0 0 0 1
0 0 0 1 1 0
1 1 0 0 0 0
0 0 1 0 0 0

4 6 	 # U Shape
86.44393136173801 43.246219087471005 79.97792830432185 6.965545949120077 29.147927983895418 91.80643677490686
42.19408241651939 50.5823403938127 27.59431214383612 79.69357047404843 82.75578507131799 53.20378284442192
57.631788996098564 5.539816841881184 1.351618328348403 18.734824031352602 62.6408870662495 44.94924333653173
44.18922280216383 8.303656642289292 10.803232434675003 97.10074521070125 68.3563778609145 68.78393253013788
4 3 	 # V Shape
28.089649972545494 66.46738473082632 55.82983461697284
13.6437128850314 20.427894647168465 95.14943446680711
29.409075308214273 10.864103415850135 2.066468724735915
97.37804423887371 31.622975415596876 20.32267315184445
4 6 	 # Alloc Shape
0 0 1 0 0 0
0 0 0 0 1 1
1 1 0 0 0 0
0 0 0 1 0 0

4 6 	 # U Shape
83.527304602374 55.64083792885645 46.34011108730598 67.49393361846188 31.507812798750614 27.804184471358905
87.77603811638403 53.76441450711202 48.15193358893808 91.2228314051106 33.71150480278556 66.22582323412684
12.400030896697045 13.10958380183731 49.11172082217322 72.42100438121318 61.80925557044853 42.40351836267157
43.415113676234505 98.52066084467421 2.8191821637409853 23.52053079691422 12.259833320864033 83.01592677897153
4 3 	 # V Shape
51.222197668323176 68.37733905580886 78.4100938727227
67.58266216217619 25.55366660733126 3.297958553873892
47.578117444586766 40.7297746790415 94.23958312793405
0.39784154744159084 3.241612923731818 57.60044866320023
4 6 	 # Alloc Shape
0 0 1 1 0 0
1 0 0 0 0 0
0 0 0 0 1 1
0 1 0 0 0 0

4 6 	 # U Shape
30.92712059771314 75.23985804005653 51.18769595339686 38.89618521425474 45.09774520472276 33.115062516185134
49.793564311983175 81.69407028617078 99.23538052574898 3.635904228080866 88.44067289168062 43.04703372754376
65.13018668560552 10.815926362188977 95.49265408544618 90.96946455632987 61.750607554835135 82.49198359158562
0.8476453037571496 5.332424218830201 6.194030890662495 27.639889273217623 25.484841945351675 57.27178534235633
4 3 	 # V Shape
72.05324593160962 14.922751180302141 18.31189061313753
95.37502495370337 35.078367155541955 60.700982827349
74.0224825519942 79.31526209898692 22.66903679954829
48.58119357265581 56.50928250996875 1.176458232153621
4 6 	 # Alloc Shape
1 1 0 0 0 0
0 0 0 0 1 0
0 0 1 1 0 0
0 0 0 0 0 1

4 6 	 # U Shape
68.88674348387053 65.60757629834416 30.277971122918913 49.30881936288621 3.370651110444789 20.417589315616514
31.69346519450176 25.332946841115877 80.02337341843338 55.51774674174409 54.905201977493725 7.5381444085845235
10.618812451471992 80.51094659835704 15.106710196379892 32.11523302028212 53.313716508716226 79.38229656205634
62.06715567926246 49.16216401037937 87.39720842638322 17.161768687450383 26.263608273095507 56.859349631302926
4 3 	 # V Shape
2.0860100572345885 42.335318046887714 18.988289732482034
31.265322169768915 42.78790027490814 86.05994148701281
85.9049110276568 83.8222128084528 50.951980326552224
81.86072652942862 86.58719671025897 99.32011693979581
4 6 	 # Alloc Shape
1 0 0 0 0 0
0 0 1 1 0 0
0 1 0 0 0 0
0 0 0 0 1 1

4 6 	 # U Shape
72.93381691176424 96.91368440729671 98.50948548739234 88.96010805807282 88.02814711694609 18.331260805882522
30.570915922415352 66.5120676439925 93.24019816667018 64.5296440831707 20.036584277264456 28.29085956302154
70.3598708660231 9.065758206289464 62.38870411799099 82.23429289401629 52.27497936630503 48.36995341370529
81.04420434797588 14.75592137765892 95.71442989485917 13.513093536470489 15.294836743458118 92.47938791763073
4 3 	 # V Shape
15.113634554625953 45.1549269934816 65.99751033096872
79.2235424802907 87.87888972393789 65.23257539624852
64.75216906056848 30.98354622068914 8.068693959072348
26.85177331078843 18.250090533673337 64.49421168874163
4 6 	 # Alloc Shape
0 1 0 0 1 0
0 0 1 1 0 0
1 0 0 0 0 0
0 0 0 0 0 1

4 6 	 # U Shape
47.43551444475661 46.27546317670971 87.31022359577749 61.11217155000055 4.029745266194751 70.86665753543453
93.95951297771032 14.935803450206798 57.62566179595314 39.408218158256204 57.58111689907584 41.64130400556715
70.22005461637436 25.403073734423177 99.96186342587133 59.11293246390065 18.47630315302552 36.20162779799645
0.18115706987659186 68.43907465741546 72.8279100538899 56.34442986180348 87.44065957456189 1.4831658159037198
4 3 	 # V Shape
15.604549722302242 91.55288512363992 87.0161391834803
32.19742258673202 85.73813836601312 64.0331925428686
14.433203070534717 85.04778608696601 20.13258794390933
58.916650612763945 83.65472207970818 11.772789714090436
4 6 	 # Alloc Shape
0 0 0 0 1 1
1 0 0 0 0 0
0 0 1 1 0 0
0 1 0 0 0 0

4 6 	 # U Shape
67.19233149364167 28.656422495936106 56.18329774069124 46.46727416323324 46.3444958793906 88.4228602077423
41.802797552351976 75.80968604705612 2.191332004840729 85.1773955441788 88.91960240695556 83.68363380114091
8.570750216507573 97.98333465026428 44.15091360291991 92.50886518599248 34.55111301069558 72.06835124236981
19.384276674512623 5.740712858150843 72.62192788942691 70.08090268705017 11.517372001337655 23.90226424638817
4 3 	 # V Shape
15.855354996030757 99.09862386413825 27.15404798483757
52.53288765741959 86.41610577747446 50.76587120101175
15.543965441553432 55.7535571804722 62.74681027886043
7.546432039636808 44.82467445364931 34.98192572629818
4 6 	 # Alloc Shape
1 0 0 0 0 0
0 0 0 0 1 1
0 1 0 0 0 0
0 0 1 1 0 0

4 6 	 # U Shape
22.647363080022565 99.5146261100044 89.70735286825553 66.06302028042896 98.76983176679657 12.048430536682798
99.59406496455422 76.10501222714399 27.71408428191299 32.07743003648977 40.23113330592738 23.038227185226123
13.849079285379673 68.70025408575205 37.420685200862636 37.375598767528714 35.29682044137174 54.48188175276037
38.39457944001459 42.536816808901015 60.941834083823096 80.91981674962877 35.5836571513838 25.268104416031136
4 3 	 # V Shape
86.28539558685873 47.48881622251048 49.72705771276047
51.666575088187386 59.54724944904556 67.68323639442634
88.58071109458068 39.475021087698146 67.40369601607442
21.83145656289237 90.11050532926387 64.18381563768897
4 6 	 # Alloc Shape
0 1 0 0 0 0
1 0 0 0 0 0
0 0 0 0 1 1
0 0 1 1 0 0

4 6 	 # U Shape
88.11570474958668 18.996067321273113 74.39644693336412 73.53660401946811 70.47397251528793 60.7170057405645
15.04560326465214 52.42723856583329 29.352775931100417 65.88509604238251 31.110645384399803 31.809612900742735
10.473065807389792 28.33750829372913 93.66199401169649 9.821057162330805 51.28773419152422 39.7102307133329
59.29475496595479 60.961992253279554 98.01023969243371 19.77478289500263 77.71981046545264 46.44426967149333
4 3 	 # V Shape
67.82152409192625 4.308529178064802 22.240733021173497
48.59269368217058 73.83862714321823 57.386941048861694
67.4288076624632 26.42072180533074 12.06621459523336
46.87097113216596 4.08351281089373 66.16131291377681
4 6 	 # Alloc Shape
1 1 0 0 0 0
0 0 0 1 0 0
0 0 1 0 0 0
0 0 0 0 1 1

4 6 	 # U Shape
7.249788046385719 18.74677127615667 57.72397742912398 85.48211490085438 40.81256185189027 95.74362135386237
35.570456954046406 60.498837213195344 27.78842641222893 60.56801879333894 97.71882213851642 21.48508211201541
77.27591189576842 26.58816888178127 60.422812993535615 47.50943240870684 34.622484405410084 4.218455031637358
84.70255394715036 72.8656799472676 32.58785429577754 99.89775889416008 61.679547870686136 53.33059313504658
4 3 	 # V Shape
14.402799316704806 83.65859715769824 57.1145618066985
1.7310204733758439 11.234739593945175 99.01456302577094
64.33017977951857 16.75977756277589 25.82225334757139
67.37788129652664 54.662693637658734 86.52720726709174
4 6 	 # Alloc Shape
0 0 0 0 0 1
0 0 0 0 1 0
1 1 0 0 0 0
0 0 1 1 0 0

4 6 	 # U Shape
10.415552090848369 31.481666029290768 64.91548950347476 38.83104304884616 69.69348519060578 29.02541343179318
2.027905162158017 14.624407430789832 86.52900199267896 79.86963964568183 43.95938867949746 14.450887831455294
39.11011367558479 40.17614822460881 25.337590647622843 35.54140004355998 50.34696742764401 0.15353282257201117
50.22471248587282 24.876582610223117 55.89171837522111 61.58195339865532 70.16101780766567 90.43461678780402
4 3 	 # V Shape
61.48194225425028 10.459863090656063 26.449330073287502
8.735255169483358 9.543761439989396 36.58941600238958
66.86687546981557 16.188002736790818 57.787648840272574
2.087069115344653 75.67555011632349 37.355419920792976
4 6 	 # Alloc Shape
0 0 0 0 1 0
0 0 1 1 0 0
1 1 0 0 0 0
0 0 0 0 0 1

4 6 	 # U Shape
75.65798023665931 99.84605884325521 75.8275532962616 14.84223047597606 89.02418649405213 12.29255498925279
65.69373891974628 31.970093695215994 61.67286155072349 88.24287419764639 54.50491561831575 28.423295623419765
7.155303462630114 13.777358940212148 22.168599961788104 24.685469683357052 68.22073718378702 51.54408129400751
52.489270029973724 43.87948218782572 19.98595292643246 78.93792540278433 90.93290900283 35.28389838432049
4 3 	 # V Shape
68.77620466639696 30.057248684053985 32.70848354572885
25.30569051875611 47.37302009478621 61.9895999831653
40.321714777952344 55.947087770968515 88.1534132479626
45.079190616151976 65.89117790731528 5.337089160710229
4 6 	 # Alloc Shape
1 1 0 0 0 0
0 0 1 0 0 0
0 0 0 0 1 1
0 0 0 1 0 0

4 6 	 # U Shape
19.042996030004044 80.94953211958264 45.397626757828235 98.98211536885697 87.93851542439046 68.60840079061623
35.23399678163335 97.92639887518227 41.81390561398243 39.371699576785076 34.18222958325142 40.814551786613066
92.87529034494268 10.866003834359129 13.17031936826596 71.10078387535205 8.165364486085824 72.0188473966813
92.32131863452753 3.0601008650853134 44.42978529731898 37.57039143603925 3.590862780477755 26.624488648892974
4 3 	 # V Shape
74.76086526151568 11.47775535406298 15.298281491500031
27.426421490078546 45.28766775024178 83.64118328250785
0.13155292681534814 75.5726373101393 29.04933084337139
62.55070263132166 74.45134842483327 58.36923273016528
4 6 	 # Alloc Shape
0 0 0 0 1 1
0 1 0 0 0 0
0 0 1 1 0 0
1 0 0 0 0 0

4 6 	 # U Shape
27.854615549719952 29.92168892230217 32.53393763054569 47.832343532849954 60.79049215041439 93.58951315634464
33.169485080115024 19.760341374045087 85.83345184424797 16.6676153779854 31.46906153968616 83.20503963074538
2.548990273670859 12.182663781321324 94.88325249177527 26.76220203671128 44.68760432855012 14.771807663356206
22.926193102126312 76.6766326440419 43.31710926934787 58.86469127298388 85.87856451002294 49.75220100758237
4 3 	 # V Shape
64.80197387429081 28.35281131252405 28.6852241119697
6.1615060722077235 26.80493541274316 98.91908096341302
2.0031890358432447 58.986477033002515 94.9369903235929
52.63528226614147 33.780000785371826 48.53646956237788
4 6 	 # Alloc Shape
1 1 0 0 0 0
0 0 0 0 0 1
0 0 1 1 0 0
0 0 0 0 1 0

4 6 	 # U Shape
19.237857170368965 4.279362881333759 35.42608739373111 14.30283377611714 38.140821758604815 65.337351011843
96.53821714028084 7.437316350002277 23.667262983903527 58.19356362035924 54.31275311205239 57.93085604651351
91.21704248007076 37.564489265015425 74.29841660264455 0.3941805396698639 36.49845571200802 35.83136698919468
51.14463367850145 35.304440321986185 9.128990403836534 36.951957125122924 67.91703441639444 11.262544596698486
4 3 	 # V Shape
71.46428570473617 61.04237025413062 24.46915142307715
70.53317243470877 77.29480972982267 84.92433534127841
80.49014048945345 50.669678633008154 33.9248557460155
68.15139597748853 69.98926471394498 68.91897624334045
4 6 	 # Alloc Shape
0 0 0 0 0 1
0 0 1 1 0 0
1 1 0 0 0 0
0 0 0 0 1 0

4 6 	 # U Shape
67.99438332411789 51.48759075414303 43.97347425274356 44.552770592842975 75.10038867291432 89.9254134382938
41.45126063181523 57.24117710865083 5.778183135924908 6.96911737329885 2.3479004239334023 11.392753079566509
7.0449284031297355 60.72049602236744 68.1648134152381 51.71307590334262 22.15774746913224 54.1575119751133
10.942887014977076 19.272748113277594 39.543562908391195 77.54688087853313 75.14165383973094 80.63345471969822
4 3 	 # V Shape
93.51805503799112 14.6910464886155 89.26680464433244
3.8824268445941 99.2623396265698 7.212377226243849
85.88952994079351 71.11105232191005 10.292555708470374
2.1157911222192682 13.782507310921211 99.92510253486111
4 6 	 # Alloc Shape
1 0 0 0 0 0
0 1 0 0 0 0
0 0 1 1 0 0
0 0 0 0 1 1

4 6 	 # U Shape
74.62428230150047 77.62819599455003 25.25859557783595 72.46389726690585 63.071152360516955 71.09924671568928
35.31846002564898 7.798366608019503 71.26045272691182 41.28909587230197 6.299039969387876 38.88620597681661
96.50577358868101 85.27257841432025 85.12828800525224 36.84046863115833 71.78208778309103 97.76295549785397
78.71276549207309 68.4441067281783 60.656237550110525 57.47371655203655 76.65866073565381 14.244837340234028
4 3 	 # V Shape
89.59504474599225 95.81920713825846 97.1719881047764
10.161546144623813 21.772627887699137 67.19880468022906
88.09971058979747 20.623261349977962 1.0759149414585
23.706938065283932 59.62858261488233 21.437474063564686
4 6 	 # Alloc Shape
0 0 0 0 1 1
0 0 1 0 0 0
1 1 0 0 0 0
0 0 0 1 0 0

4 6 	 # U Shape
2.6718252961538402 17.93983003986709 49.1795315590312 15.210491089766476 90.66103086916209 78.63451494139963
1.3389872786128798 16.569295393516448 90.63884241777089 85.13498940327786 14.132432546433026 1.0365022082431175
28.691350354696976 15.876129654625881 95.1256334907978 23.303684366207577 47.32623506296828 44.449783069052515
11.209771154350712 13.043299986320445 43.04236664722213 82.98225936040812 38.38677980313179 0.5620168117180135
4 3 	 # V Shape
53.74754561012453 85.87334734869617 67.95367841263
71.35327809256484 60.31478140632842 94.35435425852371
63.622352652078405 96.2109669047096 0.5282562067794316
84.85209473885709 1.1517316685865198 96.17313072902671
4 6 	 # Alloc Shape
0 0 0 0 1 1
0 0 0 1 0 0
0 0 1 0 0 0
1 1 0 0 0 0

4 6 	 # U Shape
21.095595857919726 34.041771325899376 3.4739112821515428 2.254894831570853 83.90179674839014 70.61273793690386
10.71672114095189 44.312190765837734 96.73474264604043 15.02619399951659 9.371693420259785 23.34747211256556
31.192006003368444 66.11392577347466 97.11095490276 56.929568158361846 27.300882298714914 62.08265503159581
72.37405499530409 13.541095889298738 43.717696787517355 11.875828198005035 43.132175131995595 44.36375722279124
4 3 	 # V Shape
60.29606605506752 13.936357153964185 84.55522216494742
75.63985758510223 81.58237644224668 99.288281619089
75.13121780081694 69.82992250662396 18.49602320117881
36.07553932581566 21.464895076443824 56.557057290822975
4 6 	 # Alloc Shape
0 0 0 0 1 1
0 0 1 1 0 0
0 1 0 0 0 0
1 0 0 0 0 0

4 6 	 # U Shape
72.8817135824881 64.0519304547348 52.33143454402344 86.48883988471842 62.07538008251685 95.31560159612283
29.311087646927348 45.38506740187101 20.87086126579797 59.031230668247694 62.61824403749392 30.350828138110085
93.22963810642025 10.628715799001442 54.293304608726245 70.89440655908236 44.51488034454436 16.225460316027007
76.68465382285541 98.84460341069057 15.434709982321348 43.88059419831172 16.316197366229666 33.44276093039093
4 3 	 # V Shape
21.06483636471378 41.854794363098044 15.377472387397917
48.0592489066089 67.09421410300232 47.371744229658844
68.62555740556424 91.39622141283151 79.76930209809014
1.1883721973914074 95.73781860580644 55.8748570068532
4 6 	 # Alloc Shape
0 0 0 0 1 1
0 0 1 1 0 0
1 0 0 0 0 0
0 1 0 0 0 0

4 6 	 # U Shape
35.575763809306494 10.5986690585548 64.69735981318806 13.957436966086178 52.22726309404161 63.146533904398524
61.68446407139836 84.4640487405037 81.95397920354583 79.86985190732135 85.93001446600562 37.27280811069438
79.42439245136902 70.43156836040444 33.83494900513687 49.89939345151831 79.28127899465652 12.288998993629585
79.90827144572773 55.6343393563966 39.134751184008095 89.8852211574887 11.279954963622584 73.36737897754304
4 3 	 # V Shape
58.42687347995707 56.016235409229175 93.40578460820016
82.46128910697725 29.54421783921496 68.55387039944503
85.68504926355493 83.5053768906689 26.602329013706903
1.1587539487060483 44.566693445441864 29.72575676239796
4 6 	 # Alloc Shape
0 0 0 0 1 1
0 0 1 0 0 0
1 1 0 0 0 0
0 0 0 1 0 0

4 6 	 # U Shape
55.782155530874476 53.04376835949803 88.66759129715123 74.08090071192626 73.2311584119148 76.54530271066503
23.532435756315273 52.18153350436401 97.86694733666191 55.62117248176005 32.779921077544195 11.918878519411557
27.531848263895686 62.129772777213134 17.583729941277415 42.23849577284492 59.04513508466771 43.77878251089532
40.68711832251053 63.79923421316319 91.11498959570017 52.27822861128125 7.716378986384942 61.15788173570178
4 3 	 # V Shape
57.119805337669206 25.88047044792966 10.132718002684637
80.02308014023372 99.18493545152693 61.304806694929184
13.149844551265033 47.23165029231452 21.660511055326403
7.718155296269213 21.49444879844118 74.8260084954767
4 6 	 # Alloc Shape
1 1 0 0 0 0
0 0 1 1 0 0
0 0 0 0 1 0
0 0 0 0 0 1

4 6 	 # U Shape
17.090848304008645 59.37920732265255 20.444356825220446 29.37745446737522 34.224938384205764 19.209685460193505
59.37729387787517 19.637027652647188 98.33713533447244 69.8628035987498 57.87536619592846 82.31657800421914
96.48895003589301 9.289516569084611 83.11280114707814 29.21117294448681 30.14375993031053 87.5651680656403
45.54857861569058 46.65431466104869 11.924612657841871 91.16618843167309 72.21755490986462 65.57629310683282
4 3 	 # V Shape
27.26609003949223 51.4685780211255 48.02268487230691
65.67652183781138 16.821638678218896 2.2973560018661354
34.480995190170816 24.794344775548605 72.05849229218201
82.53684603494725 25.873210104045086 17.943896219878862
4 6 	 # Alloc Shape
1 1 0 0 0 0
0 0 1 0 0 0
0 0 0 0 1 1
0 0 0 1 0 0

4 6 	 # U Shape
56.38460696760812 0.49139826993908065 59.490997003019544 87.60732244311055 7.980368225758538 97.53913962376984
21.63655357262715 17.257359894311474 73.5111322857192 44.22478982474129 66.67055699274485 66.67873144508476
85.90885216593963 59.89919248371029 41.411581142524604 44.88982394717168 66.69425554987686 49.82151110693193
22.663999319255456 72.97749745932832 14.191338419596622 37.18055638953116 27.59199123285766 79.3612020961275
4 3 	 # V Shape
80.78189178799397 12.263161806912438 65.07201137961715
12.17766047591925 17.304464033853396 3.646835900508971
34.44974368234318 19.71308443713373 76.62150996429388
60.57036195006942 45.4700483310314 0.3392631251339151
4 6 	 # Alloc Shape
0 0 0 1 0 0
0 0 1 0 0 0
0 0 0 0 1 1
1 1 0 0 0 0

4 6 	 # U Shape
12.519501140166334 97.0888648770476 84.04111496670349 63.44093081250575 65.58781513611669 8.373874874326614
55.53969132929064 6.043672098550323 90.42851887871899 6.887244811095583 22.18360844259839 15.488178371322881
53.93908927159835 55.66306152016406 62.31109773308698 61.904558279624474 51.166247949336515 72.61058788046199
9.863826166551416 40.38051753241469 5.922034932912245 54.484255675151886 59.066405295597036 42.458725173672185
4 3 	 # V Shape
13.36730188497598 60.7498099837043 23.499567627284314
16.905856860649383 44.827878050372796 38.006809701594655
94.44536004513765 4.243372906859344 8.3720843439811
90.36959188648396 26.00977201413064 19.17540407343058
4 6 	 # Alloc Shape
0 0 0 1 0 0
0 0 1 0 0 0
1 1 0 0 0 0
0 0 0 0 1 1

4 6 	 # U Shape
22.817005313752816 47.497915161395134 96.7516194607479 69.9330073133492 42.74059689381796 51.75328391048708
51.208398429747405 76.5208915727674 1.711964489519835 31.57291620630356 97.04623825339473 89.97848800166285
4.6187038768260695 92.11666582651321 70.09543832101495 32.601550669269706 6.90898768793825 50.24461363269398
11.338887733076664 55.42770763488603 86.38438609803511 26.041433129155234 33.88395240138548 61.36643518192373
4 3 	 # V Shape
90.04001808647006 61.097390403048294 63.55710024673659
68.34627676564429 9.259506972738386 69.37339097011144
52.86259434429438 42.54453776663693 41.29997360762332
96.10599527267102 49.43608343282163 72.06346845511781
4 6 	 # Alloc Shape
0 0 0 1 0 0
0 0 0 0 1 1
1 1 0 0 0 0
0 0 1 0 0 0

4 6 	 # U Shape
96.08071552999668 25.925806273770235 89.4264636782078 66.5850103078312 79.19146097223253 13.196176014173233
25.9448070529128 70.32306744173057 77.71212421640831 0.2906842540252197 46.95431030301622 43.631592861542835
54.829536167074366 20.510600552370395 2.9041309104506863 96.17131574076895 75.07732780236147 16.92105226595404
19.300415219627787 92.52601990189923 60.56765664443218 97.43860897653333 26.64056134432471 10.08139675011085
4 3 	 # V Shape
64.07533086016369 30.798532647165832 72.73920991157429
47.72164498454459 18.35163808480217 4.909388421245254
19.103775848730052 70.8616435718139 72.32378597461877
58.34971751387533 44.51745740240296 31.561024852113096
4 6 	 # Alloc Shape
1 0 0 0 0 0
0 0 1 0 0 0
0 0 0 0 1 1
0 1 0 1 0 0

4 6 	 # U Shape
90.35473140987459 0.03649917655346169 85.38443205410115 79.84225764790868 11.981064285942622 79.52506991835985
53.19803772000283 55.275048503770165 59.88042808943751 92.69247705743462 91.17628806362677 51.573853608534705
92.41228858091354 49.34968507079607 45.04087789561792 96.1118079684958 45.21185195927998 6.263923661002268
96.75741134048165 11.796749094639258 47.28084344939158 46.15544631167572 26.961669178978788 0.9058519609164706
4 3 	 # V Shape
53.67871557498105 88.2270793605226 27.61011679278309
63.29865566929153 21.574464713871365 83.72472889273172
92.61185986225068 93.39864392130818 69.46344398352144
53.17384928728563 30.752633904024187 10.950422360495072
4 6 	 # Alloc Shape
0 0 1 0 0 0
0 0 0 0 1 1
0 0 0 1 0 0
1 1 0 0 0 0

4 6 	 # U Shape
99.66608717042732 72.85283754668777 84.65528913781904 9.578263935719733 55.83480182632962 32.5370877681589
26.896332434326297 12.560635526478059 30.901286473292476 56.519411821863756 8.855479322994043 49.53807863331841
48.272002622102896 26.46680803307665 50.60003904205897 30.642756763149137 87.15767577810762 60.445589111292854
26.06863660701294 85.06196033264143 86.82633524981149 4.040295041974007 77.59016750071065 13.981523690816767
4 3 	 # V Shape
55.940921112383194 93.22262383470328 97.45463885956057
11.049254189398772 83.56876803042282 18.006164738268758
90.31707738877685 50.199504737314236 82.14251596460963
66.65870455825794 30.585068339866528 87.40926615022188
4 6 	 # Alloc Shape
1 0 0 0 0 0
0 0 1 1 0 0
0 0 0 0 1 1
0 1 0 0 0 0

4 6 	 # U Shape
36.27479853010922 68.74669485761889 84.61688492868635 21.53366842152935 51.76709454624485 75.77845027355048
39.86282832998174 82.50504977201153 55.05457726795508 51.325287082717765 81.79908624524947 23.18971969015575
70.50761170477038 22.512356370741294 66.44368322924116 8.537495256976202 16.10974846837151 13.999259645702168
77.22150150705588 52.120765863308385 38.57223770713546 76.26304006115305 12.22539845922629 23.203925322105423
4 3 	 # V Shape
7.625310603596313 41.6316655800066 93.3855319750327
7.343703730403261 44.7271758927413 73.44700924800935
78.06797871950839 31.57141869638712 13.626254703804774
49.254671506641145 18.9121109054175 33.76640607617095
4 6 	 # Alloc Shape
0 0 1 0 0 0
0 0 0 0 1 1
1 1 0 0 0 0
0 0 0 1 0 0

4 6 	 # U Shape
4.627625133520585 72.36859596544586 78.23942638623645 6.375107782852874 94.06901379763141 15.743552537318095
32.10463007854653 36.81650472445905 74.91055033721538 57.97284571913791 26.00791415937753 12.075471626256073
76.64686376341288 70.1237192501463 58.73151003965161 7.08699606664045 73.80327036064537 19.10305482393725
92.13900805212035 98.45789874553971 91.08460353189778 86.48442370430418 61.484210570259144 39.20310421829613
4 3 	 # V Shape
76.35668474289218 60.87254456848693 75.93927257450802
36.49187245400714 56.6236008160588 3.5634750817596927
68.04721464632549 34.29671710412362 84.22837915097008
2.7055393687948848 87.33342038146648 92.65201097228125
4 6 	 # Alloc Shape
0 0 0 0 1 1
0 0 1 1 0 0
1 0 0 0 0 0
0 1 0 0 0 0

4 6 	 # U Shape
93.81337387093713 56.045014015361886 33.37508588571292 96.76224260074568 27.89689793087946 21.171961515360373
23.79551808243816 73.89484421974353 66.4628181278526 41.03094062416489 73.53858118447991 67.52953141372005
57.53776186825833 93.86507547467134 42.948975747231664 76.2300369618425 61.78787415919326 29.341809765203685
94.88412106677701 74.59199747301028 59.595611732467965 39.96103767676804 16.2941514705501 60.16248703415251
4 3 	 # V Shape
2.142900106221557 0.003564998272298503 60.38829935562665
82.83832051691199 4.88401300435709 64.73834202316782
99.54143350555398 74.62710661673727 93.03724180865656
83.72070210720864 95.6822342025565 20.5691356504494
4 6 	 # Alloc Shape
1 0 0 0 0 0
0 0 0 0 1 1
0 1 0 0 0 0
0 0 1 1 0 0

4 6 	 # U Shape
89.7729843963013 94.8453283095106 2.054536829047615 36.96870005085181 61.01283542844189 92.89014341821971
48.2992460395405 98.83953363642249 11.209807399367321 35.848135568052484 98.94116447467825 30.89595410988363
14.47857113504256 0.2600519547466207 95.28938831103156 21.41644573955218 79.37549186938519 94.56039438424692
68.07961250465482 35.82084018326398 58.47614565611373 61.72420104350967 36.43736483536817 0.9286577762042669
4 3 	 # V Shape
93.50170542857015 86.42253968150317 40.11286293801744
86.78792189727804 45.78131157216551 94.34281963725168
11.452861496373224 98.18177576855808 13.293650705065485
76.8008788698029 49.71623683984997 87.37761469025854
4 6 	 # Alloc Shape
1 1 0 0 0 0
0 0 0 0 1 0
0 0 0 0 0 1
0 0 1 1 0 0

4 6 	 # U Shape
33.63488985137104 40.24939129361659 57.24494517963466 37.9372102319292 16.424352266927087 81.65788014957266
92.4756770843492 25.388228777509102 6.241806914362091 22.07859839371086 37.431895026550286 51.592675731719254
95.38893654670427 72.74250912447356 93.09021332775261 26.453210717380284 25.441354898528356 50.632018931967195
78.0854283852062 82.65953900045095 95.42530367153256 12.007702077475956 68.46771396412845 15.469550558349898
4 3 	 # V Shape
21.417370577304585 43.43248184892212 26.990941581296866
55.6347439576126 80.02735039080804 10.140894770384323
58.18472987108877 15.074764560864695 7.057381060582724
9.230930721051255 45.92979480237057 82.77933789187779
4 6 	 # Alloc Shape
0 0 0 1 0 1
1 0 0 0 0 0
0 0 1 0 0 0
0 1 0 0 1 0

4 6 	 # U Shape
6.974835629868448 3.9351864328103336 64.62297397325119 19.156885482322505 80.77889935689878 88.13945062475057
1.0414204890154766 7.513910811483903 54.11904278413775 22.17129504010741 51.079388884256694 10.415205533498073
92.78727379614445 32.78864520887625 71.63778085908824 55.752639696444625 69.26543560230188 42.89094666789781
29.539615246502915 91.58773874300665 23.66683471295391 55.17305447038379 32.85514232239343 72.17199046765276
4 3 	 # V Shape
24.56889443228738 39.47998176436156 19.189850773659177
70.37751158035076 18.683997327654378 43.729650849657645
69.92907461038006 71.74268457210452 25.68392637765472
88.05230638970116 50.28287061764923 7.445527963447729
4 6 	 # Alloc Shape
0 0 0 0 0 1
0 0 0 0 1 0
0 0 1 1 0 0
1 1 0 0 0 0

4 6 	 # U Shape
46.6378302351451 97.92846909273514 41.55115978324787 26.370409120424874 16.316110705932495 88.86724426782278
79.75330946188055 1.411581698649722 12.633665824617335 37.45852434008812 39.196445328648956 62.72125182695579
30.943308898840648 33.14818853696937 72.65044302107255 64.3542045014477 44.79929932501064 15.692655774171838
73.99087355664501 64.86788001517631 96.26496715786791 13.571372744176069 63.64963293744055 67.43672250736175
4 3 	 # V Shape
13.126425195227043 70.8239014568427 47.31650807231965
91.65960813110755 91.3798721396653 17.033856169099202
61.25225935741546 32.61375353636584 66.12091511352293
9.081547149171943 8.525762442979412 50.53616606172373
4 6 	 # Alloc Shape
0 1 0 0 0 0
1 0 0 0 0 0
0 0 1 1 0 0
0 0 0 0 1 1

4 6 	 # U Shape
20.35529050689986 1.2595165016012877 81.4196923236532 54.56399105489107 57.455390871900924 26.68337997780973
45.018601841419304 15.535712832709114 36.853324787849516 67.84001696969102 58.100581896571114 75.70912580584364
41.18173021895017 49.44478132801709 41.14519235606211 69.1173471123433 45.57723817874978 29.057152533837094
23.11842330798396 71.11178936810543 25.109859265454904 70.71468182938358 91.90004395901671 99.7687209696014
4 3 	 # V Shape
20.990436668345225 20.558834898206403 79.65100370138019
32.96131057092862 54.98494935660775 60.98520960460158
68.4725000936705 39.81042018615032 41.47012525155854
70.66175627852581 91.83123231265732 87.66637416745316
4 6 	 # Alloc Shape
0 0 1 0 0 0
0 0 0 1 0 0
1 1 0 0 0 0
0 0 0 0 1 1

4 6 	 # U Shape
79.33535735410533 76.21700791094402 18.453390500119937 3.8432929155606477 80.77339547172848 32.87232736465574
93.53990102004494 27.619456493353546 84.00306767257742 28.317339974573986 75.46451798768923 93.83253438569035
52.49482951610048 82.59062220555775 53.70101915242842 70.75746560605961 47.817774450862615 73.26119813989527
74.04270402772852 23.06939395711103 89.00050350770996 55.163301391020255 90.04383490176042 23.07320728736808
4 3 	 # V Shape
1.7659972245674838 54.77758705908376 20.371908068580147
33.86264559689697 2.2611765858962296 33.08296076446048
90.01461188629234 33.71588185259395 82.61823558610783
93.41823916243932 71.46034286700451 5.795254887948453
4 6 	 # Alloc Shape
0 0 0 0 1 0
0 0 0 0 0 1
1 1 0 0 0 0
0 0 1 1 0 0

4 6 	 # U Shape
34.70767530151369 8.142058844646927 52.87693422324732 72.5621587182535 87.86396702953036 55.959144969502496
9.144376741865557 69.74407143726624 33.5834410625245 45.912980042290094 79.03585831647199 55.20192879828746
40.44385092959655 38.27709434869922 51.65287626914626 62.14226208289176 69.49538163557469 57.617223301675146
14.530091003160095 56.278494865083374 61.70547641809343 5.804244138985537 70.54763424705015 54.313539372289775
4 3 	 # V Shape
95.70019453660159 48.95321586219333 69.09865157147873
93.80960795184188 86.90648765355344 4.600395796064882
0.5786966377498981 61.29771933077775 62.86089332174868
71.26714190065046 90.69334979009554 8.468716334096626
4 6 	 # Alloc Shape
0 0 0 1 0 0
1 1 0 0 0 0
0 0 0 0 1 1
0 0 1 0 0 0

4 6 	 # U Shape
50.92552899549827 39.55311590117796 54.74664227018101 13.944130709818825 5.5522220532375215 42.598125039983806
25.695801446539292 7.585342579426868 46.525434866824014 5.884259883124221 15.587497975310338 35.39342062720113
0.06497472085308376 2.455218752419863 2.8582185782478398 18.33688906299662 81.75667701329198 25.419966078863652
26.202571316830557 5.40960216798635 84.69899382315982 73.02498722363298 91.19755876893169 18.538701546098768
4 3 	 # V Shape
65.31719040429087 99.40781565721454 32.38916420686092
70.80367953228378 27.435388605138854 35.49346455686635
99.24259876117944 34.57266449298473 21.385951476673814
44.66156625936751 7.078061367647781 96.38929022600257
4 6 	 # Alloc Shape
1 1 0 0 0 0
0 0 1 0 0 1
0 0 0 0 1 0
0 0 0 1 0 0

4 6 	 # U Shape
31.2596101990938 30.31345358851133 64.32009029134502 27.61755610502806 35.07445096086962 5.534386295468597
72.15252991328877 71.45304958445125 97.89254901242835 41.505070899734584 27.663972433579254 36.773756332617566
78.97047060406055 6.10638057816999 62.9470415940537 83.58476797744055 10.154104219224468 24.29341327484923
78.79269148468082 24.76608521705951 79.0726066374788 79.50399859312577 53.952142278831786 10.760096731624724
4 3 	 # V Shape
75.37258209556148 28.699891889659803 49.93154027142444
97.66473912606818 80.73565574375287 90.56385611888498
57.756274771728044 44.568870451107976 53.87048264610568
10.396089177726198 72.1844651949215 55.15653634080159
4 6 	 # Alloc Shape
0 0 1 0 0 0
1 1 0 0 0 0
0 0 0 1 0 0
0 0 0 0 1 1

4 6 	 # U Shape
32.282017051021974 59.396944845879084 67.32536953059919 62.46607772676771 35.267488178725834 21.798001413029734
67.85731153241746 21.392898276024972 76.1933897129063 12.516259421307774 81.29344137291109 24.132199156410515
76.72135676592963 57.189285522131414 85.27752722971826 79.7257621213427 27.492823417818858 55.333552843073875
27.659658257849816 41.83969003026918 83.53220673310196 73.1601621513735 96.56503603914773 64.75318919941986
4 3 	 # V Shape
4.401981614166184 30.88400006991 50.319022110075295
2.2091681851267198 86.78815991861418 34.146175279002
70.67600872391398 67.35174489583862 81.8998191314969
51.342560250929424 34.69555894790462 80.69528455894634
4 6 	 # Alloc Shape
0 0 0 1 0 0
0 0 1 0 0 0
1 1 0 0 0 0
0 0 0 0 1 1

4 6 	 # U Shape
17.526644408854253 4.496360707528235 58.99353377351944 47.97341291116031 13.162954154798456 67.02977434970818
90.03047854685961 95.42669533527803 87.9007437520826 59.79057623751406 82.76018642924706 63.19329641106999
6.677008226282554 7.014283230160312 16.23922726928999 82.85448360314486 49.72927755294958 12.043115424383222
97.37362513008246 48.42119881431084 74.36975460702065 1.3888273125795214 57.81866785021066 20.21720376249143
4 3 	 # V Shape
36.41424917703164 15.952648007586312 52.3778435384584
93.21189722256399 98.54293451984498 56.58536598125622
75.29469388863562 49.28938009843626 78.24878073992494
51.985771713532536 14.189993322346028 6.859490076930341
4 6 	 # Alloc Shape
0 0 0 0 1 1
1 1 0 0 0 0
0 0 0 1 0 0
0 0 1 0 0 0

4 6 	 # U Shape
12.282412644474029 63.6632482736954 33.199461037795096 26.257378874985214 68.59786056442981 41.142618430931755
31.18336555053316 42.36185902087561 41.53063844207281 64.49973589286847 53.91432151002444 32.49028330208703
11.853392807449016 26.40634909772683 74.00802038143065 12.569666036134375 95.16226444742053 91.52858759308977
62.25772213845239 73.19618896777602 14.935632328700644 74.19589869084612 55.548407297990046 20.067784035199622
4 3 	 # V Shape
20.667907227207426 33.011757680858345 55.18625748361543
1.3227874690931007 10.13327172746611 47.95078418690618
28.9658270636978 32.81129938883086 86.05757871924027
63.32764470960201 58.69929550717913 80.36025500409816
4 6 	 # Alloc Shape
0 0 0 0 1 1
0 0 0 1 0 0
0 0 1 0 0 0
1 1 0 0 0 0

4 6 	 # U Shape
4.329757551476964 4.53486274382775 93.47324826068359 51.622855600110476 83.3250227311039 68.2222589237591
32.335169832553426 93.80888489272868 50.145769532018 66.65980476703838 58.72189286557965 75.91764437143237
94.71377595923427 39.4330847578093 78.12483948078889 26.248136254371836 71.35156604148413 90.70055731274414
71.74332785167078 33.96584400643145 94.99421125722053 57.28130558461545 3.945330173344297 67.08048018515835
4 3 	 # V Shape
34.022698568758436 49.8980761991357 70.27189545097042
95.0927897833981 79.23065149265886 48.0081053978187
72.08530500017243 18.93811999298408 92.65972179930276
34.180390357054456 59.590903127101754 87.34014376905654
4 6 	 # Alloc Shape
0 0 0 0 1 1
0 1 0 0 0 0
1 0 0 0 0 0
0 0 1 1 0 0

4 6 	 # U Shape
55.948148489212116 8.188469099018658 46.80430292554843 34.61645683484924 16.613166269091508 47.706082322785946
58.53867123076266 71.71711952257913 14.9795116326519 13.512633890827075 7.939877674422791 80.25731724124725
9.03409688637179 55.27083876999859 13.561064299318149 75.52421760597306 8.17031391999551 62.86700865089817
12.42333144411788 11.141629470214365 57.520453405113415 11.049522897086128 9.971177084864102 92.81068392421336
4 3 	 # V Shape
0.7031557061128679 44.82222835786405 25.2017058168996
6.076305520628688 13.416189871549767 54.86889633713219
27.385680382717716 11.78550606197797 83.76558137089253
91.04797288790367 97.6107834884462 52.57152133999752
4 6 	 # Alloc Shape
1 0 0 0 0 0
0 1 0 0 0 0
0 0 0 0 1 1
0 0 1 1 0 0

4 6 	 # U Shape
48.070474603202605 52.90421616258178 67.37612875532764 66.40953424747455 78.95502220074559 18.442863660071396
37.048010716796234 1.3221106755282097 19.892173761672282 16.326782427948583 78.69725711892076 62.11333866524473
22.695543966657528 39.15949607674973 22.985083851815837 1.3282980760019325 53.55399229782966 99.26102202873443
17.969167497757997 41.991354173337825 47.248072095338266 6.127038455745737 94.54781707128977 97.12070351541816
4 3 	 # V Shape
41.30720868253328 85.79704546476502 96.91271636467239
76.54199190947924 79.16909353808389 62.8719330198809
79.2751700198591 74.53847526110768 36.80794701012214
30.829122199586443 39.91787451699268 28.98935389834717
4 6 	 # Alloc Shape
0 0 1 1 0 0
0 0 0 0 1 0
1 1 0 0 0 0
0 0 0 0 0 1

4 6 	 # U Shape
10.638657018169473 55.47317388535146 88.92756808420236 10.96062550247362 21.465280455894543 5.0617294954169
46.69459332904849 35.77913619684946 27.34876140861645 20.385415762879532 98.84669582618648 86.06788607405933
17.021358104233432 95.86951863282144 78.8678018712965 90.09369728688328 34.1898237054666 63.360147420264965
88.54806083148918 62.551008069443014 5.172131368934085 72.20328822690587 45.36130961837418 9.380386945522712
4 3 	 # V Shape
39.22676871912566 50.424893753737834 56.9744194108154
5.08333058090249 33.85206986549096 80.23449505123637
50.158138967840394 82.45818122673755 74.0186733522572
66.8461817829856 23.58559062748986 29.161735183251015
4 6 	 # Alloc Shape
0 0 1 0 0 0
0 0 0 0 1 1
0 0 0 1 0 0
1 1 0 0 0 0

4 6 	 # U Shape
46.77960436764156 45.24059718620943 52.4270573822586 72.41669572271354 34.278155630957755 93.9954065300505
41.799587408703566 4.1390367471743295 10.01238382899311 57.85774539423727 26.164451030856185 93.85749922581377
72.13470033621442 11.419180324481193 80.82845896522389 71.18854166765375 54.10860395818374 79.0319934826332
95.58251112014717 15.594816967796277 81.50363840454892 4.910320757045095 95.60265717495746 22.665182376956274
4 3 	 # V Shape
13.989374944723965 32.643213351466414 13.101717450676198
18.460992194012306 86.28119665100529 65.18721935862354
29.686252563132022 89.43398796838761 28.64382285662347
49.62243062411561 15.879190039804204 29.505948413867
4 6 	 # Alloc Shape
1 1 0 0 0 0
0 0 0 0 0 1
0 0 1 1 0 0
0 0 0 0 1 0

4 6 	 # U Shape
78.54771733760033 36.236279605570346 43.15201459365468 11.359339898415588 24.43078726757121 86.39049799410083
44.865679081409816 31.904641172757387 13.95416011932995 16.00913335251143 65.63552517476032 37.62042461521353
11.087525595238045 75.13164349813385 85.7333796530129 9.421950073078412 4.941599082292269 2.1799372886890267
14.54697491645619 46.31062381411881 64.57946702605713 81.9267368599247 82.4568870314685 59.70525472899473
4 3 	 # V Shape
97.79415057512458 82.82295016153886 64.2195342311662
11.2338300113899 79.48260899394343 44.4580961698811
80.63255741577908 70.4083400192703 62.33864575506131
75.85124926179391 93.53430991900494 50.533226261946204
4 6 	 # Alloc Shape
0 0 0 0 0 1
0 0 0 0 1 0
1 1 0 0 0 0
0 0 1 1 0 0

4 6 	 # U Shape
12.613050833647376 19.48789323963006 71.67586621311386 88.85755863851857 93.85310525604137 35.12919872765541
98.04324817455398 15.003316814239387 70.17816938928584 23.19030529408036 99.83907951463583 95.0623758012653
31.438726255257286 69.4372287865281 1.2127388237296644 21.98183836590856 33.43257855762537 98.0485151605344
39.26393050616883 67.54939299028851 16.818697581019727 13.360884587712452 34.66095616507279 61.57132762327152
4 3 	 # V Shape
49.82211979217303 70.89046788496353 8.657300843034555
44.1913995648373 64.49100669628723 65.65145308104712
58.312926313298085 75.55086810380209 36.3779548662422
26.309485806406595 94.33498219062926 40.16742908353608
4 6 	 # Alloc Shape
0 0 1 1 0 0
1 0 0 0 1 0
0 0 0 0 0 1
0 1 0 0 0 0

4 6 	 # U Shape
38.197181080938414 54.92389886924429 88.90852548013297 20.468773516466786 18.967121288221634 81.183805194679
52.43481723037947 13.061552260583941 78.69968006910625 37.261482739367835 97.1581062881733 14.007021287279265
75.42996041383498 16.61166438618974 45.07892770058828 55.2629734995563 73.78181480616925 2.7891542843572537
66.11299318894794 19.56251163398034 87.16024409150934 97.53760071422728 67.09626242256994 31.803208003940785
4 3 	 # V Shape
90.95902958334331 43.29871200254737 48.26877251163465
91.36447094136298 73.2965263113442 66.40286616154869
48.71776206010321 67.76002225214471 30.408187955211595
93.12198936796622 28.47636678016223 62.91947573450037
4 6 	 # Alloc Shape
0 0 0 0 0 1
0 0 0 0 1 0
0 0 1 1 0 0
1 1 0 0 0 0

4 6 	 # U Shape
75.86661169424545 47.51421006201363 61.368043828588604 19.167007771227574 78.50033074132257 40.23185668787145
71.61861985271499 2.590006536811973 77.55888732090457 17.38213336462051 69.0835577902371 62.67586028718779
64.725513473106 4.139852084847762 1.9832240561272418 38.641917640276446 97.50467557857925 0.9134065167013539
7.629696568355415 35.86225932727744 63.4099261452548 49.63123807546383 40.23482274955421 69.87472847280493
4 3 	 # V Shape
50.932357072309365 70.71522769464877 8.651457215727042
77.04705222903294 78.51871517361103 97.43681974404058
31.302444103646422 72.95440362872596 73.72731448863489
84.55797668124555 79.12151700864611 54.75795980355531
4 6 	 # Alloc Shape
1 1 0 0 0 0
0 0 1 1 0 0
0 0 0 0 1 0
0 0 0 0 0 1

4 6 	 # U Shape
63.854179800085134 60.03954984792885 89.70343544778994 9.474072337852945 74.42652652912525 67.42664224176751
24.69055841534398 66.34018350365 55.317629419983014 63.377820544280674 67.93135202783574 86.53086499625724
45.03763359976591 19.640200216679027 25.909738174160356 71.91055024577169 37.24047904997704 8.016981631531728
12.14851713459918 8.178690571657665 67.75516652575028 79.38968908510726 4.112600773119635 43.45848130268355
4 3 	 # V Shape
71.40915052899626 40.85672286789999 29.508868279216248
90.60829161539412 58.49754562614224 54.609324978158966
27.52188321919813 60.936143446421944 25.889572613257485
23.041704667271112 33.54456012977932 22.223123201568605
4 6 	 # Alloc Shape
1 1 0 0 0 0
0 0 0 0 1 1
0 0 0 1 0 0
0 0 1 0 0 0

4 6 	 # U Shape
53.19064782129128 95.31388927511202 5.827897117050385 49.278982305934306 29.34674051404943 10.566701283592895
73.56011500106497 73.19375832214999 71.97618145284508 52.95982207979263 32.11403748596702 66.94571483102563
63.026305209979895 17.50470626395424 89.17257712108946 90.18844125492099 81.64194886644552 66.49458742091548
5.996906678293323 34.069982311560935 78.89644903747262 90.94780614693869 4.698901957907797 13.789719791682453
4 3 	 # V Shape
34.96787422016676 92.85569075032377 23.071990075138526
89.80193883702714 91.00652576542392 85.30830948267801
51.694535646561356 91.27735621327011 83.46457896668066
30.257843022882234 98.15459676407961 54.14443884392447
4 6 	 # Alloc Shape
0 1 0 0 0 0
1 0 0 0 0 0
0 0 0 0 1 1
0 0 1 1 0 0

4 6 	 # U Shape
4.406009358831819 98.5256471530796 36.2711678271223 73.20091621396146 92.6788475827426 89.02385918482682
95.89301114777605 79.5950160329367 87.34445858608763 13.368935236723411 11.807617944669001 97.29643454764782
7.138131822169013 80.42119344500777 28.82092223568975 76.19383908048712 30.687137852166714 52.822763274763105
69.65137142601898 45.65603882397067 75.65727491014623 24.268526827269564 2.5059708411325987 27.894102044593538
4 3 	 # V Shape
48.49765031921465 72.78309414594382 96.56691603775562
12.826539696416983 91.11894902288607 35.0078821246624
78.98259415260904 16.412399641846896 36.37971506137805
70.96215916667407 80.44918482789978 82.71261841823694
4 6 	 # Alloc Shape
0 0 0 0 1 1
1 0 0 0 0 0
0 1 0 0 0 0
0 0 1 1 0 0

4 6 	 # U Shape
72.47122602751047 80.61179846015743 67.27964189332515 61.00532958859174 42.25866060219783 12.651278961790812
2.713924576681448 0.9095405575126669 75.15418554913556 56.06557187423815 27.57373813552697 69.5409555962019
68.71467048951423 31.99845165938594 32.44284564958677 77.14539314146143 30.597375663635738 12.682029279994456
9.016944158382412 68.63243197956372 86.07595584655765 20.291078080688386 95.03499565821367 4.548965800557769
4 3 	 # V Shape
62.85493384244132 78.65712534710832 57.069248755845194
8.537934684707027 32.08509580286033 46.63210360970665
33.317879571407815 38.04331626361488 37.522737167346875
30.491853550157188 81.94436330272185 91.56077963375704
4 6 	 # Alloc Shape
1 1 0 0 0 0
0 0 1 0 0 0
0 0 0 1 0 0
0 0 0 0 1 1

4 6 	 # U Shape
17.86692197953903 16.959768788702778 46.07033032425074 45.33698233904855 27.15096380207872 24.082224021479625
25.233687183406982 6.132119349255804 65.29156851335858 63.14728726565194 69.36414919099089 16.359374188816155
0.5690609544200864 86.67216672012646 69.50736384600704 91.25205075402675 44.0226761531594 95.13329617287425
2.457271289983376 0.7403504608864631 89.04062450708871 9.750847940452678 2.1459561327904275 63.82150510957361
4 3 	 # V Shape
63.76935500259032 22.270938331045677 91.78560083655725
91.2629506752584 75.90055001078852 13.774583188276035
28.511538174713515 40.35624776860338 82.33507426062937
32.57499579878126 77.38474152676416 45.78293003198252
4 6 	 # Alloc Shape
0 0 0 0 1 1
1 1 0 0 0 0
0 0 0 1 0 0
0 0 1 0 0 0

4 6 	 # U Shape
7.976420259860262 25.319966793236127 71.47407860306983 37.71449787103959 17.472906269727694 2.8423222182065055
24.29855912289901 12.618871724017355 50.254498502751964 23.709999358589208 35.10839851859239 87.82249163035627
36.03062109391876 77.14349235786622 7.033868491943728 75.64018483645962 59.56687161768224 91.35501448472942
55.647283360327094 18.324643427231248 81.73353048644995 66.07873547303943 85.0070945217869 8.241310086919551
4 3 	 # V Shape
4.058570801201544 61.570819465232006 24.552055771776583
3.312030903222307 79.72788164280294 99.32990562450019
39.41522670746822 66.98461605063594 15.478100550657658
48.114251742955084 3.603288951594741 4.476626062987221
4 6 	 # Alloc Shape
0 0 1 1 0 0
0 0 0 0 0 1
1 1 0 0 0 0
0 0 0 0 1 0

4 6 	 # U Shape
47.10487724706658 58.37106373435692 29.880850512499602 23.582633734110413 10.496238891984678 34.31313328861102
96.74951661771564 99.36252636453472 52.588920849454034 79.88535918442126 20.521317167991604 7.949515595773493
56.14211382859759 40.25535983625266 55.952649823014376 2.2011672850423047 48.36501948008758 34.03516628698402
17.422641455864184 66.50898160761619 9.710962993487449 85.33626212046875 19.63396328276229 90.52031553590987
4 3 	 # V Shape
61.909837535845234 71.64379942143188 44.6210317436217
18.257141709984946 11.045950584475506 82.27511028737338
35.49556039354626 91.11408053099532 72.15770833736028
65.49010337368213 88.44189390623322 97.06043875559344
4 6 	 # Alloc Shape
0 1 0 0 0 0
1 0 0 0 0 0
0 0 1 1 0 0
0 0 0 0 1 1

4 6 	 # U Shape
55.91972473320862 92.1308062979656 16.15416960057242 38.03892309187273 4.32182335831055 40.041783964413156
23.431679323069698 52.553581110226354 47.333081337005225 99.96791804402032 66.4740031951967 18.7790876679794
1.8236565752358547 98.80341767025395 3.9705109060169885 24.04260893014486 28.3290711806081 85.34213682985519
51.45185310061614 88.34273717290124 92.10193634073947 84.47734590292274 10.897124137616231 94.115707563129
4 3 	 # V Shape
59.672525993403305 45.29075063748611 37.450964553996016
76.02706256034847 39.99280454816324 72.11452384731164
54.74188144119926 67.30900747214564 18.62204542197985
42.59064553109828 42.010082231613254 87.95429691676522
4 6 	 # Alloc Shape
1 1 0 0 0 0
0 0 0 1 1 0
0 0 0 0 0 1
0 0 1 0 0 0

4 6 	 # U Shape
69.99941335860055 29.214292873593916 15.986660882874727 35.042908714429124 9.73203844168965 34.0521780500597
32.22900583283111 43.43946951218069 81.33469374369896 72.42404822988794 29.627614193313278 5.3980399637571175
84.58961743329641 47.592869965809406 31.653899690102328 29.11244316753652 47.03098102257622 21.99854088802844
89.11704858791111 34.41839726841468 47.22832372331228 30.735840224495558 63.471019552196104 75.13546197020638
4 3 	 # V Shape
39.60812219816644 57.78421577096231 94.36167408110366
56.67900790477142 19.112559713889056 44.58840213544569
67.94377113564863 4.339580604191651 43.99727541663776
55.59111188815821 30.483300733400608 70.50638151484516
4 6 	 # Alloc Shape
1 0 0 0 0 0
0 0 1 1 0 0
0 1 0 0 0 0
0 0 0 0 1 1

4 6 	 # U Shape
99.99488266355864 40.562749525926854 60.06292863865823 20.23147231283162 91.99071970101927 45.29747565371963
36.316396417557016 20.817732459617133 38.85263971589039 55.736398708938076 39.77801149135944 31.43353690035433
23.047506773072445 6.503646219919645 93.05785571099537 2.8417871901467384 54.85614985933845 57.22543117836108
27.16563770566963 84.64283219848934 28.328105069829824 52.61095992560849 51.879428419262496 71.56991185752807
4 3 	 # V Shape
84.71920549340427 87.99142566217604 13.712010480740133
79.92363165396654 80.55386511392415 61.650945935026094
28.449430836497026 12.33740553318816 67.63660572745457
96.20196574004028 72.41306686403198 44.39525661888586
4 6 	 # Alloc Shape
1 0 0 0 0 0
0 0 1 1 0 0
0 0 0 0 1 1
0 1 0 0 0 0

4 6 	 # U Shape
26.698741271231153 72.40543037645539 60.617407602818005 32.24754306910983 62.8641409589233 93.72768304637107
77.78015669372243 58.21493416941297 92.49000805447955 89.37304455677034 92.41581607977675 5.608597231044731
80.64659525293135 95.27902931060663 37.11552998444576 53.235751274717224 95.32811767009252 1.2981737894168455
49.92653119584772 33.53350055356415 97.63261085074082 64.58790020808291 30.709123149265782 78.38554062171148
4 3 	 # V Shape
87.51942789353377 82.88797554644803 2.7955452963106087
81.30719796275126 12.66485042327189 9.829216961505061
18.06171401210388 5.334076821884448 37.43897663645186
4.759138322008383 89.00568799901242 42.00886435509147
4 6 	 # Alloc Shape
0 0 0 0 0 1
1 1 0 0 0 0
0 0 0 0 1 0
0 0 1 1 0 0

4 6 	 # U Shape
49.23431303100985 73.78927162809512 49.213740812878584 52.38915774842084 38.898782717960145 13.244587420777043
86.78995961438577 36.83569684545181 28.39453798841315 74.16414869317211 57.57176557229104 15.312549424843203
79.26794575150265 17.472485236302514 64.96384525358337 65.31402217793348 52.65625310770052 25.646305378235844
47.168744877059964 7.087889335333697 95.09267141969427 82.74224832102554 29.65063689954769 36.78944450652468
4 3 	 # V Shape
51.165955114456374 46.52965814997759 5.20292460026992
86.06518450974976 44.117400407129615 34.38702476528851
63.13920512582199 40.64006529568134 83.74333599811334
39.28114417781596 88.04999557260318 23.044676924457452
4 6 	 # Alloc Shape
0 1 0 0 0 0
1 0 0 0 0 0
0 0 0 0 1 1
0 0 1 1 0 0

4 6 	 # U Shape
29.500518925730567 14.347732278856352 8.995876273746983 10.400235375710864 8.946314011358258 31.41621892555866
67.72989803755341 36.7346808277725 6.253302048181664 17.148989189082897 72.72062631852549 88.07077806158372
28.4480453338807 90.1196479651663 95.71663182707492 30.57967215275157 57.461289364225046 63.09734356982707
82.86893273794391 20.06694580627071 38.86348908223333 99.34379654086719 39.00783590010997 8.566632856961432
4 3 	 # V Shape
59.23646975931353 14.464101481313829 49.085222916194105
98.86166283077704 99.72729808817083 99.72605088505134
31.45818848928126 63.5046159863837 73.55621049211614
49.83194794434104 38.8895350607631 90.22882540138096
4 6 	 # Alloc Shape
1 1 0 0 0 0
0 0 0 0 1 1
0 0 1 0 0 0
0 0 0 1 0 0

4 6 	 # U Shape
79.57458012502323 28.195484500610934 12.847951478966912 96.5930407522898 88.2973208681408 98.19275474553108
35.93216502805882 67.40231961206847 71.10862996481424 68.2591104312995 85.89655681340248 59.856768314080945
78.64644740902278 36.05173051040795 91.47616433896351 75.82113051437317 97.7399388820664 30.38776816540204
89.36351670839781 5.070821348314847 97.12567072178776 77.32821532467578 96.18315274197673 35.78810617243743
4 3 	 # V Shape
33.75998308705238 50.415295849127915 25.542871195018947
73.15348863964687 1.269806167456955 30.341813898615268
13.18506915020241 26.13859600568105 5.711563098421268
0.02110707310578608 75.71486157697372 54.297707232403646
4 6 	 # Alloc Shape
0 0 0 0 0 1
1 1 0 0 0 0
0 0 0 0 1 0
0 0 1 1 0 0

4 6 	 # U Shape
14.542498895664469 29.033611479182863 47.089111394222684 98.54437790585186 12.637922224917176 78.8444696228247
89.42866809691785 48.84530270273343 81.46788861389933 77.0947257505757 75.61356087496335 75.00873692321389
40.72194186277189 74.39753933312447 26.734002964707983 74.87686185282033 13.608709382078587 79.2399082949109
1.3802612100053735 2.049128714390247 67.18554324265187 20.279746592305624 11.103641229006445 75.17206984739748
4 3 	 # V Shape
43.45694904907451 21.615230859757283 65.87538776069923
15.34269914904659 55.87358430838544 96.3409565176094
85.1012220678848 77.59898137811729 55.21769751978963
33.13915402968788 63.406132679742235 1.2181681692009838
4 6 	 # Alloc Shape
0 0 0 1 0 0
0 0 0 0 1 1
1 1 0 0 0 0
0 0 1 0 0 0

