4 6 	 # U Shape
98.2741914544214 63.56607347968526 21.59232560471803 54.902743208427964 54.55599580092261 23.40760731470016
11.372584300707944 49.965926704895466 15.210842242178801 53.268608055726965 38.7006768446549 68.83273834221643
37.29271564083929 94.61600449633926 77.73579181067069 60.80343030674544 61.523203658606896 64.29876012693234
26.848350713033465 75.01561486032266 28.683048942015333 70.93760578262341 6.478677547176559 68.98584792392357
4 3 	 # V Shape
55.216783346967745 55.38264803105607 34.65286297905903
17.26129600841977 54.1932637563185 5.176904301577445
82.55576134042101 71.10669702314097 4.416722266296825
7.65365615356286 1.0343895110245693 99.43048222579424
4 6 	 # Alloc Shape
1 0 0 0 0 0
0 0 1 1 0 0
0 1 0 0 0 0
0 0 0 0 1 1

4 6 	 # U Shape
13.785540703108701 90.41074994871151 27.455553435741052 61.95693527095354 80.37394298801482 2.8353979649465066
16.716635947948898 50.13774774843137 43.77433123765252 41.254284672817434 82.29579579938891 11.08127174141309
62.43234309569877 32.53205028190204 74.08992681076663 0.20214254448069902 11.212070421906063 98.85867833900252
58.37713649038366 37.50193705951066 27.853304269880464 87.46103864120998 74.35795471084639 71.86338801136566
4 3 	 # V Shape
33.52482520843496 66.90624907683382 95.78432732211525
70.22516656958899 32.740784060362095 69.34995744350451
16.052483281843998 31.547908291880912 68.11911118116751
8.927461229817634 74.7194856213263 32.435363100594614
4 6 	 # Alloc Shape
0 1 0 0 0 0
0 0 0 0 1 0
1 0 0 0 0 1
0 0 1 1 0 0

4 6 	 # U Shape
67.56317627705832 98.34357810457762 95.91992995432483 66.99439053354557 89.29616473916475 34.75577283238365
63.16655437677292 18.84931951882429 34.82845613823618 98.47770719590596 75.16312390912312 83.30600433851461
14.20305629591706 1.4979197663230304 85.72744718510954 71.19454425744 85.65401868284167 86.16043304298478
79.58041137284613 47.710410991583444 9.318029011083084 31.36907146921142 64.12224925127461 58.39972545660652
4 3 	 # V Shape
26.706597288250787 5.655338856796899 91.02521116894621
30.33046825081763 33.142930215218634 5.6686266327217405
2.9364493641441447 12.613087143994761 9.960114391646325
16.2180741260738 15.088139339611384 31.239040116674577
4 6 	 # Alloc Shape
0 1 1 0 0 0
0 0 0 1 0 0
0 0 0 0 1 1
1 0 0 0 0 0

4 6 	 # U Shape
25.215345299998027 52.546590847057 55.74421797709572 59.48565014855293 60.55366411662503 7.536713361265246
55.97179628355657 38.764844903889404 20.73784250938192 37.98911969876221 18.36164144725356 48.636239703774564
6.0526567455402525 4.2419133629680195 66.71035088709226 7.007925347440236 59.371493098051516 74.47905627836555
84.69962489307773 51.21036801743922 12.489571073937256 23.37106733572256 27.274570667578026 83.30606568301508
4 3 	 # V Shape
75.83082384989844 25.963477779218614 87.13771844166463
24.418834657693942 5.03274171252378 52.076188094235974
47.76234508328031 89.82937013336966 34.41770817541763
84.70515087557428 8.203183389714397 10.632956221260637
4 6 	 # Alloc Shape
0 0 0 0 1 0
0 0 0 0 0 1
0 0 1 1 0 0
1 1 0 0 0 0

4 6 	 # U Shape
57.77087511679009 74.21807134419606 34.82058645601146 88.68510753781297 22.61783068810387 50.34830278357991
22.410673808908253 20.323085604386616 12.312836347047151 78.0512008403382 57.11992184327323 75.47451274484077
32.56292664653591 85.47154303493278 64.5578001750405 60.911958311824264 47.47646837876166 14.068825528270256
52.27006163747352 13.316319028097823 44.36699424988405 23.666770929192772 56.96344505719859 77.1440275439144
4 3 	 # V Shape
34.43897328545072 50.26789492680736 29.01996194974714
40.58429084154257 46.12148027061783 78.82764932034178
79.1921097962389 55.12419317635797 35.37213018488102
48.808566107746465 60.180600988640606 80.52692024567169
4 6 	 # Alloc Shape
1 1 0 0 0 0
0 0 0 1 0 0
0 0 1 0 0 0
0 0 0 0 1 1

4 6 	 # U Shape
4.681679720300725 75.15738661832998 24.05283410679555 34.70107326497346 93.24745342008993 2.2144289343563384
71.01228132623079 6.346413449027278 79.11893756878075 19.95308831671855 60.125262139418744 69.21793169269881
89.82617601883342 54.66778319969492 0.7019805484878239 15.110002182444704 72.84509566823634 95.97079820699919
22.462443062932678 31.771972488552247 43.94631150206884 27.688503771569295 12.149997592096728 15.369752626864964
4 3 	 # V Shape
97.52168560347216 73.01013793476714 49.80238097267603
82.33434647395713 20.975486081713 26.282992014096607
28.027012603611436 11.691890807927996 36.26829276261523
83.69284518430479 11.401973532734555 45.51006897197985
4 6 	 # Alloc Shape
0 0 0 0 1 0
0 0 1 1 0 0
0 0 0 0 0 1
1 1 0 0 0 0

4 6 	 # U Shape
33.80953801284126 1.0803173960604928 27.250144531607013 81.7695416417244 15.32325276552976 71.66839523021432
99.42704401155883 11.35557628288063 50.51192332574299 60.24826641333638 36.6101535377414 99.12314042992843
10.519718911399789 18.754649919092515 43.23258372547642 25.24708361827026 47.96815668146432 88.64912391013522
33.58896061270382 92.33831863416182 18.808572503910305 79.43365640947773 12.074559325072265 2.3251633557041074
4 3 	 # V Shape
10.117916502015534 83.55923926055615 67.21389956550617
67.26525953156872 11.91770675391467 76.5748551582324
43.84211714787843 28.53041058506832 79.64808960053527
47.93963959576904 73.56461235988567 41.46567098168502
4 6 	 # Alloc Shape
0 0 1 1 0 0
1 0 0 0 0 0
0 0 0 0 1 1
0 1 0 0 0 0

4 6 	 # U Shape
76.86282981520795 84.01105490280365 78.23011199345797 26.779755672111826 96.80774499446215 55.12654642340288
8.16301391903913 67.2850583546991 82.69028576486339 77.74862410926751 27.42285608413374 14.16510114098516
30.009584472076877 33.909563338806926 74.26168136811837 13.392857467044017 43.87152293381461 83.2189414081547
48.1772922529419 67.96925904453627 31.48706575236758 14.461654422367376 98.64091584171074 94.59567095617246
4 3 	 # V Shape
58.31164493395329 61.26293015647926 82.97276340531977
19.855646934806657 28.34868065251638 89.41344998544075
72.87877097592421 6.336080100595554 66.23879647019024
18.83946226423251 40.23139349665954 19.114261496647835
4 6 	 # Alloc Shape
1 1 0 0 0 0
0 0 1 1 0 0
0 0 0 0 0 1
0 0 0 0 1 0

4 6 	 # U Shape
61.58822398114274 74.22245856066995 52.84427830910361 44.559074408661736 20.164140878371406 53.232437766832795
96.38473240177946 77.49644455007515 15.346813083653677 88.76333174360931 13.252633853040885 74.59069953528311
86.25294351647898 69.54657234043782 40.34046829351043 72.23059360820744 38.0003450984854 99.41288242804912
47.42594376998458 97.93645576830703 15.32144419672683 49.53316263478571 97.26786471675513 15.3403332244335
4 3 	 # V Shape
51.49161061875963 93.83232694368886 65.04814044341008
17.939192739532604 58.221628812547024 66.24943661276696
72.55662537302106 39.411747183171286 26.262734992249236
6.9485267083135955 98.85339770987788 40.74689704004347
4 6 	 # Alloc Shape
0 0 1 1 0 0
1 0 0 0 0 0
0 0 0 0 0 1
0 1 0 0 1 0

4 6 	 # U Shape
15.975367615693848 45.64057500550647 72.40110818903544 25.61425401137073 96.29032165162594 51.594635977841705
28.084421125816604 53.33450632813115 78.77750101648189 55.83592454083185 42.65133177333252 46.3724541733041
97.54888233619559 90.47517980883514 44.45697762262692 94.30607437679946 43.76300293824331 98.0899451609377
45.31067873407092 42.82287216704418 72.24300880106577 62.522902615556895 23.28158163458214 46.83991939128808
4 3 	 # V Shape
39.5758566315582 48.66699081257424 12.444867684578664
41.34370964192603 83.29081839408168 93.7898805864816
54.901420894145694 64.95062041943129 44.5068326448119
96.4020536785831 78.54344933582763 90.52256243324847
4 6 	 # Alloc Shape
0 0 0 0 1 0
0 0 1 1 0 0
0 0 0 0 0 1
1 1 0 0 0 0

4 6 	 # U Shape
96.58851630194408 46.25938401881352 3.0123829535708024 37.281147763274994 26.13340560684486 37.4412091689015
93.931033266177 15.691478539929271 27.029575941857864 34.4665300947974 61.60645973910572 7.164054974104872
54.28722546377329 14.637003665619531 20.88357362363239 19.00556514299334 47.80045527150825 78.0131541882551
68.60484009937741 44.797600310135735 59.4665788868578 29.963572953258044 82.13248259341285 38.27510862423392
4 3 	 # V Shape
80.55744036651943 69.67384625970024 12.627840936046386
2.432802156691949 0.8191371776415379 36.87691956004515
91.84983561120941 30.64651602661327 55.360482066053216
24.010871325401528 96.5561379533687 42.57786896319746
4 6 	 # Alloc Shape
1 1 0 0 0 0
0 0 0 0 1 0
0 0 0 0 0 1
0 0 1 1 0 0

4 6 	 # U Shape
5.248495359258087 8.112635320772366 1.197635742207459 19.634817491186197 64.48679599442261 28.665964257466413
77.62920242617206 79.57919324513179 42.670195156171516 29.408689065847927 74.40414955950655 59.60318449986569
31.676466496140222 9.173527863870778 6.312860202951532 41.8784942318268 52.49259771091903 38.264139229061435
25.49466040659918 19.429718755939195 85.52515748533425 14.026637455174173 23.40678558662561 87.41740906036736
4 3 	 # V Shape
25.29186056004773 93.22867338541705 43.17300865919056
69.76427597551736 25.64432131415656 95.91704240093179
25.893483459035316 98.29571864645122 27.412198022942558
90.2324616414406 45.49365900385762 23.773787479031093
4 6 	 # Alloc Shape
0 0 0 0 1 0
1 1 0 0 0 0
0 0 1 1 0 0
0 0 0 0 0 1

4 6 	 # U Shape
67.22657966231444 95.48323035854213 54.190307427204374 69.7968743086611 20.17337478378547 91.5296466814015
13.437851341443519 65.0472160731303 66.75183100605693 88.70887396852152 48.21350600681152 9.486074098456731
48.05519080350389 97.33311170781349 76.66126774764369 0.18373572351840783 32.97623734501243 84.29906034672206
47.3226595897276 85.37285684974474 87.72086026855895 24.286961259411555 24.26982610102061 93.9375088332923
4 3 	 # V Shape
37.82730926829654 57.54215525195341 50.633944819887
31.76415152200489 75.31861092341849 44.06778846212147
14.809125495847464 32.00339884063772 3.0325871595822784
88.70670000714479 44.02273279897327 1.2142885044216567
4 6 	 # Alloc Shape
0 0 0 0 1 1
0 0 0 1 0 0
0 0 1 0 0 0
1 1 0 0 0 0

4 6 	 # U Shape
47.949506178038156 38.107549974721444 69.63069523739132 64.57084582254483 45.16124313829444 10.906898694854029
28.938958568520345 51.07757663802895 80.91481218449694 32.75282261584355 72.84220617993734 78.44635259463483
99.70931996352188 31.255609002910912 48.91470568283848 11.803027111189412 60.54529417358513 73.19108146605144
46.57043550437425 27.738879975055696 2.9440196659889617 49.87212292876884 27.795663146549522 34.35320066572503
4 3 	 # V Shape
56.28320193424644 82.59938258071725 4.024250071612235
7.065512441964472 6.399407801447177 37.135143583777555
24.157719201814565 99.29474234717878 97.63119699253116
21.572300449001748 94.8014926142368 22.0753420841713
4 6 	 # Alloc Shape
1 1 0 0 0 0
0 0 1 0 0 0
0 0 0 0 1 1
0 0 0 1 0 0

4 6 	 # U Shape
84.04291629341218 43.28282020845784 11.378751815194965 61.29261900697319 71.56344739977271 47.00683709970988
49.75529503771517 83.31246001870973 49.59182835389279 95.59957156456927 38.38289962600096 55.0533484051394
84.10530330547644 46.76195412642985 79.5645254352722 15.019510642477396 27.799494163045992 31.030601626708652
54.49971307155295 0.3117269325926153 46.5404097615184 22.29536724482163 81.25797909506966 11.898304480492216
4 3 	 # V Shape
25.207611607530566 68.5698598286614 92.52711442174947
98.9629351202791 92.92060780120474 76.02628211994656
20.132034193760585 87.23598824447663 70.9587430951047
39.677295178998016 31.24844740619146 27.444066886368766
4 6 	 # Alloc Shape
0 0 0 0 1 1
0 1 0 0 0 0
0 0 1 1 0 0
1 0 0 0 0 0

4 6 	 # U Shape
11.243301781922199 20.581258729676588 72.61525835202983 79.95437682594668 53.306089496718215 36.535696546698816
47.85110496633107 9.081644417920554 63.93464717638583 63.98840461457138 57.81605731701344 3.34960488748407
40.52588277022049 55.52271619860575 10.708868627248712 79.40807569219565 6.706589474910595 41.65555879757906
77.63780450067095 33.64979130746802 76.2853329113533 52.21622089900239 15.713646200427334 30.574168784708
4 3 	 # V Shape
55.60852639648552 20.724083797766934 93.98783858142654
78.96740653694093 93.14601224981583 1.1424995386404846
34.857436065611836 4.4553220295096345 64.17205906884469
22.271618192650944 60.315178502956535 71.04591577505813
4 6 	 # Alloc Shape
0 0 0 0 1 1
0 0 1 1 0 0
0 1 0 0 0 0
1 0 0 0 0 0

4 6 	 # U Shape
26.943432558005387 59.070163832422104 70.28587108033953 98.26472800444192 27.930406934918995 49.84618028414523
27.118849588491713 61.016030115953804 13.081592038633827 64.53981556959499 88.43087815767882 59.98489243622266
48.89290978920625 5.9869674107508875 45.2437991230357 95.37130731060297 73.12890448028146 11.212013321338732
65.1872974025015 77.02134809051034 69.50292184544354 74.66547512332717 34.86848038741286 66.23829122712577
4 3 	 # V Shape
16.21912806543215 81.91810602303504 23.367497785059754
73.93855327063108 29.808336497439893 93.45980932258371
70.26969851248631 53.06165589733168 90.85873779901942
88.15418697028623 49.38854822245319 57.07217125893458
4 6 	 # Alloc Shape
0 0 1 0 0 0
0 0 0 0 1 1
0 0 0 1 0 0
1 1 0 0 0 0

4 6 	 # U Shape
40.608838634496045 1.0870653022849397 96.06143111467794 50.718247059029196 13.554507200426102 67.16638816744481
65.20490556689025 78.64971925687398 93.7671675034842 94.77532817461179 34.670468976154226 88.94275821157703
68.05986692109774 10.7948304938427 98.1821002004254 84.53422365803715 45.36161678088415 68.788750582986
70.80201232479362 50.84987313093784 90.70380742645112 21.21946950274548 23.962278377278302 2.5453707408201187
4 3 	 # V Shape
70.07692443100723 83.6607182417073 61.64223789065644
31.730456116210902 56.81573600240706 6.359619543009709
3.654906020377946 80.60521472922836 32.857997178556516
55.553997524133166 88.14869374509338 95.31399802774514
4 6 	 # Alloc Shape
0 0 1 0 0 0
0 0 0 1 0 0
0 0 0 0 1 1
1 1 0 0 0 0

4 6 	 # U Shape
24.15299217413426 85.14869157164519 18.81650103159249 46.07335757785128 53.70550095492759 62.54751131822693
9.040441812966781 71.89827254432049 46.4357135095556 37.57108931470473 14.858060999946987 19.260539325925073
33.327534266462834 95.21436579857199 8.337283321058987 33.039161218745846 2.6770437340542186 64.60794781274866
57.35355963491394 21.277422716321027 8.378531660192856 81.45193979756287 19.04829643368827 30.839408693522984
4 3 	 # V Shape
3.535970211202666 0.8741636598340374 62.98662501930475
37.89982978396908 40.442296617451646 17.392591412175573
84.7193219200835 93.98861679049708 10.503400520234695
62.453113049332586 8.632476151109536 23.548248233757896
4 6 	 # Alloc Shape
0 0 0 0 1 1
0 0 1 0 0 0
1 1 0 0 0 0
0 0 0 1 0 0

4 6 	 # U Shape
37.51356117638428 67.26752318819952 22.263569993328503 16.289419654401872 53.84772893314188 49.07466435089604
73.34848073492589 47.721247690319956 16.780324774764587 22.96465559451115 0.16279271599773937 45.58178288676644
47.30518511938045 95.60124787753223 65.48018210118333 79.48419203488636 24.80559075986678 36.922043136092086
11.285183982869862 72.79170750490165 65.41492773012568 59.83433719587452 91.73236272337961 44.737256481738186
4 3 	 # V Shape
34.81442636167085 69.01244709460612 38.391322948971954
86.30626843034177 77.88460799616722 25.150743330955507
73.89329794911511 11.471310836124848 82.0073967827611
89.59038419424562 74.3997095447359 64.24402796962111
4 6 	 # Alloc Shape
0 0 0 0 1 1
1 0 0 0 0 0
0 1 0 0 0 0
0 0 1 1 0 0

4 6 	 # U Shape
44.20378176653844 93.6091520686005 58.05941064936045 66.91421282712759 44.58424934487593 20.375158247138568
47.36171519315189 21.95193682067741 26.972239215736483 51.56272367738407 32.920509043230474 29.311078375912423
88.04057123876102 30.00251940455245 5.48243982356289 23.09165710697847 28.56971854603927 32.8066643957138
45.979618933997116 91.4551386562409 97.35172263205342 32.23985681053713 36.83031490257331 28.413686820802
4 3 	 # V Shape
62.82081693413822 43.926289584484536 77.52596485818452
90.51724745971406 27.1957931157741 19.07735807918749
62.248061093999205 62.61083475267555 59.08806400693318
3.213751411140575 78.39399921742621 30.467857130904598
4 6 	 # Alloc Shape
0 1 0 0 0 0
0 0 0 0 1 1
1 0 0 0 0 0
0 0 1 1 0 0

4 6 	 # U Shape
72.2305370400056 12.717762948987954 46.593254740576185 90.06121199543264 25.486263392071674 27.583859711188417
21.533795172540373 96.47872408519443 98.83601761365537 1.3524612499422384 75.58188609217491 89.84194068896166
24.180134835190913 49.71624436734709 78.4934077368109 82.33786410728182 28.131554496612544 83.25135721914036
46.32896316696184 4.305285740019538 24.20432422003309 85.96445842222826 23.590881620959138 46.41571887867963
4 3 	 # V Shape
58.688948114693105 74.21290955357257 88.55060670556261
71.68556444183747 32.02139144264825 82.15624027792836
21.039870518274405 62.34426532954879 88.37039122169737
9.824661201878893 83.15572286385874 66.76949286513059
4 6 	 # Alloc Shape
1 0 0 0 0 0
0 1 0 0 0 0
0 0 0 0 1 1
0 0 1 1 0 0

4 6 	 # U Shape
61.95501966370873 9.986086319844645 39.59068115233543 12.721621627228096 21.379548304744112 29.406848188459335
89.81533736897373 94.8967066101408 91.15449873261623 80.92421412589208 57.6061667361614 54.20660160021799
6.5573131460330725 8.470401623213974 37.03940906570398 45.102534156035205 81.19108562216178 13.812465570503951
14.413650638759323 60.809717321368794 35.7043257178381 63.01910959267942 26.314397141252897 30.8238761298951
4 3 	 # V Shape
39.88825526743112 83.32679707003395 91.07581258414335
3.91738825793565 50.36401885180975 22.657867455899893
57.427323285201815 52.12166486994349 54.577740669316455
24.25119020633275 22.79201755091269 22.602078379786605
4 6 	 # Alloc Shape
1 0 0 0 0 0
0 0 1 1 0 0
0 0 0 0 1 1
0 1 0 0 0 0

4 6 	 # U Shape
6.269432892727522 96.03860644889942 18.660772188785323 76.7715585877033 75.59279392057837 14.669806804326313
5.110979511840541 99.04712935416792 45.90491482762494 5.5015117839749 65.25888218860939 79.4520290627009
21.362120953886286 46.711473571252206 78.1278257721499 53.599710874006945 9.626284931337892 14.255260690815753
13.791310291309522 78.78662084133636 17.74888406589944 85.74522763988995 44.70480620236461 27.343554313763253
4 3 	 # V Shape
32.7378217979175 60.718033810425176 1.8571688057159252
12.88442972563918 90.47826083891889 93.09572132271484
46.17415922376629 14.35527838066517 42.84108486480815
54.771842491165714 6.336013165963717 83.87497793364264
4 6 	 # Alloc Shape
1 1 0 0 0 0
0 0 0 0 1 1
0 0 1 0 0 0
0 0 0 1 0 0

4 6 	 # U Shape
71.14000056651722 10.420512816093353 37.08075261138375 20.807353764294202 72.59459454866834 40.28294109138771
22.62590927303776 37.08114372466274 71.40234762868728 49.74827193204542 43.734373754473964 85.03281523125304
70.94388380612905 6.7731247638943675 35.08966945601768 26.431816255989425 19.50730419290705 56.403668420466346
28.706721764851938 68.82675490229566 72.33980426713865 1.6984559233720664 63.204715779061296 94.59481392610553
4 3 	 # V Shape
45.86706943903417 54.32528730804368 31.583566746657
75.46961206969519 60.770542564136555 87.18734567286403
80.36142793984548 42.32505120451246 34.03775784537453
10.443433766419597 99.41003337584308 2.624817083590425
4 6 	 # Alloc Shape
0 0 0 0 1 0
0 0 1 1 0 0
1 1 0 0 0 0
0 0 0 0 0 1

4 6 	 # U Shape
58.07793596267534 21.684236294971015 44.6539588851793 73.72834431914231 80.51212419820017 78.0232250686981
12.994309071266253 88.60660860482821 44.27972022416545 31.13517964882564 29.692186589878 11.55726979961581
68.3860593807759 77.46337022379045 95.87275803740707 94.16267439056368 5.181670532866523 35.14876420885062
59.35592138448224 5.082882117782916 74.6675571745541 59.974400071479 16.75279066564913 2.6770833867751365
4 3 	 # V Shape
25.956595029073792 86.57592960637457 63.65835971654915
96.30063847419572 62.64905899411251 72.00227428096922
10.523846946047321 20.813372317078503 35.8521789621982
85.04594593454013 29.818958369351922 59.51966151911658
4 6 	 # Alloc Shape
0 0 0 0 1 1
1 1 0 0 0 0
0 0 0 1 0 0
0 0 1 0 0 0

4 6 	 # U Shape
21.12816726063105 68.57486773727847 49.87510852727579 33.40935023601407 6.344943553933802 16.9000819865442
99.27053238204175 88.49950054199898 6.707130928592042 22.940201032745446 1.2454585969676968 50.980497437598245
93.13099770514725 12.982594105743095 27.76966322532679 50.809812710660474 10.913061520535038 5.16859042925113
1.4228505119202817 44.90542734050279 75.53708075514679 56.641299453978675 83.35319171290917 49.57079282359291
4 3 	 # V Shape
57.31750990428457 3.1510595129461416 27.421222384943977
47.648534419719454 86.8302779996439 2.461965265125332
71.137259832991 61.94080589306803 54.695772538380496
90.10915878674035 42.43945700180149 89.82323680453344
4 6 	 # Alloc Shape
0 1 0 0 0 0
1 0 0 0 0 0
0 0 1 1 0 0
0 0 0 0 1 1

4 6 	 # U Shape
89.78444905641852 35.734251584407204 14.531689114983937 23.6697968197786 84.09760653628867 52.410064580405944
22.045236043363793 74.4570351252405 89.49739790107625 49.674941729880295 12.957711451815367 88.14805277443587
5.95396297438956 71.9002855193687 18.02766810780112 58.22338697344579 14.599182117633713 94.7910507957497
60.07798825349089 36.276467483894336 85.1098798840401 96.33904234191766 57.9862383167995 26.558367425319673
4 3 	 # V Shape
46.121083161742746 95.55896267190519 78.94651837095005
72.05990813295037 65.43187672567764 75.59455908154581
84.15144016402385 27.699558966989958 35.9807461223556
92.96400622371497 45.05660318838126 51.014211055196526
4 6 	 # Alloc Shape
0 0 0 0 1 0
0 0 1 1 0 0
0 0 0 0 0 1
1 1 0 0 0 0

4 6 	 # U Shape
25.01783130530194 44.234935374423436 90.81962921030129 73.35964760801677 55.804638630458584 27.374879903924388
17.548972656071605 3.394669010433349 86.64807709822998 49.44562185957121 4.918788456164991 71.38108283139596
76.23992804920152 87.01580120911672 88.45646334612404 26.679915844535852 64.812748216369 67.50573462741174
4.301110634921146 21.676762367767854 74.71398145971274 92.2655419727096 11.51411093733824 25.180889464212797
4 3 	 # V Shape
94.87289369194511 3.623365937191647 35.755773556775836
48.331940161616416 90.61141474574276 17.052830980906286
50.813699723724184 91.32406999620245 27.156631319002067
91.26067846208728 58.43522582591854 10.04662942790101
4 6 	 # Alloc Shape
1 1 0 0 0 0
0 0 1 0 0 0
0 0 0 0 1 1
0 0 0 1 0 0

4 6 	 # U Shape
10.135827463255309 23.019212322801263 72.36167669515 54.70644538136491 62.69889491579686 31.70049982161185
64.93647844091204 10.885026072661397 34.67659876111722 22.561829150271816 74.33154948647933 52.910108085769124
74.07172585443077 58.77068273677363 18.63165345747202 61.92429309977392 8.279767087288892 33.43479964357805
93.03165834034002 76.90884667559882 27.585134272164247 84.53221988800031 89.49147862917731 55.931139367719
4 3 	 # V Shape
45.10000216318449 77.90951776457992 12.093933294519799
95.91068636267684 90.27120560718802 76.89813946127366
8.443859751672855 86.32149379101897 83.56563450258281
47.64241814533041 82.12430501969283 42.00220525529706
4 6 	 # Alloc Shape
0 0 1 1 0 0
0 0 0 0 1 1
1 0 0 0 0 0
0 1 0 0 0 0

4 6 	 # U Shape
50.4202301001622 26.857679146168355 33.91056073224389 29.27448536688557 70.79253587408797 8.059831825472074
83.80512038141458 48.62261375941025 31.87159409933408 64.21567943556688 18.18340484923151 28.512708497142324
93.08808198430089 4.927410951961941 52.28587786199817 75.9339980382668 62.8122433061717 82.1574207012302
77.56683206402778 0.4197894240567934 0.2473581379849321 70.97995243783988 99.26989044566396 79.70040698511231
4 3 	 # V Shape
67.81474462451543 28.382738170831622 9.204015676446298
89.14111549935244 13.58323783943527 12.352589555846105
1.3228198240969213 81.86801194191045 96.38034861032348
8.372454289955567 91.43331528544589 80.4373431087685
4 6 	 # Alloc Shape
0 0 0 0 1 0
1 1 0 0 0 0
0 0 1 1 0 0
0 0 0 0 0 1

4 6 	 # U Shape
10.526534113140295 58.54504112689211 89.7857646706695 24.126576130021814 35.849429374474774 80.11622415348718
54.25458759058566 1.4130847740932095 39.241900781955316 72.38874250444731 16.604743624127394 74.7153028177726
10.71249051481381 22.488379915907952 4.9632244435371735 32.440816326598096 89.28290314587456 10.743733566361724
51.993995392457585 65.12703024513365 3.311357024205519 47.35235530220617 59.14029887107765 36.96503929172595
4 3 	 # V Shape
28.4468323596786 57.28867194384198 58.92979393812195
98.88165913810838 28.786586460567364 62.31132546542557
40.77082482931269 65.22208800317098 55.21334773506796
43.259763912864635 17.862735430309883 76.32049324224394
4 6 	 # Alloc Shape
0 0 1 0 0 0
0 0 0 1 0 1
0 0 0 0 1 0
1 1 0 0 0 0

4 6 	 # U Shape
97.02453550410799 96.86694801028133 98.87751605781801 87.85313666115935 51.62366145174785 84.25548182851182
84.90778056228075 87.27393663979916 51.19616302724167 50.22082734628852 42.39317011145759 28.363174482468278
71.36095660408985 97.52334147635634 23.183656897370387 42.84676090876618 80.48752681864605 43.30408147475756
87.52038916128939 8.359537645679305 34.576153458106376 51.775425037671496 80.60239517453573 28.20235894460922
4 3 	 # V Shape
78.27808321425826 73.04714444348825 49.091738255972864
15.775254234384771 29.97310886450002 94.93269110514831
27.86178234868689 4.088765596356891 46.875925263472695
59.00587757566343 54.00634215883336 7.216348851398324
4 6 	 # Alloc Shape
0 0 1 1 0 0
0 0 0 0 1 1
0 1 0 0 0 0
1 0 0 0 0 0

4 6 	 # U Shape
19.244054578604718 56.601284880866345 34.44935857228082 80.05659388044727 84.85124185006943 63.47874509710956
16.199502260556507 59.035859659600106 57.04886919405331 42.578450341369546 91.07430397227655 24.153629129339482
29.4741557447197 78.39476231208002 80.08862163617079 11.994879961357341 53.90801268183585 52.9198932301437
5.210592551099092 80.72290900931516 35.13592370367897 33.94446049262802 65.33797801239292 33.48063335153631
4 3 	 # V Shape
65.75301852678996 13.673228247025682 79.19970191046609
60.98324733826651 3.8973092588694525 37.388130978828116
52.94927950499585 81.95590999038818 11.868401528029382
43.77541083562885 36.9324418720282 57.25920370688773
4 6 	 # Alloc Shape
0 0 0 1 0 0
1 1 0 0 0 0
0 0 1 0 0 0
0 0 0 0 1 1

4 6 	 # U Shape
89.23278328584541 26.773426602326268 37.99417815397729 26.893335226442417 13.842602839374385 96.9048737577403
81.8503835269041 3.3856184857347427 71.44783758311249 77.51384023593128 54.13639040620076 82.15019899306805
81.9271396264344 72.13773389705187 24.247616069659205 12.797486321901063 93.4530260443351 70.62171299110496
7.372776036891038 71.06437528667269 52.77558081214807 75.30065570865452 16.278572555708337 76.02336452320307
4 3 	 # V Shape
63.922272176821735 45.96509328508088 47.642001081438
13.063817246406373 14.278055661876742 79.58259590576873
90.55827862844721 88.63149474347156 31.019549303962656
39.265494404317735 62.71844265662359 79.2752990969458
4 6 	 # Alloc Shape
1 0 0 0 0 0
0 0 0 0 1 1
0 1 0 0 0 0
0 0 1 1 0 0

4 6 	 # U Shape
61.42335427291461 71.40835008894847 21.36299599772252 37.62001435624077 95.71668552383635 15.37385393354188
92.94246085722448 21.13718079714131 14.842979297433478 28.342414185207808 21.093992749409608 84.1685705974961
34.13039685758109 62.572675915759646 83.23658828661631 55.938841444674146 88.03594438838742 29.983935674408237
57.47806352400096 28.623877917834385 10.257597275434138 1.562572958471864 67.63890967729697 9.184636629622545
4 3 	 # V Shape
59.797914234215895 11.17518464985009 21.71767172041381
95.10738920079258 63.426856508445184 6.724189263222846
29.894834636680056 91.34332738018733 4.735658574400004
35.09891774048809 92.41883991724839 90.54918946274462
4 6 	 # Alloc Shape
0 1 0 0 0 0
1 0 0 0 0 0
0 0 1 1 0 0
0 0 0 0 1 1

4 6 	 # U Shape
44.905653421774204 89.65372239786558 44.1150221583827 60.14097422400019 56.61736383551169 85.55021308869982
94.19530781314836 61.385813044574924 63.70592920883661 19.460840352862853 49.04713185082312 15.971684877275571
9.127691214167655 71.6336329886943 71.83940534890941 25.932484541286616 55.60159296371455 4.432510358109177
76.89548916210059 25.260434150476808 49.146021357044255 51.83674661247962 79.00351531738423 39.89277275466843
4 3 	 # V Shape
11.897232208000508 4.356605642194189 15.78438476563495
17.978309736890907 19.193461820220215 19.23430855174625
99.622908145151 55.78640762555105 69.57846683141173
42.03929582857292 95.66385661837026 16.726232834035283
4 6 	 # Alloc Shape
0 1 0 0 0 0
1 0 0 0 0 0
0 0 0 0 1 1
0 0 1 1 0 0

4 6 	 # U Shape
17.216309833133568 51.90959192173777 95.00121556731816 4.29285197424476 65.79979063476603 87.10584972548088
43.08351822469583 39.582366803493215 83.22888433583292 47.524242550194984 5.671207147933077 49.34550869091973
99.74617709808055 26.6831322136049 45.53189504405248 81.41772885621806 81.33474470409267 3.012004246658373
5.838528969082302 7.966903671813064 31.412639768116215 56.82947923297414 76.8932041169689 56.35987741011941
4 3 	 # V Shape
28.592142797406495 60.687131426111186 71.50527234075165
29.819994824984786 97.62048937863257 73.8819432578008
4.020040478529252 42.237657388600155 6.8333684604968585
43.824360899792914 22.02517262567466 67.8622184929197
4 6 	 # Alloc Shape
0 1 0 0 0 1
0 0 1 1 0 0
1 0 0 0 0 0
0 0 0 0 1 0

4 6 	 # U Shape
67.10184574137168 74.74490156182921 74.36773837249514 45.84847762249985 8.849971204614537 83.30796218879375
14.891067711385197 46.52654511619598 28.800680575363145 24.73092076921524 31.9929272258621 41.53003349922846
15.698971697217301 49.46756037670863 40.3364090936972 68.45750391101258 61.76849298809588 16.356544606015188
64.36089395943202 98.36305858667312 72.44284554850492 31.543563698780964 98.54586482581276 63.49885511802428
4 3 	 # V Shape
25.637546194739457 93.99674748192703 86.52167818162923
26.735143855355926 39.71146060567936 39.944807878280905
42.16322913288998 36.027341332529026 63.28958754008206
61.652792922682934 97.17478278521129 85.70764663459457
4 6 	 # Alloc Shape
0 0 1 0 0 0
0 0 0 0 1 1
0 0 0 1 0 0
1 1 0 0 0 0

4 6 	 # U Shape
56.413076666840865 7.012718164112231 44.22861602905169 30.424324779494693 32.27563478854467 23.88230778910907
36.22762709535351 99.65941534819052 51.082578703005375 7.9140488943046154 36.72355912839467 5.078113817220331
34.90974328573827 10.240353850931594 53.104912270792624 50.44893565385671 56.242637339718996 51.35934035773971
53.50935811106196 41.06099006623787 58.63104265702865 13.520835053315473 90.15490113097381 46.721004415827935
4 3 	 # V Shape
50.947946773735055 41.46421987846852 53.17733618162347
68.99838515388615 94.64247831139795 1.0033221717861251
40.33237466115196 52.56449162540983 47.10164011388866
40.28599620243888 64.41845591587536 22.70184042511505
4 6 	 # Alloc Shape
1 0 0 0 0 0
0 1 0 0 0 0
0 0 1 1 0 0
0 0 0 0 1 1

4 6 	 # U Shape
36.500024540073184 29.035995185644904 12.058492475427018 97.88006800210547 91.55602396378463 16.328247505809056
83.3225194915728 51.52982868537036 12.631614179177452 99.89650461692544 65.96437184244107 68.97362926836543
19.73745125685934 9.66206610128012 48.636285730137175 58.057066650277974 48.22826223987041 57.886450711375716
29.85092109947289 43.075909050798856 28.20601544587198 86.03118271686823 3.2550947745400682 85.34190965782415
4 3 	 # V Shape
96.14259099192968 44.06669106312374 25.978553276455465
96.84644831184495 43.173090719695594 58.788498874532934
8.597384341526515 44.52561309175193 52.337154723957
46.893269313569796 17.81677068093719 5.884143907740813
4 6 	 # Alloc Shape
0 0 0 0 1 0
1 1 0 0 0 0
0 0 1 1 0 0
0 0 0 0 0 1

4 6 	 # U Shape
80.4028669398816 26.856954835463586 46.210733646784874 4.549163818869328 69.84464346409774 79.33528612004343
12.161374851865093 68.83013519780128 47.73925692889788 2.468275220847782 35.310124104137884 44.56436964942413
64.3761151169135 62.872759394671185 9.569856750074024 17.969770657686524 84.18095651905799 57.39745871485847
64.60859842356162 0.2040133786941789 14.427587390808538 5.133479535799889 1.198956442876331 96.6008436592238
4 3 	 # V Shape
4.944855118691638 27.41971314615016 52.5819450774115
79.38517733327815 8.325328650867082 30.271158652735775
47.383832284533135 30.924023727113838 90.65424936617481
52.74150902007344 97.92415865196806 41.00922827271424
4 6 	 # Alloc Shape
1 0 0 0 0 0
0 1 0 0 0 0
0 0 0 0 1 1
0 0 1 1 0 0

4 6 	 # U Shape
46.86181142234943 85.05948384835207 88.23551450163092 23.68154699305275 11.760137308197226 72.08462404887155
55.53637031933799 35.34961765115933 49.482892335140825 84.03784793258147 3.791210928783517 73.57280316558568
65.50916351787833 16.386375420201148 0.06603825955816545 51.10350127887765 36.218470745190466 54.433205127220894
6.426872450371912 32.488926774336456 27.22400803225713 95.81976335793969 52.48018812867148 42.205138277823096
4 3 	 # V Shape
25.60098932905558 69.93834633584542 65.60462448188946
22.963721318940266 69.3969882785731 34.56500901747172
43.575073213106506 83.5026921544012 20.178021967008476
60.20978598008679 18.33531588472296 72.06483614363562
4 6 	 # Alloc Shape
0 1 0 0 0 0
0 0 1 1 0 0
1 0 0 0 0 0
0 0 0 0 1 1

4 6 	 # U Shape
87.4081116309479 36.61380323948362 51.377924750206326 1.8440578324882773 11.297896947956588 75.24322503177511
19.421102895271492 63.29069399205248 76.15541246527053 53.82844656992 92.63365657966969 5.500828762563847
8.07268132538842 29.563973444702174 21.0193071430545 74.26877550567833 9.318133928291438 88.15562535219063
1.9061652376099358 2.0008356034772024 27.499079680941918 67.74308730487795 51.175631028485036 98.89217508360801
4 3 	 # V Shape
15.96440020777682 64.4637959205512 74.28199881865312
86.2741233017344 33.45145386563272 33.73773332487339
1.6695007753458335 39.95065896509067 14.666731430645996
48.965100275949055 3.9532471890842302 76.53757183961639
4 6 	 # Alloc Shape
1 0 0 0 0 0
0 1 1 0 0 0
0 0 0 1 0 0
0 0 0 0 1 1

4 6 	 # U Shape
42.614136750824194 14.527631708379618 71.21536101730655 89.43750715226389 16.058502876399317 46.80748851557907
89.19537056134551 57.45652716214769 46.66929003411361 73.4975207014991 11.035466114116566 74.6800430925103
68.58024323061564 51.413330210689324 98.59473308228073 88.518159709119 60.72628164914641 28.998800408586312
37.45312855440247 82.23860452592928 48.616809230643064 20.762046053956574 26.898601484025175 36.3292836504189
4 3 	 # V Shape
56.52322291067213 51.17637337124138 14.243475665762627
62.5277409240348 33.99770370369898 14.519879122850154
86.37347233236389 6.455063207708312 62.056098143653415
69.65242725938519 87.34628145082011 68.68862148440635
4 6 	 # Alloc Shape
0 0 0 1 0 0
1 1 0 0 0 0
0 0 1 0 0 0
0 0 0 0 1 1

4 6 	 # U Shape
10.11673459587772 79.26996532731353 92.30664213628592 52.57497461376415 77.00370666938517 45.96426034321573
83.68753591046014 7.55714729494893 17.257885979816724 15.064941730390702 12.333506479600354 41.42185276587858
52.80825768335771 2.3670471202155707 17.69036804932359 99.40190541933765 74.32713187963066 53.10665932807615
64.86285200304765 89.10986974262373 98.9627340247257 94.42881473059217 22.797189460863233 23.277883354030948
4 3 	 # V Shape
46.716266520302284 90.07803762468956 86.71560336989198
48.33913552095377 86.32701047679612 83.78144735111947
63.299059105786085 50.31983855374942 20.404458296212734
11.800987450476807 63.67818500146644 43.98756124855585
4 6 	 # Alloc Shape
0 0 0 0 1 1
1 0 0 0 0 0
0 0 0 1 0 0
0 1 1 0 0 0

4 6 	 # U Shape
37.733420498490766 60.927784169942036 65.50171419631009 15.8669962215079 72.3361168755592 34.85277761009809
16.95151565696151 93.498831126982 45.68011113221908 54.074421344030995 78.89742953600516 32.548947803728446
14.50705352608006 61.84814193347178 67.135613285751 16.270339998151872 75.95910036995556 91.74800747719051
15.078689410560475 8.381958339298167 47.67025246683594 85.93753175029174 77.8014953346725 83.46064000127996
4 3 	 # V Shape
30.785309905033152 42.16882769640058 47.213250007863905
53.500454463156366 82.06148950860651 84.83336237610355
26.164023022848227 54.82574721292489 62.15266400868988
51.07194680108034 25.83152168656878 37.80687551212723
4 6 	 # Alloc Shape
0 0 1 0 0 0
1 1 0 0 0 0
0 0 0 0 1 1
0 0 0 1 0 0

4 6 	 # U Shape
46.51685382553349 65.73089198804874 43.72686773854883 14.135988515313036 41.10961167019417 10.178657845862382
85.82795243242407 3.3314390265001492 48.28432997793596 71.68096612965105 27.920020436271674 65.10793900845557
74.9312469890754 64.94127818413725 23.88134057303396 39.83161404527984 27.357318785921603 1.3948899919956403
71.93693784145124 76.70423800667007 10.664499932743421 41.98709230916886 63.57489000217189 65.95622505765826
4 3 	 # V Shape
9.837827776688679 83.57331815579168 64.76507577835224
38.43108843830534 95.45662260005307 93.40596462887068
54.60082340044404 0.8582383433455631 19.783180722552952
69.51970968351074 29.403048402681165 69.78609370201451
4 6 	 # Alloc Shape
0 1 0 0 0 0
0 0 1 1 0 0
1 0 0 0 0 0
0 0 0 0 1 1

4 6 	 # U Shape
36.71802877359009 20.510995820084364 88.41356397318052 2.756560426805721 77.29971852048762 53.98964575143014
56.89689084626406 85.98193573631572 41.48218724998559 23.843337412891998 3.4350036680726115 49.74530533569793
51.25111267635604 87.39698409497413 97.82361945840285 92.04525998847991 86.20506717872463 48.17593967871294
15.950865048388529 51.87992241102714 82.40327887624147 94.76501730239654 26.063938661306608 97.74195696101836
4 3 	 # V Shape
22.300294865140923 78.68983348315909 72.23367827992327
4.327744580759063 19.069210516436662 86.16170528285728
10.045709500731782 60.76312079052422 27.573579197034338
36.45702604262212 46.20819945665997 41.43757291605694
4 6 	 # Alloc Shape
0 0 0 0 1 0
1 1 0 0 0 0
0 0 1 1 0 0
0 0 0 0 0 1

4 6 	 # U Shape
60.34410703024198 45.442502119742386 57.00592932290803 71.46653466867605 6.167266915959402 47.670567643740924
12.993239148174297 55.55224284616889 60.77232909057816 5.67289705123838 50.440775070174595 6.203558840905076
75.91842178995061 16.94347375552634 18.66340368245767 54.061554641272856 38.36654461769583 66.71467459373211
30.436562419483536 50.47759814111629 50.22424582030165 0.4213138981110198 97.3094038004381 35.03449778947836
4 3 	 # V Shape
30.300754121258766 82.99690069293023 77.86223387424022
36.87946782284752 98.81118631653861 30.47945022357653
10.75861277696266 76.70787393575625 89.93828917962604
92.94337300894017 81.34835998429047 39.604692695346074
4 6 	 # Alloc Shape
0 0 1 1 0 0
0 1 0 0 0 0
1 0 0 0 0 1
0 0 0 0 1 0

4 6 	 # U Shape
71.26869899275496 14.92298859090786 32.84237574524506 19.407787521100893 42.64189723711531 93.85331605679774
93.85623488154914 48.43812484051623 48.7586966884908 83.59485455770731 80.47883244046655 29.977129599487775
1.7810964135235419 52.119617451160735 41.70964232392873 77.84770892814052 82.03630420418754 12.254695414406347
39.34631417502852 36.68121431363866 80.97150796584 13.94352933498194 11.256511169039884 65.79476017893599
4 3 	 # V Shape
79.71376792540288 59.51999933840846 42.35295972330353
77.92951858577351 69.00884371691205 56.34495576246683
41.60147471000767 38.126997279929974 90.12328382274855
21.300278435947483 46.38401158897379 41.218622412436225
4 6 	 # Alloc Shape
0 0 0 0 0 1
1 1 0 0 0 0
0 0 0 1 1 0
0 0 1 0 0 0

4 6 	 # U Shape
11.443248104551762 27.603782575278046 33.194088006146735 28.963336522770298 48.90748450137248 31.27643211589779
56.766414833452494 99.67551176616476 31.661070064752238 60.42230839256878 82.3884660426222 41.10753097598733
34.072159476991395 3.0585040770018224 71.93768370295737 0.4130113188982598 65.66438944824125 92.51769159976496
47.15257519108356 15.136804851649599 64.46944587212876 0.01115239116500355 76.4621619263374 2.7943183863614385
4 3 	 # V Shape
66.17949589842357 43.443274832573294 49.09792548336841
3.503933799802872 63.89150916527241 65.9480269727354
6.227457248721269 57.35263055641824 52.4411039419182
76.43987347625888 64.97995613867754 69.44405969222231
4 6 	 # Alloc Shape
0 0 1 1 0 0
0 1 0 0 0 0
0 0 0 0 0 1
1 0 0 0 1 0

4 6 	 # U Shape
47.53965643794638 83.7115843371426 36.57863204819901 22.682750711093234 27.50659866531915 81.90215609004615
68.31416185105994 88.74405882338617 95.90732412837669 72.26066428138512 8.043849305189399 65.17722683486588
85.243879550835 62.6109572748058 64.72663874958938 53.6687869035752 78.37193124592498 70.4135355614485
74.13136797387908 41.27251930431627 28.973667599410348 22.522393909498806 68.8686890483747 24.545995217155603
4 3 	 # V Shape
98.58256493200538 4.27464274335655 81.54181539659773
41.92327250845662 29.06392107149971 8.63156361498627
21.488339459707305 85.56349412028474 89.14908656770248
11.66033049397699 82.62996982967536 35.63804553429838
4 6 	 # Alloc Shape
0 1 0 0 0 0
0 0 1 1 0 0
0 0 0 0 1 1
1 0 0 0 0 0

4 6 	 # U Shape
0.6834872409986037 55.87413910106422 16.10268168046669 36.861917811965085 34.05745593166333 66.56073303033617
79.42681278123563 4.433680853661704 97.14457457456638 84.61210047268074 51.66890208430781 58.078571815153914
13.969582783233502 27.037403372105974 16.72294909807509 32.00055473233857 81.63488892971114 8.528306120126539
21.008864464966116 28.188619082807133 45.263234304069265 16.45916492481231 78.86143230472277 40.295346616902926
4 3 	 # V Shape
9.268024704916733 85.96924586683765 40.52390558523058
7.558821977129504 94.46429470706798 25.82434864234623
39.259290099404666 16.932920692872244 25.34982783006544
77.10546610209124 54.98569267919879 22.023778094874626
4 6 	 # Alloc Shape
0 0 0 0 0 1
0 0 1 1 0 0
0 0 0 0 1 0
1 1 0 0 0 0

4 6 	 # U Shape
8.861347997836367 54.61873342626041 72.14785229192343 6.019859636695523 80.50106947933037 86.99110672497562
49.82975417361698 58.12004834711618 92.38933067363783 80.19564696350213 47.472599347672194 23.78085242620358
81.03481029535263 20.44355110916525 15.975115005252949 61.502918983954636 66.8264667399167 70.55719057901744
52.233502757273655 87.34556681551969 21.098351328695287 51.773339936720284 45.14118923585516 88.70187669053571
4 3 	 # V Shape
90.87034357797353 53.86492778042421 8.241099488127512
6.804125983464648 64.10555166315704 72.2094850367207
14.946742411668412 95.90027416223457 63.296091002309666
15.131232126328243 4.9115297707376 72.23285417380065
4 6 	 # Alloc Shape
0 0 0 0 1 1
0 0 1 1 0 0
1 0 0 0 0 0
0 1 0 0 0 0

4 6 	 # U Shape
12.759350447691597 69.75714161733445 63.04242101884735 82.49138044015034 42.27179903006768 7.696136521944208
7.132247882256304 33.25868884118388 12.763283051341789 61.8976910502385 57.108970976266946 27.160701179907388
64.26233387133279 55.581134869623305 82.71181690104324 52.99538924572388 42.832249692834736 12.025149611114717
2.064073920400533 91.77804337839225 94.9196662850755 27.566917634309608 88.62965647119735 85.0843621344177
4 3 	 # V Shape
46.984808026040405 88.59910470286 76.70135961581006
18.92424078219094 22.960187114610253 65.19321107472086
78.59844873024177 94.11201520018734 75.27571208012598
8.632106878713541 74.87009593418551 95.94623741917772
4 6 	 # Alloc Shape
0 0 0 1 0 0
0 0 0 0 1 1
1 1 0 0 0 0
0 0 1 0 0 0

4 6 	 # U Shape
41.29304476450917 38.702830662028354 26.662283372070917 12.653285415904914 75.40066054754259 48.31978196104666
87.30231695391714 43.41831044176545 48.874436558953015 95.00487578990467 54.20015752068993 59.933777219240625
54.01092999397643 88.30915567593269 8.217683771059702 55.14898901289433 51.958468188413796 52.866297036854995
59.00856540024938 62.75339863238424 31.869516515631847 41.66101789248978 59.258945475607206 4.880296891796066
4 3 	 # V Shape
95.6417001082013 15.423469342566998 95.48423989033263
59.379557016063586 56.23376431460607 81.41659123956106
82.98076426907929 64.57317976814537 58.15161126733798
25.070898873390167 26.913528864720725 6.170160672340996
4 6 	 # Alloc Shape
0 0 0 0 1 1
0 0 1 1 0 0
0 1 0 0 0 0
1 0 0 0 0 0

4 6 	 # U Shape
26.425680282818988 83.22106921267297 93.68077904978882 81.82630233687848 73.58939748315207 60.91703715672298
83.39935481351624 75.95617210756701 89.13373234713927 99.31208002552262 91.47628881850235 25.55970454766927
8.390809941045719 31.959605097404832 69.65472957931553 66.25157822952707 38.688640537445494 48.03248701050599
88.04275572343923 28.574060129064684 5.629641508801598 87.3063282115688 16.266236848253822 26.347784986281276
4 3 	 # V Shape
72.57357403301245 69.80011095218354 62.68718142816713
0.5547107478039881 73.75184437747423 61.77629833663646
14.166212265286504 96.406563624576 89.71223230019164
57.77471390541072 41.647280574299174 98.23894928425764
4 6 	 # Alloc Shape
0 1 0 0 0 0
0 0 1 1 0 0
0 0 0 0 1 1
1 0 0 0 0 0

4 6 	 # U Shape
74.21096923194166 3.4911855182628626 4.998512771713748 78.62142681965115 70.10299897559561 83.13578554529852
95.43354713984755 97.67714117493514 2.5768795952872514 83.34140721918418 33.5616142350806 99.89673884216825
54.031547883925576 62.9784659861468 45.806196343707796 65.45548716317431 12.25192589053984 22.308435071865684
39.595305216594426 55.768319678510146 74.70094840721134 88.83480418132473 83.30661472570004 18.74037807641341
4 3 	 # V Shape
89.38926169424938 57.98704990522716 29.086985743312987
52.121781487511356 60.74958081129162 86.64772239533035
72.38805128643244 18.350514149543496 50.25597041359413
25.095426985986524 90.0650126098072 85.2033460133675
4 6 	 # Alloc Shape
0 0 0 0 1 0
0 0 0 0 0 1
1 1 0 0 0 0
0 0 1 1 0 0

4 6 	 # U Shape
4.000066054686724 45.96648253981094 37.550065003877094 73.99204937364739 81.63505150184486 9.580667788360964
7.933198819026166 59.2997058432277 70.10003593139595 54.54328389664366 15.392374972507472 71.04656736894086
72.42292204501956 96.44155078509071 55.71498949232399 95.01527293809512 65.71808577343988 71.55270228045377
9.812128383469087 43.93011118703366 21.995071081163342 58.51801096372051 67.20656049932026 19.957012816704346
4 3 	 # V Shape
46.61044822503392 26.026189089994965 75.60115233780567
6.807404030742226 81.96103344006394 83.52941396792676
21.00706161854289 69.66955162338289 99.36923790641823
91.73566205070966 30.37261909300749 90.74188233888084
4 6 	 # Alloc Shape
0 0 0 0 1 0
0 0 0 0 0 1
0 0 1 1 0 0
1 1 0 0 0 0

4 6 	 # U Shape
25.180992337995377 39.67834887961441 87.45797962240238 43.80110018882202 0.5962625999570315 16.5088672663779
48.88790705141791 66.32872910412654 1.871045488139711 36.38193409404087 65.3595455116834 12.096547013427461
7.970169169960595 79.37577301856251 3.8043922673621 89.54099220188814 83.38029540804042 11.22520993005277
15.192201784266157 35.98909461974562 65.08030447556013 25.586241065523897 37.71934126103322 54.787484597212725
4 3 	 # V Shape
8.052836900361937 86.56708672218653 20.59730178428898
51.55955341137272 43.21277262528027 1.8704772226342925
70.53088290877079 35.1076929670822 14.629977852535925
93.1407349124036 18.130327315443417 7.241543229058822
4 6 	 # Alloc Shape
0 0 1 1 0 0
1 1 0 0 0 0
0 0 0 0 1 0
0 0 0 0 0 1

4 6 	 # U Shape
47.7162638796797 51.015909731065754 67.46385021694013 68.95206610324014 42.79007761164609 34.38815210754882
49.799956202864045 0.6840062682184511 83.7207397193126 30.966608761957502 29.021950291163446 56.87927055024152
11.47103794086176 34.25376422618843 17.935888723806638 31.282618840258515 95.00590232782979 76.86697724099005
74.84604571902777 29.78459463191213 66.92648430195787 63.320215564835514 41.37720958612937 28.346800662195747
4 3 	 # V Shape
32.20780590462377 58.133243823160896 11.289360972285046
57.07717146855422 6.17872514479566 34.88514304801006
25.711041301705862 6.690825187471338 39.9565804816314
25.95248089059141 89.98762722523392 1.418042826025534
4 6 	 # Alloc Shape
0 0 0 1 0 0
0 0 1 0 0 0
0 0 0 0 1 1
1 1 0 0 0 0

4 6 	 # U Shape
6.828908737672124 61.36349331436885 37.66365640658199 79.36845283128089 66.3360646187264 47.75255831794999
4.805767966274788 26.503652733822047 28.139606237285797 96.01416087366633 18.69615840408072 42.30113199324816
51.49643564150664 38.12135606315585 56.239558613836714 15.894034651061117 74.91348504528058 57.01734139317747
34.341941523754556 93.76517317660509 5.808125693982258 49.964196452753114 94.51418214422321 8.823867522021956
4 3 	 # V Shape
28.126686970544434 22.44868677569849 76.15002171621448
0.28461821243591645 72.36333712394658 74.80024934143835
64.66996981380689 96.70570552026277 46.41557251301196
32.21828931864172 83.00419751183374 89.36112389479423
4 6 	 # Alloc Shape
0 0 0 0 1 1
0 0 0 1 0 0
1 0 1 0 0 0
0 1 0 0 0 0

4 6 	 # U Shape
80.34819773261216 32.01527812305548 16.871095672681246 69.30062147395006 24.951351419652845 21.134370915132493
55.69299331214891 83.18489049576966 36.17491143652708 38.80839446295943 71.17262544639414 9.908952313338537
21.494591249352368 3.166970338996644 31.266152261164226 92.24757472890535 6.708701532156514 14.299272122215811
29.069730725443687 81.09511181285033 78.9220444470239 76.02614469095577 90.06912843997165 4.587730157852555
4 3 	 # V Shape
70.19749204474535 50.19098918681899 13.542882660149369
84.44740571549998 9.235595764842397 32.63724204016473
85.0699631716239 91.32890897864655 17.20606541771794
72.1462615856053 0.8505792307699434 39.112289135553205
4 6 	 # Alloc Shape
1 0 0 0 0 0
0 1 0 0 0 0
0 0 1 1 0 0
0 0 0 0 1 1

4 6 	 # U Shape
8.563397390794714 27.245956490106938 17.207564324450907 8.949535544038522 96.54460128402795 98.80758810451894
49.861640748777916 22.396583058233375 43.80816484666899 88.14494135752527 39.47506497794186 72.45817057958519
51.908321984718796 50.80449077443706 1.3913754144133539 96.2088302976322 61.7602881845913 74.81689523794876
51.34080759774815 98.56385711732459 82.69827239258514 57.42393975152893 82.02001722101235 75.14826116314997
4 3 	 # V Shape
9.1749800357384 83.46686377519153 66.5909880809891
12.62642720348236 35.8302031803048 96.3900624311716
92.59874733760347 80.76721029466265 28.77485086609466
64.29213775006211 30.97607629354462 55.39882805192089
4 6 	 # Alloc Shape
0 0 0 0 1 1
0 0 0 1 0 0
1 1 0 0 0 0
0 0 1 0 0 0

4 6 	 # U Shape
52.422218327058665 66.48650749857636 16.02516608472203 56.57916615591747 3.9320734384423517 84.28845244292515
9.145544690710395 40.51024509088855 68.33060759908828 31.104875461845495 37.34769129933607 69.32727047360773
46.174488514094 46.578208742456276 72.09665750674537 41.22431451483207 3.9497107977942703 58.22259485659455
94.8504160596238 55.49399755415436 1.9185024222518 44.302499690492745 85.43109959998262 16.09912129899679
4 3 	 # V Shape
54.10968810828059 94.09209541193255 92.4779999588602
15.183668936041828 95.7662790151683 96.87772955018865
43.85286667781476 50.772487863281555 92.62383385801397
97.88113069967564 42.35756519692077 42.83023469165158
4 6 	 # Alloc Shape
0 1 0 0 0 0
0 0 0 0 1 1
0 0 1 1 0 0
1 0 0 0 0 0

4 6 	 # U Shape
24.97121269118968 91.56875340314888 81.17498217310305 65.40152567368408 40.26164115963206 0.3390743710354083
45.849509187971435 32.9476641047725 61.8441131697115 51.07904803085634 95.45707794360509 6.15412640401879
79.76149688813605 34.33613193592235 79.65577372223845 38.140821565492736 23.747645111072668 66.73302520802355
83.69535091111155 24.842197097043815 19.657274001463175 47.11338577524926 41.403884734193255 8.879418694761432
4 3 	 # V Shape
24.903288438013494 47.2065847096832 35.584067285021014
76.33844447271953 64.57976565093742 46.61944895221267
61.99022512347126 47.00020689662684 23.950590561444095
57.5146287416336 42.62839813133542 54.129576988667274
4 6 	 # Alloc Shape
0 0 1 1 0 0
0 0 0 0 1 0
0 0 0 0 0 1
1 1 0 0 0 0

4 6 	 # U Shape
55.630200703472084 31.292628780688524 57.6853573322742 73.20884540295859 54.59605897101406 36.716386222643635
1.5551885873193338 65.45848058879618 25.722693599950354 79.23864424325005 12.158692358160339 64.75931679325083
39.77666101274385 66.42292716329888 57.51803283089766 82.7456659482563 92.75974003566009 25.742256927494168
52.83066929948612 47.39411743148053 9.753889060491861 65.61075506133534 78.36496942323376 18.02639544622182
4 3 	 # V Shape
95.5244460814421 58.544383564054826 18.963629608393827
94.04049519767001 64.64981483420601 42.13122020775326
97.65143921416512 60.18951083880295 46.32073399254759
63.239128797310116 74.25499535404775 29.810022391316803
4 6 	 # Alloc Shape
0 0 1 1 0 0
0 0 0 0 0 1
1 1 0 0 0 0
0 0 0 0 1 0

4 6 	 # U Shape
51.683936688566 25.319183842882474 89.8484827133505 21.691725266616892 41.065741341150975 87.96855397820372
15.711907742292986 37.39751561219226 73.0901639826871 27.920713609817017 12.859294660153664 25.248029938238016
43.47295638386809 67.69114528065965 67.49532438790268 15.824082541640239 73.90565748575956 31.43465268504769
3.1164192359865672 80.1169009801147 94.07771226821711 38.606774114081986 27.963071778719595 15.695348954430944
4 3 	 # V Shape
48.22761438269018 57.07832416182899 34.76053877258594
48.11276766835716 12.654385017830293 52.134033065908206
37.682088878767196 12.319987527314568 78.50339833387714
90.92586049738675 32.61437781632958 94.87447858996526
4 6 	 # Alloc Shape
0 0 0 0 0 1
0 0 1 1 0 0
0 0 0 0 1 0
1 1 0 0 0 0

4 6 	 # U Shape
27.131263868738454 97.5299880163605 65.52611252430258 54.13225402168532 86.65513721201931 59.65939688312678
50.04651562261066 52.54948531807997 80.63760408930123 97.28676757023823 75.1812558056582 29.657391952726442
18.72461078170875 33.456070856288164 85.58978929127353 47.95530133284205 9.604846715624015 7.607198345782318
42.14396294510282 0.7737534655219869 74.42730736829996 21.357169016766385 28.640590938885225 52.35045824509405
4 3 	 # V Shape
80.7991401887728 35.266532570810774 63.37152596804465
41.70010994362144 6.121421749748257 48.358663817926015
39.02356718072736 7.198294451452181 47.871768482554934
72.52394145025468 10.947466352786961 62.52067581760393
4 6 	 # Alloc Shape
1 1 0 0 0 0
0 0 0 1 0 0
0 0 1 0 0 0
0 0 0 0 1 1

4 6 	 # U Shape
99.99322717954352 27.21915130618414 95.28031932016258 60.48231147653068 37.277684168286115 20.16524689479865
75.64541764692659 74.29926291091915 27.817314715173968 9.065709717954551 51.156348339861054 1.2150826203907172
6.220147089638739 91.57307496883644 70.60171916114318 50.3783655993552 52.25196585392818 23.179242440321158
97.62451231408498 5.719619752274808 44.272446486888015 62.89456326959707 62.720232925056685 21.479783055779688
4 3 	 # V Shape
29.06680081104911 14.81185543024166 17.161981455073004
66.31095641151772 7.3517075348183525 37.16148584091727
61.933947823978755 97.61860536749255 49.03006194186085
77.70104413954472 35.44382112908835 13.28672980338499
4 6 	 # Alloc Shape
0 0 1 0 0 0
1 1 0 0 0 0
0 0 0 0 1 1
0 0 0 1 0 0

4 6 	 # U Shape
50.41696022866162 90.6665387410581 72.27292056313355 15.981152239408313 71.43544348171051 68.33025739589782
18.072435998014825 75.3096223256391 5.962871895310107 89.42796459451182 95.33247345071922 30.15900142562903
59.76356089255916 38.64376581886365 75.60731017214485 21.721779266469987 73.16137520393657 32.15583004351582
34.53474002739838 19.86172453442854 69.87518408240219 61.68491386907885 77.53066909900413 84.95663310560684
4 3 	 # V Shape
41.079836022909724 19.652781622677463 16.546881664022106
73.56932731392082 94.27585522406976 84.86456713866984
39.00292779247675 42.37370343145418 58.01178703323575
18.758542199232576 8.495199998521274 15.478628313693687
4 6 	 # Alloc Shape
1 1 0 0 0 0
0 0 0 1 0 0
0 0 1 0 0 0
0 0 0 0 1 1

4 6 	 # U Shape
66.74548634497926 91.96854001972345 41.48259119790868 80.3771772426718 77.74032760122495 34.760438429741555
75.20406598267193 8.984356943135396 84.30549960316407 3.0361057974593986 38.89982944396733 25.485494440352895
4.22243646660595 27.300695081939285 88.3483957987173 32.98863964145765 34.96199251850287 87.49396722280738
44.34890383988973 16.41479234608013 36.81130943454139 91.65688126142847 22.90721094379099 82.3089676208061
4 3 	 # V Shape
41.77616256153406 43.159672242882785 40.03614538729613
16.4411760591313 18.135545428978983 35.691741821784326
94.63397992558079 49.16674733073171 99.5511956324309
76.00411934247528 36.717070162522525 92.97645900268185
4 6 	 # Alloc Shape
1 1 0 0 0 0
0 0 1 0 0 0
0 0 0 0 1 1
0 0 0 1 0 0

4 6 	 # U Shape
80.88036543729397 49.57417549919201 34.91936895834098 35.49517771659285 90.78127270033428 37.82361675001403
46.36189907519784 16.226094364036392 20.492455383408405 50.433874306907214 36.097218567115874 0.5058687732082623
77.67972105840114 26.817422261272426 72.56883142419676 98.65463914910967 16.15314207841452 24.494072353390617
4.0039634307294065 91.98925145335546 1.3613651515928527 32.872229960336206 53.4537371167002 79.2289998029358
4 3 	 # V Shape
74.52748871108115 3.105513928615944 40.07334473986788
59.93383501078049 35.71392228380134 31.884888553248047
59.27139716798825 90.62811416214998 76.57324738272222
9.667673463209404 62.346846428553214 94.72949271690435
4 6 	 # Alloc Shape
0 0 0 0 1 0
1 1 0 0 0 0
0 0 1 1 0 0
0 0 0 0 0 1

4 6 	 # U Shape
4.29670735770844 32.62399899364101 48.05766357137035 74.07402823342376 16.780815266364748 31.428996254914377
42.90997581302025 92.65453212645092 24.166577066436158 38.84058659097903 53.044143514050845 35.492187695966315
18.975677752724064 66.36328445041555 73.17777105845398 1.7872025236964073 42.46682371382001 64.36845876318097
23.504565248420906 20.08257390901187 24.25343668224562 3.209195270283516 68.08658985940492 55.08944580277427
4 3 	 # V Shape
39.554064101387056 63.909607247710056 81.44716037304845
57.809888846594085 73.24954153067547 29.037736190813835
24.77103327789504 27.6696567973162 43.26382065927893
75.73133586444096 78.47681845737324 25.47593189974917
4 6 	 # Alloc Shape
0 0 1 1 0 0
1 1 0 0 0 0
0 0 0 0 0 1
0 0 0 0 1 0

4 6 	 # U Shape
48.41751165894566 97.63604433550063 11.06508417931682 97.75370765384223 37.457227211035146 66.86316852246841
42.60653326357006 54.26995533019555 40.41711403362525 14.26451974305547 42.93948797735519 16.991566998372875
4.383958619755912 38.9082448869723 27.52682186847889 1.9341917047235757 49.770552975100955 64.12376011200725
43.96626836667086 34.096675482740956 55.00982788443001 33.100649384276615 46.37074210062091 69.70299711845378
4 3 	 # V Shape
55.616353197562404 44.37347279263779 46.368996038824505
42.63174270680118 55.6184638436317 22.12205958126725
57.13872017614566 8.042361633668992 81.08604444217498
91.60941019659174 9.94235927717282 87.7793280914121
4 6 	 # Alloc Shape
0 0 0 1 0 0
1 1 0 0 0 0
0 0 0 0 1 1
0 0 1 0 0 0

4 6 	 # U Shape
4.750430583736143 47.60995730605618 83.28152366236561 1.7872407554764713 48.39850368756178 44.57474865709627
6.598811893571577 78.22760700686501 33.65511966038787 76.03192799017229 23.18771080637453 63.67315527162346
22.30397598321684 23.850299135822407 51.271384355347315 24.354220477179044 78.3078778328367 76.03007366899277
36.74909773072122 30.8879856046144 94.71605907888939 87.40551551820845 18.815357019396906 11.0030909871766
4 3 	 # V Shape
77.73572375941964 5.2406216844209315 10.440218339713336
62.38799416203178 46.986970089875456 16.132774267452422
12.372861671016322 49.81200240073751 31.273307634210802
75.35364689276706 73.12108557364421 4.319895577625932
4 6 	 # Alloc Shape
0 0 1 0 0 0
1 1 0 0 0 0
0 0 0 0 1 1
0 0 0 1 0 0

4 6 	 # U Shape
96.00495484803666 22.067971666513785 53.79592298262945 57.948586852527626 95.50220205351745 99.88599959780863
90.64126243845332 75.50118726490464 74.36032832257428 0.3945447562875959 39.21493212332332 63.13385818829107
62.423964597844225 76.59415035737506 49.54027809308099 93.71856151765829 3.2281508230665446 71.59407400285743
99.64812097614868 87.0994112661535 36.77978137859296 8.01271949157466 88.30292946883431 73.25439595019037
4 3 	 # V Shape
9.660232191472373 13.126500063296065 60.52327258377517
32.669692484504665 79.37264441024307 41.24593106882606
11.387398851042141 81.14914341121934 46.537132975300054
72.95830093813692 73.62579338524453 72.72181269433786
4 6 	 # Alloc Shape
0 0 0 0 1 1
0 0 1 0 0 0
0 0 0 1 0 0
1 1 0 0 0 0

4 6 	 # U Shape
34.86936708366698 44.70948070054981 69.21940761010677 18.37076455815635 8.267395963734092 43.0219835506481
12.43856295185104 29.717906666374017 71.96403212410677 22.065040554444515 2.788552433901925 2.7964112935527696
23.25866159693706 26.38984006693006 73.21737688453332 78.16906814433396 92.47832288205126 59.56006222108776
18.38660245510797 52.127782422437505 36.55568104978729 90.13803987024352 76.05421315885016 0.6702540994242723
4 3 	 # V Shape
60.73720491090948 83.98585383197452 47.1267129973636
87.37530721541174 80.17949241448072 17.5071405867003
38.24826485486401 46.209353805778775 52.13673997833339
47.225700015332414 22.811261277524576 57.123396295429174
4 6 	 # Alloc Shape
1 1 0 0 0 0
0 0 1 0 0 0
0 0 0 0 1 1
0 0 0 1 0 0

4 6 	 # U Shape
9.872563508419663 9.162870395076549 91.9456475157614 21.096229193583948 83.54560178094195 93.42420179924487
35.8372155845716 54.85067577462044 81.8092766821922 79.17948850087063 78.71423590866665 51.7042914308929
43.20044029157264 87.61189598283636 22.762019517019983 26.324378504214753 94.58496390594381 59.27870270426495
49.36656085862412 82.69747557052902 52.09929880557661 96.51705957499507 53.05863655939521 21.247433341875233
4 3 	 # V Shape
78.10134707653468 77.77871953684253 4.815316017651783
3.0132986821654772 99.34172988758479 35.4805826751484
7.945805006408168 87.84811979578602 41.11090192356217
35.34933467062734 20.738100508249435 59.105478705084835
4 6 	 # Alloc Shape
0 0 0 0 0 1
0 0 1 1 0 0
0 0 0 0 1 0
1 1 0 0 0 0

4 6 	 # U Shape
41.49642924667057 64.32809683165254 80.40181892322173 57.13419469683636 23.01570718108983 79.01486540702825
85.76133680291392 35.62406121815859 0.012518182458565175 38.84656462401929 49.14067951929179 74.2737530522121
35.65834307989248 34.351498659461924 70.811962892273 13.250793334686817 55.217700984688676 79.98796152628552
86.49435075084338 71.22903967667465 21.370717991358045 55.74704972551295 23.684878797092612 88.34878777822449
4 3 	 # V Shape
89.19866653200346 84.9516155656241 17.41205243689663
12.8281798573878 10.74634639159483 39.017690629188785
91.61499190853645 85.92503125320951 83.06691232907639
32.4525985068452 7.584938807940789 5.920029523562453
4 6 	 # Alloc Shape
0 0 1 1 0 0
1 0 0 0 0 0
0 0 0 0 1 1
0 1 0 0 0 0

4 6 	 # U Shape
53.283270858696405 74.18927827134692 13.438972322763998 50.024172395083056 99.19866620072091 13.911530244859339
87.75098411155271 17.49973144550967 78.0752076154759 2.7286776349384256 31.52682142633878 8.511805406299244
42.942189399211784 12.98410034958961 92.13102073847837 25.135362351395194 42.074425783966305 20.567909222475798
26.599420887346337 24.96964732839476 48.11851813693854 22.725509748561546 42.99988815428479 17.561078893323025
4 3 	 # V Shape
41.1233038051 25.374824637417593 81.96118994808931
80.09347239784417 35.35422669488345 40.59168446437993
28.372722665175054 6.761166683149799 95.18336790158203
12.999130834622076 54.19183979418234 89.31263773002715
4 6 	 # Alloc Shape
0 1 0 1 0 0
1 0 0 0 0 0
0 0 1 0 0 0
0 0 0 0 1 1

4 6 	 # U Shape
11.323033729837995 59.05806318791166 14.471643624177899 89.43923147332796 64.73324353899984 10.826784627053998
72.31065118633946 91.39308934468605 5.281315200663661 50.62156420585925 58.7558634418026 79.91645150110186
19.920404324131457 57.50033489542541 57.38049505290571 6.099697266171422 93.14120324758383 2.2856154566067377
55.93071290180601 51.04435866858887 41.64803770819806 26.51063937548748 91.82160657788869 20.56674256130806
4 3 	 # V Shape
74.91082667465747 87.30482057168388 54.00063126586322
92.9972888934792 32.14832348688762 59.53022054473023
58.66073993519378 92.31363128595518 28.041070035987982
8.682786095304317 11.923971485502193 47.160145637042994
4 6 	 # Alloc Shape
0 0 0 1 0 0
1 1 0 0 0 0
0 0 1 0 0 0
0 0 0 0 1 1

4 6 	 # U Shape
3.871954824185886 85.44756361913639 69.94983368900648 54.45021249884911 67.20883995448959 59.084838784483196
0.2094839571535667 70.98579021245338 65.3018812723442 65.45183654607544 24.819706301843514 20.12029092533618
93.34163501426262 62.3522510639535 20.808419141945667 74.79819906193411 3.8009038849416643 66.82279989228138
35.49954899902674 42.10868158213098 9.139274214067317 57.20042907469296 23.82773077868673 57.993926245873936
4 3 	 # V Shape
26.037770886943967 98.89044835220783 42.735690112109594
10.29995875345665 7.363989651644943 11.338389644149915
92.83290999993035 82.38433680173543 2.142761806870508
11.017245744131653 31.652646847306865 98.89576948304111
4 6 	 # Alloc Shape
0 0 1 1 0 0
0 1 0 0 0 0
1 0 0 0 0 0
0 0 0 0 1 1

4 6 	 # U Shape
53.044429496606114 66.20226158374396 11.506719569895552 82.13738732124239 1.8481384921289812 55.07614252632143
50.652025516806674 0.3005117339258234 53.01700778301295 40.96450077843832 3.0140784894503336 56.542117770907
18.654966153090903 43.048929411287915 44.68312624248095 51.50218005025336 41.07507804812664 82.73234675982464
78.82477810078846 36.58195557620645 86.67838041525 13.357355253648784 13.860439172817129 94.37400611753955
4 3 	 # V Shape
31.707596090294466 34.52054758756977 14.474786710688948
99.83305688766784 84.33046133712556 36.973389770630824
84.46417526874966 27.155912579012444 84.51551208620664
19.71065288141419 31.818103447630676 53.92740724132773
4 6 	 # Alloc Shape
0 0 0 1 0 0
1 1 0 0 0 0
0 0 0 0 1 1
0 0 1 0 0 0

4 6 	 # U Shape
94.45287286779241 61.133854175788414 57.235592805565915 99.17070415180243 85.24027037962026 32.998170607781994
5.637777773781572 84.74982420980068 50.048101949294434 97.39362749525426 94.2856260476972 35.09176893836068
54.5039598962434 86.53057678413857 56.29854928255976 82.0447259356073 17.44079250171141 38.097129064744614
39.00186198690426 35.16599171894812 73.18099363188723 78.42416241305177 43.39031813679001 53.94738868561183
4 3 	 # V Shape
89.37637485268773 68.6191956625164 23.66015160014644
44.296506364572366 18.810888990792087 67.19785416256579
98.48289230210186 1.3031301670197726 27.311572258934834
13.015657781179735 43.8213945542794 62.29495035874725
4 6 	 # Alloc Shape
0 0 0 1 0 0
0 0 0 0 1 1
1 1 0 0 0 0
0 0 1 0 0 0

4 6 	 # U Shape
71.26234866083514 30.771490579945993 72.3157858964155 78.2198697983766 56.84111762903932 22.96010474189686
8.580136764583667 97.04777592475324 29.84382431261434 97.06655740541686 36.52923386066512 32.205215481086455
65.24796371742077 79.63053600842935 99.11273197720305 39.121460971578955 29.577876804073412 14.001080749571504
18.641913449661395 90.38892914817934 74.1648516093568 64.03280374753218 80.06502133203504 69.61799506653128
4 3 	 # V Shape
77.29504563687112 35.68432068635106 18.637225157717864
9.085906099110364 44.56814484590136 65.68251102383516
56.34386085460458 71.42013307151794 84.62421267239979
18.5498604395795 26.076873231311836 99.1933042313379
4 6 	 # Alloc Shape
1 1 0 0 0 0
0 0 0 1 0 0
0 0 1 0 0 0
0 0 0 0 1 1

4 6 	 # U Shape
51.550613806976806 71.77147499049984 85.40095788021848 17.094702970838892 40.06851861298002 4.459617677947669
64.51679697029003 30.882984626781518 12.17040707451904 53.03738286029282 72.089694609437 58.186235147083465
4.17706536501915 91.97128933275307 45.04176858855546 62.426541428571234 26.883876891684178 89.06231849822079
34.412831428445934 89.12911199416898 38.698079213098225 19.374346288943933 89.45886341760341 62.44945536218132
4 3 	 # V Shape
23.332525759799637 32.85756308458384 99.70579846619316
18.332030363043916 41.60678986843551 85.41335416705554
2.654671481997395 97.08257906709315 19.61956645266988
85.81653010351485 45.8061613001465 75.76773641648089
4 6 	 # Alloc Shape
0 0 1 0 0 0
0 0 0 0 1 1
0 0 0 1 0 0
1 1 0 0 0 0

4 6 	 # U Shape
5.317846071822685 74.83383134684229 95.15926339376207 83.6494564167982 20.963493217376282 1.4030297713467976
37.82445877259776 51.301868708297974 47.1607169997656 28.441270833485156 18.37494581975294 13.082910538166182
66.36727907433657 76.31289065084376 71.11400616928657 83.87550085473706 77.09306386786436 22.506129015249176
91.76966627900896 96.91121885343725 35.47245633094814 62.78436932845594 22.826991657004857 39.59160169816003
4 3 	 # V Shape
92.48557747070225 85.67734126624192 4.655595737838647
32.37297607866274 54.51186167806029 29.662627753993643
25.967992558937315 74.05302138755975 48.372960279002854
39.03901885413473 28.291993161986085 18.634286246530174
4 6 	 # Alloc Shape
0 0 1 1 0 0
0 1 0 0 0 0
0 0 0 0 1 1
1 0 0 0 0 0

4 6 	 # U Shape
87.50915023017363 6.786083175054647 49.05531731002283 41.721583992864886 23.92325520666494 47.21099767917863
0.7834234780661364 21.702821895370928 26.310184991623686 26.036877440382955 86.27397768516656 63.88454258922223
74.77024822012184 18.761734500057948 46.25305815423838 31.001573618999945 84.13619041286496 80.1965731301366
4.555571974137118 1.2215294465942272 41.702977590703505 76.81211044903966 17.638102190355475 33.63089636327196
4 3 	 # V Shape
58.61054819770737 39.82186119554522 52.74187960724196
94.58179039425865 50.74825934393095 53.493940346768156
99.35696031565637 53.78535214502197 43.028090904673654
26.42105320116057 42.911699104561684 80.3831335112555
4 6 	 # Alloc Shape
1 1 0 0 0 0
0 0 0 0 1 0
0 0 0 0 0 1
0 0 1 1 0 0

4 6 	 # U Shape
16.228569142312587 66.01843725115167 77.72282273956625 7.715607405020464 78.90228534303 35.96926124605968
30.3535080158156 81.19912075452893 51.796106598989276 27.78326834525465 7.433829606344133 3.2287464900254803
65.68448386922768 48.39791159103272 35.40024612675781 97.89101034200618 2.991381258980752 8.69765216184961
9.466776901504447 76.89559553738692 20.333284621614624 58.1739774925474 70.4925314383595 27.724416853667122
4 3 	 # V Shape
76.35048668966675 75.76865974105269 22.686198178895054
90.71999535827608 37.05989228656039 78.55655236985493
35.954483510689336 92.20712397044531 9.849454382262468
16.639205636228226 51.6384021876278 40.96358619088909
4 6 	 # Alloc Shape
0 0 1 0 0 0
1 1 0 0 0 0
0 0 0 1 0 0
0 0 0 0 1 1

4 6 	 # U Shape
48.70166087241563 22.405715142840588 83.73513933783879 76.39949244960815 84.78479109853521 82.83382741741107
28.774790340106073 27.264781239845924 16.839529375155482 53.23084801379216 4.419419723548989 16.336881769362865
88.96599659069354 22.805561236414384 6.613063762599769 7.872707061768236 27.443853620772007 59.85128313476478
44.879861728390225 94.72105144543184 53.1084702286821 87.5610701236416 16.90568836019699 22.664517769259085
4 3 	 # V Shape
88.89188654011771 42.907184380288264 69.45283260683568
62.27001493141914 68.44610593662298 80.47651705576439
39.78053819950571 13.673690403713367 21.87227273216554
26.426370535901146 53.41003465141405 4.146902412580122
4 6 	 # Alloc Shape
0 0 0 0 1 1
0 0 1 1 0 0
1 0 0 0 0 0
0 1 0 0 0 0

4 6 	 # U Shape
98.44358222241341 85.04100962139626 5.192903454049402 94.34196705065344 56.59235698999153 60.64200559773853
60.003383378999395 69.63363950861266 10.226967131563514 51.18259169434448 91.08745114677482 0.9411409787640546
43.10335210280116 44.606237906505406 49.71067682563968 17.19596898627087 33.337654392347346 17.385938837224113
18.778510647334578 81.49055785396739 89.24325492671599 67.58070857089444 32.21466677625248 80.82117594445316
4 3 	 # V Shape
15.47691446712628 9.547992701173214 87.92999770684486
92.58856098535323 68.65504709550932 63.05570618770984
34.84317030926864 15.344880890900026 23.931055544540957
8.284925104539287 27.567805714566617 61.7815885002706
4 6 	 # Alloc Shape
0 0 0 1 0 0
1 1 0 0 0 0
0 0 1 0 0 0
0 0 0 0 1 1

4 6 	 # U Shape
58.33229474421769 8.16875724323073 10.778335638902192 89.97920814858782 37.06646974606982 76.71080729923688
8.568645456144463 32.900143666914225 65.59222091263366 54.595802834952956 45.72438372219706 2.1107053761513006
47.374946376700656 71.57416737789768 49.48810354471731 80.24136505133539 55.41707942217984 81.10925314904445
80.89083506447484 35.14875695888836 86.48706771528441 89.09220891423172 0.3748092091081956 85.23272003043262
4 3 	 # V Shape
82.86219448940096 25.75761471127248 50.054326144010695
87.9094160993014 8.909883725371992 22.700349241456575
46.40871567845378 62.355422010526674 73.60352096199789
19.911729591592 57.34182350726561 69.21971773543227
4 6 	 # Alloc Shape
0 0 0 1 0 0
1 1 0 0 0 0
0 0 0 0 1 1
0 0 1 0 0 0

4 6 	 # U Shape
23.475678104657227 4.793226274717655 66.26325174613072 95.40093893952165 30.991371556696233 79.6349798051583
44.79085237696091 67.67763140688334 51.428864442455044 2.6360941564626095 11.222041695327711 69.22900247794462
62.7734775528179 82.66173378831859 46.77721560062995 10.911395572261407 38.378603559787116 13.218528802518204
23.764615059169724 67.71262466726564 78.4204043454635 15.67665370488277 33.998661130434506 47.71987454945553
4 3 	 # V Shape
95.0387529446467 81.04516316745023 24.414891922435878
69.90509343175744 55.79204322139927 22.700714995305027
68.97340250375656 99.22661475714924 2.0973005429468894
34.873878141609396 28.715640031205613 34.31949374914374
4 6 	 # Alloc Shape
0 0 0 1 0 0
0 0 0 0 1 1
1 1 0 0 0 0
0 0 1 0 0 0

4 6 	 # U Shape
33.84295903472029 80.7506595155126 25.961628755823174 23.061043641716118 52.848083654041744 40.60957299616164
2.5826058632163584 83.27738094871981 14.2705372870234 76.11313749354476 41.53007128647116 74.30476343323919
90.39236524461629 83.5479023862542 97.2406399818236 71.33780942899732 39.707915963126574 6.983926674595264
6.870129683808934 10.351286342824405 34.04426354642512 14.685281037262554 73.70521791245895 33.868984318926756
4 3 	 # V Shape
92.95898303860021 85.95244762587767 59.31623333310986
1.1104493544980443 59.20976660190994 13.070905489702033
98.83428188187024 18.61474188167356 28.846442073232726
11.979464151951225 47.44506228437656 35.431483628187664
4 6 	 # Alloc Shape
1 1 0 0 0 0
0 0 0 1 0 1
0 0 1 0 0 0
0 0 0 0 1 0

4 6 	 # U Shape
92.50986381187089 47.118937130708105 48.95335977993006 97.55017242081404 43.282830252757044 4.843203269117602
82.01446899814354 75.09028356859847 20.257264882709116 14.947134199077361 5.00711629203574 96.34705611623845
36.457777881194566 18.64425915511071 97.99164705231242 17.08531250650673 59.451469766135 55.97500461673839
96.3730373624306 19.714933242034537 95.1866749104415 75.87514886065202 53.398552061306795 36.31072317037343
4 3 	 # V Shape
28.860714611339244 88.36087311751214 38.29218197251769
60.540279879451106 53.3490632593861 91.57228801898586
2.8779300406767683 42.317417127939315 71.79365094755877
84.11336670440073 77.26830010620046 10.106954174834081
4 6 	 # Alloc Shape
0 0 0 1 0 0
1 1 0 0 0 0
0 0 0 0 1 1
0 0 1 0 0 0

4 6 	 # U Shape
39.93641305087884 63.11911937985475 87.63187246886122 50.828431681441245 95.02442631235462 27.546727445827745
99.3352117856623 47.32864111355869 70.74101383640576 99.358674495852 34.84096265609398 55.678351432304574
95.97404134110141 85.92682834661922 11.497763729859168 99.80660788154067 97.12373191416266 57.90319768451441
79.62310918955058 67.2698516814 27.8046111945774 50.64225824987635 4.961266500786376 32.96840037158919
4 3 	 # V Shape
0.008330438111248117 25.927819168511057 49.111850240986676
58.195763845536916 63.26534001982851 95.3711511316806
20.067632005000313 1.9792102506558606 82.05253435527634
24.066404943510022 41.50692949614976 52.131166157190236
4 6 	 # Alloc Shape
0 0 1 0 0 0
0 0 0 1 0 0
0 0 0 0 1 1
1 1 0 0 0 0

4 6 	 # U Shape
80.51974425122506 55.11929421444155 46.42060410415486 85.92315436573548 6.9602773293150015 84.23775012502742
20.713264648846973 29.768406849744878 11.655583248815926 4.5410606799416 35.25483628369379 6.7227070873093435
19.233792974734577 97.7106720135897 74.89291187802061 23.182024182096615 83.81880576682994 96.64713876101564
43.78168715312678 25.388338003263467 13.128480671147747 6.377632831950175 47.85796219446938 95.55726624918506
4 3 	 # V Shape
16.896866547153657 48.02618670924909 58.240676096858465
51.003587285580245 2.7246773987010697 57.0008564328142
24.66985134144157 80.27153613159669 1.102523685057366
39.830349910527204 17.46323377506147 70.52518212370597
4 6 	 # Alloc Shape
0 0 1 1 0 0
1 1 0 0 0 0
0 0 0 0 1 0
0 0 0 0 0 1

4 6 	 # U Shape
76.03451249424513 26.708066472373883 50.46276346362454 61.16412951478822 16.900855566192174 65.03597184937622
49.55111165588399 51.081085881139366 24.835090626110524 19.762149775196125 73.8184772724064 33.61433360943003
0.44047251656395003 68.43631967599066 44.69651938528474 50.590394302105835 48.466702337542365 78.15754166548395
39.78763505510491 16.97742119009581 55.09243646276356 35.401769253343154 35.79426083743377 63.84850495085804
4 3 	 # V Shape
66.85505517979014 68.66430646763474 39.82382850449493
19.571467679222422 60.71745848283297 82.6587668606214
62.25189074371556 13.414569889339468 34.8236891998515
51.49456194303668 32.2725531953891 35.80073008022776
4 6 	 # Alloc Shape
1 0 0 0 0 0
0 0 0 0 1 1
0 1 0 0 0 0
0 0 1 1 0 0

