4 6 	 # U Shape
24.74935392952624 96.63270712336434 15.142228210831043 21.895969815570304 29.45065791350423 34.532969723824216
99.13350548775414 22.6584753119491 97.58937796242493 11.181192927145345 17.300408557125902 79.94742130853665
91.99716498921566 53.431320382351 9.6597721436257 11.76223133280877 26.507860557740738 71.84649282847568
17.04022130931724 98.28114590298321 2.6804452736408413 1.1564627754315993 91.52509177586519 88.34720458277415
4 3 	 # V Shape
8.143490856823178 69.67538222028537 68.99806518266894
98.34085717043172 65.45796495052164 18.983453299709897
81.54922601389539 36.250668057515135 3.9864423244588054
99.61429610759363 68.01742634766164 73.53416790201952
4 6 	 # Alloc Shape
0 1 0 0 0 0
0 0 1 1 0 0
1 0 0 0 0 0
0 0 0 0 1 1

4 6 	 # U Shape
50.23202382650055 45.61218152233627 73.44902289458818 62.094354132229945 62.107022668881385 15.01726341960331
53.82745459850139 12.034724351170079 15.30255220213963 45.017855681402544 42.907234720670886 73.36620808382345
7.357155006150706 27.878582976294165 16.52937745810068 50.80881384605884 57.92511525815143 63.86079282274959
21.402570433952185 41.757764842293035 46.68141805992988 8.30692156172197 57.02729080512439 22.851756266476887
4 3 	 # V Shape
3.572971978146555 96.45292782200072 7.465994655778141
73.04802408534587 50.26299236106217 9.261083478602606
52.39493543593387 43.42179614794834 54.80164067044673
93.500696830084 99.50503029569349 66.23180737805964
4 6 	 # Alloc Shape
0 0 1 1 0 0
0 0 0 0 0 1
0 0 0 0 1 0
1 1 0 0 0 0

4 6 	 # U Shape
5.66868117650241 29.78681759800821 33.038747526329985 15.93432438671446 1.7522261762135005 80.85850721445954
31.023432319657886 77.33800317999392 14.480914066594009 20.600546841101664 28.706552313376143 58.96541586080964
88.55373318516871 10.072286166725464 79.40688823731074 66.88315301334208 88.26937072369522 7.125013121099888
13.334447947327888 6.238349680809874 75.89498153948662 45.33927918427072 17.756952497743804 56.68330888966572
4 3 	 # V Shape
90.05910263374368 76.28285643107034 68.79920820376579
0.9493379703321425 41.39895914480699 47.962577251254025
23.117884345467154 51.1657575310747 43.611962307868865
62.29017561253571 5.548960084040921 26.19889121662604
4 6 	 # Alloc Shape
0 0 0 0 0 1
0 1 0 0 0 0
1 0 0 0 1 0
0 0 1 1 0 0

4 6 	 # U Shape
60.40894955045737 7.96724169393287 49.51479078272803 47.407198550859356 73.58054371264411 29.345630302342073
21.708887349205895 20.558061544180852 98.20503575581083 45.29237005286541 95.8684969243783 89.61065597258336
44.090703676897135 40.996198940723616 66.09641720351465 93.3981338353756 80.45369751086035 47.44753025036478
49.39436141326402 25.539501241507867 60.7494158212376 6.3269073011160355 57.14734535112468 9.147924548450192
4 3 	 # V Shape
52.05341493580471 59.765240648602756 77.26413691329293
52.51120281554128 63.92751375510108 54.036689209035046
26.55824352378039 31.09784917360907 44.30711279584959
37.684684568187755 56.731837983441146 41.287517029972484
4 6 	 # Alloc Shape
0 0 0 0 1 1
0 0 1 0 0 0
0 0 0 1 0 0
1 1 0 0 0 0

4 6 	 # U Shape
86.22832117344153 71.90960249905002 44.32717741428049 94.43620310531782 84.5103078684708 97.89708573721711
61.1274319856733 42.01117684576213 36.045294851089736 35.16656687015909 97.78265285290445 22.722590118120813
59.18952913752216 15.568349707615337 51.68498308547548 45.381336946221815 43.99425587260373 85.44771157082116
35.40998674511469 51.99297524382928 96.60030147421982 61.05629462602431 63.482577029101726 55.25027768441883
4 3 	 # V Shape
51.60449356069093 84.01556338113794 10.50565714094155
0.7784874103525574 68.91801790725933 2.0380497727165325
96.02759711124496 43.49442250803969 15.84894280022774
71.31326578453681 94.24680567791833 64.61445922418268
4 6 	 # Alloc Shape
1 1 0 0 0 0
0 0 0 0 1 0
0 0 0 0 0 1
0 0 1 1 0 0

4 6 	 # U Shape
23.42727716892943 31.885067688072176 97.204906696094 8.651005505353382 63.20865441272907 14.254450954075592
51.00851389290341 19.264542635407068 2.5156964345572574 51.22614044196322 44.44099741792109 67.18121775724832
24.65362703154238 96.59884078808976 42.93021662036575 65.27038227583593 69.04066498378786 94.90471834601993
67.03875046532724 18.293421078774465 65.02391544119632 81.2697349748423 84.06253044728442 46.4643325300053
4 3 	 # V Shape
66.936445616103 92.11094917959663 49.502464845912996
46.03616046900528 95.91930852745843 98.76548794672738
94.46483884084816 95.99437093757149 25.548290003860508
61.48008677161223 49.29424795657468 47.975433244342135
4 6 	 # Alloc Shape
0 0 1 0 0 0
0 0 0 0 1 1
1 1 0 0 0 0
0 0 0 1 0 0

4 6 	 # U Shape
53.0446488587485 20.920896966062042 27.401452663807724 92.48672781725872 14.307068305012493 37.786918416005314
47.3198341016048 55.977891908731706 97.43729598527916 42.23266328419537 33.2462540281946 83.03891886436551
96.25555535081773 6.125709448844452 99.27676452621196 73.26781917303676 18.41436693394617 11.18693145882581
7.5179599173402885 61.6994929838213 31.722596325378692 52.72816356960266 18.00785772571856 96.721129967827
4 3 	 # V Shape
57.448874960365806 83.71521111766238 33.369117337842965
90.73274560269708 44.96062840963363 40.05801562854373
79.22213491090369 40.47823827980481 88.37301599473702
41.002968872761734 9.60629129169941 48.28757087261468
4 6 	 # Alloc Shape
0 0 0 1 0 0
1 1 0 0 0 0
0 0 1 0 0 0
0 0 0 0 1 1

4 6 	 # U Shape
37.365664279385605 63.88081905703178 13.538644350721363 86.04264882777915 71.32893971921855 49.66621365816086
70.69836216834729 62.20694724422574 49.24594499380167 97.69283195988953 60.82774599344442 89.90682288561422
28.654116786479435 94.3968988832647 63.417363041868846 26.023298765014335 30.157685688579484 58.35288905377362
26.314959943656223 31.064105197871882 16.60059464329835 20.883200506860188 97.03567394289682 40.64592575970273
4 3 	 # V Shape
56.04878826187698 86.79266478260584 61.614856839089605
65.98196796203884 73.34462062447236 98.72164762916871
23.999308412303932 87.03368651986658 51.47055536017506
67.508024472097 31.86985697831751 56.911174628854155
4 6 	 # Alloc Shape
0 0 1 1 0 0
1 0 0 0 0 1
0 1 0 0 0 0
0 0 0 0 1 0

4 6 	 # U Shape
94.54844931271384 66.25763455465022 42.0913823846028 72.46529070906324 28.755811997145653 64.90491708295151
98.47835861620223 57.50670316104027 62.115212417267685 52.71974275287725 46.851476948902615 99.89584102205143
17.62517070510703 13.01340593724516 71.21075880044282 87.79058737906715 43.46551085684084 80.49690826465527
72.26570854641656 78.75945657487796 89.78869613857773 70.66683112008593 44.13828893933995 97.64203044712157
4 3 	 # V Shape
21.128109552910303 49.40660004479183 45.77256096906104
12.528032890315 98.84393483016282 6.442476707661193
81.13887281813574 81.30177410228502 10.885949278977536
37.76360320205395 22.34645566475629 90.82098865698731
4 6 	 # Alloc Shape
0 1 0 0 0 0
1 0 0 0 0 0
0 0 1 1 0 0
0 0 0 0 1 1

4 6 	 # U Shape
54.72082086209588 19.705094753990128 90.91709403391611 21.96121369095273 89.16663687609959 17.350844503203433
84.4626529574592 17.888901245130906 39.640551067556785 60.44620155479442 69.90262345511692 39.66510669731436
61.20810494403379 34.742300417339365 99.59961974053017 43.83133629585274 81.59812726192126 76.35591562585113
2.9696043143614625 99.9380578573668 83.12640171718635 70.6561006921249 63.73674267501615 36.23583012314725
4 3 	 # V Shape
81.10741832204965 42.35358424234229 16.334187445311322
78.87780626495125 23.237505734680198 30.867877409796197
15.15851304183239 68.91811590707493 2.968104418016637
24.68318361273876 52.65487809358361 48.942999219272856
4 6 	 # Alloc Shape
0 0 0 0 1 0
1 1 0 0 0 0
0 0 0 0 0 1
0 0 1 1 0 0

4 6 	 # U Shape
18.44770768163816 58.15971147012951 91.91259427700007 28.622773714684747 20.914678663454588 52.048697315306434
8.888617579747393 55.042721155822406 85.80806825931646 53.544911822229516 69.16619743576486 26.311934996964638
40.772280497106664 30.662469734774522 37.73581854522596 91.65312147879531 88.5697933071757 33.55251042380456
94.76509553670303 56.46704219384359 67.85853629042715 22.410502258819943 72.58290801594602 75.73100719202779
4 3 	 # V Shape
17.094301096960773 8.19595055173683 56.48771418792802
67.60740451849695 7.147080710955256 98.28850779482828
3.5401325859717114 92.54833498407791 5.044956100669107
70.65958067914954 87.06145468978171 19.322345544362584
4 6 	 # Alloc Shape
0 0 1 0 0 0
0 0 0 0 1 1
0 0 0 1 0 0
1 1 0 0 0 0

4 6 	 # U Shape
26.620991740593915 22.2885212235027 34.127729832307644 82.25865695865153 42.7668706878219 38.77115982527347
47.453595651241734 93.76190501407703 89.53474383497536 58.35423713765866 29.997376662899157 65.89533071639873
89.50155215163164 17.188269025941604 96.70132179645222 81.05469922152054 93.13829921246419 15.310352752751921
99.93972855937682 14.263265248826418 48.94552930451533 98.18857591278982 78.52615333983188 84.32569168345026
4 3 	 # V Shape
12.049452723947118 10.967418613930791 10.236170341905982
8.694186972953844 56.84580721019961 77.35647039482654
70.35103606771776 81.44631102977523 32.13124868479521
16.044302118697008 86.20732009359983 88.43919447934266
4 6 	 # Alloc Shape
0 0 0 1 0 0
0 1 0 0 0 0
1 0 1 0 0 0
0 0 0 0 1 1

4 6 	 # U Shape
4.782014400823442 44.192482528664016 23.46768775282424 53.25159742225044 96.18747294587567 29.921305291194177
59.12647589049681 21.457481987517102 46.184483559874934 35.262415154825355 43.16138069193518 13.22770278406381
6.37409430045447 66.03751997681292 40.82310991482121 91.75520519086339 54.1129367508965 87.884700948041
99.86663023194087 29.946903889031052 58.74134064422682 58.23889448751534 41.19290226388412 50.265437257767054
4 3 	 # V Shape
37.22752704652101 11.059053829919009 98.95994546347302
61.4397546462776 39.18155720609351 30.386334704658978
29.406653761979662 75.19676934331397 2.6763985609398855
0.836672938633598 83.20133507361207 42.214364169730246
4 6 	 # Alloc Shape
0 0 0 0 1 0
1 1 0 0 0 0
0 0 0 0 0 1
0 0 1 1 0 0

4 6 	 # U Shape
8.247444707113427 72.21156837606716 5.8737085508797415 40.2871733451554 58.12903434433273 29.41532180266162
77.6510015265695 2.651912104129117 14.351335446848212 41.01967995806726 92.29526088323097 17.77337034070614
14.22945046607591 17.719105167725292 93.13089533798723 63.12113992801665 80.56808069836137 32.87661745147091
65.16199229432482 95.31304424550962 80.76279103504133 20.720629038925566 27.0100220129873 84.95529250736978
4 3 	 # V Shape
32.245157117122204 31.0186875298187 82.11898887349145
46.07834348807904 33.736305639472995 36.6961567910736
28.281814493238933 85.96086542078477 79.29216556120582
42.71896295124938 62.756983712151246 43.36223818027576
4 6 	 # Alloc Shape
0 0 0 0 1 1
1 0 0 0 0 0
0 0 1 1 0 0
0 1 0 0 0 0

4 6 	 # U Shape
17.82147655314308 64.22160175052821 25.907373568069435 3.981582352852786 0.6749864620427037 41.393975779112566
31.205434622717053 22.05693452283384 94.77070231850287 29.402811000352756 14.169309799849817 74.97468276702031
71.49860987206765 67.4814311381064 67.1214455777249 90.87077631264042 88.46012777716443 49.825776734129356
26.302904227179102 60.48889415597325 61.044892129620884 41.50381121010752 86.20161847450643 99.38483220571237
4 3 	 # V Shape
1.3462280794439563 42.11586577239596 89.05796143926155
74.8661411858068 27.32507074025541 0.7164772286795684
58.26213052660706 81.84622742562095 75.38303073227836
88.09743757906105 3.1491258087288476 21.31944017432007
4 6 	 # Alloc Shape
0 1 0 0 0 0
0 0 1 0 0 0
1 0 0 1 0 0
0 0 0 0 1 1

4 6 	 # U Shape
66.66135532942917 31.700441385361643 69.5669210850636 91.32629586027853 21.895636585768596 75.67740806008013
76.77673179197788 53.32031987897731 10.445194425678938 42.407467811758096 1.776227285752674 28.8822236344063
60.56961523453007 17.944794604041835 14.800500870314615 83.35293738737528 1.3321697286628131 84.61315184776338
9.454826865429311 21.15119829631258 99.77327334198961 9.008686955659172 5.927831914826842 30.795633169836577
4 3 	 # V Shape
38.44816011300526 53.539645877638165 22.951959271700606
84.63505186001905 99.96472239205363 86.80314370351986
87.63413262554131 78.80446587591176 16.94772715116095
57.20333921242825 31.59440605945121 30.201913267178206
4 6 	 # Alloc Shape
0 0 0 0 1 1
1 1 0 0 0 0
0 0 0 1 0 0
0 0 1 0 0 0

4 6 	 # U Shape
76.21686290258877 36.59695396513418 82.53687926194007 32.9192838163296 35.12909501516182 8.184485605996661
42.58571058426175 28.590930929439285 78.72883354574188 88.2222696248394 64.8049983323014 71.8535072644545
81.0871691507556 46.78159200816984 51.54023578344664 79.19158473341594 4.819084332956935 11.582645232789556
81.8426785949478 69.83444841468452 15.363641740015288 80.89945912929531 78.98239814323854 82.95123420876777
4 3 	 # V Shape
75.6570565910256 5.447849460498477 60.01471980978149
12.120286729941032 43.97564439301658 92.9766307402863
56.01552066483784 46.71894168471471 2.251283225356371
96.53879610273918 56.50962933275826 56.49018321753516
4 6 	 # Alloc Shape
0 0 1 0 0 0
0 0 0 0 1 1
0 0 0 1 0 0
1 1 0 0 0 0

4 6 	 # U Shape
40.19198032539919 62.652529342943865 4.633693988820376 89.64697914030688 67.01124713118122 0.8653775204843783
57.54692492283863 73.01606580057837 37.98703060875113 39.264349271189815 9.738422801568802 15.1112995363889
74.36840938180279 59.55457362671953 32.67612083668712 12.291945003631144 84.94737984482548 31.54947736256006
6.575133589098881 41.81085113548969 27.172997231896822 29.694771851932444 87.21513263083678 68.23036579820868
4 3 	 # V Shape
36.29262053597942 5.848908954564691 55.099933145715106
27.62376115605093 85.3358764899384 39.39925926350432
55.666093855281595 40.83612178804954 47.39661748336081
0.4435657061075404 9.939943089956738 60.91473296151466
4 6 	 # Alloc Shape
0 1 0 0 0 0
0 0 1 1 0 0
1 0 0 0 0 0
0 0 0 0 1 1

4 6 	 # U Shape
19.489754609712527 60.14880457687669 51.916916712851936 82.65045428003492 45.07549666190732 42.88713865115299
40.71036139656544 41.0334512155624 15.711526707949952 82.85639244378147 37.84268293342641 17.977413312148293
14.262702122190706 90.52975936830265 87.65328905994062 25.408314254005347 65.50227023010571 89.28386718945158
43.7054662323201 6.468279221058193 89.59829558902419 83.3608115315527 92.29004665925648 67.1843071438011
4 3 	 # V Shape
45.675984862767315 53.81938758437488 93.81460691723915
87.98147634362931 65.80330970873095 96.3049974555876
84.50559239073033 52.232075476154314 40.90883775103623
67.16131858354345 40.078305207701185 51.682964408985455
4 6 	 # Alloc Shape
0 0 1 1 0 0
1 1 0 0 0 0
0 0 0 0 0 1
0 0 0 0 1 0

4 6 	 # U Shape
90.87372834038267 60.47214623939868 69.87897969882667 10.968896707802944 97.40914785129634 11.74842686970572
66.08481647020066 0.36287406871975403 27.18206905120222 49.81070435902685 17.66912262341458 63.365280203696926
77.59536602699328 83.57718756092575 99.58813926408693 50.48835136845605 25.952921624580615 40.091272114625035
23.684359118584396 75.39516297432995 2.4443340170681616 90.17834862858393 63.79174948546902 71.31069911889306
4 3 	 # V Shape
44.11232283240945 43.796256319430995 6.858065895028975
63.02821199512431 32.081279798476025 34.66028675152426
24.6008002399862 19.24342393997086 39.788154534694186
27.312032618456517 96.78982565722403 83.43899535201125
4 6 	 # Alloc Shape
0 0 0 0 1 0
0 0 0 0 0 1
1 1 0 0 0 0
0 0 1 1 0 0

4 6 	 # U Shape
13.617323020421757 12.590941692830192 25.45346394058152 7.902025988387051 83.4908317191325 67.8550215751891
9.067446839177107 82.68478172622737 51.19855627168375 58.977355353200736 45.18465170900393 54.718030037554236
14.725643320898673 94.42730289105059 97.91625968178543 51.84442500613411 36.57482236428894 53.365853597564005
75.55169802247181 70.5361257774215 51.38959860604878 33.05014359688765 61.13419339827851 35.962329153494224
4 3 	 # V Shape
9.37038239159802 73.12585360772229 2.0867922132187022
23.423155012080343 6.351383027692881 64.95847052017133
64.6085441111528 32.967117983602755 1.773102602314458
92.84140092193654 11.431931266674301 70.28532935797256
4 6 	 # Alloc Shape
0 0 0 0 1 0
0 0 0 1 0 1
0 0 1 0 0 0
1 1 0 0 0 0

4 6 	 # U Shape
59.441457863011024 22.065173726022593 53.794121232595224 40.05068953043315 13.40682111705027 82.44643025694626
99.83614884119221 18.201374387444 49.136882845609385 21.79776458654582 7.963743053642247 12.150929774948683
1.8512455243438475 36.51499928470512 70.91426715986545 90.25088514465183 49.43066100190635 6.658197558934242
28.298608262347525 85.92746122457618 38.8565952063056 71.32237119074858 45.47226472474155 97.07100078600932
4 3 	 # V Shape
34.337251266913746 45.696127222329366 68.89498640411105
27.787697690588708 53.08428955086286 57.5237766944856
82.43783390318478 29.59085491703368 8.35040873147782
25.984026585825003 3.8448717179534464 75.76677375722628
4 6 	 # Alloc Shape
0 0 0 0 1 1
1 0 0 0 0 0
0 0 1 1 0 0
0 1 0 0 0 0

4 6 	 # U Shape
40.54695134854646 30.406751979655667 61.45732988561557 88.33171455835154 44.3532998118803 56.07376807468868
5.272680748340841 59.99930683353496 9.187120055802623 1.839566948703364 46.90507328439843 77.80985512836331
29.034717550482924 88.38585852855498 41.80161659121313 87.02897544700315 77.92158058331569 25.735009621865345
17.749500287754884 87.51255392037376 70.15025794162456 17.193213286446284 69.95045160500155 1.495595200711819
4 3 	 # V Shape
20.942775464203088 27.41559190482967 86.04043737402294
18.874885885216163 43.09418873036917 21.90102000133154
36.16749860884866 65.6501468567572 24.820992294688317
21.468645151395894 19.317939463513888 17.518316131213997
4 6 	 # Alloc Shape
0 0 1 1 0 0
0 0 0 0 0 1
1 1 0 0 0 0
0 0 0 0 1 0

4 6 	 # U Shape
62.11171542007254 74.57185986700196 43.73622080148037 76.17221399869396 36.39499902021661 10.293830746253851
70.65543337282259 1.1925409666373676 63.470751828803486 20.86416397462756 62.82816471033681 51.79547697466267
57.813052184157684 12.050189024509406 46.1297231084866 89.29601866770626 50.76136473689182 75.68593131526076
45.288330115730844 23.46439962984198 12.277660955322112 35.90534759932541 40.28060987133317 44.5110506169794
4 3 	 # V Shape
73.00899983214607 65.3678993692732 40.056277954282
61.944368108912265 23.292446773064125 69.5889243151871
61.68878746012629 46.50349549065266 87.12348461257169
98.90511443429607 12.97405291679089 44.31925872675274
4 6 	 # Alloc Shape
0 0 0 1 0 0
0 0 1 0 0 0
0 0 0 0 1 1
1 1 0 0 0 0

4 6 	 # U Shape
31.210227079081488 61.98622276981421 60.3181273218374 53.951142789068776 43.594554697011745 58.019854792105775
84.40461686660996 2.9512667640604784 41.41752682939589 25.763973933958162 15.116353137897354 76.78053197744077
32.82702224558898 35.68919227171571 93.7187620265358 95.52222535631451 13.332008513675431 81.29019729676678
78.91919674266497 30.66538084453524 82.33490641215285 80.38372135534445 98.03743437380811 68.25360503216184
4 3 	 # V Shape
95.26728784335313 80.0286426848574 28.381689438683523
66.55284064836503 27.28088997125877 59.5863138457855
26.738157193795164 10.105342086542723 87.2254301581495
57.536498218760165 64.65026280172896 30.282265234338702
4 6 	 # Alloc Shape
1 1 0 0 0 0
0 0 0 0 0 1
0 0 1 1 0 0
0 0 0 0 1 0

4 6 	 # U Shape
20.751064162492984 15.12727434909278 23.158900670620962 15.516133545076382 97.85762862893725 54.07230831843252
73.67169544637628 19.665478850068563 88.01150095222681 44.265084121199806 10.850830481152052 60.91927939153655
54.77173315680698 48.346803963443186 32.29518289081462 51.39063870290418 52.61040830446534 32.01375873315777
59.80178511660985 13.59358546054007 58.46077326287576 14.704521236422508 18.943448904439496 53.77966591995855
4 3 	 # V Shape
20.543022068081264 13.389453349948576 37.00209488693381
57.70091205420918 23.441499000257913 31.63149781300949
79.58438270836739 46.278487919163304 44.3861685607853
50.275737262988926 99.09188842184844 53.538343529418356
4 6 	 # Alloc Shape
0 0 0 0 1 0
0 0 0 0 0 1
1 1 0 0 0 0
0 0 1 1 0 0

4 6 	 # U Shape
62.16633625010096 28.280509725962144 77.79726338709496 12.116582566041888 76.48841898485797 27.387015892468792
80.54606095318198 79.439672930389 24.328070067102747 63.61893709642396 84.79100059239755 89.7725900202646
17.65981756342273 29.11273761742742 51.30587185346423 83.65513147347976 32.51597880179437 4.430461932005225
45.12823070663623 95.07526773893727 92.14780594666979 72.0782854696933 37.41871385893399 25.54975551028196
4 3 	 # V Shape
15.077367216241766 53.7275038871237 4.029924730474754
28.29333114594438 92.67996675713293 13.341013511951195
65.41808015853753 56.21065028357791 66.70045544186156
4.138875885447146 80.48899800964418 14.628418828079026
4 6 	 # Alloc Shape
0 0 0 0 1 0
1 0 0 0 0 1
0 0 1 1 0 0
0 1 0 0 0 0

4 6 	 # U Shape
73.38605614347605 69.8256982899683 70.95566792311263 36.88509543031693 9.345732316060207 81.52471869119023
55.146660456981245 65.92635263694724 98.89883155780736 68.38858761107022 46.314706003825634 78.33608802261841
75.64336160328946 51.1497696515804 68.06785521314342 95.01852568757455 56.10705597868923 33.16960271645425
98.25153648975144 19.468632402511133 96.237058706932 8.078919114779948 74.13117978131186 2.39181506726005
4 3 	 # V Shape
71.89041453303905 20.45883358198458 48.68657945473044
81.13613987213706 4.410719183671985 47.640963516806345
60.337733817306805 43.44495413149526 13.474285890839145
6.864173614608893 52.53089895084789 0.8306663086004917
4 6 	 # Alloc Shape
1 1 0 0 0 0
0 0 0 0 1 1
0 0 0 1 0 0
0 0 1 0 0 0

4 6 	 # U Shape
93.46512223268775 93.53797710485134 87.8165860422365 28.564821202019953 19.62262333497995 40.975326654996906
17.829520332278392 53.21320999776887 78.0172610799596 99.82407197121196 94.06541833684444 53.85534930728687
14.431718113539048 82.25732248125325 75.34865261215745 56.625738505648194 38.29117157289305 56.366557332070556
68.5252410045982 61.30202245655821 92.50108168376978 95.72743491732398 15.642607315553136 89.55588313957456
4 3 	 # V Shape
78.30287606405157 63.2209908473535 14.194939532730356
58.715735864975436 30.83228528944504 15.47149323112793
27.93756121219394 44.4082443367926 81.93347340084112
97.62665151786841 18.928546944700443 47.63971145435264
4 6 	 # Alloc Shape
1 1 0 0 0 0
0 0 0 1 0 0
0 0 0 0 1 1
0 0 1 0 0 0

4 6 	 # U Shape
81.95744757164081 28.658379597110574 33.438577576184116 69.58487844210448 85.3243765161065 0.6575327115652785
17.20116955761363 14.657813884361538 10.11927388405377 5.048080564607115 91.36418756691701 1.7389471951479774
83.67135895960621 32.26070376032406 77.54187146797095 2.083961414191582 65.23345466891814 28.667482334001082
65.18495710067168 77.02149313175326 68.84861607241946 2.304239343896708 80.82432200829051 80.33603019583462
4 3 	 # V Shape
38.81655165243284 72.16302305735199 88.59464415909063
15.958694518261895 34.00912337979464 50.10361371005671
61.01715819957558 7.988169780407772 97.3417080916654
94.29113086851164 88.76827596215819 65.29972725610735
4 6 	 # Alloc Shape
0 0 1 1 0 0
0 0 0 0 1 0
1 1 0 0 0 0
0 0 0 0 0 1

4 6 	 # U Shape
35.4046059406545 46.47313195622513 94.69536510945944 48.697986640476344 43.13746962466859 80.10584736379131
21.078552945609708 93.51521614527375 88.01409844703264 12.395337758502045 24.38088986639977 14.410966738756647
89.06770254865629 44.53267179899041 91.44276445078818 87.16141792895519 75.68379731360018 83.12908617420082
78.12550588418972 46.48029349777928 98.10818473460625 57.54587938942339 4.867088991618562 36.11436709295594
4 3 	 # V Shape
81.10804082486193 73.96765167893501 44.201454407109885
94.11156446321765 96.64224202773497 19.439794960735934
47.70809617620417 84.52910465282234 5.269292290469019
89.72888716167112 92.17252274399162 81.21405819343343
4 6 	 # Alloc Shape
0 0 0 0 1 1
0 1 0 0 0 0
1 0 0 0 0 0
0 0 1 1 0 0

4 6 	 # U Shape
40.20081400856462 17.45993150387357 47.48007606335148 69.7627734946705 69.45483336944403 68.66445001006537
12.2261391256553 81.25112128212987 54.07837857225829 2.8478583377580136 63.9823389382955 44.56751720533706
97.90232208622896 59.14114317245607 55.11716938273339 80.2729075838087 11.168226585102548 64.29824938307608
31.51960620007942 23.767548165616926 35.464715666248345 90.11084554127072 9.45454071119597 81.58374232141094
4 3 	 # V Shape
37.786753715463625 77.23186228494913 45.65950110399651
20.312302323853125 44.92900811607895 61.14540556735646
66.45181619577616 35.227865311926045 86.28376850724388
58.74608455491125 77.23653986544056 92.30037447907249
4 6 	 # Alloc Shape
0 0 0 0 1 1
0 1 0 0 0 0
1 0 0 0 0 0
0 0 1 1 0 0

4 6 	 # U Shape
84.0205768586996 23.628776596175317 29.96136961770407 83.95512537195006 11.219864133646794 90.28446078223698
20.245257984992904 55.81660917519138 42.678829974036645 20.096686442556834 91.25103837637877 75.23417701039432
64.31389434643557 89.9985393930903 60.18399126072654 14.498971286014594 45.778879813843254 83.81726593625619
11.1171922417305 58.95720560247795 7.942610437228437 8.869515097636693 50.241035945707225 14.722342935301825
4 3 	 # V Shape
19.850082794671543 73.66987845575446 17.912953302883274
43.35005761670517 80.29545425647797 28.4188915653623
45.82120036953393 85.02092617731452 14.15970358295029
64.98342689360676 64.28539303781307 88.34064197442513
4 6 	 # Alloc Shape
0 0 1 1 0 0
0 0 0 0 1 0
0 0 0 0 0 1
1 1 0 0 0 0

4 6 	 # U Shape
63.43502478528965 39.158343056948695 54.10486338626467 26.530345568990743 53.90924973003891 13.064545380645088
22.468467112213574 14.35048916976026 16.045896759246215 84.21708356077035 37.85179942402836 70.15584921195781
76.57580788769806 1.9261374229375572 66.88320683658021 95.3835779431855 47.42992509102477 23.543124816599416
57.6240123180774 50.958369424597706 73.60365219270756 93.96867614122111 84.31223063516576 78.84533222348095
4 3 	 # V Shape
72.28177385061143 65.50219130688642 98.38819088287998
83.68320106118152 48.91506644665331 55.03019546395036
54.24014373723286 46.1384495851366 45.45229351397616
94.04266150044226 55.1037234297336 70.18302234307481
4 6 	 # Alloc Shape
1 1 0 0 0 0
0 0 0 1 0 0
0 0 1 0 0 0
0 0 0 0 1 1

4 6 	 # U Shape
50.61093592502057 35.526781062718015 11.536217342044708 21.084193706164477 54.75275513070479 45.522147104263254
91.03135631694697 9.020137649943482 35.436002691221255 92.05832050332873 96.73931717118371 74.49376877904244
64.63432140224687 24.16255871690981 34.7441160438762 51.88856593516489 10.443262280340393 46.46000759300604
49.223766934455796 44.18507876852171 47.23616834995208 91.60114381584089 76.06341795906062 42.75847865101251
4 3 	 # V Shape
48.94081602398666 57.00289437776783 41.66150600572062
4.098072784734175 11.929786467892145 52.32786614787302
57.66621855690827 23.869058750474014 81.93510522679777
89.10808184448462 39.637565324634274 93.32457905372499
4 6 	 # Alloc Shape
0 0 0 0 0 1
0 0 0 0 1 0
1 1 0 0 0 0
0 0 1 1 0 0

4 6 	 # U Shape
96.40545996939038 69.30556678653228 31.501667662145195 67.31605213478919 55.99258902476615 66.90363650520266
64.48249583099384 96.81364977700953 29.839350688442934 49.97773237756075 71.25556298810324 43.09133601403378
74.85743605769565 64.25588625776184 59.79405179150863 5.633959825501256 59.41358214884902 0.10888493501817198
0.4523547729446298 52.657263904416915 88.56353629727782 36.82442544563161 61.51103647674056 36.953677934984405
4 3 	 # V Shape
80.34258313821435 22.30198243570821 57.39727268375204
29.723366608519996 71.36236966608038 74.17874918872911
58.00688365800026 52.63906424750664 19.24313038065282
52.69474807866978 15.72099409467571 74.40491495338695
4 6 	 # Alloc Shape
0 0 0 1 0 0
0 0 0 0 1 1
1 1 0 0 0 0
0 0 1 0 0 0

4 6 	 # U Shape
58.01941585197763 23.125122297025957 17.740683856299412 1.7846328934600808 37.491059211619024 64.2974910457
0.053248344869127884 29.36675552820327 88.82297587394926 46.38750775026349 16.829457679795546 5.392523868422828
75.91318705806897 95.27456719080254 22.317962876131713 82.68317267906615 0.5107707641387571 1.1727558195495091
91.90517045553807 68.7581034620183 54.11038176416141 97.98743179642501 61.86371519181425 5.10407202338834
4 3 	 # V Shape
4.276061595713299 50.11035510238071 6.334180501991604
33.621265706953785 85.73746953634674 45.332619464591254
29.19084511451637 57.335434358496954 0.843163726721996
12.82482451012098 53.197639324380965 33.68079018692791
4 6 	 # Alloc Shape
0 0 0 0 1 1
0 0 1 1 0 0
0 1 0 0 0 0
1 0 0 0 0 0

4 6 	 # U Shape
43.20385310075198 55.222151778749996 40.055656852246614 46.02910199263258 32.02422484235071 8.574602291404576
42.464457053905626 97.3693093689382 22.73912579223364 0.5528567060840817 82.60840224641102 42.86705882352937
45.219202954667395 78.9809771966946 87.38410593532315 71.78340681594356 49.8203291576242 93.18732287041246
36.553445885628776 64.20497120590774 58.69726596736417 61.580420338897824 32.424760895190644 14.84490038213232
4 3 	 # V Shape
35.0783282958706 39.569557781581125 87.32016934751276
21.53990520070853 93.4345201841183 5.433197043518678
61.217030682553975 49.580388498911056 40.35950786782192
88.47010625028598 4.703116856628464 11.46992287367976
4 6 	 # Alloc Shape
0 0 1 1 0 0
0 0 0 0 1 0
0 0 0 0 0 1
1 1 0 0 0 0

4 6 	 # U Shape
31.054475084244395 28.651592671724412 7.530208468652866 31.64993625995879 35.685580183332036 89.20626118655154
27.663221176609675 85.70308962812459 45.89415704790207 86.89469759801744 36.84894355259013 37.283021148656694
76.1581816796033 20.976895668639028 23.432510150948637 62.224287762687005 71.41671352803516 99.95064293868349
85.5606480182704 15.94298921578109 48.770167829432786 57.65508751517102 82.10656651808205 27.36288180168689
4 3 	 # V Shape
44.22730555595938 56.78230095886908 13.41946720964
57.187433666127305 61.11000403412237 27.24896102403448
10.570355147208277 22.672165790585996 51.589876711504346
89.79360340361609 39.8265432016211 55.69432927702073
4 6 	 # Alloc Shape
0 0 0 0 0 1
0 0 1 1 0 0
0 0 0 0 1 0
1 1 0 0 0 0

4 6 	 # U Shape
10.038653155506939 86.88802817000783 92.67073691321417 98.33205427288986 49.42704467614371 95.4465544850946
20.37667487841445 15.068965542768431 55.53082659653239 52.520083599668276 87.64290119326834 86.82888394620066
38.80490383810721 89.4934183616083 97.5114197603757 84.43626745074002 71.87702920047336 64.03736363214387
93.23736480562643 90.5676214975166 87.10943864706677 6.128644554477736 47.08316450862034 83.34704344010576
4 3 	 # V Shape
27.63100503251702 90.94201232797826 31.844104948353124
71.09352422177938 57.87922055606468 53.577291647279324
68.255967151877 15.621326660569569 32.50148835919319
43.8532202496378 30.0022118017516 68.83675550248175
4 6 	 # Alloc Shape
0 0 1 1 0 0
0 0 0 0 1 1
0 1 0 0 0 0
1 0 0 0 0 0

4 6 	 # U Shape
1.9362814886417445 2.2230195356852667 79.26462948225935 12.942808524064397 25.710338514338616 4.586373465357263
65.87455833441336 94.8369830018095 32.918702602626425 66.94838045035523 5.229177961760945 27.43569328778498
78.59479157923258 17.73393816732596 74.46350785510803 40.99972815234081 54.72586477551141 2.0221882982083383
47.29526112622436 33.23876625805676 29.442844601239916 56.22435267430871 75.57474449852577 91.84385192273648
4 3 	 # V Shape
71.79883655574912 74.45739966750466 64.46880823422715
7.796176053655457 23.515539213609948 56.748280636351645
39.60124944803975 44.98704714421209 9.275912403642273
29.07864159053739 74.77065580181086 5.125299620252499
4 6 	 # Alloc Shape
0 0 1 1 0 0
0 1 0 0 0 0
1 0 0 0 0 0
0 0 0 0 1 1

4 6 	 # U Shape
33.421826202043924 32.42794988076506 53.36217272447197 9.797851309285067 47.970845060544384 8.068907909907663
19.722751132035 60.386407890320314 80.79722549929154 43.667244441345055 24.349890498645934 19.505092877051077
89.28459989095292 57.32635390550771 13.723499305513087 9.33487702483352 62.08494853765956 28.958617875725334
99.09941823500318 35.323744997569094 78.93300703821522 28.58904175334279 55.81662328698114 40.32718583471612
4 3 	 # V Shape
86.567282092047 99.79569330515476 12.031649056773318
52.25542311379381 26.888772974628683 69.56535638719508
32.65601122060784 7.1159778512489 88.74535116524875
81.00780154413371 27.66842835389354 30.221497614890282
4 6 	 # Alloc Shape
0 0 1 1 0 0
0 1 0 0 0 0
0 0 0 0 1 1
1 0 0 0 0 0

4 6 	 # U Shape
8.792312963333016 9.518342146280922 82.04523399001378 66.6278219829831 37.62807695210009 98.88099773953188
37.22973849927092 59.095875405971455 48.14956242774272 37.37283107211861 63.325684570986006 35.37854818618518
74.34665230017615 21.1022069859503 51.36549470067375 50.16614322486495 60.40135071086713 42.698897265445424
35.95994237382312 39.995146859466736 95.46139630066807 69.44355553669875 85.7550369360665 71.67525124358787
4 3 	 # V Shape
22.427098709397818 85.31425264300545 85.97438012504361
35.78584162882794 93.28158730283279 56.87538355957995
42.91520834753766 63.495799546147744 3.0193280411433876
17.255735886927514 69.49559284933345 4.998190795184776
4 6 	 # Alloc Shape
0 0 0 0 1 1
0 1 0 0 0 0
1 0 0 0 0 0
0 0 1 1 0 0

4 6 	 # U Shape
2.561477809496382 48.58183045971629 88.11940326681199 63.15413228100161 95.896531663703 62.98390457465172
33.192698950574375 54.4149815192953 30.48338429338262 34.89667719970942 75.9876231417588 13.808255108120482
7.9909575445795795 78.94566992564826 41.60193642894754 17.272486140568553 12.208341630836339 64.94002328615147
37.25142091882439 14.187522320572088 41.645972683714696 62.96009624156538 48.26772710926647 55.9648117305357
4 3 	 # V Shape
36.576219628368065 45.987997064252205 64.17245540390802
32.54815625133458 91.76224565842503 52.132731333105454
15.835930272245601 53.890807624335636 33.06537070322758
5.356681664769436 4.345661242049004 80.37246883771894
4 6 	 # Alloc Shape
0 0 0 0 1 0
0 0 1 1 0 0
0 1 0 0 0 0
1 0 0 0 0 1

4 6 	 # U Shape
83.43687815668505 26.044841362806736 2.089442812298259 70.38086547327683 12.87542437356507 81.29352225554462
27.700012647473017 93.02177353894905 62.31477866140393 66.07551049445618 11.074607627470613 41.523264700438766
11.202996079218085 80.58514418329197 16.054278295646984 53.58954192997268 55.7333834793781 57.981343880678736
61.353993092249326 32.2718720220513 39.90154695191607 55.332555958864326 58.41645605424818 88.0286655364254
4 3 	 # V Shape
58.09227571413012 77.9118564977909 98.47679975651891
2.5374864827247934 73.24093382169838 17.9365021023291
34.3752236996732 86.15583241436826 85.88637368362323
96.2010734862136 90.22108437185122 66.60571576177709
4 6 	 # Alloc Shape
1 0 0 0 0 0
0 0 1 1 0 0
0 1 0 0 0 0
0 0 0 0 1 1

4 6 	 # U Shape
77.55887411628316 55.132030789600904 35.803018726122396 91.61825228446003 91.80255747378 49.823995006608314
13.977721699541767 29.31384595965021 38.44420081117026 89.5262846017108 35.84795583063515 1.9634797604278553
37.71531258145717 54.32801020068193 1.7369907477263635 56.596681696610005 28.55225242069368 71.54903569387653
67.39143742881238 87.48246395345977 77.6276254375721 98.72750466022167 11.524075288324786 8.896242256526177
4 3 	 # V Shape
26.263233657797446 22.87144729429482 65.05065028165905
82.97345513522639 61.56565685922828 54.67771731525944
9.13898564637905 58.07765680143707 23.313259101998398
70.3534448054535 0.32895284792535673 47.06613056272217
4 6 	 # Alloc Shape
0 0 0 0 1 0
0 0 1 1 0 0
0 0 0 0 0 1
1 1 0 0 0 0

4 6 	 # U Shape
13.400261605494524 14.060154976105677 89.7702224236935 84.98295811087283 85.15977412346076 3.7206885202543782
19.86252242426102 31.087491214365436 77.20857079256311 5.031760228124826 68.8890826156082 15.02851690246343
41.75932587170862 90.71675791195997 34.83777439210418 71.16093599661583 61.95522508716914 60.18132146884382
10.260569961323473 40.82789651901425 4.503652377628531 67.97731716688027 36.12447810300715 71.2281768748431
4 3 	 # V Shape
98.27838546992167 35.538522021479565 38.43252560857635
17.948619228206773 38.969822429525166 41.946206081722124
16.709820048163483 19.32010252507733 57.35114805655036
41.964131346864434 36.44710914438918 25.809651534508006
4 6 	 # Alloc Shape
0 0 1 1 0 0
0 0 0 0 1 0
1 1 0 0 0 0
0 0 0 0 0 1

4 6 	 # U Shape
88.74370391731055 22.18467155573106 23.962028012396953 73.6014902844016 20.437190033855245 60.00513327821941
18.81040769652067 73.5080411205346 84.29698334803174 63.6739575096052 7.306616586161796 51.80006072625459
9.68574341241737 13.837681614882225 7.524160687709003 92.49997939403701 22.95579899535537 72.4596154301106
25.27106015191031 38.1696147726456 30.070409768744288 65.91480964987 84.47772007556215 19.487799263973237
4 3 	 # V Shape
40.00584619163602 52.01424966650534 52.01360815048148
56.82833403281449 71.09492465466901 49.426722035588725
29.44596906357647 60.7748928093796 52.84816758968651
5.417144292962961 8.198235392639042 33.684928710932894
4 6 	 # Alloc Shape
1 1 0 0 0 0
0 0 1 1 0 0
0 0 0 0 0 1
0 0 0 0 1 0

4 6 	 # U Shape
31.71613295680823 53.18853160440763 0.4406549833026463 99.9204208464013 48.67808684517166 53.32081723832959
59.542769314800836 75.17226232599995 82.28779327096152 38.71175740254912 73.99318744254725 8.647595697501087
48.387150019690914 42.32985933354884 31.244645661122185 35.35196976926485 66.67137127092624 94.93384776642547
61.65585118018593 68.56746590412487 10.72029804321808 89.90875255305603 55.66591447905702 33.22874186119746
4 3 	 # V Shape
57.33240258707548 62.37826773041694 11.816748619561135
29.110838006816962 56.61811448102975 66.69390640478302
72.2155626137732 73.05310895304603 28.453114504037213
29.177595396790736 80.19601834503443 42.672909968543806
4 6 	 # Alloc Shape
0 0 0 1 0 0
0 0 1 0 0 0
0 0 0 0 1 1
1 1 0 0 0 0

4 6 	 # U Shape
8.67620124273084 94.14491668102269 68.49211701736573 95.331846315946 25.816824720964892 73.17176262007993
31.226806327650504 20.69590047463299 54.58951084949566 26.40353873473451 52.50485892609622 55.91991093012716
60.02837327459264 12.1871048842358 56.84382331165675 30.925519973578663 51.010031003555355 63.30235370158274
98.27200697107277 48.788566396990106 29.62644375714757 37.34412481860417 78.95533561840237 81.03014477904254
4 3 	 # V Shape
93.49657958748423 68.00948890777309 91.3625327988872
43.0318931402707 58.67330781620361 41.98235185217928
69.9103885405169 17.544012870637506 95.29675848920832
81.93619899966646 49.50140946799954 83.1739965932879
4 6 	 # Alloc Shape
0 1 0 0 0 0
0 0 1 1 0 0
0 0 0 0 1 1
1 0 0 0 0 0

4 6 	 # U Shape
1.0409980842609023 22.394900406205743 32.254041195093954 22.092187435978683 88.16648437212893 45.65144308072087
64.58327249156338 61.67693296820104 23.896038881255333 46.97136680923971 23.450526510994607 60.65077984446382
57.997152101157404 0.7252154995702309 30.673552672715886 14.305625559868796 43.48941036165974 88.76852478724464
86.85104934255192 62.67823791967208 55.592499633492174 92.35582819499528 43.25909094887962 9.102825433871352
4 3 	 # V Shape
93.05918281314347 66.47868951340564 77.6504266806682
87.67979759707598 39.831457457167595 37.599315674143554
30.021448496840907 57.85285718613945 72.38157241907562
70.45000432633569 59.65786644849239 24.608778368365424
4 6 	 # Alloc Shape
0 0 0 0 1 0
1 1 0 0 0 0
0 0 0 0 0 1
0 0 1 1 0 0

4 6 	 # U Shape
91.44521285855365 78.30527119290451 71.1853653504002 85.86649439089796 75.84183587263206 72.94509901033314
89.24238531930663 38.00443536329787 5.799285600471082 85.68759492709138 54.57860300853968 18.984865443038245
75.70838611695562 54.915278970968586 9.063161467896386 86.88873730603409 12.129447591325714 39.00327945161723
49.174394945263835 7.307178783958513 21.710516161170922 91.16396765899111 1.5941233276152822 10.92237952100259
4 3 	 # V Shape
96.699304665867 75.40104502782803 50.43926724162768
31.410900987586032 18.58941762127454 58.15139318893669
86.30379803732482 79.25005381073112 85.77942983284761
12.64994089110365 9.12899080742282 4.915549286046872
4 6 	 # Alloc Shape
0 0 1 0 0 0
0 0 0 0 1 1
1 1 0 0 0 0
0 0 0 1 0 0

4 6 	 # U Shape
12.448874733594728 21.40144807907578 5.654047616485524 68.68061190250539 1.246580526720542 89.6971069338031
18.710259351734393 30.16122783774583 5.534987131412428 77.21364875145392 37.30253365027898 14.458099479942632
31.173201696435605 69.87589682924306 59.25924750441089 75.06913120838392 73.42752922321162 43.759485895816155
92.49943292088784 7.9203136697314935 55.67641877399133 98.62283249937343 89.29461615713873 2.876182972980168
4 3 	 # V Shape
51.96911785789013 60.242623769816625 51.55320923420681
4.118864900581376 80.6520535792217 22.980071554350033
39.13747992658353 29.88960496893769 50.69080024734092
79.67907378923509 92.1404310944085 90.08373053010925
4 6 	 # Alloc Shape
0 0 0 0 0 1
0 0 1 1 0 0
0 1 0 0 1 0
1 0 0 0 0 0

4 6 	 # U Shape
63.21235249189946 77.6300019013553 25.455350733586933 51.14765671366467 87.99558718612424 84.3856238999553
30.2746794041266 33.12797008045879 81.30427018608441 82.92919256115663 32.43788339445862 91.2682629491127
20.83378465436705 55.89369282392853 96.75208292895896 22.562345541082397 34.82849576278816 14.265069733429636
73.73113223503034 93.4477872995655 92.07013534656616 3.1475695312137453 97.15941163403409 91.66810765459891
4 3 	 # V Shape
70.66622967870376 17.335682108928452 94.28105834640861
41.673755525776976 51.88490216388711 55.92907031102901
39.127229674633114 14.123439038261553 7.780572936853081
71.07098283444533 6.555854252939652 9.187223599839257
4 6 	 # Alloc Shape
0 0 0 0 1 1
0 0 0 1 0 0
0 0 1 0 0 0
1 1 0 0 0 0

4 6 	 # U Shape
15.581450309174805 53.32407793856322 95.79570699686289 17.904686558268878 29.25887577059767 7.129833771419136
39.1624300790878 46.45352688894193 44.85225775702624 65.42617984004005 83.6246137218807 53.54529824187726
86.70724870385126 4.3693028352061125 72.2951128455209 97.63188708461881 70.22261879236287 10.349554598352395
63.6597852399168 28.01434018296026 7.407950606213598 2.8107101033730264 75.89730732710434 53.27021116369141
4 3 	 # V Shape
22.209450602913392 15.099864956208386 32.37574973010647
40.97385880352551 64.206042896216 89.65089552383913
12.246091387363844 44.337604837375224 67.80150180325346
31.20024255911814 88.9816510289571 1.4823782911209227
4 6 	 # Alloc Shape
0 0 1 0 0 0
0 0 0 0 1 1
0 0 0 1 0 0
1 1 0 0 0 0

4 6 	 # U Shape
93.42050549386741 95.24543943984291 88.2757271034553 96.48814633585447 60.361323868639424 6.692126228294304
85.5556819047234 49.1640156547816 68.08204329727369 29.02869576192677 10.234534337431022 84.84964618072475
52.454416234201815 92.91575287185533 86.16062942786887 46.56281280736236 70.90519420326235 12.263970497730114
70.96520699709002 26.30445996568964 30.30094985812095 91.30648702007488 54.63106097718878 0.39415131965022665
4 3 	 # V Shape
93.1659917027486 55.159074086693515 58.40089403024983
63.948942723183045 25.669120187415206 8.502170236670704
18.669592400524714 61.661958144208754 94.92921514166049
3.637014865427335 36.25829644359695 30.37159863058909
4 6 	 # Alloc Shape
1 1 0 0 0 0
0 0 0 0 0 1
0 0 1 0 1 0
0 0 0 1 0 0

4 6 	 # U Shape
71.02788432186203 98.16800071976989 70.26894656472454 71.15723625146377 16.92609232434372 99.11316627324818
69.0390948317215 11.094811263978144 33.067156823395216 82.71702492842928 17.385497575515995 2.271846446436776
19.94356512518123 86.82212931347539 98.20003047457398 49.02744520705451 8.780399238717395 31.838877305551062
54.58407225394852 32.40818235151143 95.08817054842834 8.31065797222854 23.692373807119026 72.63510734319678
4 3 	 # V Shape
0.4454695283228616 83.26762083367831 7.465035084581794
13.980480910074588 89.54101297183968 90.1629420494441
1.3748554523693945 86.84034637163334 12.218531221577667
86.12309454808084 88.85054968539646 83.81501437300247
4 6 	 # Alloc Shape
0 1 0 0 0 0
1 0 0 0 0 0
0 0 1 1 0 0
0 0 0 0 1 1

4 6 	 # U Shape
25.67740881808661 13.228044886340772 17.90262121326198 14.23293758848655 91.05500734363609 88.18328522432859
3.5872991780546037 5.843763819345693 90.67633802450673 59.2156606135152 42.876910614887464 71.83533616033857
7.275249172112486 19.902851233989104 80.44747877176668 5.524764585541508 6.761331255940817 62.91252942680371
74.74539284159104 41.45498166796165 95.66137291504737 66.28132077704976 82.20910256889536 18.47234041663698
4 3 	 # V Shape
50.83137146317592 9.062802453272244 14.565887278347244
20.202423651345512 84.21466724744523 96.45610639871299
80.1032566846983 37.720452919459404 98.72014687996143
5.517961427704066 20.607637305836324 17.83334579437643
4 6 	 # Alloc Shape
0 0 0 0 0 1
0 0 1 1 0 0
1 1 0 0 0 0
0 0 0 0 1 0

4 6 	 # U Shape
93.5593888607557 68.55999473008828 81.86934746895922 66.5085179709987 94.84321103283058 37.293460718155934
0.6227670410013153 15.217504851600893 82.62686914716075 95.64534969668684 56.96341366575258 71.73928510996251
52.18221189064638 51.046423698009 59.70845810401882 20.32590153885795 66.4667882432078 81.53309565166865
94.00112971398839 36.83134359589376 38.82913263837759 29.804779838850017 38.63766205731123 31.223208629746736
4 3 	 # V Shape
14.513841398385285 10.777186139261508 68.81551783791558
30.30123039687829 14.779744779914438 23.59332415710449
56.28903729776987 93.42553864757909 75.48143496915488
11.307135437963733 60.47995817812335 68.53360765215923
4 6 	 # Alloc Shape
0 1 1 0 0 0
0 0 0 1 0 0
0 0 0 0 1 1
1 0 0 0 0 0

4 6 	 # U Shape
76.33559270884246 10.930838264884823 81.92011487827128 85.85881827579172 46.37897955665585 26.74031815421157
7.466199422361641 80.39606418088279 97.30938913977919 73.60274245132167 79.27790913155296 4.974576511952911
98.39128031882453 89.93519961493988 74.52485081265522 29.743069342029006 78.12049877477244 81.12783139293856
30.390368734976427 32.425453353323896 43.19732160827737 88.02788800373041 24.29984237002435 61.440116807955484
4 3 	 # V Shape
75.88602467952913 44.691550916387456 20.05231823375545
66.48486828807158 59.98415953942919 63.38659269882788
79.12087967726028 57.35665118428466 86.6603361067028
41.97942363172794 50.21185038209103 68.94524759877385
4 6 	 # Alloc Shape
0 0 0 1 0 0
0 0 1 0 0 0
1 1 0 0 0 0
0 0 0 0 1 1

4 6 	 # U Shape
82.86085345088979 52.66655019256423 28.97437967605818 13.822871370772106 21.308562896287853 98.37372358696642
28.03705592924578 31.370416840528893 28.602287558393115 13.041265739248542 24.64637609551561 66.00656520523317
10.44819466454917 56.41816368187465 87.35628596997267 39.01164114726533 93.61720900304526 80.18303904663004
41.980593510622896 71.72916809836269 70.20994216963622 16.834994839327543 61.84195226468925 30.957181439960568
4 3 	 # V Shape
24.80845281768159 50.396239353393355 15.236244301160983
86.56534693890917 88.63815357506166 42.84089841789116
33.51985059489054 83.67103378067677 9.747119145003202
29.159334595693032 23.30406214300381 29.649828976866644
4 6 	 # Alloc Shape
0 0 0 0 0 1
1 1 0 0 0 0
0 0 1 1 0 0
0 0 0 0 1 0

4 6 	 # U Shape
31.952609745238103 59.02864786400585 36.98112733077108 73.75597048604979 12.682022688309258 26.954977057158192
83.4515560164445 60.47934846194075 21.05364584854521 40.19603866237562 61.62630031819138 66.442710810902
11.390944817558267 99.97509809131967 82.75570546236384 7.121054475515088 97.42154699407781 80.30885597066396
87.29605697885333 11.139248811354541 25.038662612428197 60.57300931983715 92.39041816933658 29.61146381100078
4 3 	 # V Shape
38.589897694283124 34.67389448678557 58.04552445259215
23.85359467761692 41.560505545893314 32.15454186505997
16.45411174473206 78.43851594948183 87.11484046086593
95.90698831326402 62.19015614173483 76.29344110639337
4 6 	 # Alloc Shape
0 0 1 1 0 0
1 0 0 0 0 0
0 1 0 0 0 0
0 0 0 0 1 1

4 6 	 # U Shape
4.65294862111354 15.909170857352517 52.9738992741942 41.095926832279694 33.14512276811572 82.24564465671796
90.13036868580596 14.993364704849 69.10182322272921 93.27405338971204 7.1364243006523225 61.86985926340892
5.113443370760895 33.20272026436011 78.87119292661848 98.19965133975042 98.49457690727172 60.04107960017316
36.72218867560721 3.7071496628902634 86.76485376564762 51.977945090174636 62.38660764146078 61.416225979649184
4 3 	 # V Shape
61.75295780821121 76.53095292546598 17.695332869867475
69.86481763080931 18.976026113241385 8.297481128817907
37.206916778206825 80.9165881825377 59.4008946352248
58.53130198717296 91.66616633815823 35.09514684626301
4 6 	 # Alloc Shape
0 0 0 0 0 1
1 1 0 0 0 0
0 0 0 0 1 0
0 0 1 1 0 0

4 6 	 # U Shape
25.86917470461234 35.06558471906612 45.730503375052415 35.77071164471598 11.389395428843462 47.11452261088527
73.16976376251331 57.19542681854652 18.86137586193414 57.44594068307924 15.688761739583946 64.21916512373586
6.183450904033494 47.376291993860164 83.16272582833196 73.68991848305107 1.3049087843915896 82.36967781122372
62.889296112193286 9.31754062968001 57.30045044985673 24.03500361321167 41.548242507764435 95.28696488730189
4 3 	 # V Shape
14.76953825113605 28.592152874800302 23.901938213868746
35.98219056120499 28.59452069814321 95.93105886993261
59.834848526327136 1.372005196285453 5.079152708015567
90.28840809389804 54.69436534072468 95.36003599228748
4 6 	 # Alloc Shape
0 0 1 0 0 0
1 1 0 0 0 0
0 0 0 1 0 0
0 0 0 0 1 1

4 6 	 # U Shape
91.69594133764204 1.39440560480234 85.17829008314993 76.97686291886997 42.577029668423805 44.299458153438856
11.125623329003108 27.049522705734695 80.97312492035779 14.299686754020824 32.50569242204635 53.62634553091839
51.280503342895 21.596120307648704 93.57283592797404 43.58987865646049 71.05985293895382 98.82438209765297
8.015008099912645 30.597833020629583 62.054475904476355 59.73589123202429 24.085413749818418 0.9135984065325009
4 3 	 # V Shape
2.5215027749977525 60.73270345330813 10.926303981526885
21.635814990866407 27.419046503512522 52.02044417677316
15.020911131163029 61.776730989120544 9.464870553432103
46.44458048231455 44.03138759661347 94.10317478566698
4 6 	 # Alloc Shape
1 0 0 0 0 0
0 0 1 0 0 0
0 0 0 0 1 1
0 1 0 1 0 0

4 6 	 # U Shape
1.6563615619371586 6.612641145761744 88.0156226972175 66.66525671493841 9.707540966513362 8.493201029614983
98.12370362423431 96.67435569813104 29.280594528037398 33.146692456245454 84.50483451454409 10.476621452466993
63.670736561711095 90.9076821042458 85.20748366584694 61.56873205936212 35.714498512547365 11.836103365496363
1.0918988660615025 32.74794243535924 14.784094451303497 10.824682563530086 92.14312258342248 34.33019473551564
4 3 	 # V Shape
55.2262522310843 7.350269696443135 28.212923151357906
18.740611651222228 18.003541892404108 45.83805967640144
67.03225625199703 24.75299669825034 93.39760718158607
47.24726963711714 11.274411943366825 46.81031312271967
4 6 	 # Alloc Shape
0 0 1 1 0 0
1 0 0 0 0 0
0 1 0 0 0 0
0 0 0 0 1 1

4 6 	 # U Shape
35.089687525805004 35.71418525127778 26.609775959213778 28.5422335395908 32.69518971798793 74.60781941609983
72.90675677985143 13.40592380798583 51.32356424180487 12.812841809494069 70.76992060219617 41.87610453373715
21.65223040076729 29.598345846150277 70.75329445978977 64.76836578409419 95.97470040728948 99.43524246035459
37.06073427124075 24.058404954482448 89.23246204759732 91.01602418999552 88.28854967527968 58.86596516795197
4 3 	 # V Shape
3.068860641700577 63.28695680563754 81.61549131436321
66.75033951799104 75.60283742909063 97.00952586381027
78.34295083823437 87.86944008196468 60.78899131926639
28.14314128428318 49.95243832343912 45.24517136623274
4 6 	 # Alloc Shape
0 0 0 0 0 1
1 1 0 0 0 0
0 0 0 0 1 0
0 0 1 1 0 0

4 6 	 # U Shape
75.73235766957947 71.55309864238747 1.631453852691367 99.47732857738683 18.70837915986151 89.40320352617829
10.877184007599428 96.83746914689848 82.95856826590075 89.0149256624615 78.22670879996951 70.6665708435629
53.49154846930668 97.636188418613 51.82864605248356 3.156004896300346 72.35969941804447 48.78144065200275
50.25540632781145 90.44975573605262 10.964814231461439 41.586582935522976 93.60743607028881 46.062630363647536
4 3 	 # V Shape
15.3648765689266 61.466723857004936 7.018241628219613
64.22591821268824 62.968899010695786 19.367789947898608
56.25286434471109 27.50313014251593 97.47134737585603
38.05000473535799 16.13238930591213 25.02177060000469
4 6 	 # Alloc Shape
0 0 0 0 0 1
0 0 1 1 0 0
1 1 0 0 0 0
0 0 0 0 1 0

4 6 	 # U Shape
48.38711169483227 18.93172526918583 19.943540416756335 75.3777020813652 32.18775541152675 48.33562038829664
60.81259554768737 40.489687577963174 45.31148073144904 24.572959659064775 98.87752661271854 19.047306605260694
14.3125554336204 46.098395698901484 60.556144908143615 51.53509176933532 44.12884415485375 37.93780879937192
51.05072713554225 96.50550221490651 76.55376250719385 45.29709538797084 84.62938191987817 96.13999727740577
4 3 	 # V Shape
20.498669161617013 25.436011397724144 62.75341160655443
24.995774107642244 30.93329315819594 83.05882859018418
82.40717926966926 39.16017929983799 51.06403919714813
26.42884812474421 74.01796596729415 13.425298932281072
4 6 	 # Alloc Shape
0 0 0 1 0 0
0 0 0 0 1 0
1 1 0 0 0 0
0 0 1 0 0 1

4 6 	 # U Shape
96.3545496800628 80.48097103317218 20.798761515935695 44.063589872772 17.066868278908586 65.04346073131617
39.888647100098765 4.105854359890248 75.77844783149207 49.5983828073989 16.073800506393543 80.42372827638097
72.63743568217579 11.848768379446351 26.19676680279416 86.35042288046768 85.68997905633945 83.73145469295031
37.28507532615545 89.16121733491204 51.934161628557504 14.483868493688778 16.16750068230951 19.14229969908393
4 3 	 # V Shape
77.3843313693036 75.44863622085683 81.34906677163461
36.80024199848696 59.257000090413015 35.53448757956568
23.169632479199787 30.490381485844964 57.44776237403562
91.23967542274754 62.73747834226825 53.91320286371558
4 6 	 # Alloc Shape
1 0 0 0 0 0
0 0 1 1 0 0
0 0 0 0 1 1
0 1 0 0 0 0

4 6 	 # U Shape
43.46481276041524 60.57548122305737 47.3103909306753 71.85418223781319 38.44649469914704 72.984218025687
23.498393667196847 95.84806487571188 69.4111042450176 50.80467067909027 80.28162625820514 59.19511010702445
45.31002274751555 78.79858883316736 3.960226906421438 73.97845244389907 82.55642205087611 3.390084309544339
36.56263570840104 82.55935478371642 89.01924742048905 49.31385317390171 11.810534690874796 1.6048142745292093
4 3 	 # V Shape
75.55457776878623 31.47709045376672 64.72657885179959
22.438891848139342 65.26159506052221 5.3950472159308145
77.49387960537135 28.20088966692379 44.275929060732075
60.2967035212933 21.180516669014835 41.522084308655835
4 6 	 # Alloc Shape
0 0 0 1 0 1
0 0 0 0 1 0
1 1 0 0 0 0
0 0 1 0 0 0

4 6 	 # U Shape
88.49878243476206 66.01916424579505 29.719800325713162 6.278388640000698 92.41640460943151 21.254145948266
4.467047655582357 64.63689027949033 67.81507142018867 93.82490952590932 68.64393362616124 81.9877022629438
50.73356432983481 20.87323788192037 35.4344622557471 69.16409340379634 4.211718346490412 88.27733326450166
3.112856291820787 65.71707971461281 67.43000665873038 47.37723106727418 72.38995046641917 59.036850733993816
4 3 	 # V Shape
45.97654345205234 13.889297565021419 10.515782574811528
88.20674512617057 95.06274554038856 26.643186905859473
54.9079383593712 97.981609611406 48.230775679811444
35.62082965238549 95.09288370824609 40.62372578505029
4 6 	 # Alloc Shape
1 1 0 0 0 0
0 0 1 1 0 0
0 0 0 0 0 1
0 0 0 0 1 0

4 6 	 # U Shape
86.64424920667922 21.75869785637252 74.48686047029491 56.00416681706197 55.90317967473333 95.39553465821628
76.08129960220892 45.57671201964219 11.078694071518347 31.58198379666397 88.41797975421863 43.70676887966625
58.55225358741295 25.028093891248414 31.475009562227186 86.59016423519913 73.68143470455676 19.635116354755766
3.269265271419386 56.24430611854735 20.395720305355447 93.38724610447815 97.0855309880901 27.50233370685993
4 3 	 # V Shape
61.727954321708964 56.128161932908796 99.0399505867596
2.3602438521803104 8.489745346644085 55.32456139508859
10.8100174230224 59.59170624703095 14.098214478448446
5.719986250041698 80.96938383397124 91.65192283596836
4 6 	 # Alloc Shape
0 0 0 0 0 1
1 1 0 0 0 0
0 0 1 1 0 0
0 0 0 0 1 0

4 6 	 # U Shape
41.57107431447379 65.95829201830875 63.43711587093043 85.98092169492271 3.2531513610396523 58.39425786389021
0.9081857038841346 50.65977745819986 15.988094833217048 49.98686804543888 42.86932952074304 76.5601359361225
74.38672544432109 30.272321208124886 36.50680858047627 49.14557557759057 39.65935398334038 51.365195330735666
60.85058005128307 85.5804205918871 3.039731141044577 7.098963483494769 96.3760804781747 24.414594445770632
4 3 	 # V Shape
69.06146826677696 96.34558114623275 76.52470228648095
56.55067938034626 83.9364482539993 21.077412862573286
72.83535514411862 49.86138010620018 87.96628182443352
81.79357735827232 8.598230562114907 53.96457174853915
4 6 	 # Alloc Shape
0 0 1 1 0 0
0 0 0 0 0 1
1 1 0 0 0 0
0 0 0 0 1 0

4 6 	 # U Shape
53.58475147967555 87.32959431037254 68.16826926811717 46.30139751784933 52.08737556677979 53.86354215278024
51.363274720519826 30.16675312689494 32.43862226472274 32.102072274464554 44.489040168781735 36.40132830441565
10.493390967420424 22.72135600052394 87.91423556118507 93.12939529742218 43.89311870544363 64.19234470144852
68.10306550333578 79.62940905493639 21.359286892725592 91.32307332484066 30.809458119244404 37.407561678820365
4 3 	 # V Shape
4.696842930231604 87.61523855230203 42.22612224179897
94.52144584463088 63.17452851347267 95.20766915881116
22.69646480142654 18.779558516748462 38.27946279732859
13.041303071096856 57.234695380221076 10.698979711198264
4 6 	 # Alloc Shape
0 1 0 0 0 0
0 0 0 0 1 1
0 0 1 0 0 0
1 0 0 1 0 0

4 6 	 # U Shape
71.15550218982145 61.63592908362777 22.109975824619564 99.26827588788653 12.85415813147579 31.169077749086725
98.72597855494314 69.54337877448117 72.18604083090125 31.91138654117741 69.99945507124629 10.042769302512633
68.65597290838514 57.52749927107409 64.34459183860677 46.919552009101274 58.9185642099273 78.16052314420564
5.182517234773298 59.91670960123745 86.19368193408674 79.66463243842155 41.184087564892636 19.52761773046311
4 3 	 # V Shape
24.415322435851273 70.43037886906848 17.802775653918644
23.935461817602178 61.98861134890456 7.310948295071961
85.74453937550133 31.470086923096062 6.880038455051929
77.33012132686893 58.64085603940864 57.70738339195284
4 6 	 # Alloc Shape
0 0 0 1 0 0
1 1 0 0 0 0
0 0 0 0 1 1
0 0 1 0 0 0

4 6 	 # U Shape
90.84605315093614 73.39470823866267 74.56664574344751 26.28970780381651 92.88220562842238 84.91532379955554
69.7540276077487 27.169057240478235 43.10609283866573 92.13032074250857 33.86530692007691 96.94039287232297
81.53022834917711 62.27655949137154 29.872307767157125 84.84437350838877 25.172731645441438 89.34469015738209
33.380491965888595 30.89163548222251 27.524156188645456 17.553078936928134 84.43555060359762 96.83862219633109
4 3 	 # V Shape
87.91172326478781 57.35696555487849 32.74504972601326
92.52787489719309 99.80080160524656 74.6801619772481
86.77548088812924 77.43456985849417 24.18105691472272
67.17419093221842 92.00829246781254 0.42312526332706213
4 6 	 # Alloc Shape
0 0 0 0 1 0
0 0 1 1 0 0
1 1 0 0 0 0
0 0 0 0 0 1

4 6 	 # U Shape
68.3594841398572 52.824151634007286 5.472572144336263 55.371324511715514 19.374029859397456 41.83038705569376
87.05972989738486 39.4010592898232 56.669610308117925 64.84498922094068 14.528499883365775 63.06316894021398
71.30412299309114 25.931721155274758 2.460610012434461 84.45234467460396 49.83696285196459 58.26670571037814
69.28728881540161 61.949953674298065 57.970086960784506 27.46769432025732 0.6481697550151599 72.3828384468093
4 3 	 # V Shape
48.76057647603881 59.89962614295502 8.64899153969284
49.62612698617863 6.013059155507506 61.29098780661973
13.6846615538458 66.88851007367055 8.552598679325495
94.97094059273259 46.58048032337659 51.06496676274903
4 6 	 # Alloc Shape
1 1 0 0 0 0
0 0 0 0 1 1
0 0 0 1 0 0
0 0 1 0 0 0

4 6 	 # U Shape
7.2832571273798274 92.00463341355278 73.28974425572848 47.46156789480986 20.350978606988967 82.25301039286258
65.46361357595528 31.01048458569089 76.0439110784712 68.40341214468344 72.02642152791302 86.17727696258339
59.35660558486501 70.48805205173056 12.652732603767747 26.333629515102274 18.26927343961715 91.22941462932938
27.56003647047821 76.78900340223458 57.82900544041336 44.58783786870287 68.21263421218313 88.61577476698325
4 3 	 # V Shape
19.018841804515606 70.89427799250555 39.030323238845746
62.848012302851174 50.38533188439851 57.94195050725143
68.88081965281336 59.487717603482395 1.6191187359773984
69.1498496901481 35.359321981361234 53.23451176598651
4 6 	 # Alloc Shape
0 0 1 1 0 0
0 0 0 0 1 0
1 1 0 0 0 0
0 0 0 0 0 1

4 6 	 # U Shape
33.83311749763629 66.01466314281362 75.3469795796012 27.23893510429439 76.1796553938086 11.144509209027087
89.29550524064602 6.114023653769573 74.12195250780537 58.498111696823294 28.71772791504381 68.45352575261572
5.329978000835867 75.23036929157429 44.10821005976777 14.90825962569784 0.8316641019760929 87.17203822550002
3.1552520294275688 10.78617083539476 88.49375182552824 63.77141276514132 5.04334860773521 55.211927630332724
4 3 	 # V Shape
37.11137631521109 51.71989378431042 58.38269990738537
9.762125644068664 80.04978034161405 55.84762055055745
18.437699770048976 89.58662867717794 79.35236581988224
11.142540592096816 23.53682087319666 49.69658201924915
4 6 	 # Alloc Shape
0 1 0 0 1 0
1 0 0 0 0 0
0 0 0 0 0 1
0 0 1 1 0 0

4 6 	 # U Shape
68.54016208962155 49.18484016718709 43.07240496652634 37.792924787863804 0.03927465805528829 40.30067253485352
10.702154071819269 78.86104059235647 36.55086375136876 50.27984630074788 28.947267338804185 17.244308651938677
7.832436388072262 57.30400810465823 63.0574724265045 3.005636837951353 51.48882224965341 32.17292161524807
43.88263778853305 49.562720344272726 21.79960525058281 46.473915880104734 70.81244500306033 45.70110520341022
4 3 	 # V Shape
96.84359671853883 29.733774703512992 50.67025758470063
36.2619280278634 83.39933039790249 29.66972164660301
90.82116528703548 54.738518538694635 25.142838402055112
50.1904060793475 33.67625612426658 79.30441784101124
4 6 	 # Alloc Shape
1 1 0 0 0 0
0 0 0 1 0 0
0 0 1 0 0 0
0 0 0 0 1 1

4 6 	 # U Shape
8.55942411954872 64.56408484709478 62.72680252659146 8.318734601603095 85.03657607153475 70.81760354703202
23.92969785211858 92.66144793919024 64.5157873455858 96.8874974875299 49.262240329219544 45.78707426304294
19.85528746339009 34.306290977693386 75.95323252532606 79.7699643606603 94.20361913479009 2.4276895736936144
44.84857810054507 63.10533021767177 44.42010670557502 27.519733511586697 9.673790278811001 44.92071958096035
4 3 	 # V Shape
78.18274293335658 19.600776518777053 39.68116694216032
21.306793472561004 95.96354850696791 94.9880173387247
15.407029409112294 12.526329366437693 54.69417389708201
56.850371248383766 69.22965898021887 82.24070478700455
4 6 	 # Alloc Shape
0 0 0 0 0 1
0 0 1 1 0 0
0 0 0 0 1 0
1 1 0 0 0 0

4 6 	 # U Shape
19.813791756053323 42.357830162936935 52.59863524223283 92.49857779219364 78.57459687271347 94.45947981093185
61.01581787300157 67.41402602171071 29.673669178154892 6.398325164272767 95.95467905672128 42.00242529241025
86.14151949015906 24.78450926381055 2.574307881137894 51.26772687233815 51.61155907710025 86.56336222843376
44.69503304763991 12.248961619568743 78.04717624628046 5.77623888717449 31.2708389171798 31.18262248218645
4 3 	 # V Shape
99.36229828366456 50.542316015979715 4.542747735524266
4.7315616350593 76.57775499035425 14.201104743351511
57.65081913489188 47.011859528942566 51.468375531025934
74.26327664296078 27.996887763169386 68.5802768326184
4 6 	 # Alloc Shape
0 0 0 1 0 1
0 0 0 0 1 0
1 1 0 0 0 0
0 0 1 0 0 0

4 6 	 # U Shape
47.52295282726284 1.479561017396347 37.15482937380775 77.40208777646781 37.918402221415235 77.01200684005649
65.74661550935943 50.40094683781514 90.27850798036212 98.95061563844394 77.66275234701699 40.07747094499028
68.01102799961276 85.90583975291132 78.26660105090197 49.326017881372266 31.42771507784262 26.782845780644536
34.1815263544489 78.63351817323834 62.6330879096703 60.79750031650997 40.67371260699345 96.06244581745084
4 3 	 # V Shape
95.37785868534976 89.38797249354515 62.712240796922295
38.661230758242695 83.49239433863501 28.87285652941308
48.73099638498578 1.8644882797956286 1.3201326456453777
56.735380969856486 87.41211368412559 1.8611232979378056
4 6 	 # Alloc Shape
0 0 1 1 0 0
0 0 0 0 1 0
1 1 0 0 0 0
0 0 0 0 0 1

4 6 	 # U Shape
11.492930128840595 5.568630721045942 52.123261402057366 69.17857219264486 74.76780069739016 94.31324964813757
7.2725957291551735 78.41342147583786 0.35040994853893226 99.76778117105191 39.487324416021764 43.324718938769294
2.083829060848308 31.713443053229973 73.33586984854315 57.017175351087715 61.60510177060187 15.201990770069607
46.83180360556963 44.632623764204446 39.12182135454434 52.016862568770804 83.64153012780933 54.386971395828574
4 3 	 # V Shape
55.249440520796256 15.62812627533081 2.8492921018308914
8.350190854396732 20.469639254774386 27.43024658785793
40.76990353509008 10.144055417528165 6.340901160771195
53.27980702318138 83.7993508719449 9.766543558235764
4 6 	 # Alloc Shape
0 0 0 0 0 1
0 0 0 1 0 0
0 0 1 0 1 0
1 1 0 0 0 0

4 6 	 # U Shape
56.85200270151151 32.058028105708495 35.045232567210384 48.4775663768797 78.5603249206831 48.620415237303874
94.14374954668715 7.476653310455761 30.67309820388121 9.756035857187895 81.2467099931097 76.46776614768737
17.37849851450627 2.70560365226048 98.43168402871237 10.327902985638405 50.52854880381935 79.28231046166913
77.53020320326038 41.30985560841381 93.33803163347835 39.754448170955534 94.60081878805546 17.3692918221395
4 3 	 # V Shape
55.47629903588421 32.54509036235537 1.2790696488632958
63.03545763972893 34.887804870659735 24.02095674079684
1.1030704422475668 94.0688758143596 93.36227708801145
91.44711781324129 98.6596090841968 97.10971295109557
4 6 	 # Alloc Shape
0 0 0 0 1 0
0 0 0 0 0 1
0 0 1 1 0 0
1 1 0 0 0 0

4 6 	 # U Shape
51.002633751516434 96.3229479727646 51.225254240603405 88.8432322771282 12.73589808141259 68.55643078983167
83.2323780250462 85.44061875779879 90.21433922516118 10.303579886663684 37.59928078953184 5.221039923432336
17.179280795119535 30.675418600193318 96.08091359251806 16.81466131032323 89.19606759896801 33.49469474639384
97.75490902058823 77.67900591663786 4.797982701672909 29.119390821042522 9.864159151702335 61.56664397160038
4 3 	 # V Shape
59.082674756791555 14.479492549223638 50.77784611849106
0.8103526933300631 93.46296006924253 3.3329871344020323
65.31605025627732 6.058314966043277 5.037699921854067
20.18890516781009 21.304244357255854 25.160364895492382
4 6 	 # Alloc Shape
0 1 0 0 0 1
0 0 1 1 0 0
0 0 0 0 1 0
1 0 0 0 0 0

4 6 	 # U Shape
76.29998322995331 47.64152347969374 13.74230322871135 3.4819462418371416 99.58060546101376 18.772592794530063
50.405152787890664 32.37176172202678 2.6235336178119795 4.107494525226496 35.07068973301954 3.303621479665342
90.74381682371936 68.99608708987375 51.16850726173493 78.8239645046478 64.16651697044048 15.899839745443744
51.53328911074156 92.1951838986042 4.123164211872332 77.81057925896877 54.86582421074044 53.68916306333681
4 3 	 # V Shape
3.7061837871629533 2.079530775231564 54.162892794804485
6.457521994779425 7.189939648951604 13.450963100511771
15.666928521239187 45.38625471007449 46.67696986392988
47.473277305427665 75.42818859246891 56.864847542674056
4 6 	 # Alloc Shape
0 0 0 0 1 1
1 0 0 0 0 0
0 0 1 1 0 0
0 1 0 0 0 0

4 6 	 # U Shape
77.12432383521823 30.178482874401848 17.849128244102875 11.240239249844352 69.58288441367185 51.91250239985471
19.80534746178283 39.88824253272902 34.602776228827615 0.5037086131874924 75.04612837942074 7.184380665830126
40.15209214915929 4.208960705291087 0.6039397815269631 70.40026631794815 48.66813903959386 35.179304725755536
70.93751028456403 19.416037637453044 56.76189203733344 85.73137835536878 99.20999879725755 51.34327036174034
4 3 	 # V Shape
64.9343484829271 5.078666015640754 53.42362312402182
41.482945195136836 68.66709955380708 66.16428195463168
18.566109405759278 43.288244572142844 88.99918349847098
47.82214660641404 64.83548550427986 5.606005144921444
4 6 	 # Alloc Shape
1 0 0 0 0 0
0 1 0 0 0 0
0 0 0 0 1 1
0 0 1 1 0 0

4 6 	 # U Shape
90.2066832787273 40.43202914403445 32.815926845315126 53.56250574379299 21.24496796486105 16.861054248540185
14.829859070952933 75.68046631369026 55.60090793303631 14.958736158418052 36.713324531754395 71.66611839206803
73.24285633771241 36.46884852042268 88.43382204874737 50.77754143127472 96.46247715580596 9.516893469894205
34.20699199117354 93.8481075757718 8.72510315779368 28.732692958287387 10.479259811372266 1.0984067387655005
4 3 	 # V Shape
1.7925573546160978 47.33250346846501 41.35570753013976
68.96832145468969 94.11769662795398 15.409814714503778
97.56616048062713 15.79705612100576 65.06597596354213
63.92419474102291 94.83405012589247 71.48578227107566
4 6 	 # Alloc Shape
1 0 0 0 0 0
0 0 1 1 0 0
0 0 0 0 1 1
0 1 0 0 0 0

4 6 	 # U Shape
26.829066345056184 88.19176933538748 94.85474328178695 70.25840900619912 76.04379348298846 40.92287731947197
25.20670604908073 54.0313717245703 23.918428870643137 58.28026388464732 6.436034568667804 1.754437968949274
44.48370862683589 20.438214598427084 23.87820569454291 4.486994179630932 94.52774528362387 87.29066160554302
36.69971584139632 97.5191341166671 72.34922026674904 51.705469100183876 31.683601976123498 6.922041935022971
4 3 	 # V Shape
75.06981259281118 79.66787816372187 25.25339898975507
53.60954448965241 8.316068235677665 6.073612908898829
82.50653022874329 31.938330379230518 90.21737294955496
14.406893010731247 22.550296548731964 84.02811564203668
4 6 	 # Alloc Shape
0 0 1 0 0 0
0 0 0 1 0 0
0 0 0 0 1 1
1 1 0 0 0 0

4 6 	 # U Shape
91.74648885161358 19.230112774434883 87.09219277338379 18.0515234545095 87.39017862188581 57.179881058890835
54.08991206151762 75.65001485680068 18.25688461517284 3.9181694285358115 43.01540026200246 69.54980835409899
55.757071394738 86.08458082418564 78.85875641816574 12.739290509192768 59.930536430403 53.88649375948671
97.47154144930545 26.74067519801714 61.986204207748955 16.718341856449182 8.188526624692916 8.040298049051398
4 3 	 # V Shape
35.12781231899601 93.13687387582013 38.26669961930968
16.459311801808163 22.67339059051422 96.53443404253093
77.51784653744926 77.46582763965314 77.75651200063811
57.27263539649267 12.678081164424848 97.38462449437327
4 6 	 # Alloc Shape
0 0 1 1 0 0
0 0 0 0 1 1
0 1 0 0 0 0
1 0 0 0 0 0

4 6 	 # U Shape
46.71844510423113 86.08910319315642 38.34759913808246 84.00225961106706 69.36410625063536 35.02206942326368
26.839357805497244 73.50888407888424 56.14005553026708 90.11533585125599 53.441397823872336 13.266173375315372
73.48485582784492 46.60035910320299 6.188153816122288 49.697278043059235 84.19680876506727 51.234226404777914
83.148898836879 10.38802079991008 98.30176153310182 8.796036894562654 1.9542967528877853 87.34790566065605
4 3 	 # V Shape
24.828318590926457 79.06465074417449 13.5276922549319
39.45128024275172 35.03756932172263 98.13458704789745
70.94116323689403 21.943208214764496 25.243094890808337
40.96578460457238 92.53807441467625 75.23258290046923
4 6 	 # Alloc Shape
0 0 0 1 0 0
0 0 0 0 1 1
1 1 0 0 0 0
0 0 1 0 0 0

4 6 	 # U Shape
59.57784246194826 3.531965863782627 22.69715749709792 85.19669171158209 14.137077754602867 90.48512584102554
39.17761761721744 32.9768394822007 83.86254318642179 49.06483109953372 50.34410384742153 71.17710014046713
69.27583133229687 51.91483916966997 18.30066956993104 26.13486196644381 70.25950735777961 98.84114364381679
91.31448739653992 46.18116043170426 49.48080112185954 22.570601036290494 83.8500236429428 74.33568044989408
4 3 	 # V Shape
5.922963379733936 75.079166096167 74.76089223879193
47.919611510546275 4.935540578507558 23.13478682002299
57.3260661817425 17.822641609136557 7.870592403091914
6.4639612228097 80.16820144992303 77.30820461762794
4 6 	 # Alloc Shape
0 0 0 1 0 0
0 0 1 0 0 0
1 1 0 0 0 0
0 0 0 0 1 1

4 6 	 # U Shape
64.76904910530351 3.3235840252101467 2.9218544146492498 33.21552737956151 36.75690328630202 13.989356487433447
91.34067962283345 62.5213233209 98.02517870735443 58.817675813862756 82.56640982181497 25.891796172308336
12.475777135603039 59.87101860297845 49.90808662081112 59.674269779396894 74.52148031297942 72.60481018732501
90.47922850201803 54.665628252817875 83.6731667905649 53.56370552609037 68.07987281361342 19.790302977251827
4 3 	 # V Shape
12.322599552886848 30.01334152194779 86.4804296813933
17.29031611380034 40.12060907344388 11.28426536119016
44.94361118392513 60.01561009497104 78.96678401087811
21.66741148367527 23.651182516595213 87.30720026951103
4 6 	 # Alloc Shape
1 0 0 0 0 0
0 0 1 1 0 0
0 0 0 0 1 1
0 1 0 0 0 0

4 6 	 # U Shape
9.35949522701155 15.141362104178736 39.24250490326874 87.49930119722826 34.35636903444627 82.90484264294729
9.546017956774532 63.25357137388586 94.78211669492896 40.64279461276404 26.39129449365416 40.21845632890266
46.924317864878304 30.74777676650737 56.141576253444484 93.97412944292716 88.87513800475008 55.90600667655289
63.56360070907287 90.26945955749439 35.41274126143564 97.10326258844219 9.93924548784838 5.592834386505052
4 3 	 # V Shape
59.759557330680565 18.893197621561708 8.168447897648278
81.7069170752279 79.52668253295508 5.655127093226375
52.26053411685562 72.38029945856408 86.5680267252522
47.373996625639556 5.020658562875413 75.61991914517942
4 6 	 # Alloc Shape
0 0 0 1 0 0
0 0 1 0 0 0
0 0 0 0 1 1
1 1 0 0 0 0

4 6 	 # U Shape
9.339277875289465 63.03693191232951 66.27860401706194 28.233967125419213 37.52791334672024 56.08371075650799
41.1297487403386 96.78587662923918 38.36306779923356 78.68856845912725 49.843561528448575 45.456471561278335
80.91093412406535 73.18442341874223 64.15433171472363 99.56111402021433 49.89650144786098 6.57965379149974
13.77360305693257 72.18668576532458 88.94678627035086 74.40946977752019 45.31929513061173 51.538232847371646
4 3 	 # V Shape
54.39661988121591 44.91974200592711 49.49713868041334
41.494362345116166 20.62346423203897 17.554429334692145
33.47036266501259 43.95684970819552 87.28383087518104
93.82705450986208 0.8528823909698113 27.359752022561246
4 6 	 # Alloc Shape
0 0 0 0 1 1
1 1 0 0 0 0
0 0 0 1 0 0
0 0 1 0 0 0

4 6 	 # U Shape
23.83483069663377 79.77749911574537 23.5571762197887 97.14022513319661 34.93037242521959 96.16169043046898
86.87782848580345 91.75845012240015 12.151359890679847 72.35564367425548 40.33911642080198 33.92367775337116
15.308240757126024 62.23322968876494 55.54512628431828 52.84129926209402 18.937950012229987 45.40726417689799
40.46659152409393 97.04253274114846 11.374154564460625 77.04384969415337 80.47467336920532 82.27698371783828
4 3 	 # V Shape
89.23733458722617 81.93151941027992 22.041391834145884
3.2068774614353424 93.80543813139433 29.056980813937617
83.16069356889399 33.9680852855495 59.22963570730039
16.088329112835332 15.447227078189085 76.85378120491714
4 6 	 # Alloc Shape
0 0 1 1 0 0
1 0 0 0 0 0
0 1 0 0 0 0
0 0 0 0 1 1

4 6 	 # U Shape
21.630015357119014 86.95366676595732 40.779170318476076 4.92419197141637 57.797555854425866 33.050607337488934
5.819967447489582 58.63164397148306 36.25551661220362 50.74046787810186 99.9889176212719 77.89473775558993
11.028231507403586 88.91316863912523 16.46235762922941 73.51083454356184 17.101757662410556 19.85619883561004
63.383584410674246 27.1848477340193 91.54965695648252 49.10062992469748 6.668967017407801 34.06400681648566
4 3 	 # V Shape
55.78367701363499 60.657670158821766 76.32807596022396
72.85097681845298 62.072712614964864 78.85310591781432
84.7671477672351 2.307252572468088 62.359325333329
82.98224367512739 65.56075198201677 16.860335969785655
4 6 	 # Alloc Shape
1 1 0 0 0 0
0 0 0 0 1 1
0 0 0 1 0 0
0 0 1 0 0 0

4 6 	 # U Shape
47.552120858130685 10.106421879146755 36.28057476734675 28.525947574200472 81.97304928775546 7.240495559167359
3.6389998806508395 87.07440951468215 56.14207544649968 15.196156811748407 87.04218013799031 85.36471190917871
99.50031777380373 77.8392169318266 56.65098147705206 22.46450479533888 67.6731282538879 10.445242085805894
72.76407113309115 38.05770479710365 47.3183278071904 51.508206487422534 94.20070369998274 22.671195036502578
4 3 	 # V Shape
39.147950527210305 97.52885555675552 71.66888535466528
48.19019381418032 96.99403155837729 25.90887122030381
2.1852372064521286 57.929869748401806 99.62651383804068
68.49280837330987 94.94818308469794 41.758559149500584
4 6 	 # Alloc Shape
0 0 0 0 1 0
0 1 0 0 0 1
1 0 0 0 0 0
0 0 1 1 0 0

