4 6 	 # U Shape
17.10223561375762 59.43289825516976 56.39347296837879 72.69411552718378 35.205390522992055 71.09910897658072
36.153493422466575 8.874114763037966 30.814814155419356 70.7064204818597 39.5035303515844 19.461540554796397
27.463158571734514 13.09961178493978 82.12319392205455 5.911201054189286 19.951625573090492 76.1140642815757
88.27799095991907 50.18860703127188 45.268892243292804 41.984552184715376 9.646813336778015 66.88843104492945
4 3 	 # V Shape
82.80347173511694 61.40915428180942 98.53442809728281
73.30021207282653 11.769491442649759 40.915316917966635
24.49932606230849 75.91240490946292 78.93725602180268
15.972922996188899 78.18263562933764 13.451057820501733
4 6 	 # Alloc Shape
0 0 0 0 1 1
0 0 0 1 0 0
0 0 1 0 0 0
1 1 0 0 0 0

4 6 	 # U Shape
70.92528321948622 97.20455259033695 81.00391176572782 43.065517966168635 95.77285998114507 4.775810110489587
73.27818008916883 67.56664492813947 52.700516779415594 56.69874518723802 72.2945249247141 68.26033501652628
79.53126800992895 11.284552220179378 19.916263217137086 72.13192289727536 39.386732248283195 33.918540311781975
15.344568607162113 10.05740146112185 40.72471068550777 58.29154644665038 74.07205209616811 87.03608417756887
4 3 	 # V Shape
96.65261604026779 45.55648553522168 40.042299907168314
29.89396309634117 82.83600667431183 90.98411699907558
76.6136675251295 6.831478431392501 60.602651997581326
93.92161324283785 10.214265774506748 97.75395164399522
4 6 	 # Alloc Shape
0 1 0 0 0 0
0 0 1 1 0 0
1 0 0 0 0 0
0 0 0 0 1 1

4 6 	 # U Shape
96.87863935198884 87.19322891684457 85.21571823053722 37.12873952550867 67.56214735118489 17.06741249683961
14.2332602949508 36.01499729733869 83.11497291141919 39.63099047689467 79.98064003628743 7.260298677032773
73.81394754367616 13.829430507556385 54.18377047046747 17.53466323855414 1.9772169447861643 26.547491928236777
50.68564685804638 61.98142849522922 85.35760562956386 91.65410029398761 89.6416538186438 6.528580074717672
4 3 	 # V Shape
96.08354763118085 85.44347561907131 40.73324766029427
16.7162185992311 46.75948444335317 15.081242619065327
17.89005456367333 70.25238673731998 59.80309013307856
44.26088209546963 61.18159813565509 89.8195670719665
4 6 	 # Alloc Shape
0 1 0 0 0 0
0 0 1 1 0 0
1 0 0 0 0 0
0 0 0 0 1 1

4 6 	 # U Shape
35.31942526637463 17.013925699601963 10.300315964761941 38.70304293797018 14.647430996922617 19.477633284668304
22.350491388493833 83.25963103362287 86.12971867821182 75.62415746610661 5.314331685809215 96.68622804688346
11.856109327104026 64.12533472589591 24.58968990871806 82.63106610216471 63.704149848122114 1.6563355285970527
38.76483785092877 86.52564696641556 43.64236234534123 75.4010859048211 70.56170148603937 65.56579822845153
4 3 	 # V Shape
9.7873054353397 72.06246196611866 40.813800448912374
73.13776792238191 95.13304429986191 16.089448337234824
88.62958232558935 70.4111775939915 34.75973907546085
16.965224859373684 36.11120896072957 34.382461494836406
4 6 	 # Alloc Shape
0 0 1 1 0 0
0 0 0 0 0 1
1 1 0 0 0 0
0 0 0 0 1 0

4 6 	 # U Shape
0.40843597807442844 68.99208215013513 20.979241153998586 82.87415038352452 80.79189538321656 94.15007052426935
49.4714535487829 48.12622884541188 81.81281324581735 55.98013288919185 83.22615939620674 61.11918483353072
37.1507807713962 78.98824351069337 58.113972193719995 69.84641963412034 5.974170895963615 18.926509698373163
39.81860334246862 73.7052762111031 55.2216901543784 24.070623413629832 90.95092418328923 2.5207974983498915
4 3 	 # V Shape
29.06698962447649 20.06158085697981 36.47569240182082
88.46354387701332 68.61240443411343 13.973900617708445
18.7554301839723 3.9982359788262034 19.102595546505274
17.898430681821353 31.206738039146686 62.632973448587414
4 6 	 # Alloc Shape
0 0 0 0 0 1
0 0 1 1 0 0
1 1 0 0 0 0
0 0 0 0 1 0

4 6 	 # U Shape
27.647797964142207 50.118048719576734 0.00044499071256698386 4.214445837531333 31.554584165893928 59.23333765076584
2.7578715863632586 38.873415300264256 77.14840052682331 0.5465181744703895 83.24731769392929 74.41447663069177
73.20529086937675 78.24915681161761 92.4253992152462 57.91915523033466 15.248360259801629 71.34747341035563
35.92904828936799 89.99790117478248 84.06308082454443 70.47738047158322 12.642580942614012 37.99964883950345
4 3 	 # V Shape
39.761154637960885 86.09354880789536 90.86197835616662
49.23057498551526 55.52318039917673 4.355752499253196
16.8388570511378 64.47815844369732 46.61169686737509
6.845121469372362 10.349703671383214 10.135501589644491
4 6 	 # Alloc Shape
0 0 0 0 1 1
0 0 1 0 0 0
1 1 0 0 0 0
0 0 0 1 0 0

4 6 	 # U Shape
72.42944784290081 28.428838868110084 36.55936798124883 40.07241476215159 16.469569711887 89.88424997688612
56.90461841314848 6.544150293140117 23.41110044159921 43.37187215608959 97.6390861505887 7.022904557188225
61.67289824573234 15.68524806098428 27.528411843584177 17.936846227474557 17.64512442070475 3.940060264488976
94.46000602946944 14.020273108709237 29.758646648266428 29.97685018610291 67.3340805593304 97.04768554959816
4 3 	 # V Shape
87.48014132298701 62.699930414152604 58.72809753174862
86.70523998882533 4.6795128164002335 46.81818333648127
52.577152945913866 97.90716040133208 3.2350250816627457
41.95755614440223 70.08298267882857 72.84890953499695
4 6 	 # Alloc Shape
1 1 0 0 0 0
0 0 0 0 1 0
0 0 1 1 0 0
0 0 0 0 0 1

4 6 	 # U Shape
88.64810401827789 89.5029391438457 83.65955506049752 4.1857421902043 49.72811795911585 30.184391495344652
14.444689876345574 94.71140536069476 10.207280552747255 27.94362294331294 26.720030642451707 28.352367188871263
4.159415961835988 32.745358534800985 99.86352054670704 61.320018150843126 31.11887284194109 51.233867039137074
80.55704296024673 96.50149477652334 70.78346668752249 51.28685070199543 20.808474310846993 37.237434365091325
4 3 	 # V Shape
66.23787127011417 58.88879168135309 77.68003633850623
6.912971045155391 80.64366681010672 52.752194901975834
36.91220660793954 8.53791750493903 74.2428707705723
41.42074370359566 25.61508425657032 95.05669551544148
4 6 	 # Alloc Shape
1 0 0 0 0 0
0 1 0 0 0 0
0 0 1 1 0 0
0 0 0 0 1 1

4 6 	 # U Shape
40.72678347368354 2.710689517137943 92.42077446671342 41.36869488045216 22.22964635166943 18.06783744675825
13.825743074443908 6.394265396699472 73.25933882947693 63.69684801192557 81.49969381473244 33.75238469980694
36.38135392431445 98.04036762605645 15.243236761010115 4.065861218644917 91.67486751122811 58.06857313198546
71.37384363643575 62.00612889148479 43.416265987085744 28.521601160679268 64.26662190996606 67.88127180715766
4 3 	 # V Shape
89.81981172667759 65.89432965485486 3.43793462021712
64.06091024958116 64.20248051649298 50.7481466621746
6.365765422348469 64.16753358883815 16.62984512338732
88.39221778913866 79.3009775502652 77.60849898514148
4 6 	 # Alloc Shape
0 0 1 1 0 0
0 0 0 0 1 1
0 1 0 0 0 0
1 0 0 0 0 0

4 6 	 # U Shape
24.269658042509633 36.69768943763327 49.68308387957312 65.56753733320465 43.279766433029735 99.42549037925015
73.58264085836194 31.09104957739198 39.80522679797227 31.660079306946475 26.505969243903536 90.95987263988631
62.65222165724557 16.20349350530178 48.214299739397205 79.62165197866987 51.96560849232116 78.78523565523507
25.420561971952395 82.20012006914274 56.75775681169887 12.09866403098504 53.907449461627586 0.7356724344777188
4 3 	 # V Shape
64.26398414856148 40.21611467640999 72.13994615766784
80.13342123714938 72.01405751667544 27.777553637309317
41.99636013527074 82.99352209579303 0.35388082210074945
98.4616593290843 33.95585891199011 35.17681356942062
4 6 	 # Alloc Shape
0 0 0 0 1 1
1 0 0 0 0 0
0 0 1 1 0 0
0 1 0 0 0 0

4 6 	 # U Shape
37.59085817558404 11.677330165027778 71.94737344893856 61.65940630272889 9.176953913995678 9.115332556458988
99.60865305434226 72.1845868081562 41.19218963141166 14.809820925211515 32.35955567199716 81.47208033904697
45.674083849206426 81.72236488382714 64.16662904829504 69.29047905695727 24.290221160447434 6.011354806395608
9.703271979686622 73.71688453522968 45.56596992148121 15.326776264811992 42.21058484749594 61.03689776637634
4 3 	 # V Shape
32.97791985234533 95.22071652494807 27.858892209340304
90.59497876196141 5.34739004353364 75.95647588383171
4.41100904561681 64.126304090732 33.0698867534102
78.94133500136246 90.1768670967792 98.08483321775539
4 6 	 # Alloc Shape
0 0 1 1 0 0
1 0 0 0 0 0
0 1 0 0 0 0
0 0 0 0 1 1

4 6 	 # U Shape
53.794481192339475 15.308502249942935 34.393514190762154 12.64350406270297 39.203235763170376 33.24225025146584
50.81558251250263 82.1534768586349 85.31993577334767 89.8387826767536 90.6823957635936 69.78270927774717
47.76433386499529 81.82784199137653 57.906371317223126 48.85958192015168 90.12242152934898 28.533316109700856
15.738715484323162 7.482193192305453 47.89270545487749 87.73963426420444 17.295341953498287 58.92767949727805
4 3 	 # V Shape
10.406194088491095 72.09101718186963 39.18025721739482
59.11058721300019 10.274217359850779 43.64613818389165
48.88204523072993 1.522738009614577 95.84605346519388
40.128751394191895 21.36981433651418 71.88165490779322
4 6 	 # Alloc Shape
1 0 0 0 0 0
0 1 1 0 0 0
0 0 0 0 1 1
0 0 0 1 0 0

4 6 	 # U Shape
46.2247694599044 14.177608145937304 62.65434713427026 3.8673980295908184 41.85543177649878 2.0609012696224616
55.23454472630607 11.56701454448691 2.2298483508962796 20.89155036051552 60.01581987662274 72.09380723063711
32.341062514185126 83.94000292514839 52.82345808486182 28.690601352629297 90.25455454957947 50.5888786874706
88.51353571875168 80.9397194674718 41.609017168775885 77.11696180421723 29.830491001418736 18.1108184103556
4 3 	 # V Shape
56.17170295564452 13.533480198546389 50.11253185089757
56.064049693733764 5.66931363833465 35.70818641733224
59.27867019977432 68.1927750800599 87.36895606662091
80.22926148752168 81.44356813361865 11.055171103731986
4 6 	 # Alloc Shape
1 1 0 0 0 0
0 0 0 0 0 1
0 0 0 0 1 0
0 0 1 1 0 0

4 6 	 # U Shape
69.30838190498316 51.60522982143741 27.96561419559508 11.690541056429238 92.48522000374601 7.873068810393102
79.84385527742039 5.036667290483543 98.31133772410989 83.48779200358179 42.33195124107593 24.773354471431464
56.97279886323702 28.27055156418725 27.94386410742524 57.35286261738008 87.70327918569136 66.59017372137792
5.022447722933288 60.02643575813341 34.96858663537773 25.2497835650789 20.514638238158746 74.20859297060083
4 3 	 # V Shape
57.87152484763107 75.07555071771444 24.12387125317438
63.022749737935634 77.66952300965379 57.38513336737401
44.69311794180895 93.35336698318578 48.12670067573255
37.16206482002059 22.309025606455613 13.549526102730013
4 6 	 # Alloc Shape
1 1 0 0 0 0
0 0 1 1 0 0
0 0 0 0 1 0
0 0 0 0 0 1

4 6 	 # U Shape
93.21840092869938 73.24012057087901 90.67050275431173 66.22629783741971 76.98638068314403 58.671755073547814
28.55805383512944 28.784934661731743 96.18161197664786 8.559265242118796 35.861856978254224 77.01796973179759
6.034576748936837 30.246641513504024 49.89511266728035 95.6338473240083 5.623664583718635 14.793025852058028
1.2249577172819492 51.475412309117644 95.38817030572889 4.72848126587947 48.0918485381683 14.747831368827757
4 3 	 # V Shape
23.075169095062176 86.49539135480418 71.52168018822115
14.672910810732976 67.99266619673404 82.971426191914
27.529714683410145 24.419497644017717 0.2583892858851744
14.789811597809866 49.252748768566576 73.23459291158134
4 6 	 # Alloc Shape
1 1 0 0 0 0
0 0 0 0 1 1
0 0 0 1 0 0
0 0 1 0 0 0

4 6 	 # U Shape
7.3171184310604875 16.790678032619823 53.0397610984918 25.54157517516764 0.06929884745598969 79.52453773154494
82.40616662334845 44.99622356377528 63.265977226754664 6.121146205943218 76.42624059189869 48.34321412700775
41.03241288063543 34.06959437245308 15.614656025297446 37.416071077493775 17.189044047950564 26.955287464659115
33.73114982343438 88.87879979452691 81.06845682710399 90.32825023346625 89.81524847999502 13.14936567438323
4 3 	 # V Shape
97.16724856038634 88.1912787448195 70.75799524071535
76.55840263451485 95.50605525965739 58.46020479622148
74.28195039348499 1.0232713777574731 18.788550028451535
34.98176171200773 47.27640845645443 28.573574901017473
4 6 	 # Alloc Shape
0 0 0 0 0 1
0 0 0 0 1 0
1 1 0 0 0 0
0 0 1 1 0 0

4 6 	 # U Shape
53.97880151467085 47.934924242661594 12.767291892882405 10.373596504059535 63.55903921925672 54.99260361379604
17.745481301350054 12.062768326483342 84.88506688767423 46.39093809115773 41.737927809610575 50.215709948769906
47.83795075858058 46.20259292340009 70.39159801662858 86.78112313901698 13.350119080136857 43.98222228517403
7.6871950699324065 24.12901437987871 82.62627848253534 64.36778924921816 73.13060943089707 84.59045631021812
4 3 	 # V Shape
62.53675110382798 12.712113486198772 13.392686069242831
35.691897348800616 95.23954262784767 71.38963240028595
16.37855637480857 28.022392722614985 84.74031214272453
66.95305365966647 99.40261214830605 12.849751187062786
4 6 	 # Alloc Shape
1 1 0 0 0 0
0 0 1 0 0 0
0 0 0 1 0 0
0 0 0 0 1 1

4 6 	 # U Shape
94.282006730229 39.85670022630444 63.96576928107353 4.911625289574706 53.655366594733735 27.392373252762226
43.28924037915852 2.422457062306582 34.09660369238851 15.021390803893109 72.87949864011154 59.488770292119085
77.49605582040476 30.076904806446457 74.60189915969495 15.188683997207386 80.56390824505401 93.64926147270997
14.645482235560047 94.46608651037603 0.040930809938799495 94.44813258383155 0.5801087007219263 81.46053501408865
4 3 	 # V Shape
88.90991664686065 33.71200683755915 29.19919154101497
70.29380954090291 82.5227596181763 75.5606311361054
14.675474127940348 85.06860152886708 57.88544825398125
13.001016576226665 44.12805458068226 36.195429018024406
4 6 	 # Alloc Shape
1 1 0 0 0 0
0 0 0 0 1 1
0 0 1 0 0 0
0 0 0 1 0 0

4 6 	 # U Shape
19.556542741063645 54.81508047721294 85.84818875521566 14.283949766186554 95.41235830333964 11.48196807834616
52.85386334755104 53.40667678270219 31.419534773908055 80.27644305330014 4.124240583458638 7.304227394118634
92.81898710000928 82.22613712896668 38.35236083246295 65.10330121380574 37.60841152273747 61.562422166947215
27.973220491301333 80.54573787937957 80.9198587534706 89.69327212941606 24.345145608793672 22.40310227736805
4 3 	 # V Shape
1.2966038672489688 78.1646854989759 36.80607960289674
98.44461293296544 92.6076559107654 58.38523365603974
98.41569196618232 67.11307878064264 54.2561977116566
16.64761348239815 12.523366285497051 38.83268274760232
4 6 	 # Alloc Shape
0 0 0 0 1 1
0 0 0 1 0 0
1 1 0 0 0 0
0 0 1 0 0 0

4 6 	 # U Shape
52.36921970982278 14.518894241202629 17.78823362503551 65.71482270191079 60.8324061924476 66.39347678350612
75.02986628549175 40.40894223817399 87.49518687949501 92.61065539605342 89.18309633626515 3.855914405704308
8.210258265547587 34.23757997403919 15.072350529079802 51.93275241100592 56.305761891262904 69.15821809413859
24.101617629893436 82.76997549669409 32.723546839878225 33.11987762262941 86.04334614459087 63.5857897096475
4 3 	 # V Shape
27.831906579157963 11.802819330705782 69.83821019337124
52.9156519581683 32.511416739452685 80.41163585636927
26.910227677076083 82.54404699858786 12.135083271888025
27.002317366623107 19.1617069993808 69.46350795471425
4 6 	 # Alloc Shape
0 0 0 0 1 1
1 0 0 0 0 0
0 0 1 1 0 0
0 1 0 0 0 0

4 6 	 # U Shape
44.0457327286892 96.74569389340343 71.23643771046414 30.90149464232581 96.98811117242569 27.72814356799197
41.41873080699554 43.92015903451956 82.73495257799806 53.168576112852776 72.9547651920155 94.65512610649665
2.5985450377742025 83.49480086910394 15.941617598940205 67.90794424217728 50.02701617447125 27.06163204506813
67.11773732779164 82.89852886293994 59.71717894741463 71.52624056282447 3.6837670031816483 93.35391446279564
4 3 	 # V Shape
76.25078554159631 91.30728878548186 51.244703680314174
11.521157159134187 40.67693168992427 71.46330434067937
9.850263712082919 93.46727712411952 90.69565419830629
30.57660596328029 94.51130061374869 57.050948406285926
4 6 	 # Alloc Shape
0 0 0 0 1 0
0 0 0 0 0 1
0 0 1 1 0 0
1 1 0 0 0 0

4 6 	 # U Shape
19.811147600338288 83.74785288829081 34.73184178113187 12.636549601034652 35.882996395799275 75.93594332454892
47.229660006390375 32.946959554583366 39.138409242486205 14.131901561032368 55.80438085922044 89.14637445841593
73.51162934082114 6.144773353762856 60.44244616672933 67.37313625383496 5.304090976239905 13.781694843929982
22.236797161394794 3.9226643736854694 0.11862747628267334 56.3441002513793 42.126386372702875 13.429693313218982
4 3 	 # V Shape
36.791047491845276 76.9725849330674 55.21639528449295
78.95640445321305 56.238564371069224 95.51892764873384
0.1999044833511987 24.349294444258085 60.1865479645478
78.9751790126189 72.01212949003681 25.772354214972992
4 6 	 # Alloc Shape
0 1 0 0 0 0
0 0 0 0 1 1
1 0 0 0 0 0
0 0 1 1 0 0

4 6 	 # U Shape
77.42337879996253 99.39019325825356 60.640216067454055 23.77661218931789 45.60476955391353 28.462639636529595
54.415103375003596 11.136492003143527 7.365983290165968 34.78690017062564 96.3405658972768 39.25279720139903
66.51799921890635 50.317804636386256 34.81571071497642 31.38948241442854 13.816698964801455 11.366421201639687
99.65936830676607 9.05616307755086 8.406682366491303 85.90741065893029 27.875534458476626 66.2266597007888
4 3 	 # V Shape
81.78711389380108 51.32730485792375 57.365488361117244
33.220382719823625 46.13261051059801 69.94212925829315
46.6297657768247 45.871463949206614 65.18740868888688
42.01348425774507 8.70575683854009 72.26868937092482
4 6 	 # Alloc Shape
0 1 0 0 0 0
0 0 0 0 1 1
0 0 1 1 0 0
1 0 0 0 0 0

4 6 	 # U Shape
53.40579590314094 78.87694261190849 36.19102029343417 83.18699495002667 22.77417952817227 67.85205200020691
55.37267340387481 61.19352570629305 21.549624818090575 89.98528914598208 89.12821224524544 31.099848611819723
51.41643439394249 78.50334940149023 81.58910563816333 67.63559418051992 93.44096376431006 60.96310637143524
17.867721571685923 27.05057740485414 57.71386037601266 99.33699841222673 61.989785419709676 25.292954800309076
4 3 	 # V Shape
73.80086120660077 22.581855241280792 59.99173232784295
44.85072441036794 97.74913825962348 25.308247183162436
79.62966772725468 74.8587385185707 30.968883214841313
25.22558638815542 74.28822915245364 35.55696093145184
4 6 	 # Alloc Shape
0 0 0 0 0 1
0 0 0 0 1 0
1 1 0 0 0 0
0 0 1 1 0 0

4 6 	 # U Shape
59.29552531249204 31.739881271067926 15.373399840461966 11.451602696463247 92.01691467848207 13.530960819862647
12.257388565162941 13.651013851218586 90.42817361983369 32.0980645656895 21.639675785290578 71.18057897099924
73.65671135111926 16.174148681275213 33.139710825188665 79.24695384333002 93.67829688225294 35.43047711774736
43.9916183235059 55.443849427833115 41.32393765721679 78.63683522986564 37.886334045608486 90.1504457767113
4 3 	 # V Shape
32.27592641857958 56.319784109815615 11.089497299750061
37.073188371843116 67.89114683855476 13.829344650763364
23.14226971033356 38.60957170244704 38.74061538885422
10.845973282279008 11.945225785030111 47.45230604720307
4 6 	 # Alloc Shape
1 1 0 0 0 0
0 0 1 1 0 0
0 0 0 0 1 0
0 0 0 0 0 1

4 6 	 # U Shape
19.140126159655935 23.194557920249515 43.57361690404233 21.834090959441333 89.04174335139776 98.29747785441593
96.51501654282572 76.4869833659676 45.17129712919352 56.14447980796622 69.05182266265436 15.786779744144697
79.14323239603061 13.063725348392808 95.04900401698372 93.25054599185472 34.08339540857007 99.97431653219911
81.48590260041993 67.99362303178684 72.7101987143613 70.90622734748852 0.9884835229589717 41.57141802231823
4 3 	 # V Shape
67.31478724811356 97.06922778693597 83.3287058369077
97.45710325254767 36.49571727233275 64.04059999299196
26.557166577632586 43.25290889839029 3.836518033176217
42.21951399552003 29.56375887032513 22.438895301281004
4 6 	 # Alloc Shape
0 0 0 0 1 1
1 1 0 0 0 0
0 0 0 1 0 0
0 0 1 0 0 0

4 6 	 # U Shape
46.85891376190756 72.71633371478106 79.92542880734061 24.09682262286763 22.612835737002758 47.73955401793278
59.017208216055984 82.17836607187068 63.43411006380235 74.82634481422396 9.46498236145381 75.49421600865779
69.06542414636742 45.9921151195262 67.87813285227885 71.63994657188945 63.89155670483741 5.263764844557106
15.817008911344699 15.154297135584038 35.682000571795335 64.72919641709652 53.16599157378271 26.792023221174254
4 3 	 # V Shape
63.84325387802129 43.954458276208385 2.501815833841625
76.31970545329821 30.66797808394336 56.44328897875381
64.34913363756854 60.426474574446665 57.41068441582395
53.9214046345306 82.58612932706501 18.656887993450187
4 6 	 # Alloc Shape
1 1 0 0 0 0
0 0 0 0 0 1
0 0 0 0 1 0
0 0 1 1 0 0

4 6 	 # U Shape
41.586919414672266 18.892801760509627 44.18466815135316 40.72553680364318 21.87029823727925 26.675417865738304
67.03123839747025 13.390744133564969 2.17230432478146 24.212150398531552 88.82485739726042 92.45849176382276
86.89152985242008 69.08581610060048 98.21358080604618 46.64189530693547 62.7944848835687 19.083189848346393
29.442444400302513 18.546770479455443 88.95266874596798 15.277492202565613 24.064070945302994 77.9287347401859
4 3 	 # V Shape
80.19500893389059 27.398174826518616 45.351347063078606
25.342960705166462 70.98523203413926 20.640632493556232
37.61926642211648 50.737405090806696 31.320674748212962
93.04296062572368 85.73166163418392 69.15841464359247
4 6 	 # Alloc Shape
1 1 0 0 0 0
0 0 0 0 1 0
0 0 1 1 0 0
0 0 0 0 0 1

4 6 	 # U Shape
72.46606627984664 78.6893682682215 29.901806277282184 8.71650018813016 77.21265917992916 51.41372763116044
77.63081837371688 73.25950377922273 66.94330084009809 4.628206165483684 24.215566114262998 57.498768782116905
83.07629594291906 89.91241424753417 15.067675036868511 51.37814362890125 22.384603254451974 32.92513323271553
38.75130418034598 85.38345047018353 36.22931879817599 18.03696330470952 98.68726737663643 39.11291683362983
4 3 	 # V Shape
20.38197891021167 24.88564588394908 10.48066869643478
9.651295216661337 76.87206242732123 13.960067061032744
54.09332671048897 50.830768173443495 92.28381298567135
56.89367036916234 78.86042600408608 10.659385556303313
4 6 	 # Alloc Shape
0 0 0 0 0 1
0 0 1 1 0 0
1 1 0 0 0 0
0 0 0 0 1 0

4 6 	 # U Shape
20.71470306571026 99.98059460286404 69.32898837056895 17.997497722141397 30.119739031252447 7.811842325125095
19.10058712218562 54.3703567287717 68.92162002574447 61.040136937857014 59.729042341914685 92.28346631788507
86.07417231240052 53.25758894150759 4.376224716643162 38.34422997254394 75.58451487491632 14.347568492962093
43.288314991352195 17.41314314558686 89.3016458825374 54.6314062073948 61.057396846197264 19.634148650723315
4 3 	 # V Shape
28.450593884702403 22.571343401987708 28.836255299929427
62.676508566804415 38.97855196305071 92.83573192255766
19.694893970577553 91.36441116687793 47.36946902594062
17.94798203793162 2.426362883373423 14.219339713236334
4 6 	 # Alloc Shape
0 1 0 0 0 0
0 0 0 0 1 1
1 0 0 0 0 0
0 0 1 1 0 0

4 6 	 # U Shape
56.28334062350907 39.59131524008417 60.187579076852096 36.290270104045106 30.74709903152527 39.57390650836673
27.682390737168472 26.119710351041824 45.4814142963436 65.98380333021855 7.024019595862441 12.11037133312991
11.397853786153522 54.63701930780087 50.54430245173934 12.327612160315438 97.0229689860136 31.463812917404553
27.06603855422667 11.674630038106526 62.30439574963893 78.25579165194613 79.58320538002333 55.735864752372734
4 3 	 # V Shape
94.90550522825431 99.78934532204515 39.106275899076124
94.02680528937579 61.369374031249144 31.010556422870206
69.86208291936325 18.871841243806653 86.27893798290965
78.09078398465823 97.56974065894178 9.39057772541304
4 6 	 # Alloc Shape
1 1 0 0 0 0
0 0 1 1 0 0
0 0 0 0 1 0
0 0 0 0 0 1

4 6 	 # U Shape
14.869424394390396 86.07510653790887 75.6894862459801 85.17427404063864 2.366920061941169 68.45440219713191
97.2480520006749 42.65229949056648 24.32023681999772 38.06014602804463 78.37838040594498 4.924454245287246
44.65590376707096 8.807364075660228 41.33845413739022 41.97252454835837 25.734270607244625 6.847243635104528
43.81329512801695 65.20820378748553 11.632427449216598 64.93112153913772 24.516445927017728 46.12762542738178
4 3 	 # V Shape
97.45367172130591 57.00600630806443 3.863104954463903
89.57837994168015 3.6191409551604714 28.61806211998269
60.61038287520408 36.640297793964514 72.2423421695313
62.32451903686408 31.912604010639868 86.00695798145165
4 6 	 # Alloc Shape
0 1 0 0 0 0
1 0 0 0 0 0
0 0 1 1 0 0
0 0 0 0 1 1

4 6 	 # U Shape
78.27575149451341 69.76059239317355 85.89646341455669 50.54456668916253 57.80233321547138 90.05097318889834
81.91848568865491 30.62036540230698 58.204135860265694 10.452878347252382 57.75331431249412 27.073695857546596
33.69643086412676 75.18850747889331 12.519572711897597 77.73139666418413 67.44943322218 19.42803271071788
70.9787013246506 4.7502780289509605 97.502600675689 21.71515576659131 38.809159106746236 24.471814389448888
4 3 	 # V Shape
85.91782669574326 98.27109102531784 87.24262755616917
39.62173774903955 95.91620626827847 79.74293196445463
53.18970909654445 64.10460462679791 4.484749391892251
90.22864504832941 32.29934231226975 85.99004393564555
4 6 	 # Alloc Shape
1 1 0 0 0 0
0 0 0 0 1 1
0 0 0 1 0 0
0 0 1 0 0 0

4 6 	 # U Shape
41.842933488669466 0.5133196288353514 60.02047582750387 74.76288678480233 95.16479924911961 40.45455122877598
83.56823515026596 3.372147398535541 0.577914841277305 92.06257203423687 46.19327128521458 46.27994505944697
83.13682350604724 40.71296147439703 91.92127995947929 3.0843998069437606 46.74456293100525 22.42500962022116
97.09367213479577 36.081947534680396 45.260487614933 82.91761586115844 87.24262573845996 51.992719460259586
4 3 	 # V Shape
64.64993562427867 58.189639577456596 5.253122546766409
68.13030237348676 33.64487041392924 69.58016250559135
91.35550094255048 63.31788580894765 33.74558068613482
43.03765668191563 70.6845522964385 33.414557681688976
4 6 	 # Alloc Shape
0 0 0 0 1 0
0 0 0 1 0 1
0 0 1 0 0 0
1 1 0 0 0 0

4 6 	 # U Shape
8.62957472546646 40.59283498306206 63.080757466223915 10.239766469744316 88.78263675735516 91.4077479077136
53.82162251084357 43.95901602097164 46.164822454988865 54.57592585224281 86.86695690075587 92.31731884501208
48.72941055254465 49.93158677170075 5.674701818976402 14.096732444692039 21.87454941317759 17.272819080155088
74.2370206128617 40.79281375971049 0.10857366154954917 98.22866493037186 7.22726666816923 69.03474620685579
4 3 	 # V Shape
94.90799267674579 52.92622774152673 30.194769939522537
17.78941080748192 86.4087235475542 36.939679249980806
35.280502058395 44.56376366478415 41.413355982255986
30.74243236867703 2.782899528811489 66.82316997038991
4 6 	 # Alloc Shape
0 0 1 0 1 0
0 0 0 0 0 1
1 1 0 0 0 0
0 0 0 1 0 0

4 6 	 # U Shape
31.60736299206086 44.520088159792 18.91824233145537 73.82662553579324 84.09487833953897 59.85418294926388
76.58402052577905 7.056613829464253 64.531424120626 71.93516227801494 59.73617728257912 39.55232806909768
94.25491265887366 41.11061724011805 43.1523496186067 64.57256925908008 94.73636958052836 25.419097743476836
84.4261784038729 63.818240614727564 87.14290545267957 97.62270350775096 99.40969256570185 7.384333699789359
4 3 	 # V Shape
10.402026577446232 42.73473334637289 9.480049394938817
94.30202949942743 88.3712110603815 99.60091946292484
63.93093712373834 72.27975538506813 86.36603764983461
46.469459307899974 56.546198612276775 55.240291972044865
4 6 	 # Alloc Shape
0 0 0 0 0 1
0 0 1 1 0 0
1 1 0 0 0 0
0 0 0 0 1 0

4 6 	 # U Shape
77.90096829554895 96.24420089757471 34.01651707779263 30.9414233031139 43.39057215732461 81.23983407728296
63.948987012013646 68.98887104327291 28.2244384442913 67.22710644538114 39.41750715038774 71.85446510771446
57.10435810422892 22.39149362283801 1.1727126305130287 98.89656767366482 66.2921063624947 21.129286897707754
33.37810949231614 27.50374010519101 92.2189033088895 44.11620607437554 99.84480431526835 67.1582145055315
4 3 	 # V Shape
63.40333627126207 72.93554022882503 91.67609618848601
9.348048114555652 81.1373743787667 19.350943592664137
14.201903932563987 10.664541990164212 51.379813529536946
95.08629866080918 80.9482881427326 41.965262697111285
4 6 	 # Alloc Shape
1 1 0 0 0 0
0 0 0 0 0 1
0 0 0 1 0 0
0 0 1 0 1 0

4 6 	 # U Shape
29.43999480312146 49.538995124291276 53.6026591937503 32.667010305238406 36.18186004458494 54.46115371403457
93.29100547843963 30.674028787068664 81.53722169523469 97.68927473059007 73.89598336997079 9.367077838564331
73.68196050067152 88.72260809892175 48.92794217538251 37.50518085695348 64.9321113197037 80.3426992437626
71.42724983268525 36.086753376422564 95.42011082287765 63.47206745139699 41.93103632078166 8.73090813647448
4 3 	 # V Shape
99.80711184429482 83.52763976351503 70.70636633746652
43.90661804919947 55.12928949997813 45.06829884845519
10.008902733131364 15.932540563930875 32.6645915622772
50.10305593283807 45.660277988815245 20.564742584238516
4 6 	 # Alloc Shape
1 1 0 0 0 0
0 0 0 1 0 0
0 0 0 0 1 1
0 0 1 0 0 0

4 6 	 # U Shape
94.5988426399604 80.87580586109195 55.08083759798183 70.64577379579312 51.64758285997703 56.28466945446807
36.75396399185218 3.512217670481399 54.19426938180355 96.75002544409712 2.9521074922909007 0.1943872280908865
61.023806566610126 30.831499973703423 17.06148244025204 71.2341509642092 32.72773774613707 81.99202434064266
70.30996722068676 12.722834196342625 23.51581805612576 33.425618902198636 64.20770697332681 25.88649425496461
4 3 	 # V Shape
91.87028070375565 17.19905335711016 27.46975553891724
74.93005548535824 23.74383718443186 63.69995336309133
62.75652762634974 1.4281991928335236 84.12823341875917
60.08261990049161 91.41035191462925 19.240236054337256
4 6 	 # Alloc Shape
1 1 0 0 0 0
0 0 1 1 0 0
0 0 0 0 0 1
0 0 0 0 1 0

4 6 	 # U Shape
30.830174880837912 8.468215761416486 83.01029416224142 85.17196582598132 34.173822104065806 15.469425459407349
6.929678378620774 68.84378170593503 34.67657729265745 45.05036641043609 43.865597423368804 79.07323859323621
35.442858878368774 63.1209611321197 88.37368302878352 38.29049770375047 5.965391972665746 50.786417052249746
89.84341913649678 89.73986196975282 67.92017499841884 57.125238886202226 46.644293907169164 96.13132798966542
4 3 	 # V Shape
76.28517807871667 66.81906445930905 31.48100686473809
45.74282556709842 49.728615114824834 20.97370441299572
25.960867237795405 75.96799307455903 7.902158911464008
35.74170034083654 70.25781688070528 52.46459163244247
4 6 	 # Alloc Shape
0 0 0 1 0 0
0 0 0 0 1 1
0 0 1 0 0 0
1 1 0 0 0 0

4 6 	 # U Shape
29.789109026708516 6.54489032828991 56.003619536022555 27.78484940311151 78.35640666503537 81.10152350539047
66.72388502855054 82.9703484874331 96.74648556375772 81.49993540174096 70.5428153819268 8.157122688435525
15.977356313076363 95.05746895319388 63.17483099333382 56.20454790847549 0.10623051093644476 80.36523608972543
31.415775414926404 0.5372926496925889 35.50636127889566 63.69668701432071 3.48822322659732 95.05144602135167
4 3 	 # V Shape
98.20897207012017 7.916934640497342 39.32563711082344
3.1044673106842446 20.96651455432338 3.638955983850267
75.10263837366313 79.86705088180159 66.58162872156691
46.157300490103594 33.78162546447734 94.90730077641216
4 6 	 # Alloc Shape
0 0 0 0 1 0
0 0 1 1 0 0
1 1 0 0 0 0
0 0 0 0 0 1

4 6 	 # U Shape
81.26426757699166 71.22983348888354 64.84910741681715 43.59323076341431 91.29586094031653 81.08561961382338
77.43527788463939 69.48456738859923 52.35040973511336 23.561244940607363 66.26654376416782 91.56735102423198
61.31237146792267 73.11955102864523 41.84529283015196 91.56060715385547 12.749447958190308 82.65656338425991
43.40036612070184 83.33500833975604 16.315135691699655 48.74519733844177 32.82818605864024 43.02370312669696
4 3 	 # V Shape
81.53078037797253 14.366481196110714 37.357535889373025
85.21374311652296 7.442722065385709 9.136381484863843
79.96889035050152 47.48537512570324 73.74398378165279
76.3841598215525 23.537059053167898 53.66031720107938
4 6 	 # Alloc Shape
0 0 0 0 1 0
0 0 0 0 0 1
0 0 1 1 0 0
1 1 0 0 0 0

4 6 	 # U Shape
4.5882540545407196 55.54788992172862 62.5867456594907 11.853974519380127 97.96844879942043 94.21875579815958
19.348105587875565 28.704554611282916 74.77248079106305 4.740957657598177 78.94979394794942 48.346599453065195
88.34122058772738 98.18932935557986 72.17299697075855 5.144206973834842 20.073190146319998 9.631545434840906
25.212576406043596 91.18267821706553 79.92778682931699 98.79412206016077 7.375092033292208 24.319054398614625
4 3 	 # V Shape
17.606290528329637 48.08368135453955 73.91140828711535
37.99677765636276 30.08473558049314 76.81105217648116
97.83847276365006 37.72330684965589 72.79655273477204
95.27380596722739 37.82941851489756 99.8573834156672
4 6 	 # Alloc Shape
0 0 0 0 1 1
0 0 1 0 0 0
1 1 0 0 0 0
0 0 0 1 0 0

4 6 	 # U Shape
18.440297594607024 8.843263496934927 60.09272914802529 84.34344679958853 41.81235934825056 41.514295462282206
70.80457743678193 61.95429035028711 89.95151844388111 90.81735337002438 70.78293770878763 66.14454124751596
2.7526565528694924 76.52878447392243 87.28376619076728 68.62750900250781 70.11699020778151 2.597123446350902
46.51384467436635 71.77925534194802 34.57585115145033 28.65104839724808 31.572251836987576 69.3886950716953
4 3 	 # V Shape
87.2443746291715 50.92757439729918 62.57833421203402
3.296149029026252 54.0534391026675 61.38005331994566
42.025029147984974 41.29492918075739 46.493732119543715
6.135818658431525 8.510092031321935 68.31335802636512
4 6 	 # Alloc Shape
0 0 0 1 0 0
0 0 0 0 1 1
0 0 1 0 0 0
1 1 0 0 0 0

4 6 	 # U Shape
97.13827543230403 96.07879436628888 43.78092993086086 46.00624095248874 60.6652067379102 44.11847854353923
55.97041854914162 7.023203165290582 15.534787921760485 88.95761815817697 54.47677985858198 61.161710406007984
19.441399266692937 43.962063117255866 41.87974847269863 31.39781088517618 59.524919132721536 98.19144168320058
1.7292881129610138 15.278331165272686 11.241296236672005 30.098703124123716 17.074126710995674 32.94197077687811
4 3 	 # V Shape
10.907984225894108 26.492346762502915 65.65516812957699
39.64670773490362 23.073369188531455 55.88531665614166
20.98972174443198 11.528266905320528 20.311264478062206
35.09503056579919 6.78822213355258 44.79212523442082
4 6 	 # Alloc Shape
1 1 0 0 0 0
0 0 0 1 0 0
0 0 1 0 0 0
0 0 0 0 1 1

4 6 	 # U Shape
4.6813155078513695 31.30823073953174 30.938975394708535 12.911726476439112 37.99703193679104 50.08249756171623
40.40205917834898 23.838582274531383 12.92300478048779 87.66857373808125 87.79345104005407 3.560989055862329
37.34777651024179 90.2999567566975 56.831795628538664 58.95378028920838 9.170398407100633 40.53341794359252
57.51017446397497 80.315535952548 13.224038532772786 45.07839076557458 84.80171513729141 97.27729036580884
4 3 	 # V Shape
72.51086502145412 51.470579848752166 55.096931006716446
51.91869913928377 0.5404980918566893 29.757145737115188
3.276169183937927 46.67520918526178 96.30975084281161
88.01120001975956 48.39257034792952 55.91779998718592
4 6 	 # Alloc Shape
0 0 0 0 0 1
0 0 0 0 1 0
0 0 1 1 0 0
1 1 0 0 0 0

4 6 	 # U Shape
23.730361226274187 13.132364899447035 69.80082343912193 33.84319680424823 96.876709622145 55.25050228733562
94.49307004344377 27.72245573712544 66.62590737439365 10.488232572860134 20.92609846085263 36.448009336421805
58.11630159674734 94.46922341358346 20.30399252075229 91.0006788708234 21.8029277047776 14.95307764423317
15.824831955602603 36.69845604768403 87.81268356968678 56.03351161595583 33.01808891874687 30.389977468415385
4 3 	 # V Shape
39.80772617153755 88.15387577365857 68.14854529381344
84.12060440190918 28.482648427461644 51.38756020482249
86.84686845519946 22.380652064988162 50.8616046009107
11.890222299976683 62.58519526257022 22.422381954619965
4 6 	 # Alloc Shape
0 0 0 0 1 1
1 0 0 0 0 0
0 1 0 0 0 0
0 0 1 1 0 0

4 6 	 # U Shape
95.4618753618778 86.15064676769994 94.3037359157267 38.023203692594166 99.5030463607208 18.93091636984271
18.325892540245935 55.45924864050462 23.09699664171456 58.75541610205873 10.624175813254965 94.45786400071637
93.79235770872654 50.81427464556476 74.95828248035605 36.8622252232215 14.843302672442293 23.780270000065762
50.4328021916368 79.11423086897827 41.626213412319444 23.23060980024887 13.977353251086866 1.2745842326958412
4 3 	 # V Shape
36.97875736418921 59.94800277441398 83.40518582856356
4.10745078222824 69.47440350550056 32.77083676659426
41.955701289302404 94.55730835231704 23.022435346866786
10.202378436561466 61.7968104367008 57.48980001926181
4 6 	 # Alloc Shape
1 0 0 0 1 0
0 0 0 0 0 1
0 0 1 1 0 0
0 1 0 0 0 0

4 6 	 # U Shape
95.00959995417999 55.07863851522893 62.71585998549046 82.02468863831533 62.06912512702858 43.62513970467072
9.776334114099171 85.43503371415001 44.1832371740477 17.88233417610865 55.61995705442027 55.71741346835979
62.92016177420644 73.35879319824633 0.11735533269037202 19.624290595025084 71.47356605030018 56.02889228107156
87.06593744185429 45.45334348291627 73.88351943526146 90.19948460056655 65.77760580814903 46.28729858324794
4 3 	 # V Shape
55.16684416295819 45.27091170082629 89.12852900829313
99.64407233475835 56.71303850644155 83.10401832911808
79.30245785011124 74.33499652691773 34.925525182301364
54.85403660329439 15.697750008309075 38.91674483217701
4 6 	 # Alloc Shape
0 0 0 1 0 0
0 0 0 0 1 1
1 1 0 0 0 0
0 0 1 0 0 0

4 6 	 # U Shape
99.01286645257854 42.07285133237618 99.92666753039016 23.482112994262337 91.68105147833352 65.11242168049542
11.017489501452715 14.937858038622043 50.11902913130526 80.06146956988084 42.049626862925585 38.177936568683265
21.587663711103154 94.31686396015063 59.8491963781906 57.4233722957004 84.33659847981303 46.61570598406117
33.98649836496028 88.19729400182824 26.477731932382532 47.269690016605956 22.913285641460888 58.77677619280156
4 3 	 # V Shape
3.9713354256177613 85.47737111382544 60.55470366819004
28.959361509941594 80.47254496217415 9.433895766618283
9.697531142734505 39.023872010332475 31.5890156836227
81.54313589122371 85.38702019590093 85.6661159216501
4 6 	 # Alloc Shape
1 0 0 0 0 0
0 0 1 1 0 0
0 1 0 0 0 0
0 0 0 0 1 1

4 6 	 # U Shape
32.14961090548935 22.365435138476474 82.84134211705432 19.92905099464679 71.01111529028923 51.886639587665805
55.84353740317521 26.391210525872545 69.82248370623444 48.963083753192336 49.82593067736422 55.881403759743144
37.22794807611488 50.98340089390957 89.06600639479659 62.621885416286226 41.347362375032745 17.442118308899236
52.09749357409997 82.37126308066574 85.24102095212712 62.2377763997363 40.16368809594909 66.12470007434841
4 3 	 # V Shape
85.96229655866432 45.419097305719426 49.81807735454134
20.893179561981334 40.42495521406412 63.29566558398613
28.50902705000131 33.83778521593499 93.12852507160999
49.881773261252214 76.48988474846584 55.71062538050755
4 6 	 # Alloc Shape
0 0 1 0 0 0
0 0 0 0 1 1
0 0 0 1 0 0
1 1 0 0 0 0

4 6 	 # U Shape
37.456372478781816 5.946290006743737 75.44737410936138 48.15142904337354 8.020047139166985 66.59165328048348
25.251877000762935 33.19117814869823 96.16384687829994 88.96847171887894 78.88607828770844 18.302002673186692
65.3664019343557 52.81976580579377 53.89872794036326 52.59702498830878 27.20164371025866 68.06053738904444
14.095685216371944 98.61935173782508 55.398167339021875 48.86147720730961 64.47653279268495 73.74546818328662
4 3 	 # V Shape
82.37847147330736 8.384326328804793 80.38914027883199
73.58865899564854 47.05730720531284 64.8494016426063
2.37669996780564 59.23274100789765 76.02958968235149
71.03114413600066 67.26418237764742 75.18094497396764
4 6 	 # Alloc Shape
0 0 0 0 1 1
0 0 1 1 0 0
1 0 0 0 0 0
0 1 0 0 0 0

4 6 	 # U Shape
95.04766545353563 15.622819833817047 42.8070136320148 25.401830778588486 86.0542062249094 90.40947571811584
47.289707768593956 74.20776711425353 9.229406086094205 80.32410088840084 90.6940576974904 33.39274766361206
34.71731166381215 95.24533410505394 79.84456952342944 10.437057739972888 73.6850366044901 30.8633360741672
28.48832707210873 97.04251305048152 53.062723204405145 36.19351398592803 66.6026015790864 52.84129340977463
4 3 	 # V Shape
31.986121555568015 34.16520705647768 59.25477636418856
86.9431515328963 11.425784864482836 18.638178441242246
71.51522929115973 90.91746911970952 4.60583393476589
86.13892815562643 40.977328515256076 36.30639249347365
4 6 	 # Alloc Shape
0 0 0 0 1 1
0 0 0 1 0 0
0 0 1 0 0 0
1 1 0 0 0 0

4 6 	 # U Shape
64.28796904872381 32.91622949284613 61.22017369612506 87.70777783401034 63.916432262104884 23.800457258097484
24.704778443552044 44.98913207659025 48.960040062383555 8.986973092649464 2.617212917396794 99.49219948551128
0.003024757342307005 26.87413978864589 71.19786808603021 61.10380405603023 42.40937149454847 99.45678948399002
52.55187467014226 67.30417663801371 6.604065831900852 20.69031840450234 57.6550330366382 93.70306307812865
4 3 	 # V Shape
63.10516175762767 76.92711878595392 22.10411304328107
20.11346298252952 54.47194029352319 1.6948565162571816
23.240813374638016 3.365842958801457 86.78884445612934
10.458293229497473 51.23323954651392 32.9818313521322
4 6 	 # Alloc Shape
0 0 0 1 1 0
0 0 0 0 0 1
0 0 1 0 0 0
1 1 0 0 0 0

4 6 	 # U Shape
62.288285513096156 82.18237254686358 83.57088189735632 6.582491331510076 20.48160744259637 42.63118599408625
96.39048470936415 11.362497525616854 42.28920531110817 72.84894796400151 35.413738963981615 22.336564918662706
28.24685667129564 1.0068447767613398 94.75409249906915 4.3076632648980535 86.53513702828505 39.688765224807796
66.57470493827758 68.57176213033 11.278642317118736 27.679576045851782 81.72741469471661 50.35405645829535
4 3 	 # V Shape
43.51715972340167 51.20468125607592 15.473787038860564
61.13937060121965 86.55496618722829 29.079244457584686
5.047455175954263 11.537247556675611 8.022253991047156
12.55028447016896 36.71790956889696 99.05511079843875
4 6 	 # Alloc Shape
0 1 0 0 0 0
1 0 0 1 0 0
0 0 1 0 0 0
0 0 0 0 1 1

4 6 	 # U Shape
85.82662146644077 94.7196979991868 51.170292517062045 49.60075079209746 51.34036702973715 58.861074220214874
28.096369099859896 32.75340513785716 53.45779678860442 38.76692741691712 7.815884996436518 22.572370242347674
55.15210158416818 10.301258944696102 71.43731897932534 39.951736234132674 21.57690560232104 91.02507018903391
9.561725568745205 33.1123114119358 29.470209469582088 80.18609790442626 48.60542977395206 82.99769129917237
4 3 	 # V Shape
53.50258446695142 94.57849942793908 46.98630633911078
20.476480694379696 0.7637046402228842 18.823670839210692
37.606215837655355 99.83677162647142 52.43592863857558
66.02300870137091 34.57054705942721 87.29536674695706
4 6 	 # Alloc Shape
1 1 0 0 0 0
0 0 1 0 0 0
0 0 0 0 1 1
0 0 0 1 0 0

4 6 	 # U Shape
8.425328163196344 92.15635578155688 21.36139516046166 74.26223711781527 45.2382995151102 98.84457654938446
11.451371740036553 78.58559491999 91.67489417407467 50.700771577289615 0.39579340369685356 17.413792811080775
68.1347146256549 81.9904409309537 67.08062240340861 60.549598457385954 83.23635974968683 87.68725494762974
95.83463543839427 23.44430931500415 64.04160129374235 50.70736527645057 72.05705547464582 25.31993173658621
4 3 	 # V Shape
11.152062305571942 82.29337192211162 68.38469635032737
41.39769211186341 16.085212838195474 1.406984243443954
57.83875486983357 40.40307468380351 49.66481895990486
61.03866061153792 40.744325809993384 94.30843156941862
4 6 	 # Alloc Shape
0 1 0 1 0 0
0 0 1 0 0 0
0 0 0 0 1 1
1 0 0 0 0 0

4 6 	 # U Shape
29.421114385688853 20.094422983393024 72.55927550867588 24.108514438508145 0.849299920755664 41.72688484518821
29.307218272378122 31.36508778283539 25.788421491627524 18.198337123765075 75.44773247532763 17.275885753015174
27.555380680173936 39.35486990657082 71.70430130024955 26.234267887471717 62.935120129699854 64.92895299001607
37.77741518859501 20.920878367714447 27.063934668559586 50.441538390821975 28.248558389988677 20.982414061920284
4 3 	 # V Shape
99.48343260639426 69.4290376027103 9.873981755461026
60.810495098685365 78.85912947917711 42.47517722789473
36.505543099497594 84.24872011093308 5.487437873625678
58.231133898279474 64.31163955636259 40.7581579887758
4 6 	 # Alloc Shape
1 1 0 0 0 0
0 0 0 0 1 0
0 0 0 0 0 1
0 0 1 1 0 0

4 6 	 # U Shape
21.680714049468918 36.525719654198895 69.17119464200118 0.7257089807220285 67.93108563073133 82.27386299751021
41.75628526554394 79.89557504697054 16.64091740769633 2.508406945983377 99.51122121061381 81.7336908140574
43.03012438267423 23.539284081316513 27.291547601685238 69.3041586796385 90.49016280290606 18.220644306787836
49.24095456378951 54.38913964122663 53.509212086931925 94.83857561853513 91.76693854049567 79.70081669087537
4 3 	 # V Shape
97.93508056806792 83.43760140887551 88.0737195250527
76.55209490938336 14.14355727788552 84.75829192368654
0.8313972475359366 23.08633925909961 25.156124818334703
73.11425065534961 82.02570006583107 90.30144364572875
4 6 	 # Alloc Shape
0 0 0 0 0 1
1 1 0 0 0 0
0 0 0 0 1 0
0 0 1 1 0 0

4 6 	 # U Shape
73.21548955253402 1.6439316252287894 98.69014352928818 97.88220983222327 17.373685165053153 55.875036744432236
50.07238942246005 48.196729140856455 80.656619254672 95.37911813637663 75.44231648938555 21.512483295471107
90.56948805898828 91.27218876008911 32.396382297246596 64.04169153944986 56.28313667023929 75.19681646199484
34.81166463034903 13.811438011834431 14.02016085683525 50.96777409373664 64.11035266759271 19.26361771936518
4 3 	 # V Shape
52.87247874806217 83.76455803267618 72.80431873089607
43.88683339287446 33.95484292416072 50.75103571096544
91.6774001040587 50.753038929064346 68.73890863741167
14.767356629896888 98.81013155849976 31.455518135723814
4 6 	 # Alloc Shape
0 0 1 0 0 0
0 0 0 1 0 0
1 1 0 0 0 0
0 0 0 0 1 1

4 6 	 # U Shape
1.684792798073953 83.34785826997292 90.98647197794301 56.037522377687935 33.019183956694405 66.27912850225387
86.28396925042722 46.47958130890682 23.634650180253292 82.50352397319196 14.833632537586428 57.00245621945205
2.4740260120602486 0.2161307778142052 46.162972597069604 6.3484197852012425 73.97100598295565 30.93077786618059
42.884581822581644 45.105622579594026 85.8006547459609 43.12190347313102 88.78495841942109 86.370896757457
4 3 	 # V Shape
78.1974959079509 51.74462451651834 24.086018740762306
53.40568368462846 99.36318840106036 37.78755811206115
43.135749507854456 80.70632344809997 84.63310181263928
36.43982992918967 95.5155462800185 44.80689851195119
4 6 	 # Alloc Shape
0 1 0 0 0 0
1 0 0 0 0 0
0 0 0 0 1 1
0 0 1 1 0 0

4 6 	 # U Shape
61.04661623692176 97.40761195265742 6.7343954014913665 17.211007241498734 77.97812442824056 38.64016581479303
28.13532648174667 39.28243626793111 40.925168617874085 16.455191902156272 24.97226389990753 67.55396680574859
75.48744124991738 66.57706706239388 10.124037972637524 86.88906282977815 84.3894815422613 17.17478274586579
49.121225427055535 5.6435033655475415 29.770418024470313 28.82761832394908 54.78026754505967 38.27348499302964
4 3 	 # V Shape
16.024405059427682 87.50671123139259 51.841364316795236
31.032974165066708 23.33344221394008 20.082790026902053
29.778117294445362 68.10847979297048 51.01119186048736
61.475930949085146 23.988662277445727 28.3675789245463
4 6 	 # Alloc Shape
0 1 0 0 0 0
0 0 0 0 0 1
0 0 1 1 0 0
1 0 0 0 1 0

4 6 	 # U Shape
17.537803188993816 55.259728320449696 7.996240359485707 40.69118750697752 16.56657320625855 23.3826438543554
37.134179925273436 86.27424521970146 7.286305820128225 86.05463510741731 29.018580867005728 13.10937389837793
22.462372997983906 77.0464132504057 57.37027373356207 75.0903875823012 71.33163081835734 38.12736790279917
91.53624365513753 27.16797262857593 6.993207536353896 76.6474131692774 14.269161110241646 52.408079178449064
4 3 	 # V Shape
49.59956616147897 29.57802155658117 80.71423365698499
15.656056916651927 98.31327927134016 31.555749343726713
7.053481592728483 64.01164474474314 86.72647337049303
62.501663504917296 31.926682310943587 24.096217245387507
4 6 	 # Alloc Shape
0 1 0 0 0 0
0 0 1 1 0 0
0 0 0 0 1 1
1 0 0 0 0 0

4 6 	 # U Shape
96.36340712382354 84.94797835762358 72.0426387726774 87.71464881938884 42.718669537003194 40.95046411927308
57.84247269601212 99.81896281039833 54.6707618070692 27.606647086474233 72.77500518623283 19.691651112980956
33.52523549848206 37.27160384040392 51.923430499441245 32.683300760100806 17.398465806298123 44.46631035060312
56.24124863242761 57.47228426969717 77.00278946211318 38.72716543922083 30.919565483329382 25.431547950729005
4 3 	 # V Shape
52.59374330222043 29.087179335710932 12.26234538100741
73.26596597426857 62.17184950192639 77.31598694061384
90.03529832589955 52.09427991432663 53.30333848822244
11.97431076806713 55.830869849413745 32.37223785193483
4 6 	 # Alloc Shape
1 0 0 0 0 0
0 1 0 0 0 0
0 0 0 0 1 1
0 0 1 1 0 0

4 6 	 # U Shape
70.17685057016934 99.63361710401797 5.272901567022748 13.135073827494182 27.7400071441123 88.11117653075603
98.72589097238723 98.38090028980318 65.38519169789532 59.585987360729476 87.59804191278478 71.57665182894387
57.927418769812654 52.19729528764121 97.85793587016822 95.15953723498798 93.05735275379519 16.331257677001886
61.338959675689544 72.77963033671595 1.3152770118226798 36.25311932529933 15.502729455880814 56.58672821618166
4 3 	 # V Shape
71.08889320998402 6.581497584558349 41.247517770442734
41.73486501195593 76.57734662494323 12.771659354761777
41.360720107088746 49.561771645904514 94.8353916618845
9.0968081813113 33.3169027077756 64.63796506821004
4 6 	 # Alloc Shape
0 1 0 0 0 0
1 0 0 0 0 0
0 0 1 1 0 0
0 0 0 0 1 1

4 6 	 # U Shape
5.0894210193905165 17.66110213452815 73.99793433901387 17.644869955014208 23.511318846025908 5.666662768300901
56.50886588811892 96.44609248305794 53.5041790000683 77.581861796315 35.60552068924373 18.612014922243205
17.441458776340657 43.06879308265606 43.34030351093493 84.83557355459068 56.56712189336898 58.0853652459633
95.97309822126049 38.587829562146105 86.67724541860139 81.1168397478425 4.696299124450332 40.383572418113125
4 3 	 # V Shape
53.38445128416043 9.965632163455107 26.067757753890376
57.855975305188245 10.80471547003803 24.952186797256125
42.43292890329627 53.713901510436024 44.4901526353679
42.148943086443694 50.048401774202446 99.18994418771848
4 6 	 # Alloc Shape
0 0 1 0 0 0
1 1 0 0 0 0
0 0 0 0 1 1
0 0 0 1 0 0

4 6 	 # U Shape
68.34995656005886 3.630785459940622 82.42016061998625 23.08165449822952 4.863103717867723 58.3267296850923
42.76539627954138 45.709249772605446 62.456226818946945 97.47741229619787 48.027010913023815 22.133471904458034
40.671553237805455 28.691262552805174 3.065393012214901 78.53966531621434 90.59315042499057 13.715754880144305
69.59948215364727 25.255102448515554 59.46994024079317 67.67527343667962 57.07281298663437 89.16184468816668
4 3 	 # V Shape
2.5302208005580584 62.91798030806118 10.902216614748417
20.219279539327317 34.37142166729418 85.49117518809905
87.05415558257364 94.75738226753103 25.651264620690196
99.97678283722557 45.487758652547626 9.680514395676344
4 6 	 # Alloc Shape
0 0 1 0 0 1
0 0 0 1 0 0
0 0 0 0 1 0
1 1 0 0 0 0

4 6 	 # U Shape
72.85188424982925 7.316130879214622 43.03730533583716 23.770765302533313 63.0032307071201 73.02195555191886
25.390569309206278 60.495218002086496 44.94971305685921 30.42637335989652 18.457901029769797 38.482463745236075
53.566586461722544 32.1798809043759 15.391911560208904 13.260454081091321 9.063900071181418 26.68073243484225
91.29791299063925 33.64361928359331 97.49067940988122 99.21575559717803 58.75355423822387 16.9927875910346
4 3 	 # V Shape
1.3912231523370955 86.30905293899595 67.93460858058525
29.310753622000576 26.732546042667625 62.9128991253753
62.92107341890618 68.78871162995932 96.3740762460317
80.24085682131665 63.0817637927345 60.77155715330957
4 6 	 # Alloc Shape
0 0 0 0 1 1
0 1 0 0 0 0
1 0 0 0 0 0
0 0 1 1 0 0

4 6 	 # U Shape
89.53580102794496 22.780508482924333 49.0025492905345 48.75739144411202 49.62687831238508 9.038498084645063
70.98857081466821 57.04937335511231 84.02543217845992 55.925692560251484 50.978447503450575 1.6844944173246112
17.635850598421143 49.31497563952127 55.219652840830456 27.699772444164473 34.95543105479262 89.07593043550081
46.87270680226894 55.805766140695845 20.456975785251718 8.530963655582779 32.5044750737736 68.64493988947554
4 3 	 # V Shape
5.65721948960377 45.83562485135906 80.54462190897334
26.193679371410916 70.65081953050002 55.90808417118374
47.59446245929334 42.64605149272036 56.62679273661519
88.37464391836353 88.59428836139735 18.412011180900922
4 6 	 # Alloc Shape
1 0 0 0 0 0
0 0 1 1 0 0
0 0 0 0 1 1
0 1 0 0 0 0

4 6 	 # U Shape
68.92367039972403 76.02104959867735 38.602820617483125 31.860274955125966 27.93209097966831 86.50389567915562
51.50276378072852 34.46516337884993 79.6495304497639 87.22660011417827 96.39668011344013 39.889695124619486
84.37004153411803 99.82949173399965 82.87200843780684 66.385111281985 60.2975867522574 83.43700232496506
34.01935018510116 5.469840330728804 60.47874162292833 5.094807230161047 48.30522551254812 62.37155030057263
4 3 	 # V Shape
53.232467357907524 97.6840026008996 92.81535413790245
65.55776254186091 9.542474133731716 51.54335177221061
6.220561248892464 21.51066779881741 43.01659511919574
82.67665019662414 23.503435193810052 72.18112778524734
4 6 	 # Alloc Shape
1 1 0 0 0 0
0 0 0 1 0 0
0 0 1 0 0 0
0 0 0 0 1 1

4 6 	 # U Shape
32.10160022837311 57.077300050107084 70.43889727044153 91.8648116743272 83.64098564228027 90.23678905872157
59.01794652188151 2.6866169179152632 80.43095121521185 20.701123269868603 59.98511840796389 96.72045509885376
74.5834706294577 47.670481693553114 49.82661408703785 15.856035807164615 65.04423301957327 2.642370839981445
81.92726959384045 49.198814898114016 91.97715398037357 29.130804194818317 14.747613084194889 53.826053388444514
4 3 	 # V Shape
28.853574408343864 86.01330363551955 24.49254083679363
18.083557753595247 96.62406032323557 70.63110284561185
24.388228968904503 30.573050606564887 40.048303220084556
15.295846279006087 73.768435479129 51.16904538523883
4 6 	 # Alloc Shape
0 0 0 1 0 0
0 0 0 0 1 1
1 1 0 0 0 0
0 0 1 0 0 0

4 6 	 # U Shape
75.04962734565235 20.4529037955013 75.28080358122907 26.39976018997343 92.06435758443708 61.54861994846809
19.480180116470024 94.3783821345175 5.896477295907121 6.672779485075098 4.110522617375967 56.80967258081521
72.46660147911149 20.87033947987176 35.451459391681375 55.90555279854068 6.061630099708837 2.116642457371065
78.99823322787427 51.462643090380745 85.36059018386906 89.38086607498322 90.01094348563207 9.003701267028664
4 3 	 # V Shape
47.92209176775732 28.50205966980609 50.15805217592799
86.34856347609178 98.61944412862317 11.447170791245775
61.23791947504335 97.89064422853502 37.36087403760126
21.182634484954622 94.56810621791173 42.6904029464153
4 6 	 # Alloc Shape
0 0 0 0 1 1
0 1 0 0 0 0
1 0 0 0 0 0
0 0 1 1 0 0

4 6 	 # U Shape
20.308819085983554 9.63712456353999 19.312346625655564 48.09310214809137 33.687933188117746 21.78532007543794
6.1209090617178274 18.520968151088724 99.48698118735176 47.517119440542224 0.4412628776782723 72.0253810354573
72.72638860604125 76.13798728071012 94.03705755361898 4.759796011955442 58.681062366440216 11.197228879753329
55.22495074521555 7.048184058482532 2.456799578765556 3.989733025896358 29.993254198627184 60.533264779958785
4 3 	 # V Shape
69.25720741351617 92.99335453915806 27.5210920177263
50.14778148467644 2.9344512161028957 4.440535139476975
71.78338760897984 97.22618831114283 23.3776814169542
28.853125732055695 92.35745608274519 87.49090045822646
4 6 	 # Alloc Shape
0 0 0 1 0 0
0 0 1 0 0 0
1 1 0 0 0 0
0 0 0 0 1 1

4 6 	 # U Shape
46.52834998933062 2.5257834743636076 53.80463834939675 42.56262155076948 31.85423739519925 39.639162036111145
78.20310409306776 14.063179769625478 38.979692821595634 39.77130945379855 88.43747789844694 3.5190062401723843
71.36283825887372 88.65498910795964 78.67176200123797 80.44284236223706 40.12584615040042 45.47397155110169
8.099256429152835 19.23310270070776 89.4050808816198 89.80671716839085 83.28279708913003 8.452211040968283
4 3 	 # V Shape
81.27094538696645 27.132542395777005 3.7173234780099595
84.59685800893222 91.82243411869166 11.857876158317293
0.7026376819815883 80.75461461796647 57.90934836737422
44.46811468100314 32.60994924043885 38.72720540261637
4 6 	 # Alloc Shape
1 0 0 0 0 1
0 0 0 0 1 0
0 1 0 0 0 0
0 0 1 1 0 0

4 6 	 # U Shape
86.58709528236567 11.874822341819113 74.78638505345174 44.594849392919166 61.568665736298954 21.470210029537274
95.68390477592615 1.3416862202609292 44.803411226421474 56.56003957377107 34.55572930619786 80.17107163078268
90.76994293529343 51.85208361454191 56.149248781288385 4.180266999702886 82.26071368093433 14.464540864601183
17.05106586465448 11.973127533947014 41.36072344084564 38.87798755448072 75.05940889632328 86.29513125556288
4 3 	 # V Shape
73.58345156878534 10.380659384098568 4.39212519852229
92.28801533750593 31.50133141150384 94.06634965422914
42.63080919814591 44.85870392055165 53.676016269580785
14.300070607900084 19.569196859987926 21.197828716858545
4 6 	 # Alloc Shape
0 0 1 1 0 0
1 1 0 0 0 0
0 0 0 0 1 0
0 0 0 0 0 1

4 6 	 # U Shape
31.77030048904097 85.41254711392028 57.51261955125296 59.06416804686896 57.97014709609294 44.32101536891867
25.07469596967786 1.4831681683389442 26.424187217662098 42.21694496484616 7.2069092577113025 34.5071661987058
4.729141251409274 7.5842541553462155 65.11395297415848 30.944159278680704 30.197011414174103 11.821076236798412
31.384192149495927 35.268224056229 84.19822673337013 98.3296411263318 42.76174711410672 3.952449478395992
4 3 	 # V Shape
89.08365895062788 66.98755541294864 34.00313480218086
96.04353625129708 0.41088474672822395 89.29716836860591
48.06376782604953 23.448250060452246 10.20341440028365
11.632031875659866 26.153840542750572 5.012611939326995
4 6 	 # Alloc Shape
1 1 0 0 0 0
0 0 0 0 1 1
0 0 1 0 0 0
0 0 0 1 0 0

4 6 	 # U Shape
15.121135622506099 48.32894384131047 37.13770323996268 5.43309352464415 23.560556334419623 68.30609573175843
23.171962912228018 34.37218207085431 6.259250411404005 61.692025417763496 29.500664616112772 40.013971372129184
88.37447002735442 84.41847933199058 84.06289782261437 56.34786366933806 0.7065602172883989 12.338043830207068
45.31886277122923 85.94064413426479 87.85688015655103 3.898616749424111 35.31843338495224 83.22781134212227
4 3 	 # V Shape
10.608960931305699 64.33521549803912 73.59671526708865
70.50923386510428 21.563605160803114 76.98290559436099
26.971955443851936 67.41056610149184 99.11503682768901
17.76047976860553 53.822051249176624 64.62280552228485
4 6 	 # Alloc Shape
0 0 0 0 1 1
0 0 0 1 0 0
1 1 0 0 0 0
0 0 1 0 0 0

4 6 	 # U Shape
41.699999306539794 44.251112521855454 78.35273452658176 78.2893500223624 39.65624247073295 39.956595955282594
50.17622008472973 82.51103329532212 7.163590966987288 99.20323477484914 72.58949906184057 41.75221583535239
15.716219338705839 25.519827904949477 8.374450826633971 2.5076424370885975 48.68922664651981 36.06943955046042
50.05897175187509 83.63158530079593 19.150704222603764 87.06563618716811 15.988672500558732 24.37033731164755
4 3 	 # V Shape
10.373695939030425 14.300190120569468 64.47102402721151
54.34946972625918 91.83974218648451 6.37081135984957
58.80094050369803 57.13117921465011 7.9288583906934935
94.62409344265573 87.28708821675522 50.37368837329071
4 6 	 # Alloc Shape
0 0 1 0 0 0
0 0 0 1 0 0
0 0 0 0 1 1
1 1 0 0 0 0

4 6 	 # U Shape
34.171142971917526 88.9318234972834 67.43785214303846 13.747227786486238 12.411864745899903 76.01711124649269
31.139025878598027 57.18398528373283 63.8079375807868 46.916316789164455 89.12923009725203 63.160155238017836
99.96213670828466 76.47338286185594 66.87677679348074 91.61796708946686 2.488026735108062 90.85535854280289
23.211441862918957 23.408074315314508 20.076877998263843 49.12267445892884 43.18285461548638 42.761336786007234
4 3 	 # V Shape
91.72676620343026 98.54686636333041 74.71776349255434
73.68191352903949 13.581296062921144 45.92737051960049
57.44039352933549 65.04852393366473 93.56835532775129
78.36545548608994 41.3451302531648 97.37466224407399
4 6 	 # Alloc Shape
1 1 0 0 0 0
0 0 1 0 0 0
0 0 0 1 0 0
0 0 0 0 1 1

4 6 	 # U Shape
57.92586061038438 40.387402174739485 62.85801495899192 38.982333206721954 21.401297945147814 82.36109608986372
62.015703291548604 53.57742217776732 8.378978594637 21.55512331099939 74.9933430854798 2.756047354144564
19.483516797105715 46.127477413116836 1.692726127923816 46.73858579842825 94.68288249839972 5.584769536181444
8.071763278719168 20.73782816116986 78.19679901751357 11.117721531229153 82.98226718847295 51.42766284818645
4 3 	 # V Shape
85.69970258730474 26.096492518916193 37.83737398814739
86.29262430096564 75.29444441165907 2.884187182957021
64.61277164648722 51.24733882152807 30.88430786249372
57.42798645501526 23.85851668785697 17.427767345252075
4 6 	 # Alloc Shape
0 0 0 0 0 1
1 1 0 0 0 0
0 0 0 1 1 0
0 0 1 0 0 0

4 6 	 # U Shape
85.41133714196118 28.033081235684733 51.020806622348694 84.36114476652158 76.48099019990666 64.00003524544329
71.9381253120966 72.71882349876081 43.68536208244795 34.369830594480156 33.52895112499012 37.31540565058694
57.77917033226869 69.22802432253926 79.7503618594806 55.28169287555838 33.887540577027664 25.470241474917355
4.54735178197555 8.098997653648233 24.015698941396412 99.7879910196762 57.26459447389155 86.38997995706774
4 3 	 # V Shape
24.19290278181998 31.392505672105376 86.00353200962829
17.167530060925884 2.6316323714922762 71.84394873720642
47.336739277827725 22.0977299320386 35.91041123667532
11.636438346589916 36.98956406445881 2.7446576240929277
4 6 	 # Alloc Shape
0 0 0 0 1 1
1 1 0 0 0 0
0 0 1 0 0 0
0 0 0 1 0 0

4 6 	 # U Shape
30.39737784224874 37.532491838245264 64.9178392750554 74.39806287383473 58.875348636140856 73.29526891303492
24.05590385828573 39.90524838004757 22.612069191046334 60.48957504203444 53.96803805929057 31.886727048463946
82.16386752361765 24.81058440832966 7.879706179255431 31.065000624515427 61.05471013856718 17.539919263638204
6.955109737764776 31.27590728792565 36.39819003673792 23.97675105346192 68.5674373087529 67.23087975929197
4 3 	 # V Shape
68.90119446434227 39.63081548879622 49.5816416627923
69.55418878610486 12.945140942141864 5.06221658597511
53.86271595722685 6.392302162111685 95.18498225598807
78.52895702869948 43.87563900118864 26.48413795163165
4 6 	 # Alloc Shape
0 0 1 1 0 0
0 0 0 0 1 0
1 1 0 0 0 0
0 0 0 0 0 1

4 6 	 # U Shape
70.78920899003799 69.37451211091 70.63157997961015 7.767222680413144 29.82456224539466 25.79501480196513
52.730219921172306 49.301660719570236 26.655473228535463 15.766216942291 17.5061910127594 11.821592602218345
1.2243930949902393 64.25031817322409 86.01777923561372 18.993346934300625 61.44753264476211 85.81809096145061
99.33976105337983 30.179969420004326 41.263972324933874 15.560263957497655 58.697598066249334 12.42302437779138
4 3 	 # V Shape
17.59977749113395 63.02881567896775 70.31512785101425
24.101769863991606 20.275749711078195 13.820804109094587
98.79639342300715 2.1131778775085985 99.08445418775248
1.3728320222747836 70.71054463632125 91.67118342708385
4 6 	 # Alloc Shape
0 0 1 1 0 0
0 1 0 0 0 0
0 0 0 0 1 1
1 0 0 0 0 0

4 6 	 # U Shape
0.8589580698376453 42.29225802258081 85.3381943907921 18.511875773759424 48.17649954349118 79.47482999815381
44.537919561740246 16.042755423069842 87.56597892325098 30.91606279111231 32.36431772282309 66.33897791808606
68.3613106250526 36.031658876488514 22.035742936762258 29.769982724339307 80.73574323264351 16.077430824850925
35.8237825657221 96.84918231094002 16.84943321244149 1.077757529911627 83.75682492770103 54.08602060120003
4 3 	 # V Shape
82.35469566275083 27.709214151620955 67.63147675750297
86.34472447962074 57.73464032093948 59.98135813317981
86.51785659222388 58.369116124395184 70.8318408382762
66.3163680286638 90.3786996634758 50.1136135551571
4 6 	 # Alloc Shape
0 0 0 0 1 1
0 0 1 1 0 0
1 0 0 0 0 0
0 1 0 0 0 0

4 6 	 # U Shape
53.910329756100936 33.85487347112801 27.212779233160113 19.94099846146733 92.89615839771064 12.965992437175489
57.510037165481144 97.70510032028132 43.089061949429684 47.33608729193397 90.28485397764115 66.63001910729426
1.9049996623246024 66.35481912038797 57.44931089988326 64.64517306243044 87.95228911228826 6.4613546441731895
77.99318799310029 52.100417023906566 96.04884615418955 43.88112374214445 83.19823176431925 4.998332405714412
4 3 	 # V Shape
29.11868683728932 42.46510541788595 31.81915557009284
4.69138810050721 96.24349257473604 21.866451475146587
93.32003345464204 51.62793594605709 74.58655736980857
82.80165270129038 79.55255541752267 72.53116378713723
4 6 	 # Alloc Shape
0 0 0 0 1 0
0 0 0 0 0 1
0 0 1 1 0 0
1 1 0 0 0 0

4 6 	 # U Shape
91.71743682675134 50.74936498020446 41.3305979954939 30.434111644685668 63.47463798230424 52.66034790173458
45.937844687106065 94.67836687614114 38.78680631595959 70.94733943931121 22.97100542478002 96.97544748149643
35.27730464742065 93.90368586086235 71.60708963414628 89.25529769041837 25.804881327514494 94.06946859841455
34.253005451758526 24.603923355184744 34.98502572099943 44.600848978026384 28.395744840169932 27.638261565908106
4 3 	 # V Shape
45.357843531205035 88.91383828329481 7.286178311297176
61.88261816511429 34.48127519223291 51.664810769052096
4.409394172626913 96.72333348255523 45.43263026905977
25.62551482455041 18.185922432873923 48.18299380589461
4 6 	 # Alloc Shape
1 0 0 0 0 0
0 1 0 0 0 0
0 0 1 1 0 0
0 0 0 0 1 1

4 6 	 # U Shape
33.389349846310445 72.79626863858869 74.30562810097246 86.57091965128963 22.011269158261904 88.49968436636516
73.12138252414762 67.45472548055986 36.73941953044761 19.978822294240807 84.52871469101919 73.09217432446987
4.456344105044674 97.32551145456756 70.18066599101903 12.310823633183398 88.03482296537247 27.542746919284234
17.29755203425858 2.725976681057074 86.10295755624499 50.58258123501821 55.6684103126036 19.65739247032069
4 3 	 # V Shape
41.56402892536452 57.19824127627538 88.95855453531047
46.12102768289075 37.445808804333446 24.259720155237684
4.67720864744452 35.44860933490603 54.950429484515816
49.391344065202645 66.77975937047242 24.437999265829834
4 6 	 # Alloc Shape
0 0 0 0 0 1
1 1 0 0 0 0
0 0 0 0 1 0
0 0 1 1 0 0

4 6 	 # U Shape
78.0926922686157 53.498290289427 49.30337102885509 74.84570525343727 17.649479043247794 90.8208493519228
57.312906295452926 71.05431742397586 39.7157323487389 26.499081671486834 73.61800637629185 70.60805334558573
75.48786721237722 83.7557155787345 8.939672820905475 53.62145643008165 51.29838525634195 31.61413892278977
51.49276866308904 66.61966455049772 21.351241928102816 77.81088159754897 27.203240422564747 76.20007812227922
4 3 	 # V Shape
2.2723832204315397 69.11465273281507 14.133864825400577
49.85355494814141 6.987501173647193 88.06158139333807
96.04797867932339 68.27064258157894 23.21606403101557
85.31780611632016 51.612818569942256 74.44341323026245
4 6 	 # Alloc Shape
0 0 1 1 0 0
0 0 0 0 1 0
1 1 0 0 0 0
0 0 0 0 0 1

4 6 	 # U Shape
10.375185114168362 50.485980133487594 92.37795431110729 95.59283319563548 79.62821541205572 17.023459487808744
58.990040088925156 9.324604090221577 65.02860077054073 18.074427986084473 94.89452598236736 20.496640230647365
21.333784174457126 21.635596601784002 42.844782182575905 43.914999978429556 91.50130403590734 15.04003374044408
72.41508280827887 64.53396883356693 1.0685989840045873 76.61730738432165 99.9926575047397 96.57807500832669
4 3 	 # V Shape
26.00207297212025 15.718215074061327 27.542373337336066
95.5566325890223 99.04618016142823 37.16564891374483
51.13645168748634 27.757175779578226 36.11890136490958
24.759232350674697 15.751294284935435 92.76322154223891
4 6 	 # Alloc Shape
0 0 1 1 0 0
1 1 0 0 0 0
0 0 0 0 1 0
0 0 0 0 0 1

4 6 	 # U Shape
1.686632863387616 93.70206110591201 7.256040836583599 18.001890752090798 9.835156952213053 81.2093193739224
20.78442506430809 56.787016301608396 24.350161119228865 92.08649047289465 71.50459546567936 3.582918854200734
74.4914410056709 35.68105908712409 62.79660246929103 57.683467218385765 43.925828059777416 65.24758850358103
63.14579026059395 29.254048200957385 84.96597174974724 65.44463219259681 20.131878810191818 16.559691875604088
4 3 	 # V Shape
39.77274076553516 35.458325469741226 63.50786703402874
99.11111077403251 41.67470816403581 72.14507287609058
32.33554456625794 78.22003006968835 67.64224609553277
29.07544162239466 86.48198623054574 10.77690535891156
4 6 	 # Alloc Shape
0 1 0 0 0 0
0 0 0 0 1 1
1 0 0 0 0 0
0 0 1 1 0 0

4 6 	 # U Shape
75.4213776238954 65.48202607801088 6.2514842757473765 56.638172501418296 71.5790837977556 41.52620535322576
35.759630847969085 93.1159246815966 32.20406959593717 74.04528135294575 53.72395807510261 68.39798700832263
19.271658545465662 86.84507695492752 69.98644274314759 46.03949859696649 28.03516535300514 77.84310603119533
60.217846659829455 80.73959481046465 82.67650052216322 46.71962125403512 72.5288370126643 9.217454381368018
4 3 	 # V Shape
66.6962466409669 50.933111053293956 71.53303356924677
21.453627144351707 65.20723404938342 46.225954820654515
4.955947527273175 87.23742150641702 41.21058844750164
99.71187772743023 32.15440383652991 70.42255566266527
4 6 	 # Alloc Shape
0 0 0 0 1 0
0 0 0 0 0 1
0 0 1 1 0 0
1 1 0 0 0 0

4 6 	 # U Shape
92.36988150130607 95.00112193890187 92.16059290865347 65.04075893776768 20.821464386793963 75.85003143777354
18.608525093412066 51.605189789722964 3.4787010131749563 33.02055655556625 52.908024327314486 5.7688615376769175
85.54763572737492 86.24596182785865 29.47638293295346 9.28236344197394 73.04832054813912 47.068895819779755
11.383986348454389 37.67756441278776 76.27964785626436 21.890199247804677 96.3692697605699 97.49074270325309
4 3 	 # V Shape
4.779630472344731 78.62936927432351 66.57371870499182
5.923683784835864 18.19609786565426 97.7687687301723
75.8406655961394 38.60829893244535 6.988137012208462
74.80921058339341 82.47249363968847 25.280972203207618
4 6 	 # Alloc Shape
0 0 1 1 0 0
0 0 0 0 1 0
1 1 0 0 0 0
0 0 0 0 0 1

4 6 	 # U Shape
89.5337520894587 81.74180447537334 17.87619804404993 13.064347088194072 92.1858447850105 41.68004098217638
36.22561179737942 35.42661822217597 70.99674381677895 35.66650611951855 35.799040813287995 79.96806537492553
79.26652295474366 1.0992882829249484 0.01540766464702692 78.4840238635092 83.61963346742219 22.913201105769645
94.99654445862255 72.39884319417305 53.613261812116534 86.90769434911418 16.951646663451314 38.052799118755246
4 3 	 # V Shape
75.36398594079185 77.43539284542028 48.21151128201222
98.38278272010788 62.66199546800697 49.91919538061038
90.810756026563 40.151552970669144 3.616059447151787
36.976332923235546 3.180960059718907 58.305873387815375
4 6 	 # Alloc Shape
1 1 0 0 0 0
0 0 1 0 0 1
0 0 0 0 1 0
0 0 0 1 0 0

4 6 	 # U Shape
84.99239581793796 72.5212679223201 54.36544795632984 49.421985099877965 19.03027424232615 16.01121024285357
59.11045623238148 42.96513930841136 11.781786245905812 16.985296625898883 97.43005757473547 62.45326411997376
49.70184625498305 68.31339591835733 82.01716528459654 86.40935670387412 76.04782468763311 21.322719470192865
86.74595077160488 89.44304858206625 72.06558077552617 77.9959659594946 67.60716499393565 45.526758154795466
4 3 	 # V Shape
21.52647790767518 50.507378982095354 31.397249828393157
28.444595125012818 59.62215543240818 43.08780560667289
60.81051084899828 32.075934554184315 21.99273292646665
36.79730062468649 19.10630034599371 33.70794300752282
4 6 	 # Alloc Shape
1 0 0 0 0 0
0 0 0 0 1 1
0 0 1 1 0 0
0 1 0 0 0 0

4 6 	 # U Shape
3.6182934230737485 19.55133349478062 90.41959275200675 39.20308170567165 83.44813210195962 40.70950189592253
48.33410024776199 51.177872575375936 50.764862707213524 77.17547620188306 86.64028460996524 56.84108320710669
71.07633229044036 70.35041158444912 97.48956510527717 61.73763252209356 12.76175447415434 60.359039304435036
89.39854161726076 48.49660425093588 57.852892531356204 72.94344499930125 90.4690269324384 71.90009163261823
4 3 	 # V Shape
30.141097574628063 18.251398730491132 85.07031901320416
65.1487091580299 6.43872184434231 42.631013202879686
73.93451094788966 99.48153606428228 84.8471451365873
61.29276485470593 65.62743929295168 7.647745185846356
4 6 	 # Alloc Shape
0 0 0 0 1 1
0 0 0 1 0 0
0 0 1 0 0 0
1 1 0 0 0 0

4 6 	 # U Shape
59.742281967437506 80.26186200823399 68.99315740429245 60.87517954093402 98.54533147571067 17.980199741524338
61.000645170775606 54.41712332148079 48.87337674851544 2.7427724101010353 46.15912907921452 49.009605980545565
33.995284167720804 80.67007784648729 44.19712912638738 63.61256415195447 37.80563408060823 80.67174138808943
71.20287076700022 2.4217950489806794 44.42560966335456 8.05510216155615 3.8849929082166446 3.70838468628929
4 3 	 # V Shape
61.94444737430973 32.0217272427133 94.22760537351655
75.96739857868914 71.20037706019107 21.882343471175524
7.7944796913544945 90.32558702578253 63.38464105369804
99.92521857439965 81.66831632756764 70.37002854207095
4 6 	 # Alloc Shape
0 0 0 0 1 0
1 1 0 0 0 0
0 0 0 0 0 1
0 0 1 1 0 0

4 6 	 # U Shape
97.789430458056 37.33728127021039 53.35364069235431 51.67677009327992 95.81020243446463 6.0552022976696485
58.03699903693102 77.84428683483056 96.85912447427464 96.50450753923856 23.501507409012635 88.985439035102
23.259602942832057 92.62540282441533 38.77846358509337 50.61573124080113 28.57843883079092 34.55574450067436
30.334177873262657 65.25648226085752 66.84747343698527 79.52319630743617 69.37340505454661 26.043408633298558
4 3 	 # V Shape
9.149873303038037 29.104643760384874 30.46286790590299
27.445476601880138 55.74503702414266 43.914774626120334
12.89234757832094 95.86777287076107 27.828935357102935
69.06144396411135 99.89532765674456 59.99270849793996
4 6 	 # Alloc Shape
1 0 0 0 1 0
0 0 0 0 0 1
0 1 0 0 0 0
0 0 1 1 0 0

4 6 	 # U Shape
28.48514391680582 96.29591203311332 62.664061766020794 68.16129344895765 68.40243087172601 86.98939350761185
91.0311349943248 78.90239291020555 28.228986254634314 82.68369169012144 99.51899056165942 48.22042509130139
46.628268734614444 4.015625467691331 19.148386327823243 40.17213212710602 52.973390336155035 14.211314632297977
97.91327266795174 98.88658160883267 78.62908581793373 51.127630609044026 79.17117760386095 59.56255488502558
4 3 	 # V Shape
19.63805413993128 53.30395059781247 52.777754611947756
98.61949124846163 6.0247633629158965 32.136148083261965
64.1910719345431 8.354329785575043 91.68987821795356
95.18029405348499 65.19618136522264 47.145750602783934
4 6 	 # Alloc Shape
0 1 0 0 0 0
1 0 0 0 0 0
0 0 0 0 1 1
0 0 1 1 0 0

4 6 	 # U Shape
78.45185489409958 5.2088381770324155 53.61226834060262 78.72146525628094 70.28811505582885 40.50432399106126
75.48540219363443 81.7551978763852 99.19937274395647 38.014575957515206 42.97348781815958 49.391265291394504
97.62793625373138 88.37084260581457 89.90888332047838 13.192207100808906 29.505434293458755 30.70815324107654
7.893368186556293 63.684876408093686 53.89256030218691 94.83342300785563 9.218911123725404 86.11768073001709
4 3 	 # V Shape
47.73791027439137 15.505069337594879 37.827367321035666
6.891000332714992 19.650331769624817 8.249198677305136
96.87848520246412 75.79955065720826 83.11236428901442
3.7168641582532413 11.045244408475796 55.353298706040476
4 6 	 # Alloc Shape
0 0 0 0 1 1
0 0 1 0 0 0
1 1 0 0 0 0
0 0 0 1 0 0

4 6 	 # U Shape
57.43314156970196 31.264840158435337 27.267975912361187 88.8898528199545 12.03385283032896 97.65066707516235
41.20002634353553 63.19189690773746 53.6198081933287 5.954958058637283 51.77319133228253 20.460931681682048
50.43762876334243 60.86255748742023 12.601232019345499 99.58586296073952 8.130466738373821 41.051983296885965
57.41066690309445 98.6685112600627 99.80468892504825 72.24203681817382 11.874848681458406 27.52519263734149
4 3 	 # V Shape
78.93812702067179 90.52930327865671 5.220013999906947
26.56957250718166 52.27690266333552 74.4994453766977
59.2980597377239 78.3646187875523 86.4592817820522
12.684756157738475 6.191422955523529 82.27505989891691
4 6 	 # Alloc Shape
1 1 0 0 0 0
0 0 0 0 1 1
0 0 0 1 0 0
0 0 1 0 0 0

