4 6 	 # U Shape
51.21922633857766 81.26209616521135 61.25260668293882 72.17553174317996 29.187606817063315 91.77741225129435
71.45757833976906 54.254436801126126 14.217004760152696 37.33407600514692 67.41336150663453 44.18331744229961
43.40139933332937 61.77669784693172 51.31382425543909 65.03971819314673 60.103895340454436 80.52231968327465
52.16471523936341 90.86488808086682 31.92360889885453 9.045934927090737 30.070005663620336 11.398436186354976
4 3 	 # V Shape
82.86813263076766 4.689631938924976 62.628714831139256
54.758615591924354 81.92869956700687 19.89475396788123
85.68503024577332 35.16526394320879 75.46476915298572
29.59617068796787 88.39364795611863 32.55116378322488
4 6 	 # Alloc Shape
0 0 1 1 0 0
1 0 0 0 0 0
0 0 0 0 1 1
0 1 0 0 0 0

4 6 	 # U Shape
39.71645228775721 63.7951564301237 37.251995198578655 0.2406761342896191 54.881635574386834 12.697184145162321
7.979268063202438 23.50385958754965 65.99649472074978 21.49531918761075 20.304661564150585 38.286511089598285
22.487280246981335 11.464879919847204 58.30170515410404 23.264106273587913 55.65181878450556 52.3810884938364
35.095822377137196 70.5331613164973 82.07037412633495 13.456300346431615 60.47261600361441 28.31482760673113
4 3 	 # V Shape
50.64078198775632 3.84604282905352 33.244409592506194
0.02725314913554211 66.46554661207423 37.74406647319514
74.75819684028474 14.057578194328435 38.80494533391232
86.64916406550097 95.68533263731645 48.65536688050681
4 6 	 # Alloc Shape
0 0 0 0 1 0
0 0 1 1 0 0
0 0 0 0 0 1
1 1 0 0 0 0

4 6 	 # U Shape
71.86028103822503 58.60219800531758 3.7094413234407875 35.0656391283133 56.3190684492745 29.972987242456284
51.233415327354926 67.34669252847205 15.91937333780935 5.047767015399762 33.78158870646794 10.806377277945256
17.89028085710904 88.58270961677057 36.536497121411585 21.876934917953673 75.24961702186029 10.687958439356915
74.46032407755607 46.97852934404945 59.825567127910915 14.762019228529766 18.403482209315126 64.50721264682419
4 3 	 # V Shape
4.862800626340558 24.861250780276944 54.24085162280042
22.67733432700092 38.14115349046321 92.22327869035463
92.53568728677767 56.6749924575 53.34708849890026
1.4860024633228108 97.7899263402005 57.302890403318585
4 6 	 # Alloc Shape
1 0 0 0 0 0
0 0 0 0 1 1
0 1 0 0 0 0
0 0 1 1 0 0

4 6 	 # U Shape
10.461974452285316 43.960523777459045 16.620214770453366 50.69786292640474 81.90358641362126 9.010673472443854
80.00687506941452 56.51263539578045 58.93477116806074 19.81006572162689 43.61182553388343 29.590376222083737
3.7557675941677693 3.0684840372946276 45.31050002012334 74.48640769500678 55.72954062363969 38.51135995654865
16.80727975326186 83.82613207036928 59.90517974614926 78.27148182449712 84.85091818947146 60.31629758620348
4 3 	 # V Shape
78.10606172902821 61.57368760335693 2.1165191172154985
75.04646104874911 17.60421332836939 45.8514206237273
51.31227077322451 48.40208902868258 84.43857945393476
17.481389482211938 1.46348751032499 84.87640718112321
4 6 	 # Alloc Shape
0 0 0 0 1 0
1 1 0 0 0 0
0 0 1 1 0 0
0 0 0 0 0 1

4 6 	 # U Shape
57.37762314512022 29.383155520376803 65.57267427145982 80.35683477432197 35.12135029964087 9.344037694376706
81.3316083670804 78.48667182769469 39.34191124365154 86.44791938019533 38.40307681157324 25.730288720500383
82.94019198272359 73.63827038385634 50.76009080549594 64.43266150414169 21.31865653786481 89.57089487035581
96.59462515078151 31.700156230578813 86.55526182272831 31.028370694011898 2.526394543181709 4.919515777372863
4 3 	 # V Shape
18.46268380142655 6.903334161725406 25.74754234045431
91.35817315706745 45.784951197441046 13.021178947959488
80.98916654001786 40.3469840480666 2.443264498316411
85.68310426277526 27.42948190153962 70.91059640719905
4 6 	 # Alloc Shape
0 0 0 1 1 0
1 1 0 0 0 0
0 0 0 0 0 1
0 0 1 0 0 0

4 6 	 # U Shape
89.17625699356942 30.021061159401306 39.64418788784505 79.32732330276141 41.227607735340065 18.486754999091236
84.02473160883905 56.92713997012885 6.0050205550819635 98.89169741962012 22.87823332019653 61.470171298016965
36.80266808354594 80.27759363482464 62.756185270562895 82.12164761982604 28.825313879221635 27.47951315927687
60.105189113251 93.85141972093375 70.72963093414373 26.340316495675754 12.233592111500503 45.872422918986366
4 3 	 # V Shape
97.48124993966691 68.05743744444447 19.325373228646104
4.673922716139501 95.26439367706239 85.86490154684266
82.79031757485711 96.39005228382828 59.893644907267486
93.09158358477515 14.67688142787268 11.39603087546922
4 6 	 # Alloc Shape
1 0 0 0 0 0
0 0 0 0 1 1
0 0 1 1 0 0
0 1 0 0 0 0

4 6 	 # U Shape
41.882679897637544 86.85508176395132 10.833073330879161 57.36182708950517 60.22095859451538 7.127344705295213
30.46527511400685 47.13651000258645 42.877537239025045 76.39600082043995 23.942577748347947 59.326934725636285
21.59877091717288 32.855583463033845 6.827274752131252 72.56537772527642 61.22399098558322 11.700493983201266
68.7366499029156 14.501861866387532 96.25283238089534 77.72782160176988 90.33500334815702 78.43792250906823
4 3 	 # V Shape
50.86868668262204 13.197066408625446 22.981003079385765
61.6745871837231 76.89436658715407 53.74050367007987
36.771649094937366 66.96855200483853 40.67513089676259
35.69502760835511 70.99511276575683 55.72719426485148
4 6 	 # Alloc Shape
1 1 0 0 0 0
0 0 0 0 1 1
0 0 0 1 0 0
0 0 1 0 0 0

4 6 	 # U Shape
14.651567931680166 44.95147775986764 60.14403761828062 9.727249413988016 28.873488054197527 72.0799901907407
55.08060640409488 83.85770150538873 58.033135146797655 18.45717366096261 61.550211705854075 88.69550884686103
51.67892778204419 62.61436691264234 50.50591175564612 90.96625765865544 41.33046555645703 53.5468716291723
34.26431255645266 12.95767771432601 66.28217513999888 93.56700019956496 61.2729181929054 84.27384994497643
4 3 	 # V Shape
21.79084362028427 90.31717397299215 0.9769977119685747
22.581272666343477 13.205512727198688 90.75429465160511
91.0230636659763 58.10579071349049 8.749305252390538
11.687943957439817 77.10712553078545 73.2795268796522
4 6 	 # Alloc Shape
0 0 1 0 0 0
0 0 0 0 1 1
1 1 0 0 0 0
0 0 0 1 0 0

4 6 	 # U Shape
71.07522445972045 49.14859435985785 85.9942195700386 50.76293778149959 57.60300907293111 25.389747082319403
65.6954217532432 65.22032924009218 6.379972855892946 3.534275172587109 65.16784782252762 32.73150721309004
91.45882805277057 68.681698320307 60.4468051784674 96.48853179875961 83.8491762190224 64.29768520274159
25.527448966613008 34.09119855738164 25.073788340317094 28.61426173287246 92.37574440277018 30.62530966510215
4 3 	 # V Shape
56.81850195842788 36.78206969289417 79.46997153513944
3.405577520367198 21.627897524280026 71.02738447959041
62.78623555090681 18.931700678206653 76.41131314841631
89.61528431903454 66.88551802336785 22.077251068170266
4 6 	 # Alloc Shape
0 0 1 0 0 0
0 0 0 0 1 1
0 0 0 1 0 0
1 1 0 0 0 0

4 6 	 # U Shape
13.004041863496617 42.40138027848596 34.42402784443945 40.838666328750016 11.152915786355688 58.6174118811297
95.14159695128666 24.702134661676077 59.68174083239638 48.8151299142498 6.225402393777935 96.18380713307909
9.958023208062894 44.305148695076035 75.4987610926413 29.842809534459825 42.05157579029732 84.02930943817192
53.86731305344995 98.09240028907304 73.57641479979871 21.42293217882414 15.214459928257074 72.24688393849858
4 3 	 # V Shape
71.60580092260771 79.74101289948865 81.32554341026034
11.452620850314188 90.43820298138276 77.43681120626317
52.63869566346846 66.06136973167847 45.71687635933369
74.59648463121613 49.61837686967656 37.83108555572577
4 6 	 # Alloc Shape
0 0 1 1 0 0
1 0 0 0 0 0
0 0 0 0 1 1
0 1 0 0 0 0

4 6 	 # U Shape
80.33347795330134 39.94154029706674 37.15056646158925 29.76553096984199 42.688914366244916 36.280011591031865
1.4489314987133683 15.916041857758279 52.007429215847466 23.673608803007728 85.39459790771525 36.54037623792051
7.839101485328559 6.108789025374161 70.03049754502713 10.202945997848667 19.00595676435869 14.285376099015313
71.20215750471624 14.302218850313253 70.30919165596951 91.62815878695523 24.023809053811384 59.71550908896851
4 3 	 # V Shape
82.01551829558296 60.71042457755422 67.46668428509153
25.42710996797375 6.7632192249138186 71.09093369523617
88.28306253501864 92.9516576515834 70.7208688808081
84.9462053418791 16.681942353739252 14.399257681768674
4 6 	 # Alloc Shape
1 1 0 0 0 0
0 0 0 0 1 1
0 0 1 0 0 0
0 0 0 1 0 0

4 6 	 # U Shape
3.8272198902195687 8.084240379080565 8.191454230184858 80.93673338215349 80.06940028849979 1.6909811354707704
86.12943252306178 91.13002243524484 40.08766846351621 28.689069833770773 84.30448852638386 61.704455297741646
14.05987267853942 22.87556137159159 84.1497971175196 84.43584735081981 22.014599338063867 81.1137639752162
53.59535338891156 61.04284489824332 52.38698831262817 63.96291484955626 0.5156348033917069 2.4738783415619525
4 3 	 # V Shape
69.00263853157124 17.15930195622134 69.39306736886564
28.52656231218128 5.510592078168841 58.22229025860094
29.58187265655955 32.28161355753046 96.69893878549965
19.493466478308676 34.739650514561404 10.40140651107091
4 6 	 # Alloc Shape
0 0 0 0 1 0
1 1 0 0 0 0
0 0 0 0 0 1
0 0 1 1 0 0

4 6 	 # U Shape
42.88792946947715 46.803712992681135 58.7491958836826 41.728870313315234 60.546363735043805 35.29773467124676
90.119749149838 37.77194644123072 66.722632283906 39.038066495071334 21.56980708556169 7.436690534281631
85.42226488313925 30.41098411541425 60.04336573401815 23.12376366057474 8.216801476227154 93.33145551079515
43.47499266400775 97.13485965954337 99.37431041017915 77.51534599873838 93.84494887846627 28.94018776403081
4 3 	 # V Shape
27.81459679064524 9.560687567341141 35.13013627714847
77.52843084717034 58.80644127742356 47.05171564438664
19.186676571047734 70.73084455177042 13.746904641735258
90.83436026742724 42.254787892789736 3.820220189129997
4 6 	 # Alloc Shape
0 0 0 0 1 0
1 1 0 0 0 0
0 0 0 0 0 1
0 0 1 1 0 0

4 6 	 # U Shape
92.99468485094332 37.78780022612408 20.07829376856979 47.56132003278554 19.875863733614686 47.75265543640399
72.08967345182937 94.90871891129147 70.53755295373549 73.30542843609868 69.2352281681177 1.047540614550324
8.5767594188362 52.554180944916695 25.11411406344103 33.45356718925218 81.255297675026 46.00727618773153
95.80821042151388 62.38340808706393 42.91049605034688 52.971969879064396 33.66959641529955 91.8109439534739
4 3 	 # V Shape
7.349708669585542 99.54532435607129 10.544127366809686
1.1422366239469794 31.00221158052946 92.55075653032259
33.03033419513132 63.712081544069676 12.371873339971485
85.33926614930645 29.894678255119477 87.0916917751659
4 6 	 # Alloc Shape
0 0 1 1 0 0
0 1 0 0 0 0
0 0 0 0 1 0
1 0 0 0 0 1

4 6 	 # U Shape
55.096700795277975 28.833058720400807 14.54486014581552 96.5677657072228 23.963398504775558 83.40618373032922
43.40179134078716 9.17287412971004 89.0676887022233 79.00748571459647 21.62353130333896 55.29925767959788
58.704621618201614 28.772349915873697 93.27945585030002 79.30047460151255 3.511130299513998 37.83836906420079
35.794133618693515 25.957376485298724 60.07016889504979 72.50988213216914 39.464518165796406 51.765167200149456
4 3 	 # V Shape
87.54050121454306 26.33154377696878 75.22359847606546
25.634393924053878 71.67125106721977 88.74791322615171
74.35168019315611 51.509274037496034 3.509186288092603
76.8279777178539 6.107317412485447 86.49330341380082
4 6 	 # Alloc Shape
0 0 0 1 0 0
0 0 1 0 0 0
1 1 0 0 0 0
0 0 0 0 1 1

4 6 	 # U Shape
86.83831237341575 30.05258650599617 43.55605196882911 36.42802087642531 79.37283470182575 97.84170017854078
76.5299372514147 97.05002497445012 22.502594026287127 87.06174420245001 39.96118483566084 15.621675119042767
60.360747132751314 60.14671027517144 51.66933995237601 92.5358894742719 69.92302184569287 89.28740543794888
97.5478839798339 50.61117835654796 93.66270650173475 48.82657956734827 44.295295987512375 2.33104247827286
4 3 	 # V Shape
12.842847576732785 70.86610689956076 88.30636980843853
4.744236715872807 43.80241011381069 11.37607562487939
16.104217757221107 60.23318418322183 98.0939241992898
56.64028494798152 11.405886530309118 52.417000623308695
4 6 	 # Alloc Shape
0 0 0 0 1 1
0 1 0 0 0 0
0 0 1 1 0 0
1 0 0 0 0 0

4 6 	 # U Shape
20.6067510547447 59.11059348014961 20.53903103889653 23.649362147998975 46.99634060531236 9.843193158940089
20.091195344582967 54.24174383692495 11.13514802481127 23.498480301506675 79.36012015605644 38.02252696528385
65.9370482821572 76.67270434875093 81.52019193996527 22.028493098698366 75.19034635253526 87.47074419589804
29.849443490493897 47.27865952754454 22.055303550683526 89.92782384935715 95.31837264977054 21.32582349353873
4 3 	 # V Shape
3.80136209209756 56.68486704280946 15.179717969563756
9.452152183985785 70.62092476664121 77.68054491423071
65.68681501402696 83.38787454319963 93.5356900281753
70.45838818183098 39.241111834607054 13.806837340495992
4 6 	 # Alloc Shape
0 1 0 0 0 0
0 0 0 0 1 1
1 0 1 0 0 0
0 0 0 1 0 0

4 6 	 # U Shape
81.95103581556754 30.429266137660317 37.50413725753157 98.19895219734039 52.415750635493595 42.74109264387875
51.77706405135226 96.8976459901584 39.86096682269529 25.44486556082437 64.32145486770266 46.00058656615194
8.480161648723994 7.894648400880532 45.490173613287155 45.50962247572681 83.12779808040611 15.750171762521559
26.039495525300083 93.6233645626559 63.11176642674141 71.34090490959616 57.43026694270158 45.22136434574674
4 3 	 # V Shape
52.27429980971374 55.777677576715426 84.138917897813
67.1087704171892 83.72540443335868 34.298964015810505
7.282651584859834 9.673344668488927 99.1935404620845
25.302526804618587 27.571441303704958 99.25145366471824
4 6 	 # Alloc Shape
0 0 0 1 0 0
1 1 0 0 0 0
0 0 0 0 1 1
0 0 1 0 0 0

4 6 	 # U Shape
84.26055292261412 60.49224057992506 84.18139823787438 8.78369290597415 35.04948614782295 42.91959821144445
80.26482835613491 24.20697548611681 0.33322772919091026 38.86563451073852 92.15931319496566 15.262387580774138
74.9994459623443 94.74836190516686 25.07770155656568 15.74392594796008 34.305533571646805 29.23205418355934
27.041317675814792 47.44876227594702 55.86037964227293 0.6347476001110741 84.34576971052346 13.603392792337743
4 3 	 # V Shape
76.24420374753139 8.243690470409959 76.3761153364984
36.33931936773135 24.174586211048698 75.8625483039149
5.581914953661638 44.877361511359204 90.08256383327532
90.72852358789412 46.8881293183638 83.10449656508918
4 6 	 # Alloc Shape
0 0 1 0 0 0
1 0 0 1 0 0
0 1 0 0 0 0
0 0 0 0 1 1

4 6 	 # U Shape
47.79679546181437 25.742220251992386 94.64418322439492 49.09424621118489 72.08912195238541 99.62322660739507
43.533776323883856 2.1464328280912603 1.5101580588801289 47.16963821413963 63.80396395660042 10.554754374241416
21.965756983369356 73.49374715928855 71.31278653062647 96.03874411608422 73.13319921709865 84.00464200610347
59.42567718918943 68.19923645474908 71.08151819484294 17.56086825292481 38.18892264503654 39.87758778947214
4 3 	 # V Shape
38.714227786390424 18.732006765193375 42.33846638908619
73.79784022664586 99.01201285264503 6.883631042351935
85.24458513130413 78.47495669454642 47.93364790425151
29.753982480459317 48.32935210264835 39.28910553212097
4 6 	 # Alloc Shape
0 0 0 0 0 1
0 0 0 0 1 0
0 0 1 1 0 0
1 1 0 0 0 0

4 6 	 # U Shape
74.4747815929632 21.50858030582752 16.520095858396623 56.9792729771405 81.90018101155101 43.11572898376439
76.3872645481208 73.01066611155372 44.60436259912971 71.2182594310135 63.92523938198028 22.942030313207397
95.93009800692543 59.505450301528796 46.61395579234032 92.63817177818152 20.907644286927194 68.35423168632275
99.92868504856399 55.250404485931604 71.12415725656606 15.47054999725399 87.69705245127783 96.04000584486478
4 3 	 # V Shape
27.916488757007084 65.97615864973116 40.780242926611386
45.545188918218436 47.97268238501724 97.11884287647467
60.92268131760723 91.80151414356114 29.981770830411904
75.79597548043485 11.296610268344399 60.39487756499532
4 6 	 # Alloc Shape
0 0 0 0 1 0
1 1 0 0 0 0
0 0 1 1 0 0
0 0 0 0 0 1

4 6 	 # U Shape
61.00424254373409 86.00049266328298 9.426288492393198 80.13578186849197 58.75474663752694 24.70255691434896
73.33256607132344 96.27502578511307 67.2429599541773 62.84349691939717 4.135341357683364 35.0014646951183
28.394456561556026 46.46292174668306 30.328080175793925 81.40728584023842 76.61478153697632 60.03367690478092
90.10032942416368 44.288148242230186 36.2286490775591 48.09430113258877 97.33465858583686 4.495448659703872
4 3 	 # V Shape
75.38647301687494 38.59328095260377 58.05853647578243
4.160167999621567 95.70919550354068 45.844942430181575
73.25601962236107 72.43072717708017 36.13850934270306
57.614850272985606 9.116891942241267 79.391017855673
4 6 	 # Alloc Shape
0 1 0 0 0 0
0 0 1 1 0 0
0 0 0 0 1 1
1 0 0 0 0 0

4 6 	 # U Shape
95.12936703389539 99.84309373462644 93.14635125349747 3.3981931032865953 86.01557407225077 40.321033442362165
14.247985606097524 26.937234786738784 57.986847222919735 56.32966236167653 89.42163566518069 49.35655841140425
76.86310384422733 37.07877682545938 33.4485899167046 38.941280660658094 48.804936168610965 79.33563093096603
16.63297283689782 21.445861166683812 88.19787443725363 7.873525830867322 27.96958568996084 68.02311492323723
4 3 	 # V Shape
34.3997712158293 13.533827076889205 58.71528339990938
71.88262131378784 41.64541714577881 61.96331741256208
83.98633769602982 0.011310506886430538 98.11566840380816
36.487137627334 87.36346996696308 38.86952523704517
4 6 	 # Alloc Shape
1 1 0 0 0 0
0 0 0 0 1 0
0 0 0 0 0 1
0 0 1 1 0 0

4 6 	 # U Shape
77.89561501543261 79.59634630696436 0.4418088734142178 85.52923824803051 19.673926667104624 92.1311791701114
11.573887674353179 9.984725008755602 41.495316419831255 83.01283257987035 65.83325997105612 84.05620427928018
29.872918139103653 29.135393534360944 21.961401853166496 87.31108344033446 99.25319133165988 12.493108260697728
51.67221149865642 35.603600906937594 79.47122116581752 88.74317067891731 86.29141040544316 85.036887937482
4 3 	 # V Shape
43.218591823205145 75.98078427099402 6.020717180756585
24.706180389118437 59.5619512914205 26.833623249532934
93.975335256828 61.34037984800385 93.6261856959035
94.61730649557765 60.0806587625719 93.62711901808134
4 6 	 # Alloc Shape
1 1 0 0 0 0
0 0 0 0 0 1
0 0 0 0 1 0
0 0 1 1 0 0

4 6 	 # U Shape
99.161293632274 15.777466997333677 41.47413555517131 68.6495322941087 35.66202389317096 65.68617129363271
17.153049419266033 48.49372906420839 25.506073540648934 85.75420733763673 5.794096717936348 69.63834542660223
76.09481818724295 13.177566048555022 15.55768061272621 81.76159229732352 89.57449001494221 98.19522897797296
74.35382696674792 77.20447795645534 24.586393751834212 84.2206104109887 1.842569697153018 14.329902951849604
4 3 	 # V Shape
36.267189589575196 39.140510783272894 43.46870860640871
84.8281238753235 71.08113585559413 45.03853279314575
73.60477761463673 11.164434140016633 27.22881457701162
71.75303100603432 93.34488090248162 58.10270676213134
4 6 	 # Alloc Shape
1 0 0 0 0 0
0 0 1 1 0 0
0 0 0 0 1 1
0 1 0 0 0 0

4 6 	 # U Shape
93.98082448548813 65.01140340562004 3.0298185578239156 89.30998681720213 1.3589295057554351 1.221068266624914
0.41284567976593856 4.237647470728623 38.62789107880823 31.337842557102025 33.285504800099105 44.77352273872523
98.26545769798093 83.45671224507501 81.1900183674132 69.84950070919353 48.66432685686526 56.26292698880865
3.5300193334728447 23.783206516490097 12.940988921327135 68.73893700525356 21.51330611168628 82.55339815952615
4 3 	 # V Shape
23.68294129182048 91.84948237804728 98.37021425298528
49.247410220051556 87.66072913120419 19.97387179767336
8.657260852568339 72.9068866207079 10.701545300146353
81.33094795587648 77.27568754312601 5.806614058145287
4 6 	 # Alloc Shape
1 0 0 0 0 0
0 0 1 1 0 0
0 1 0 0 1 0
0 0 0 0 0 1

4 6 	 # U Shape
88.80653718153265 92.1032344820762 26.785450328985107 53.42337047355817 33.0011703998209 80.15307494255208
58.9634360602288 60.055498683949914 32.28375225059015 53.39118932772553 88.38213961957216 73.10938683329141
59.1505339227943 39.30296867058841 27.046020836139697 96.95271560912553 89.9423569201475 84.11506420718241
37.22480632739109 48.24979721765536 58.20075840726694 12.173900162762719 35.39321652146755 18.50050587355847
4 3 	 # V Shape
86.09992285586576 35.44950465643999 16.670442758124217
98.09173509734784 52.19543568353495 76.88874271143169
33.02002988813945 91.40498832450513 89.37884622689195
99.92433283863036 35.57146765666962 14.757544764625196
4 6 	 # Alloc Shape
1 1 0 0 0 0
0 0 0 0 1 1
0 0 0 1 0 0
0 0 1 0 0 0

4 6 	 # U Shape
83.31324031195798 79.26189094420246 98.26008745192202 52.51702867994303 85.05749692549843 27.408917401371035
11.861413894123164 27.179536135883453 0.7313385581816267 3.106847376183264 73.33349995436377 64.71381439743946
53.41249063951524 28.869978157308175 98.5346095517915 30.184597356525423 60.06961438104853 75.42501871004225
48.057267890333264 58.44832321191438 45.03348688179716 13.646171935781249 80.44103204618683 1.4390653665222297
4 3 	 # V Shape
21.913133045984388 61.378794565612196 96.73146277449449
90.94277994690535 92.3587539666623 65.70233338121578
18.80378792614095 87.71502452997876 80.72235657099718
66.25030356623579 95.85250103517666 2.971177876009856
4 6 	 # Alloc Shape
1 0 0 0 0 0
0 0 0 0 1 1
0 0 1 1 0 0
0 1 0 0 0 0

4 6 	 # U Shape
77.14250944269658 62.9090962649588 20.490665514239403 84.72739199350465 83.82349609471311 41.05866007045332
66.27993636988255 42.72446641429759 57.90230468688655 51.941147567856916 13.428662473013508 94.1055424123638
22.547806367281787 88.31624935411332 24.28643127508242 23.826687309168026 69.08727281613396 87.11031906585175
17.951077959070695 45.11721579710953 18.64955345396303 98.34791816066387 48.96369762362565 82.8705747306922
4 3 	 # V Shape
38.38953307927665 5.312570443953724 29.116373677210795
94.1779753628731 1.3885558608201398 66.95737944604467
97.67080260738778 39.05862231789099 31.401911214434406
24.744334004685143 39.4621332891979 15.634518603333325
4 6 	 # Alloc Shape
0 0 0 0 1 0
0 0 1 0 0 1
1 1 0 0 0 0
0 0 0 1 0 0

4 6 	 # U Shape
37.19845767674499 37.05351230758627 30.63503408877194 42.22632051696087 0.2859722817052046 1.5738426296590946
25.795762010214553 51.87867882127396 19.431182767596933 48.53530731493949 58.00636798501165 59.35396495668448
78.18523710669957 61.325985836871546 64.94647210287538 58.150117510529334 36.48842493361371 19.940341495893144
64.30731579879294 22.31986815293715 57.94192953806522 84.91681513249605 55.90567778062495 16.413498179673358
4 3 	 # V Shape
56.65958018471295 86.06865145791534 19.17520210057705
60.79466245269822 0.030048223308654087 59.9644854758037
90.66722654745323 12.616649234955135 25.34106622805612
91.64076040760915 20.340819793158403 73.20736399666427
4 6 	 # Alloc Shape
1 1 0 0 0 0
0 0 0 0 1 1
0 0 1 0 0 0
0 0 0 1 0 0

4 6 	 # U Shape
6.722879256588332 2.4428974616479193 16.902531786491448 32.47497306424366 45.828291446630566 17.31351627197969
33.673205006423636 61.7905371619579 49.8818913208889 30.560318438476497 59.898926787001514 4.1799198887011
56.66201105748265 46.70356062895507 26.70496119397445 28.318139607939287 60.61816877491992 26.59741935868778
25.532252242687715 4.1592324467440545 2.830345104832843 58.08171207478732 39.06316209019345 10.952263102397675
4 3 	 # V Shape
9.285032795296832 62.098234249677944 47.82563175576823
74.31934267164534 31.291644298061772 91.78846918298278
7.174274529671976 78.47401388810653 97.279333584666
50.47066130179489 4.043627479319733 49.5155537781759
4 6 	 # Alloc Shape
0 0 0 0 1 1
0 1 1 0 0 0
1 0 0 0 0 0
0 0 0 1 0 0

4 6 	 # U Shape
85.4462588402683 88.66977690955193 34.088167406451085 87.24011928262189 21.824297123715976 36.2475892681537
50.949959013542255 31.64855076233284 98.09070513914135 90.99815125364033 58.01035468574906 50.17907532767999
53.25898387732819 8.281101068951436 18.33309043592046 84.72132231084105 19.088768573132853 42.241586358589736
14.603601159421453 95.05251748944184 7.206770506701055 2.125027679362679 5.030105541540975 40.364348172063025
4 3 	 # V Shape
1.9677901646278029 4.433536432684604 94.39812946409636
6.194491402155 66.17621804792677 62.92591526934219
69.45226363625888 41.87999818170399 98.62123874926311
29.972207687843188 23.67210925272517 84.65523910560665
4 6 	 # Alloc Shape
1 0 0 0 0 0
0 0 1 1 0 0
0 0 0 0 1 1
0 1 0 0 0 0

4 6 	 # U Shape
36.38756293311908 93.20188968405168 83.94091400712084 63.532721747524135 27.973835471586174 37.96531418355742
27.616608766627316 24.193565670870743 19.192848816712036 91.39689469651408 98.51381134839198 56.359267318830284
55.41951109925041 99.07408332260948 98.53844178526424 87.8528522334355 67.08626291153531 88.5086568337961
50.87310574754118 68.43917114623372 85.80894722824426 88.43525222369706 10.378333326771072 9.114824732003768
4 3 	 # V Shape
40.24019451511519 72.31659838033436 18.72039830827188
18.04637177541364 88.57788581145795 57.267291078755555
29.483422794134782 5.030352249163661 45.33084068296518
42.461106628348745 85.94613111600164 14.690297325717538
4 6 	 # Alloc Shape
1 1 0 0 0 0
0 0 0 0 1 0
0 0 0 0 0 1
0 0 1 1 0 0

4 6 	 # U Shape
88.6361245126547 19.7018987555058 96.95678017375822 45.00673782387579 12.900332841017459 11.278000517635633
82.34246316358974 3.918429171513649 41.75369032871704 0.7357565751473949 25.856346067012225 48.568301481860686
44.635668971104046 78.58464824844015 64.67893697616064 54.95223995873665 34.5648607571703 52.21792914660306
36.67944432751214 74.72032802964068 64.82217391489421 90.57491450099383 55.969171965264444 42.50836435908241
4 3 	 # V Shape
11.469759818143688 56.8542616286835 40.878494559235214
72.28984015680209 26.685576471288197 77.73378313634893
9.475753907061568 27.389181319324905 12.651791810062907
42.46466939120509 16.477691618608294 65.24994556134426
4 6 	 # Alloc Shape
0 0 1 1 0 0
1 0 0 0 0 0
0 1 0 0 0 0
0 0 0 0 1 1

4 6 	 # U Shape
42.05056852823201 6.524280086462342 27.9032584767834 66.1247845828568 14.136159633905532 71.29104919064413
22.06729747672932 60.515121311127885 33.392154701138466 98.46889323692535 43.70977398727055 34.43764407078702
27.194931792264043 35.27696015815847 4.638430953523043 8.828385202051258 58.54754735375728 43.541927350401046
86.69031971931483 64.45432995522044 13.463630179225671 60.10648260676342 66.06873594771857 61.09807275130611
4 3 	 # V Shape
28.28971771695953 37.815687495226314 26.566611951150453
79.90385252105818 4.406738045889281 24.386918186407236
0.886191557316629 33.43413555450287 14.961406685399147
11.150410087280772 80.96039756173165 57.44293231689495
4 6 	 # Alloc Shape
0 0 0 0 0 1
1 1 0 0 0 0
0 0 0 0 1 0
0 0 1 1 0 0

4 6 	 # U Shape
68.30231941647867 53.18762270954313 70.32109849320618 72.76087652040741 78.26238588369321 74.96364378389964
59.52026003212178 23.51293864051287 66.51829955933395 42.40375404229402 88.06846571664886 79.6220874966448
40.02254728080508 69.34043722425824 58.78596466822636 21.510808673920188 83.03267871607025 77.14293498978753
86.71475385987615 19.604362591241387 23.362800124306805 39.868284715016756 93.83426142167221 98.93371207718899
4 3 	 # V Shape
56.98376515928503 93.17185760349204 31.00803758760079
97.69138810755751 36.28253529358919 37.45104591485661
60.77757626294387 16.76678409149912 86.13834050276759
92.16207547768913 61.91954561476947 12.362933806379072
4 6 	 # Alloc Shape
0 0 1 1 0 0
1 1 0 0 0 0
0 0 0 0 1 0
0 0 0 0 0 1

4 6 	 # U Shape
84.1648699352834 9.45942401580001 27.340393042423273 50.38734817339826 79.48174603758974 1.9823671387173225
53.94204265908027 4.54243555777083 54.7765169223169 93.80833397931269 12.801639573980129 12.46570003117914
49.3537872486702 27.18385852867393 1.3460642713719828 12.798750635805256 79.19986749289545 93.91186519981109
98.06978175296652 48.02403347336455 16.69245810689408 68.01699678508741 94.90436766686265 44.904300995572164
4 3 	 # V Shape
23.258694099688615 72.20265418019423 14.200835687922774
10.019118536548222 63.12223198556238 9.417371194068568
13.715955368621513 95.05754201392807 63.87252873419664
99.96498787040119 77.80565108493451 1.6974953804198112
4 6 	 # Alloc Shape
0 0 0 0 1 0
0 0 1 1 0 0
0 0 0 0 0 1
1 1 0 0 0 0

4 6 	 # U Shape
4.830228168121298 23.860575739602574 49.24570255163495 84.33460131727743 84.42192494803355 12.819970398980928
75.85933989589557 29.088432020241584 76.43341872939214 83.67752180014641 37.69148476585228 69.77319782273234
91.99661944212296 46.86776725666314 73.16101282371349 1.0247040539513863 4.393813135038249 52.46689967353431
29.088152495943444 19.62702360964671 14.616285960637965 26.404283873074284 29.377021478284217 72.8609074576266
4 3 	 # V Shape
12.980871138479078 62.87927742441822 19.289919634888232
62.488931748904456 5.556981331668897 41.93956556537305
75.59108857573679 23.272758704023733 91.34030871532262
22.787066670444787 96.89881107806262 31.472375648862783
4 6 	 # Alloc Shape
0 0 0 0 1 0
0 0 1 1 0 0
1 1 0 0 0 0
0 0 0 0 0 1

4 6 	 # U Shape
92.13173807005415 22.233723243411983 63.305280871994526 5.729903201260578 89.50982415656692 63.37288687754038
46.27684850321812 9.078810453420317 98.21533348159726 75.16318919626816 92.63977611806433 57.721937729441855
44.45622069886797 11.84305364666509 0.3392119753210632 42.989727068529604 44.562152349764574 22.54006325494674
31.591948653799218 25.67577950321599 25.453560016003095 92.17263391735156 75.36616467376828 35.50119319368046
4 3 	 # V Shape
47.91015628030091 90.27305112832352 76.35586190387575
18.758825575304115 33.74580722864429 5.879809874439179
30.8155154509658 92.02742441929944 1.3257447476215045
88.90654379691071 71.76001614655812 1.464051085107454
4 6 	 # Alloc Shape
0 0 0 0 1 1
0 0 1 0 0 0
1 1 0 0 0 0
0 0 0 1 0 0

4 6 	 # U Shape
84.48279100953802 97.13486908733158 11.82634921189929 4.48569910081652 15.855114104871248 95.14234005377553
42.671958367097105 50.68355074640134 2.535993464082398 1.5614477870282917 55.211590140238066 80.69985935631249
93.57414590085504 10.72995501118884 8.131638632810823 8.966618631809665 35.00910051367021 53.295944525534146
73.08248591967785 3.820162517097503 61.84481475616367 31.595586851162103 41.91962047760794 25.784838299021327
4 3 	 # V Shape
13.949774488656242 37.02670744807449 87.64760316619086
67.76834069403388 69.3300810381015 9.490417219152448
40.23164711209856 65.04580450304506 18.41189351970256
23.532524546449206 12.558399890569339 40.57496935951406
4 6 	 # Alloc Shape
0 1 0 0 0 0
0 0 0 0 1 1
1 0 0 0 0 0
0 0 1 1 0 0

4 6 	 # U Shape
38.429476644653015 34.46174997739546 49.79627842706734 10.103602682809932 39.72038806019669 83.20667335572698
98.11336775672306 70.86931833053114 69.55416867002944 41.91459263778105 49.62176423451788 58.55008100577488
85.93583767833994 60.392526523019875 15.462828985734479 39.819458556928225 89.1019761754056 72.1593379949124
78.49271665734693 85.90375843333702 44.14114232210976 86.02335065083241 21.58588073814324 84.56219814155655
4 3 	 # V Shape
98.49817092026491 2.109463903313158 91.71654400990204
21.721759653977845 65.84040742877572 0.30550073257265
88.44240405514329 96.50000826603609 74.71085942277188
4.437659695359574 3.1420588493271118 78.50723083607821
4 6 	 # Alloc Shape
0 0 0 0 1 1
0 0 1 0 0 0
1 1 0 0 0 0
0 0 0 1 0 0

4 6 	 # U Shape
18.41394114594115 33.01480791694325 98.89070378343887 89.9783681760552 56.53246584426693 70.76454506549138
36.338873608943565 20.153045930104707 74.96183566095993 26.444104700912497 67.42259418398227 27.790667217197964
62.27927778095614 79.16851207377161 42.51975514913588 9.757631377695786 42.53480233440901 71.46019424816038
76.04593963908357 54.78612871222241 80.6551731427299 89.76235506641399 83.74754053226769 31.48051606682627
4 3 	 # V Shape
53.833878684628765 58.693040039796784 93.04551079388524
74.23349333615793 74.37351466248614 20.360157260717838
25.058841996009416 49.02455343788766 14.4728966583754
62.85692473489818 63.666245006749676 52.59820200687467
4 6 	 # Alloc Shape
0 0 0 0 1 1
0 0 1 0 0 0
1 1 0 0 0 0
0 0 0 1 0 0

4 6 	 # U Shape
73.37671453471607 6.550764176187263 31.21230981253994 69.5656664836412 36.69402084032456 92.34219334387136
46.27697526924629 10.224532398210872 28.495278384048873 40.57823573720447 18.238603082813142 41.266029761081604
85.6733381427474 65.39807660395076 55.51732967298979 43.80490943165041 88.9643380848384 48.17776492498722
59.83094652632307 26.23658934182619 23.962451838010246 0.8849898936260869 90.57841488055146 24.524862385794655
4 3 	 # V Shape
97.15877319119964 26.27736804998492 77.70402747102845
65.65242488306049 52.84852136062448 18.581485402229525
82.42536596595306 95.54458372087255 15.90267262839623
19.113372119268767 42.46030975633474 4.942317267934371
4 6 	 # Alloc Shape
0 0 0 0 0 1
0 0 1 1 0 0
1 1 0 0 0 0
0 0 0 0 1 0

4 6 	 # U Shape
74.09605397583647 26.969485347922305 64.18545486584503 69.8072460973478 49.230788425305846 47.437858537223775
74.35934406874709 32.49771529388036 32.818511835012245 59.104389035954675 37.20178374963049 53.1756600623048
68.65050583004425 83.77247514613454 16.819237938881336 84.38404393358205 32.95536370100596 51.75552915929901
70.97417919332982 43.53445726410089 12.401071056245605 92.78971628055484 1.8309552466142298 32.57350522268495
4 3 	 # V Shape
85.0934470636639 22.509466747508434 65.55978035842108
90.83379520007345 7.708483439215463 55.47893429316535
15.475517943407235 7.901294426777017 59.463684999345865
59.478469604827666 37.01398301363194 9.393562236677322
4 6 	 # Alloc Shape
0 0 1 0 0 0
1 1 0 0 0 0
0 0 0 0 1 1
0 0 0 1 0 0

4 6 	 # U Shape
84.72652652572854 34.57379080127957 70.43055031914984 78.0613906286335 80.04757913795267 96.84537916613934
83.12932086993526 15.550826906018633 71.59705846400783 2.7144844587495776 28.271971412014263 5.818161199355021
94.54653140092296 56.454900034452514 31.377544356494823 88.98483489758901 21.730413117308135 90.27714132980103
23.669542165835765 18.955369114172694 34.971868259659 31.35894648177554 35.438430071621774 76.59429761824515
4 3 	 # V Shape
72.88892664054598 68.64864937330249 45.902985856430554
50.43627768955194 60.248868962558134 4.755658847709454
62.43812239248974 60.38482267197905 11.6020769664261
78.46460583997758 65.24234784553738 42.688935246094516
4 6 	 # Alloc Shape
1 1 0 0 0 0
0 0 1 0 0 0
0 0 0 1 0 0
0 0 0 0 1 1

4 6 	 # U Shape
65.8829620882661 46.18131830393442 38.84344327852433 17.04491560023149 62.171230668133646 85.31893781708075
31.98429993394145 77.54004894269576 92.18601916638659 94.74717668601816 22.98906628017825 67.59443868314285
34.21983841800918 70.24458802427738 96.13582713472397 13.124076674765895 53.24095460493245 29.100958713580518
16.61800080623651 50.84696301173292 9.535754737240687 85.58291528786064 8.237653716869698 11.338917280232753
4 3 	 # V Shape
21.93857790896875 42.80966945226107 87.94173123165211
90.2268128957932 62.44287695863071 77.25628746724948
82.49898742919798 56.49971977229534 20.853929444925377
30.116914573351682 42.03852538851671 23.832912013195685
4 6 	 # Alloc Shape
0 0 0 0 1 1
1 1 0 0 0 0
0 0 1 0 0 0
0 0 0 1 0 0

4 6 	 # U Shape
84.66507924492498 44.91409694986328 0.497357231508766 26.352619051966297 10.847552390688298 5.066310197294865
76.29839140472392 62.985478522605746 26.45945245930398 1.1431975289151297 73.97877712660701 29.053170979226696
70.70388608494225 93.44120679294296 29.347039793277684 55.43017982924915 18.974755754865356 56.68653083373365
83.00176917062079 76.32771411748138 94.89459948992098 54.730442287426996 66.13208036095482 55.81500724839589
4 3 	 # V Shape
10.818225548545957 43.5634713809777 11.257784152832862
36.83837172721823 69.28692593534545 40.22346377344803
92.97040680215122 43.04466126975562 3.467531549841696
70.75776250257506 25.45449694236297 24.262389120439032
4 6 	 # Alloc Shape
1 0 0 0 0 0
0 0 0 0 1 1
0 1 0 0 0 0
0 0 1 1 0 0

4 6 	 # U Shape
53.42787537083562 96.42799365706598 93.93284325065456 4.231331894218049 42.13130554264758 77.3409643012178
31.390945513980917 92.83677495816387 92.18349423843986 22.283788798732463 76.40599959593166 11.993952155522425
48.90483635703355 19.434384831359697 71.10842723974923 19.64270703797918 52.20967775178495 27.452311141039274
11.802729527221844 61.93983291344439 32.221108860602634 24.653494237631136 37.59830907325977 51.11336488000984
4 3 	 # V Shape
78.08030889980022 46.512743555991534 26.69365114641019
6.723502953599658 1.9354258964200288 74.43385980411486
52.038839734646395 21.15878952310817 26.765130548019833
98.27548320280218 3.772298900490234 36.8702464489868
4 6 	 # Alloc Shape
0 0 0 0 0 1
0 0 0 0 1 0
0 0 1 1 0 0
1 1 0 0 0 0

4 6 	 # U Shape
90.13896719746953 48.308357997175264 40.186821004331904 70.81655367485341 31.8443348770051 44.52702358499905
44.241686888196995 16.40686570906702 6.275002592132195 67.97557579179839 6.395530349943391 23.42894921167209
80.22902907883628 54.60616032596614 36.841155975152 34.60601759451679 8.144038539747845 3.4739512428968444
20.524927151389637 48.31361445504271 85.0625569079787 61.91225604535967 32.75738860471874 48.381049866511475
4 3 	 # V Shape
28.280300156137272 0.7590044728818857 10.022792540738646
3.2612620207901233 3.175016010133269 70.86886948854097
59.507894604488385 5.84024516252396 61.124875849171545
4.875127944585067 56.27476663978399 26.620022902308584
4 6 	 # Alloc Shape
0 0 0 1 0 0
0 0 0 0 1 1
1 1 0 0 0 0
0 0 1 0 0 0

4 6 	 # U Shape
28.402773185683948 5.5785004418751445 20.069047841331834 81.48074793579072 39.323724045807104 83.98094055020798
3.6468790331246725 65.06392529438814 86.73875170184758 82.19330025814673 91.86250940898061 19.60829810317066
38.17598767008713 95.4662525609448 34.57412055584168 49.403958483043986 32.30656782074788 51.336254471620634
60.71206975440637 5.632443371082929 9.85360781892356 86.92236116355211 31.620102786648484 69.31521245521863
4 3 	 # V Shape
35.65043704556232 88.72542452859055 17.075038536202747
15.137544654013613 60.30505611785056 81.77427654236438
59.74607914090539 35.81479321259403 7.627780545228557
35.41166533645583 7.602814647337752 77.62887162132071
4 6 	 # Alloc Shape
0 0 0 0 0 1
0 0 1 0 1 0
1 1 0 0 0 0
0 0 0 1 0 0

4 6 	 # U Shape
22.505291801672676 77.65923015410075 19.707433338343407 31.44884649876395 23.09930659360497 20.9510037317447
77.15246780432818 70.17703545391676 25.195722116554474 41.723320044556026 60.770879082934826 6.880253790760593
27.86021965162061 89.33098398769836 99.89910024227282 7.498936525407618 20.052261888535817 22.469285047582822
47.141256325488435 16.259375560751344 99.65301162564809 13.252806555251052 51.71185063032119 33.561891752555276
4 3 	 # V Shape
60.04717743434143 19.893789803176375 29.434844092220438
62.15422774329456 52.19960345285411 77.08275698486842
44.19562251202169 39.06872878942785 13.258105409544562
30.402991058803842 98.25093348500192 7.3970950317039925
4 6 	 # Alloc Shape
0 0 0 0 1 1
1 0 0 0 0 0
0 1 0 0 0 0
0 0 1 1 0 0

4 6 	 # U Shape
52.857763689349866 13.445147873841156 36.101860852519785 33.43563716507818 36.3015951384304 58.4979662494934
95.48274787099072 10.75713091854591 20.380987982103747 1.140797599229293 8.184250431205854 90.42079612866118
89.79491942667515 86.9373724494945 35.383884635632015 47.54988589174608 46.942316747321186 18.87409583134234
91.48221048400892 65.59195021254881 18.97196903434769 76.02151618545422 44.83594846888537 71.31453192939813
4 3 	 # V Shape
87.9632358051081 34.93184807385423 75.90567490943513
41.898863180099056 54.8792375495095 70.4546184617159
75.41363839955707 58.48805009620869 58.22557475310346
71.46597150121487 27.96232248768632 27.467637251457965
4 6 	 # Alloc Shape
0 0 0 0 1 1
1 0 0 0 0 0
0 1 0 0 0 0
0 0 1 1 0 0

4 6 	 # U Shape
69.85484562924694 45.62483678003946 21.54741062034795 19.41943611438679 96.54363394193848 82.42325296917633
9.261943164421204 82.62998728930386 24.807706459850664 17.364595662240045 79.07920202091277 20.62734698221016
93.21037630582465 80.49973740006956 13.90513599284552 66.6894980732186 68.37041938551661 22.571750944930123
53.97374300779394 3.285953663228669 55.510320803073185 18.41128248076318 19.843902091275567 73.38783373618612
4 3 	 # V Shape
84.2264362111321 47.7261240146393 63.53777538401215
78.34161837208828 6.576775345683428 35.35972264171642
73.35322528559519 65.99711886078127 75.47132773001621
42.86641696259391 64.48843452242245 10.31146816523033
4 6 	 # Alloc Shape
0 0 0 0 1 1
0 1 0 0 0 0
1 0 0 0 0 0
0 0 1 1 0 0

4 6 	 # U Shape
31.412388136935267 10.581303071284543 37.51722159246088 52.490286851453845 79.33697765126563 87.5907701559008
2.836451727029299 31.29619809852322 43.60716921593736 22.891882002824072 54.63355515296112 38.494710552778265
24.05553425204674 43.505035475564654 45.577216951250655 35.00071863552816 44.84554188635463 84.02537017145359
83.80513354975876 45.533315507777516 1.8237255654438789 52.59951641359074 93.16871781742284 96.05882157757877
4 3 	 # V Shape
4.843707069017311 75.84795309163317 52.721681560820755
70.36476259040369 7.70587560211834 64.80925560592891
30.339230795528536 94.2783531745796 45.86775356310824
70.02204713703478 77.20542543970859 40.48280567204961
4 6 	 # Alloc Shape
0 0 0 0 0 1
0 0 0 0 1 0
0 0 1 1 0 0
1 1 0 0 0 0

4 6 	 # U Shape
75.51118305082409 64.04628274696222 74.71556257088177 88.72321619966998 21.06118637387987 59.270437052466406
19.598516756004024 27.4664679793896 74.05102757049 97.36812930723931 47.72458798784688 37.3227368681091
51.23335935671497 97.53819011692724 27.94797624257479 44.815136749280036 12.892445429403821 78.67476668012723
33.41980863960436 52.923747241853334 69.42721390906695 78.79465435041672 19.402495419652222 95.99275874492828
4 3 	 # V Shape
15.089075272959063 21.19503103421092 1.148319070354098
75.58361245752046 56.54648453676152 84.37382137843925
16.252117653190247 54.44399140228525 59.2440446814913
58.947750622663555 81.73068237603059 49.74719160827309
4 6 	 # Alloc Shape
1 0 0 0 0 0
0 0 0 0 1 1
0 1 0 0 0 0
0 0 1 1 0 0

4 6 	 # U Shape
91.80449657426979 49.88941439433319 17.336797238493716 89.93915675574222 96.56645836167894 57.662539819265355
35.90653883709493 77.69587457390968 79.0010348409275 60.91738928217998 90.56306066372683 28.613787690838087
83.94549462529885 47.60457689769409 97.40586191812741 4.416120161004056 64.89848522059847 77.81524700303646
54.46851403816409 52.923662694815064 38.14442864358364 21.452733205440964 81.95824265498726 57.851344947726666
4 3 	 # V Shape
26.530184511267596 96.37669976699935 3.3667718669590174
6.79993213520198 13.915925404769547 59.79470080984064
38.98083039607183 22.00117438049274 20.27078048171873
43.84658672536999 50.85454960226706 40.855147896854895
4 6 	 # Alloc Shape
1 0 0 1 0 0
0 1 0 0 0 0
0 0 1 0 0 0
0 0 0 0 1 1

4 6 	 # U Shape
9.90992033789987 44.48649165025063 47.341389524843514 56.398668715664925 62.06878862394999 7.192548028305767
95.32538852824644 59.28170764689183 50.5391710856477 71.69765310958964 82.27306485301833 2.175558211193085
35.22677971342154 64.36597735909692 98.49220986687477 20.80968580378072 46.389337022674184 51.66852343416791
60.40269190036278 48.60509775524835 97.54371672258473 9.66120091586522 53.025346186211095 16.74970457138216
4 3 	 # V Shape
51.14347921856455 86.6350656508292 10.70983529573648
91.57481478878512 42.559529622125005 26.459332983085982
52.64629427852137 73.21544665291361 40.71624996939438
13.814333260054656 48.18677089356829 77.70387767198574
4 6 	 # Alloc Shape
0 0 0 1 0 0
1 1 0 0 0 0
0 0 1 0 0 0
0 0 0 0 1 1

4 6 	 # U Shape
56.4142868497579 41.612047009461214 89.21078562287487 30.01705875924494 26.362808533149206 52.09411277172412
75.4886404031228 84.41077878368361 85.54396818264145 3.485125471771411 83.51829647727716 87.15921781312106
41.95884058173773 51.14026823123241 29.348944822160973 24.0908446211091 45.96225844968195 48.88952683890194
66.38343124298973 38.8359927547227 46.54963401380008 57.7390388332622 3.6314834072765145 99.43253907697742
4 3 	 # V Shape
2.7344110177708436 2.094727561889742 31.343044182463043
7.427830889768239 19.5091986496699 19.98319802934575
20.67295881239334 32.37887779820214 28.87218117463448
36.704496949012864 31.485959290924846 83.27291239871255
4 6 	 # Alloc Shape
0 0 1 0 0 0
0 0 0 0 1 0
1 1 0 0 0 0
0 0 0 1 0 1

4 6 	 # U Shape
39.599999944883514 37.31888963839629 25.878322027566536 96.24977941163826 53.55263175602012 46.28591324607398
1.5128266048890726 57.52903646439419 70.55813567247108 4.901087720426989 10.504369028529215 91.04152347776116
10.784147453628545 53.161787379118685 16.568381701742553 79.06498915561819 49.41992351755825 97.27036930322257
65.214149952161 90.28323405627094 0.34767480982681453 90.63590109742165 42.83320503180062 26.545117340946224
4 3 	 # V Shape
98.44111620637969 94.82954219847947 55.0855171211736
92.36018935329537 23.225235369816843 86.00942051183138
25.147462623346016 78.5377910682503 48.34080206752803
87.85130233154314 5.318522192276842 4.347259854822694
4 6 	 # Alloc Shape
0 0 0 1 0 0
0 0 1 0 0 0
0 0 0 0 1 1
1 1 0 0 0 0

4 6 	 # U Shape
0.4766093259711557 81.0381041579353 99.72392224599757 55.22454922537686 34.324861472995416 78.47270288398187
87.2790367952563 51.94430863961353 64.98249460482991 22.479817502715317 92.75119136647302 96.61314262669904
35.581552210832236 54.97719479794563 36.08874308544648 84.32004938440998 72.47352764168643 10.339357947763395
72.79594515508121 3.716866539708219 94.35369801139056 94.34233858971852 65.87378386933823 25.98195451951716
4 3 	 # V Shape
21.693105778022602 63.60301835145742 78.86890693828758
57.727198827113654 89.15475856807893 31.896224935288696
84.91171323651784 79.00201291505998 53.303061002585984
45.63027747672061 83.76091890552613 46.49680494158138
4 6 	 # Alloc Shape
0 0 1 0 0 0
0 0 0 0 1 1
1 1 0 0 0 0
0 0 0 1 0 0

4 6 	 # U Shape
31.408987957814848 49.86135819792763 15.162251440329133 94.87194845036585 44.401330562145944 71.84446245548864
21.88991726055941 93.29350725237124 71.79455923730707 66.79290719476771 33.09000003179662 72.27077994845365
92.24203920973049 38.845793970375375 52.53818799175335 61.782132924956024 52.25639151939993 59.35734728535289
23.714493229290213 49.648247300085124 75.39451999597804 0.4372223538375297 13.169204810728875 15.395481540603829
4 3 	 # V Shape
98.69130936255303 25.42876960236715 93.86602130191194
94.20997479635244 31.082598772424454 75.04151923210306
44.72170748681048 26.957508875371182 85.57859538351744
24.56703350000382 67.08662543684535 16.344265512161193
4 6 	 # Alloc Shape
0 0 0 1 0 0
1 1 0 0 0 0
0 0 0 0 1 1
0 0 1 0 0 0

4 6 	 # U Shape
44.54446615641222 79.51018014216864 38.55588597117213 49.88815266568444 43.17809507030227 33.55599750282131
58.01180189157306 96.14302517449764 46.345177089569475 31.720384928849455 97.2129927407537 69.58660043725175
36.74376954215822 51.16760017085197 28.873681506525028 56.04155522527 91.93872809725985 88.32289757820789
38.18731675782925 73.82182923667473 64.13818118631083 49.38869954613742 12.521183785944123 52.612128518133886
4 3 	 # V Shape
59.31919988691791 31.25712495638846 85.87832966480052
64.81389271325459 11.299082156765428 3.4359794570063773
78.07360764231122 49.97293150512356 17.40230616620232
58.603122949521634 42.944369270081296 31.42620613173873
4 6 	 # Alloc Shape
1 1 0 0 0 0
0 0 0 0 1 0
0 0 0 0 0 1
0 0 1 1 0 0

4 6 	 # U Shape
73.21894825600465 94.4072018707508 69.46770326268488 74.09553419238668 48.45125521464359 30.434242343600783
88.78943148662856 0.4708662682650355 56.30081508189419 43.23544793545943 54.835416213414824 68.44896657829464
85.40700401755608 2.7016663258975893 21.411512268010412 16.53355366136725 34.92201651677767 10.326152361504748
37.48047663612859 19.72580834442913 73.74242366375623 49.88465685541693 51.89964492384382 26.728636269683548
4 3 	 # V Shape
20.337329325631426 79.25852477271525 17.660746342969592
66.99782893573139 89.35101153914631 6.795053829275122
98.43142204149262 91.02897469353735 91.16035384722909
40.578339073162 6.802200037307038 71.25208879636197
4 6 	 # Alloc Shape
0 1 0 0 0 0
0 0 1 1 0 0
1 0 0 0 0 0
0 0 0 0 1 1

4 6 	 # U Shape
83.71821126435701 6.42872614179355 0.9324451922843258 16.567268826799374 73.46494604881329 68.98167426714555
96.93654806637545 67.74072121644411 4.415733916781783 67.196220158077 98.68699619606075 12.005573983662787
45.51938200895837 67.19214095348275 20.144635166002857 16.848710310004922 35.968244995620054 28.40383965669695
64.21777044890571 2.0947668774251804 56.75271225522715 80.9540461234365 85.43539928745619 59.01142778977246
4 3 	 # V Shape
32.33447568918536 15.0755980494224 14.520375933669616
47.55357403567555 61.27558834436855 37.6284255432451
98.47264012712714 96.74265298726546 36.93110438450411
7.920978724003169 57.76553645578198 54.23175937909329
4 6 	 # Alloc Shape
0 0 0 0 0 1
0 0 0 0 1 0
1 1 0 0 0 0
0 0 1 1 0 0

4 6 	 # U Shape
33.79430797454723 33.976861810727996 16.829353285491912 41.04957289156965 78.3582181362032 46.015474018474656
58.965248022005255 97.27975717526013 25.699268483843028 91.67083322120062 60.418252007571496 57.948149400976234
9.232059652990277 67.90391247061932 63.97085386325646 62.65075131408211 65.92732183554438 63.780127405973154
31.241352033186253 13.018861274106541 29.188635710566636 27.442365691899983 16.82154489828388 6.149672767113056
4 3 	 # V Shape
14.619522673271357 12.860873760461045 91.35114868295892
35.90429005712203 46.70255294114119 76.88806079536097
63.840367089861786 66.37730448447248 77.65570718672706
11.008545456794439 7.972731273974909 51.23938787694959
4 6 	 # Alloc Shape
0 0 0 0 1 1
0 1 0 0 0 0
0 0 1 1 0 0
1 0 0 0 0 0

4 6 	 # U Shape
40.63296613774128 96.60943147482664 57.272539638733086 77.18797825611045 47.09085704875232 12.463952728640793
53.054693796499286 13.777684648960387 11.356723883269936 26.17504630705032 45.31414284361718 83.22675731636728
60.21824931243914 27.40182261072285 73.62035217625895 48.99272912536689 42.12506265170426 9.212836650657852
61.7197148964128 82.86741335592293 34.00432105985276 18.301860259652834 56.30471675711443 0.5794082017914204
4 3 	 # V Shape
60.77920556333901 85.28885326887234 20.2211186949785
13.43888617199207 75.5017153889049 30.010353023868895
52.7879224331503 95.86524102234928 30.568269376971447
48.65784108835452 98.3667873234871 26.809550391504256
4 6 	 # Alloc Shape
0 1 0 0 0 0
0 0 0 0 0 1
0 0 1 1 0 0
1 0 0 0 1 0

4 6 	 # U Shape
4.388684443146551 26.44287024174391 33.247908791980166 84.21026725963883 0.33161155154480815 47.965190563384006
91.27022505018287 5.617607918809853 70.40492850078105 3.8099383862339575 13.806512894997514 18.444571883380657
74.00249334622997 92.10404596417673 94.53401255988058 6.720945443750059 62.79101746737518 41.63303367817617
64.53895264511247 55.77257178308026 70.33989582569563 38.381117514861884 41.4033453105082 15.858052200974814
4 3 	 # V Shape
14.633941736172684 45.99949493243031 60.501025800162644
62.59750998978768 0.35913756283072473 34.344924787612186
27.08585478046285 10.935474581706861 87.0733981901218
52.58800383582641 63.15092118202874 11.929726207789804
4 6 	 # Alloc Shape
0 0 0 1 0 0
0 0 1 0 0 0
0 0 0 0 1 1
1 1 0 0 0 0

4 6 	 # U Shape
36.069033675282434 20.84937214080672 36.407745397722756 89.78669135162693 69.44782542618303 94.50926226654684
81.54828431042932 66.11575502221716 28.562367808315436 39.183877050083694 46.65850734390781 66.25596957119966
0.3402540465932469 82.55090278536889 42.90020476263998 84.4820300568876 25.289975444375436 16.142725929643888
7.207212340034285 86.35994405384707 94.61735182460134 18.984302675620302 20.53046473946204 34.21974537560211
4 3 	 # V Shape
63.30914408570094 12.179972057893485 36.96536425456468
41.57890587143505 53.663898855135805 62.153923245266974
99.26613400934279 53.617148170799155 68.41087110821617
10.693769993938862 24.270303183701568 29.18973707657543
4 6 	 # Alloc Shape
0 0 0 0 1 1
1 1 0 0 0 0
0 0 0 1 0 0
0 0 1 0 0 0

4 6 	 # U Shape
50.51305787495583 96.2442713213671 45.87012552465123 67.20495085072294 45.017009069034074 80.750784516883
94.62390041930058 2.40061719027469 74.57263834421165 52.954083741502245 83.29917273431607 52.21416283613124
72.22651142508379 13.159490416782681 52.38474889904471 81.00223758300326 27.004749722797637 74.71190182839804
13.910531713672224 77.82250124793228 37.62023307026161 27.507942530158537 16.443684249686353 38.236213258558635
4 3 	 # V Shape
77.40190366548043 12.216449477704206 95.68328012640158
76.05185230713103 27.095583968855586 96.7946014124015
47.03088983814078 2.6844021750595193 8.496548056494158
2.673519022677362 61.286505300293484 15.739338071192865
4 6 	 # Alloc Shape
0 0 0 0 1 1
1 0 1 0 0 0
0 0 0 1 0 0
0 1 0 0 0 0

4 6 	 # U Shape
40.62878529685958 61.05244918287903 78.0794304922115 46.75035661567354 56.43409829292055 38.11258380404491
61.3970569279723 34.42453646571051 79.77235685404003 80.05834212532939 6.240589381724604 80.28507325927968
1.0132441403410741 57.68583851296897 45.951008818301155 20.691569684929323 77.33011360380736 67.85617815658442
40.02213823912237 78.60901581581565 27.533668879506557 73.313707190817 29.14536515201558 45.631681017647374
4 3 	 # V Shape
90.21727714525173 79.60201694893992 24.998792534435545
39.96736158021763 25.038903025317317 47.445199371065364
54.49438841368477 88.76188966690626 2.78598891096834
84.58713131815688 59.27559729993149 41.78051328692476
4 6 	 # Alloc Shape
0 0 1 1 0 0
0 0 0 0 0 1
0 0 0 0 1 0
1 1 0 0 0 0

4 6 	 # U Shape
49.810134755735334 35.60061033709362 16.020280252956752 2.8023659648980126 46.54743953247844 39.45949522067761
99.77579513590524 38.53055317073847 67.79827286212723 84.57125209894622 47.3320512925945 32.51488212726419
56.54757535727403 97.57392666553713 20.97819429195632 93.39864656054114 1.9780141244786997 85.63870519706191
56.47218274204106 30.117089913486737 22.24252376774164 9.393270999627878 77.84338777349737 59.73217784604731
4 3 	 # V Shape
75.0415865811903 8.754498154933044 34.53301403743232
73.81333080367153 49.88855766083804 81.31158288263649
45.58750798355995 52.70957586733921 1.9295601685866526
7.937859410701686 4.030688201451326 18.006162364956147
4 6 	 # Alloc Shape
1 1 0 0 0 0
0 0 1 1 0 0
0 0 0 0 0 1
0 0 0 0 1 0

4 6 	 # U Shape
67.21025997727494 44.83077616829551 35.05107884739724 34.445066904991265 41.813139098207884 14.416993913112652
60.13674468750173 60.37040223128146 2.4632441032779617 80.96616505353002 29.084286103485468 12.24412858030397
37.09594016148174 87.92502508898419 75.37800791156099 74.63907194176805 69.0640505286635 26.204100891709782
89.6835252813109 32.1395406067335 64.16410471902819 34.681511695678715 53.35144733688374 34.1511787360211
4 3 	 # V Shape
66.5853950988726 17.374765450370987 77.05850084193139
47.216557295243774 80.63907891307056 68.00966825877212
31.037256003461756 15.127184716242736 49.64323823842908
82.62130606344324 66.65999336247744 84.5416995867098
4 6 	 # Alloc Shape
1 1 0 0 0 0
0 0 0 1 0 0
0 0 1 0 0 0
0 0 0 0 1 1

4 6 	 # U Shape
93.3654477026588 94.67354206252341 44.15996295092876 51.0157675743846 53.550027990997215 20.87137327040599
74.44394172333618 90.07526100059194 78.59984980835188 15.856207127956745 80.05112996181917 11.048286879189684
25.04727555481572 90.88958720777545 41.37152045301151 27.7285944163807 14.950572124701257 35.54834161858277
26.6333189206999 22.077202664155415 79.004172219746 76.78758554268626 61.13129440907117 48.44812003186614
4 3 	 # V Shape
10.11270183193702 72.61077664768985 79.22030184632021
78.17167885739109 1.405116995832234 14.936805837915834
65.6521010540031 23.654278688382156 10.403529902463049
80.32427930948452 45.74009385789973 61.289727109872295
4 6 	 # Alloc Shape
0 0 0 0 1 1
1 0 0 0 0 0
0 1 0 0 0 0
0 0 1 1 0 0

4 6 	 # U Shape
50.35105222028763 27.241905858291016 22.81852449855868 9.05580217407309 15.368747657924908 65.16726897670385
64.36433288413144 87.82354514315467 11.006810021340673 10.620981057418044 51.21005689171035 0.38386074626134414
58.24707141383638 68.33600107117047 79.63449731806486 31.162233709054988 92.12575754719946 42.30550064177845
68.71868136475118 17.69531315897126 19.12602834749928 49.18741161799653 5.905599987435306 10.82527189489313
4 3 	 # V Shape
16.379015742602675 17.689040056208604 11.067373820832927
27.62701407526992 64.2367379835589 78.89094800869816
55.15815676022575 34.50573901920877 31.91983860117036
39.28905256058576 28.463269244995036 83.16337990645381
4 6 	 # Alloc Shape
0 0 0 0 0 1
0 1 0 0 0 0
0 0 1 0 1 0
1 0 0 1 0 0

4 6 	 # U Shape
93.5502651551088 7.176875702978092 80.28769447116542 83.56066483190997 69.21830196476672 25.03075489589114
79.86920917599141 50.74132285748353 79.67781855632622 31.259023512732 70.7725796624271 46.70254162333358
59.000115710050075 76.54851461988224 10.105051459069914 98.01987160384952 22.230465245957365 5.052375537255493
44.56739534387623 90.38678252497165 17.590904164133512 85.04601788650838 2.2183121978716636 56.22652624024671
4 3 	 # V Shape
59.732630039277204 1.3699676154013463 11.763306038018207
32.762908635318446 41.772195337581074 88.91636309171393
41.81665781591411 34.05820073429867 91.98807201359939
11.414169385366534 30.42844886091476 48.33950503076241
4 6 	 # Alloc Shape
1 0 1 0 0 0
0 0 0 0 1 1
0 0 0 1 0 0
0 1 0 0 0 0

4 6 	 # U Shape
23.702814046568477 61.23184400262024 32.08504368136565 95.21706857000667 79.8674938668515 5.448236585014598
22.293487888562257 13.375038280100792 50.62331528993307 45.92891446407512 57.864508349355795 93.75581647148879
46.30625361177585 46.86008752983637 0.4902851525860674 41.2665959694691 44.833782599239456 83.58128956114615
65.95725069129803 23.466717142255966 48.865071057438705 58.453055300064946 41.32719379311265 93.32486389488662
4 3 	 # V Shape
64.90466411142613 80.71721009136758 14.345721367717445
10.018224370366468 96.09760987259041 85.19214333321685
39.6285328923445 25.349083016811125 93.16401092591275
39.12990018255802 27.97680506352378 11.397427187749209
4 6 	 # Alloc Shape
0 0 0 0 1 0
0 0 1 1 0 0
1 1 0 0 0 0
0 0 0 0 0 1

4 6 	 # U Shape
86.7307100182329 29.838416642836172 62.35851465294082 11.545823354429663 97.56017903571727 47.81138498696586
46.95613327288149 8.386743957832488 36.12949541937483 18.150002897724626 23.774873765290216 41.363261417601116
74.1359935333252 96.29156225805964 5.576402798569857 82.51706712149888 87.29900752238987 23.41964396945282
63.711999281921884 18.41511428671313 89.5592015674191 43.517603873490096 9.252433253143922 24.533819374485788
4 3 	 # V Shape
43.00546798989041 17.218690845174777 61.10474485868175
65.08533498701509 29.735451791224634 7.816665565401348
51.81696996704331 91.99168537440683 90.4417652505343
73.87144157809334 37.06119358352249 37.069951991824034
4 6 	 # Alloc Shape
0 0 0 0 1 1
1 1 0 0 0 0
0 0 0 1 0 0
0 0 1 0 0 0

4 6 	 # U Shape
4.657703858124751 2.4432759956208194 52.75827101858563 97.19047354565194 63.69926879433272 18.815004279218673
96.29638914521256 43.320796991898845 50.45400378442921 57.71252954744482 53.70780684712605 18.67103009573704
78.26413438653651 84.32356451925229 32.28507470744844 23.744431941102185 83.42109520422245 52.761663662374566
96.01346370034994 81.29625175526877 90.60478059499809 20.48663656313986 12.065577723454224 36.91044847405376
4 3 	 # V Shape
32.29141272654563 3.0161291083917963 7.413570634701616
9.124796724443762 23.12104884908397 96.26301102030145
47.12567186981384 81.42384870980189 9.495991173750474
1.5982202204295026 29.31181350542659 67.34295783769258
4 6 	 # Alloc Shape
0 0 0 1 0 0
0 0 0 0 1 1
1 1 0 0 0 0
0 0 1 0 0 0

4 6 	 # U Shape
82.7626970962796 95.62874012839502 66.80265781322365 37.24459437218043 83.2493420123941 32.3680740493815
3.5208795037025453 1.7543674166259682 90.39845458385317 26.996112813580286 51.105711676873476 37.666910868368696
15.199767471120351 24.246066468769854 95.39990814797869 89.15382914878234 53.15082305309995 6.4444049815551185
33.16585219593102 41.613877256146225 38.05491103676752 22.025751889011712 29.070779286653526 57.56082384219797
4 3 	 # V Shape
33.6114355739303 81.3095523251556 69.57119023456237
0.9504889306148456 69.0387827624867 94.6302075875766
20.503005478499535 81.28617860559905 8.356163553755213
25.233390643210896 68.38675853338749 6.96913705473391
4 6 	 # Alloc Shape
1 0 0 0 0 0
0 0 0 0 1 1
0 0 1 1 0 0
0 1 0 0 0 0

4 6 	 # U Shape
26.709786693625116 3.1182497612912363 97.59169613915792 59.0296865559458 44.182821784532244 16.67091284435711
10.347719789314747 90.10094810691243 40.15624954352959 63.76790158459623 23.369980914752063 16.327841513643747
26.736038693979847 91.65303063478007 28.23474549018945 94.6613827903628 87.86390099966084 57.54086359507509
71.9951590725573 10.2494425592506 9.744584121395484 66.36774424509156 16.481056265993054 3.886240588067269
4 3 	 # V Shape
18.707044421050647 66.50896398386203 89.88863246845784
21.431422184471227 33.22009026788909 59.20128158692105
18.652863505041218 76.75112325209757 20.645864772598298
98.11722264156953 2.057051385967279 2.794349312515143
4 6 	 # Alloc Shape
0 0 1 1 0 0
0 1 0 0 0 0
0 0 0 0 1 1
1 0 0 0 0 0

4 6 	 # U Shape
64.3687363569182 15.01721880812551 0.26968968077059063 29.568380243670333 93.23609690565199 33.622255611855664
41.20223474368648 53.882574103703995 77.74555200001919 51.72340822686516 24.547752360466156 68.60857974609719
65.11439392226497 52.057673816931306 64.88408499156392 19.203052792749908 58.68048628898156 20.620240366949727
28.994453586155 14.014366055225402 91.55448891497893 36.52153248079174 47.836109301551275 80.40651482909296
4 3 	 # V Shape
79.89326124229464 31.237975485672287 75.41952601471091
20.344955154056233 17.588224373928508 30.739790099759723
86.48606215921984 28.4908888515778 27.241987814854763
14.218015721016497 78.38148602456624 25.730471896074324
4 6 	 # Alloc Shape
0 0 0 0 1 0
0 0 0 0 0 1
1 1 0 0 0 0
0 0 1 1 0 0

4 6 	 # U Shape
76.26573459285666 69.87530311625133 42.62354093271989 90.07460048288772 50.25785658514427 83.36143673825347
99.91258928004325 62.53570959102463 68.34154671968193 83.09795174511254 22.272366051984427 11.206769162108255
2.8453561693116636 14.154391063320393 23.05315717801404 8.101267037188586 49.96787249601805 63.15977416105252
84.45562773439634 21.80032375822303 4.201080723829531 96.99735682657692 93.64740943647448 10.539015201934909
4 3 	 # V Shape
24.593927576166262 72.61434607706259 35.645037365130996
37.223257372844955 25.566216314254177 34.06613651224074
20.111031176643003 65.29223967300118 33.35220454375286
60.11105239567477 71.7362291710705 47.506228617155614
4 6 	 # Alloc Shape
0 0 1 1 0 0
1 1 0 0 0 0
0 0 0 0 0 1
0 0 0 0 1 0

4 6 	 # U Shape
34.800331489768375 7.393510234961209 99.3477307571059 80.68960692381859 16.981200118610793 48.11556165668199
13.973833934496827 75.7149706254695 14.974171220864784 33.358197656161906 30.63809671086538 34.89325638136431
30.364856496485228 65.67768334971198 20.214141959002074 28.93023290592819 25.861985768526818 15.127149301445876
24.60531064467153 95.82854086040965 26.769975697837268 98.31624426363265 70.68371468436928 36.00430087502704
4 3 	 # V Shape
6.518242437180877 94.49761129102707 87.27089750008982
14.067369364813887 28.185382561550654 43.833574011999445
49.08479921235113 45.821831069348605 44.244347937768225
2.5286844746082338 17.741893444156766 87.9926696514494
4 6 	 # Alloc Shape
0 0 1 0 0 0
0 0 0 0 1 1
1 1 0 0 0 0
0 0 0 1 0 0

4 6 	 # U Shape
74.967359099204 39.56981000547858 5.249759432707412 85.59509322039487 56.82838052262553 17.630094425277775
64.50684020934418 57.555819413224995 47.693362265451825 68.18813921478005 75.24602536594578 15.240693203033972
6.591159359409082 0.9866415250805338 10.22496700799077 55.75183503081731 81.7887864416707 22.458729588707836
66.54209904875994 76.49200295609603 57.23638702809994 56.19763225643991 36.29460348960516 24.890662207424484
4 3 	 # V Shape
26.85693214976139 81.43519200776794 88.69308820569944
88.98730133166003 53.67196155135431 44.63406273063095
4.8203168432277455 77.01826356597266 41.56126180082761
29.340464051887093 58.34755639092112 42.955041880339316
4 6 	 # Alloc Shape
0 0 0 1 0 0
1 1 0 0 0 0
0 0 0 0 1 1
0 0 1 0 0 0

4 6 	 # U Shape
95.81494319659983 70.8430493659213 55.208927619843884 25.261302018659737 38.683813769769635 36.83196050382583
75.4250606100156 56.96733826758673 42.94326286520531 44.09058585968163 50.540928852480235 45.254617345438675
1.9523976044326652 70.08970711534656 26.31018476585013 48.656225864647155 95.0886141593849 15.91226261897919
58.27003937119153 75.59220056507043 42.264328861019465 85.05151689796519 37.428708783718825 71.72943125242321
4 3 	 # V Shape
67.92700534284866 17.71404162874386 27.73765929566303
62.07462764566177 44.94737866727102 33.658927233572655
11.801414731966508 52.424961124068325 85.54218944011761
51.38137804373869 23.891955559451272 15.60674097332303
4 6 	 # Alloc Shape
1 1 0 0 0 0
0 0 1 1 0 0
0 0 0 0 1 0
0 0 0 0 0 1

4 6 	 # U Shape
61.00835625957137 37.15306134726899 57.31242153361432 81.0763251902644 3.3946360349247917 57.29497101207044
6.674804390071443 49.053404407151135 75.17978476488385 10.982747861606834 86.1892524275992 89.77156434972684
6.100713315961803 50.31272948489932 32.33169851996941 26.6523521971228 69.33789049435644 87.56447016402731
29.14621449303353 4.975056538274991 10.63725977508254 91.9279616645121 82.72729084101502 70.80763014200745
4 3 	 # V Shape
60.09467330869833 30.054390559017197 12.74921868219181
89.69016189454238 21.907175879470476 87.67707679972249
24.775843521339315 98.64517413861775 89.13613195356169
38.919273362987795 26.074757849814144 10.58248321643237
4 6 	 # Alloc Shape
1 1 0 0 0 0
0 0 1 0 0 0
0 0 0 0 1 1
0 0 0 1 0 0

4 6 	 # U Shape
52.82392350261961 44.987469827222505 62.51089734234706 36.535710689505976 20.906271226735885 69.66370761274648
20.413001728702472 16.44526657425669 88.38931687360281 53.66140624529879 79.00270616625436 72.31630776871782
63.84341999995762 27.159707119808175 53.16608750923953 88.09646553721213 68.32838489020756 42.65815441212173
48.622385974374424 85.20820160393413 79.20048791272941 67.07481895269567 92.74182487452869 64.15189338062099
4 3 	 # V Shape
93.77096807208389 83.93412630462733 58.33711186730795
14.670343094184146 32.08520599458414 59.47345814033651
63.82616629371463 3.1554530987147 83.55086827155101
34.08952430472556 72.10513719971057 11.661253781926561
4 6 	 # Alloc Shape
1 1 0 0 0 0
0 0 0 0 1 1
0 0 0 1 0 0
0 0 1 0 0 0

4 6 	 # U Shape
76.11030170349777 36.209356628576316 79.56686550594151 0.7952747707642982 29.298209539370244 22.113854455323313
8.564052688836298 32.98198364585916 20.295419785605063 29.88551600146373 99.07886961912112 55.64422526826681
75.32436438060166 58.63366816116001 36.5069969589677 30.02985312198242 13.82981616231641 28.49117331134339
96.24753855559044 61.26948028754313 17.879145901909933 24.838863317168236 82.503593151086 65.60937284930935
4 3 	 # V Shape
4.399449198982985 59.02810754986281 46.95869150066767
63.592332612362604 31.420890740856755 44.5718954214952
63.70774805820969 40.52758077951086 25.779739544305624
31.64402832102998 37.88821173951479 60.33660125782746
4 6 	 # Alloc Shape
0 0 1 1 0 0
0 0 0 0 1 0
1 1 0 0 0 0
0 0 0 0 0 1

4 6 	 # U Shape
71.23450307951842 27.833303431668067 73.18256580433456 96.80714783819464 13.836291596206063 34.85752205104946
61.54301354017695 61.12570585719034 74.87580874896948 62.01638343112238 21.049360460874354 30.40676654552792
68.17897405639634 44.12162278971443 51.997198678083954 52.65372471240425 16.233835011132726 20.857773874105323
3.879930670267784 27.920065422168395 5.000176476345642 41.70349148872451 29.094359135814386 86.85981109044396
4 3 	 # V Shape
96.89097691310589 40.33541467063342 30.5500155566939
62.55830417530663 89.57797632098615 0.10111161764987386
17.912341197581306 67.72382706023424 5.7892736844530335
31.39698419603304 0.24265274361348066 67.50874593170639
4 6 	 # Alloc Shape
0 0 0 1 0 0
0 0 1 0 0 0
1 1 0 0 0 0
0 0 0 0 1 1

4 6 	 # U Shape
34.63106286434966 11.18344516275358 17.8259323431613 28.72678807220864 30.873035622013834 58.07116620990459
85.22548621190239 5.570609091499435 25.570129613427895 62.44772006998376 25.81091378947342 99.15968775271602
38.14072553137371 26.80543540812822 13.208185639820613 92.80152877228407 54.785841869587706 27.474270159836
86.41404822912729 17.689402782740537 91.03199070838741 55.61243700150028 68.41666048217306 58.18390457978315
4 3 	 # V Shape
87.72146347155206 36.21353260915363 37.77552170666225
25.324881235650633 62.584723378719175 40.75064212174288
49.83928867729735 45.452196786659215 72.91701464310492
18.517566166806464 13.621112747993458 74.49413450351531
4 6 	 # Alloc Shape
1 1 0 0 0 0
0 0 0 0 0 1
0 0 0 1 0 0
0 0 1 0 1 0

4 6 	 # U Shape
39.4430359459218 16.61954264549803 24.979712170294597 91.91321899493813 59.390511236632804 17.055510115435712
23.75651532139339 63.69112706496705 13.898865322462816 35.793449794631606 64.33536950326258 27.24790602765621
82.27923136298197 7.729169403452496 25.589288886870833 75.6363679087588 60.609337364268214 40.17195821967312
83.3197108187871 89.04940125807913 99.0855120723922 64.79963832805274 75.4729361251677 4.406407436896387
4 3 	 # V Shape
23.510520883098074 21.56661520200609 1.2084824813323625
16.397066362742187 39.669816035297245 55.794700268996756
24.62258589812556 37.839333349608395 62.858748642582206
62.59100621279965 70.83502586087755 41.91285416385223
4 6 	 # Alloc Shape
0 0 0 1 0 0
0 0 0 0 1 1
1 0 0 0 0 0
0 1 1 0 0 0

4 6 	 # U Shape
27.225475490443173 88.7678679620198 71.33459336225809 34.10586999245122 71.44663015752502 92.64251967843056
56.279460042493845 68.65138758762996 54.030898368380875 83.33894949795561 12.850078268409737 31.816881976938628
69.78149816958434 67.37489710043828 33.071611361013076 17.906660243249974 83.63043128143973 33.56147347446431
59.97032027969899 6.6083116204972985 48.955380835942385 6.421643565297364 74.74866886861354 55.149417737996245
4 3 	 # V Shape
94.8112426158632 57.928613807097975 2.52844611245725
38.1163624729262 51.639345623535334 14.748454353329654
1.3361298002050659 39.01937106488009 6.848697352860689
47.61223826466321 53.79062061412837 25.711973346095863
4 6 	 # Alloc Shape
1 1 0 0 0 0
0 0 1 1 0 0
0 0 0 0 1 0
0 0 0 0 0 1

4 6 	 # U Shape
89.80787147646836 64.41362241797259 26.67726800623843 51.49267498137606 40.67970370539113 68.74327478678424
95.6069173441203 51.72292122223594 29.936516381752508 98.21883582953231 19.55463077931804 4.926496231622634
64.1443656234469 33.98196865242271 99.53222073745873 47.69116660243768 46.31007123582405 87.61311005387715
26.241078838500965 13.604439298648385 11.944701216490927 42.34951030346953 88.220931661282 41.41970019764057
4 3 	 # V Shape
21.06416323997683 33.25222946089171 4.745047408979863
16.799777540268423 3.9655610522921214 69.05142838660494
29.585913324160252 35.07632537620534 47.40917921027453
27.422113145959848 58.49447346313106 98.56089917314061
4 6 	 # Alloc Shape
1 1 0 0 0 0
0 0 0 1 0 0
0 0 1 0 0 0
0 0 0 0 1 1

4 6 	 # U Shape
69.04721134274862 74.62252076339094 36.69033840282236 84.01370680292027 70.394847251805 36.5056446134124
90.85220234592514 33.511857716494994 88.99023359730042 86.95874668670737 62.33984385218364 7.843851640150479
87.10018269111454 37.59840679958349 69.6099752118586 21.740164989379807 76.34005502806043 77.55369965531705
92.8090458459578 51.26248693471895 74.74075750647707 49.05720031086772 72.0742447727664 58.25292362750684
4 3 	 # V Shape
6.716995817158978 20.80814658306188 14.897398501448366
25.403037752192947 29.765280147551522 95.26235095949126
96.88449019552455 18.23706435340714 85.06412196211585
44.78290693057494 74.35109352916304 53.686010431236234
4 6 	 # Alloc Shape
0 1 0 0 0 0
0 0 1 1 0 0
0 0 0 0 1 1
1 0 0 0 0 0

4 6 	 # U Shape
96.18609664502705 80.14904607704231 67.55191336007668 90.99329173548304 60.081817984270145 78.65679103960633
63.721472632983 64.98074585405837 26.90471044510272 13.49282360315761 34.470373558981635 9.218167297008439
68.21925813755146 3.0485363759269246 23.347115043952492 96.56696662690679 18.998264382326457 61.75115093735947
77.34273219784255 52.12421306400815 73.64112772449573 36.987799080234865 67.06390443070052 28.881870623259655
4 3 	 # V Shape
18.87199434671064 89.83983243758512 82.20592576949777
36.81445484484001 65.12440601812908 98.68513797276215
7.804254412235689 75.78536773715935 15.54261280454552
63.950923695383764 67.36115312970956 4.815256967290593
4 6 	 # Alloc Shape
0 0 0 0 1 1
1 1 0 0 0 0
0 0 0 1 0 0
0 0 1 0 0 0

4 6 	 # U Shape
39.89500709332706 64.15877379929881 83.30270838379619 6.079654033475379 6.913689560246561 1.6837668569934405
41.19866875364914 98.13207509743299 92.5535939355487 98.93986722331046 21.95435539371805 53.98993002881739
80.44960974235748 88.96103563705941 94.37889702390426 3.319521017276006 27.626283460482746 83.38108507759466
98.99020396273129 10.466105447440366 23.786077482155086 56.146615464292104 65.80782739233754 64.53595271075233
4 3 	 # V Shape
18.483889397289644 57.638996212514236 86.9702660457915
15.952203397677467 34.755811165693174 97.4368083368296
72.58429901243346 39.70210033643947 9.267838637821256
3.4998506930294604 27.500539597299532 89.39887556565522
4 6 	 # Alloc Shape
0 0 1 0 0 0
0 0 0 1 0 0
1 1 0 0 0 0
0 0 0 0 1 1

4 6 	 # U Shape
50.51591081206567 80.27349041919177 69.59306722780374 37.57073193959638 23.055035294834568 46.78485773169585
60.58150687347245 52.8734183829626 88.23134359185384 32.015341900156116 22.648536136621587 78.10141713419306
18.961937305578445 74.04660083693727 8.85055510151277 20.70491441879908 48.50166760635485 67.58166576368849
71.86511143094428 57.77385445259951 38.90739467565738 69.2760726400467 86.02670767041812 15.038062321854472
4 3 	 # V Shape
7.892034920474544 6.618461323085823 82.47063874869892
12.905464982706494 5.667556084418502 99.84060782755168
75.80087160038424 37.335895362935354 58.6921082346548
40.77206387947887 5.020267812545065 68.9822510368812
4 6 	 # Alloc Shape
0 1 0 0 0 0
0 0 1 0 0 0
0 0 0 0 1 1
1 0 0 1 0 0

4 6 	 # U Shape
8.352286237095862 22.844987527139793 90.25827673707995 27.112786739252492 49.53089078259578 17.745757893103452
50.3686382510648 38.29969823934674 14.744977036712648 3.165204960751067 59.39585673976321 67.29571773517341
73.13196388927423 10.68547283608029 11.84778083639616 27.560135683108033 94.20797658277006 23.12097102130004
46.08256566839392 86.3095902465816 53.12196124778931 60.50479420088115 71.51052231063169 81.99572282003157
4 3 	 # V Shape
31.977540126837624 36.21598028985591 42.3782977802137
4.0638556736332765 4.138931431849169 52.79230575032465
38.780927322119965 63.61731059213089 20.820912509939006
16.88195863045455 97.46322974857001 49.31227228512043
4 6 	 # Alloc Shape
0 0 1 1 0 0
0 0 0 0 1 1
1 0 0 0 0 0
0 1 0 0 0 0

4 6 	 # U Shape
26.760163862171936 36.00155698080903 32.533860238524156 71.22625636777121 6.667114553829656 36.19373003836892
74.36586124830762 41.910433730319696 83.32593278197355 46.28379761602297 42.42535408556826 59.027373266381375
70.37810273964587 41.874262650630115 41.38248874933609 44.593878742801685 19.953346143093075 41.19910581355616
80.54631767420715 24.9725411455917 35.61755354821271 35.32197993896623 66.79795488159351 39.30239796972439
4 3 	 # V Shape
20.52511834796552 12.186001071308617 84.69288098158403
33.44350801818607 37.35834084102372 62.53269177756338
63.40052233272879 77.14519028839774 75.31397240715465
81.75067998595732 80.19723689370538 27.018174496562064
4 6 	 # Alloc Shape
0 0 0 1 0 0
0 0 1 0 0 0
0 0 0 0 1 1
1 1 0 0 0 0

4 6 	 # U Shape
24.036750827602205 59.57012975220919 59.828838742559675 95.1101596408729 78.30961966850313 8.215391720295461
9.501420903643043 74.87112715185683 70.03059869999542 19.127994683986415 33.338878360152165 35.76310940931605
51.61882202111256 82.84649054416131 30.460395543738716 19.282758963942847 86.49061615566669 81.05342593557285
34.71406628238276 38.28053452271484 51.96302584781467 70.08988669728573 80.25712025826444 18.828348130994378
4 3 	 # V Shape
45.04863240061109 49.3185102700965 42.292744741815724
92.39580850896313 66.42278728716148 36.96360816905183
82.14048510940253 86.00747354451015 1.5875947435382787
96.2577759237766 27.37092418961091 15.833277054087647
4 6 	 # Alloc Shape
0 0 1 1 0 0
1 1 0 0 0 0
0 0 0 0 0 1
0 0 0 0 1 0

