2 10 	 # U Shape
17.10223561375762 59.43289825516976 56.39347296837879 72.69411552718378 35.205390522992055 71.09910897658072 36.153493422466575 8.874114763037966 30.814814155419356 70.7064204818597
39.5035303515844 19.461540554796397 27.463158571734514 13.09961178493978 82.12319392205455 5.911201054189286 19.951625573090492 76.1140642815757 88.27799095991907 50.18860703127188
2 5 	 # V Shape
45.268892243292804 41.984552184715376 9.646813336778015 66.88843104492945 82.80347173511694
61.40915428180942 98.53442809728281 73.30021207282653 11.769491442649759 40.915316917966635
2 10 	 # Alloc Shape
1 1 1 1 1 1 0 0 0 0
0 0 0 0 0 0 1 1 1 1

2 10 	 # U Shape
57.603538196853535 1.0285700532849162 76.04229973137375 3.208257717482943 63.75502886653347 66.69361274119595 39.16139944214388 55.42881967135038 62.17611708436371 71.4759662539106
99.93154094371133 96.30845742721496 76.56233531067416 70.73141563516712 82.38934184073045 43.54307925378266 70.8376031570175 26.55903962775129 59.48202216844651 82.2344986219729
2 5 	 # V Shape
78.43700185068896 97.25174614254051 60.489832013221545 99.25411173799577 7.54347621937641
15.708903475988956 17.723788435344158 35.59342332227081 73.69565547052555 41.66617660441656
2 10 	 # Alloc Shape
0 0 0 0 1 1 1 1 1 1
1 1 1 1 0 0 0 0 0 0

2 10 	 # U Shape
76.6136675251295 6.831478431392501 60.602651997581326 93.92161324283785 10.214265774506748 97.75395164399522 35.66887243744898 65.41871683390603 12.278570628019525 96.1352193413582
65.11814271716158 93.66778098943237 90.8827305274409 43.700781123413016 93.32609593874011 70.62172484423577 26.713663074285254 17.97664014159619 65.55533548588475 82.20278162669925
2 5 	 # V Shape
90.79088670856311 62.61757215531279 16.277253754939224 28.16461931342825 58.82090729486195
11.174940937123989 26.952228245370012 0.1984401045787232 89.65633740470035 93.03274582187791
2 10 	 # Alloc Shape
0 0 1 1 0 0 1 1 1 1
1 1 0 0 1 1 0 0 0 0

2 10 	 # U Shape
3.343151432586111 9.700896639589807 84.69467681708595 61.23687539580073 70.01514539668892 55.026012783618405 81.14014153748366 64.43820755989285 19.747718556896253 77.33226619848897
34.46042209716953 85.04102337554754 34.129814514380676 97.17666350170647 22.342957388458096 63.83999327947865 13.735714139920507 12.939907959777418 65.12757306060938 71.74164126056583
2 5 	 # V Shape
9.948797138799058 57.75256641423204 41.45328279822637 13.518598057433406 51.76138587519762
6.47247686015846 89.8208030659514 9.443728770894054 86.28535808883973 73.84720804735743
2 10 	 # Alloc Shape
0 0 0 0 1 1 1 1 0 0
1 1 1 1 0 0 0 0 1 1

2 10 	 # U Shape
86.52564696641556 43.64236234534123 75.4010859048211 70.56170148603937 65.56579822845153 9.7873054353397 72.06246196611866 40.813800448912374 73.13776792238191 95.13304429986191
16.089448337234824 88.62958232558935 70.4111775939915 34.75973907546085 16.965224859373684 36.11120896072957 34.382461494836406 66.61724380136083 69.53322987189918 81.4128701825252
2 5 	 # V Shape
20.273700975190646 30.116599193929616 81.94547669189637 41.83755384480292 60.06872712078939
17.067158970299623 49.01060885930122 16.18049234881431 82.8537894999545 74.40699175590198
2 10 	 # Alloc Shape
0 0 1 1 1 1 1 1 0 0
1 1 0 0 0 0 0 0 1 1

2 10 	 # U Shape
12.896274550604957 52.226223096059044 44.33996095453582 30.68561211093219 72.75934423286672 14.6667067350573 88.84063828044103 86.12100177221689 3.3813357541024436 12.976606406770564
7.19680801079855 2.7121233677543044 61.39925486194747 70.00104016521874 35.763830050631604 92.20662429001503 26.955384045826158 49.085910015572566 73.15485714300297 0.8795531929041256
2 5 	 # V Shape
77.90544452244768 94.15372812550099 30.30712539757675 31.96489329725435 61.98869558843523
21.105105700907956 68.16352945599145 67.40683728649185 84.6801046791486 18.63655738745692
2 10 	 # Alloc Shape
1 1 0 0 0 0 1 1 0 0
0 0 1 1 1 1 0 0 1 1

2 10 	 # U Shape
58.43743338341575 81.20190707704722 37.54422665049522 27.688124651069323 42.97338928591069 83.68054608408578 18.066892610856566 45.17104098517745 92.16332776784267 22.69483592546254
69.79606577267849 79.67834573931283 30.601259991510965 20.447838187687694 16.9507203286691 82.28746811034218 90.17375139891838 32.03599035561945 38.16377361188492 16.452824256285858
2 5 	 # V Shape
96.54985926472078 22.68949192407116 24.51163459089214 4.180086529544413 35.5204966997963
31.937072028306844 51.763801327683936 51.50318004451471 12.246314511712642 95.50247291175583
2 10 	 # Alloc Shape
0 0 1 1 1 1 0 0 1 1
1 1 0 0 0 0 1 1 0 0

2 10 	 # U Shape
28.428838868110084 36.55936798124883 40.07241476215159 16.469569711887 89.88424997688612 56.90461841314848 6.544150293140117 23.41110044159921 43.37187215608959 97.6390861505887
7.022904557188225 61.67289824573234 15.68524806098428 27.528411843584177 17.936846227474557 17.64512442070475 3.940060264488976 94.46000602946944 14.020273108709237 29.758646648266428
2 5 	 # V Shape
29.97685018610291 67.3340805593304 97.04768554959816 87.48014132298701 62.699930414152604
58.72809753174862 86.70523998882533 4.6795128164002335 46.81818333648127 52.577152945913866
2 10 	 # Alloc Shape
0 0 0 0 1 1 0 0 1 1
1 1 1 1 0 0 1 1 0 0

2 10 	 # U Shape
75.73307591464578 85.05884470021851 23.66153908562326 71.54214918560912 35.83211139713885 88.64810401827789 89.5029391438457 83.65955506049752 4.1857421902043 49.72811795911585
30.184391495344652 14.444689876345574 94.71140536069476 10.207280552747255 27.94362294331294 26.720030642451707 28.352367188871263 4.159415961835988 32.745358534800985 99.86352054670704
2 5 	 # V Shape
61.320018150843126 31.11887284194109 51.233867039137074 80.55704296024673 96.50149477652334
70.78346668752249 51.28685070199543 20.808474310846993 37.237434365091325 66.23787127011417
2 10 	 # Alloc Shape
1 1 0 0 1 1 1 1 0 0
0 0 1 1 0 0 0 0 1 1

2 10 	 # U Shape
41.42074370359566 25.61508425657032 95.05669551544148 87.42484574273728 41.81272003485789 71.99974696144741 57.050937339642594 23.584240184036677 6.795815224067326 52.80017447690577
16.239864165330953 74.0815636438628 13.520669054945289 36.34209141676711 46.5857520901463 88.3036724658368 68.92268912023823 37.179520891827686 27.564560756592726 91.97721417118417
2 5 	 # V Shape
23.363596993642034 73.77402315482004 12.474573133117318 20.921967040745116 36.509042484703535
88.9900493352216 65.2853712293533 95.05404990347651 5.428856641544854 55.12983271237364
2 10 	 # Alloc Shape
0 0 1 1 1 1 0 0 0 0
1 1 0 0 0 0 1 1 1 1

2 10 	 # U Shape
14.357643600090842 73.7380859558352 27.310697467643617 66.88795649072637 45.207858878119026 71.96857231980213 69.6575441705424 29.45292732411785 44.53937395886315 34.97560082084312
7.275996343655877 9.63201154722153 32.8084205175677 21.72174872352912 26.077208754279614 46.010055016343976 66.12596072557382 44.35065560531881 48.90208858452482 61.80257154030866
2 5 	 # V Shape
99.16873685779485 38.34973026489866 91.41790750086133 19.01191547084965 23.988814455141426
76.2493091157902 35.4129131123813 3.3485534165805464 12.878171552017093 70.35461135923768
2 10 	 # Alloc Shape
1 1 1 1 1 1 0 0 0 0
0 0 0 0 0 0 1 1 1 1

2 10 	 # U Shape
12.09866403098504 53.907449461627586 0.7356724344777188 64.26398414856148 40.21611467640999 72.13994615766784 80.13342123714938 72.01405751667544 27.777553637309317 41.99636013527074
82.99352209579303 0.35388082210074945 98.4616593290843 33.95585891199011 35.17681356942062 52.441457890776164 24.668292352101595 77.02866704215906 35.44449203681659 96.33771348537856
2 5 	 # V Shape
41.107578841086564 86.59424132010432 73.82270307283136 53.89771787517411 77.89711513874926
23.85589459499249 99.88405899449741 23.781152883000324 4.297208108867201 25.692358610098452
2 10 	 # Alloc Shape
0 0 0 0 1 1 1 1 0 0
1 1 1 1 0 0 0 0 1 1

2 10 	 # U Shape
64.16662904829504 69.29047905695727 24.290221160447434 6.011354806395608 9.703271979686622 73.71688453522968 45.56596992148121 15.326776264811992 42.21058484749594 61.03689776637634
32.97791985234533 95.22071652494807 27.858892209340304 90.59497876196141 5.34739004353364 75.95647588383171 4.41100904561681 64.126304090732 33.0698867534102 78.94133500136246
2 5 	 # V Shape
90.1768670967792 98.08483321775539 71.18872663785618 40.11887363221505 88.41918446136751
22.345587190129656 29.222318463350305 24.18712495829196 83.60653337460623 98.16542408659168
2 10 	 # Alloc Shape
1 1 0 0 1 1 0 0 0 0
0 0 1 1 0 0 1 1 1 1

2 10 	 # U Shape
11.266554037630073 32.604648097148406 97.15962626548405 28.98635916249982 92.94374620738873 70.7931278782177 39.22555340756752 94.92205566808269 76.35263718755857 59.52750689188626
60.54984789892074 33.94427528591597 70.72830533901382 13.926864324060329 66.4924727178763 1.9816231647705962 58.43684234027708 27.68430689045054 35.35950585589004 6.174336069156128
2 5 	 # V Shape
16.474737303511922 11.017331061110925 3.0159834689054255 50.86180717887534 35.98971140269974
33.8648501048144 39.60526899523894 28.028762131047657 6.604054842981966 93.69835239577087
2 10 	 # Alloc Shape
0 0 0 0 1 1 1 1 1 1
1 1 1 1 0 0 0 0 0 0

2 10 	 # U Shape
62.65434713427026 3.8673980295908184 41.85543177649878 2.0609012696224616 55.23454472630607 11.56701454448691 2.2298483508962796 20.89155036051552 60.01581987662274 72.09380723063711
32.341062514185126 83.94000292514839 52.82345808486182 28.690601352629297 90.25455454957947 50.5888786874706 88.51353571875168 80.9397194674718 41.609017168775885 77.11696180421723
2 5 	 # V Shape
29.830491001418736 18.1108184103556 56.17170295564452 13.533480198546389 50.11253185089757
56.064049693733764 5.66931363833465 35.70818641733224 59.27867019977432 68.1927750800599
2 10 	 # Alloc Shape
1 1 0 0 0 0 0 0 1 1
0 0 1 1 1 1 1 1 0 0

2 10 	 # U Shape
3.334801473694149 91.06347140697783 33.552946666690566 50.64315238300882 99.55117574308524 99.45731991298899 59.68465277914121 2.482940315254545 8.118626325159184 50.096175857161484
40.4206186407159 85.97072201585614 58.45731528350674 17.38399211148436 52.09417236576079 21.224655421603856 0.2520600553144736 52.03936440760539 14.800888953382362 70.45318608425687
2 5 	 # V Shape
24.00865037010943 22.370879799324538 27.394624314968187 49.57156349159615 82.59663001086292
35.06759087896788 46.59081442558411 80.94459008481763 45.68040090891622 90.1655782984402
2 10 	 # Alloc Shape
0 0 0 0 1 1 1 1 0 0
1 1 1 1 0 0 0 0 1 1

2 10 	 # U Shape
6.875068890351876 58.83685987204296 94.89912357153128 14.027112072800762 20.543175869341145 25.43816426320731 34.991268566564294 28.795740702885386 80.44312203854412 81.46944560610132
76.30146195163054 29.589786209064574 2.234679897664149 63.74406090794543 1.8527606784174866 30.926084489983406 34.88326377093244 34.146555780335184 65.48222882314003 12.574642941613313
2 5 	 # V Shape
80.68392969851674 3.5729926071696894 60.506389257563995 7.727274340567469 83.4607818334775
20.108493426628094 41.709649946357395 87.99300488373764 96.51199731773497 12.396907419650615
2 10 	 # Alloc Shape
0 0 1 1 0 0 0 0 1 1
1 1 0 0 1 1 1 1 0 0

2 10 	 # U Shape
92.68141165568224 22.891051432414432 10.206091025864694 37.471804568429235 71.59735282425869 30.191617261557056 88.4795018585439 44.60491360003888 97.3846006478825 28.322918719737444
63.56286907889375 79.89380160775583 35.821864808478345 11.323864138056916 57.11774344026864 28.302354555886787 89.5522028212942 33.85856285337013 74.57823740248506 57.37526226785945
2 5 	 # V Shape
95.30998217512649 23.074752137967536 36.51752007325172 71.82601800816664 64.3444839196832
31.196822479885768 50.55223864029836 55.21693481069856 50.707727053679854 38.60784863647287
2 10 	 # Alloc Shape
0 0 1 1 1 1 0 0 1 1
1 1 0 0 0 0 1 1 0 0

2 10 	 # U Shape
59.0436278027177 60.91379966963868 47.19366549298319 66.16355161578916 13.222262270921991 59.45003791740946 97.23310049609661 78.42306902465528 31.02530113289933 4.052390188206701
41.01679992448881 33.99527454616616 15.622891324772825 71.53652657814128 3.3754535595769686 72.23978474530225 83.4187219722538 61.34632419033945 99.46208110403212 23.70215961908766
2 5 	 # V Shape
10.57549573759433 53.96361398368358 37.87153106177302 13.84829444993645 82.53368744300877
58.170957750715814 18.791665482453535 10.383847666814383 42.03394837838195 99.23089331267737
2 10 	 # Alloc Shape
1 1 0 0 0 0 1 1 0 0
0 0 1 1 1 1 0 0 1 1

2 10 	 # U Shape
71.02118182456336 29.412888535340198 45.07037762247366 56.44073979956471 49.65728381806696 90.19575874054942 96.03102457293791 70.16524296432392 27.268865491372583 63.52156785412547
24.54672327654356 84.35311902120941 65.80729906971047 44.86252069028177 59.81083745397442 9.692871229599554 53.04557504669597 62.5756847241481 30.36229639524821 3.9364023282979277
2 5 	 # V Shape
21.966818866126715 40.98715369936568 46.96698408038918 34.61204722416922 49.95166856024987
22.67788279735762 87.15405951183561 99.35225864792147 2.5137159473392345 90.53651543276352
2 10 	 # Alloc Shape
0 0 0 0 1 1 1 1 1 1
1 1 1 1 0 0 0 0 0 0

2 10 	 # U Shape
51.12123187233571 4.4741205874154755 40.31518619096377 69.24463957980356 71.80393026367227 31.255428410395357 9.011015547156376 64.05765435993068 48.071848379774465 9.044714141806654
4.241770323817661 37.334124853279235 94.774936028336 21.341866686086707 48.91093084961933 6.551482857227731 26.879167081381595 46.78450781094073 4.460767184153558 15.106744145811623
2 5 	 # V Shape
64.19106606563436 16.49757682910119 56.463273563809516 56.92018543088248 74.21365277594977
48.7317533758025 34.24045558881074 61.788678063811275 47.6401948502954 84.4836912707415
2 10 	 # Alloc Shape
1 1 0 0 1 1 0 0 1 1
0 0 1 1 0 0 1 1 0 0

2 10 	 # U Shape
92.81898710000928 82.22613712896668 38.35236083246295 65.10330121380574 37.60841152273747 61.562422166947215 27.973220491301333 80.54573787937957 80.9198587534706 89.69327212941606
24.345145608793672 22.40310227736805 1.2966038672489688 78.1646854989759 36.80607960289674 98.44461293296544 92.6076559107654 58.38523365603974 98.41569196618232 67.11307878064264
2 5 	 # V Shape
54.2561977116566 16.64761348239815 12.523366285497051 38.83268274760232 49.09675088773461
39.431797384290036 12.90467760566022 41.52503695017178 90.33488039093241 98.03015503667083
2 10 	 # Alloc Shape
1 1 0 0 0 0 0 0 1 1
0 0 1 1 1 1 1 1 0 0

2 10 	 # U Shape
7.9029394315918156 84.98250276154981 18.090949114376198 93.90123182990145 55.849230953925066 66.25863316547806 70.89610329427018 10.695018129330712 96.33383911156915 43.632689505314474
37.39173826803089 34.35429088144166 5.123771906656149 59.40904306448977 57.78195360842009 8.950035520791088 26.147361740792885 29.04454666067503 27.914667336880463 66.96283379050209
2 5 	 # V Shape
94.56181131182767 99.74072987523415 81.46410012626212 88.83050740071859 69.40521915935149
18.779870737672198 48.075682015233355 5.843617968278503 87.68309741587717 78.05858902233473
2 10 	 # Alloc Shape
1 1 1 1 0 0 1 1 0 0
0 0 0 0 1 1 0 0 1 1

2 10 	 # U Shape
30.333140343774765 44.0457327286892 96.74569389340343 71.23643771046414 30.90149464232581 96.98811117242569 27.72814356799197 41.41873080699554 43.92015903451956 82.73495257799806
53.168576112852776 72.9547651920155 94.65512610649665 2.5985450377742025 83.49480086910394 15.941617598940205 67.90794424217728 50.02701617447125 27.06163204506813 67.11773732779164
2 5 	 # V Shape
82.89852886293994 59.71717894741463 71.52624056282447 3.6837670031816483 93.35391446279564
76.25078554159631 91.30728878548186 51.244703680314174 11.521157159134187 40.67693168992427
2 10 	 # Alloc Shape
0 0 1 1 0 0 0 0 1 1
1 1 0 0 1 1 1 1 0 0

2 10 	 # U Shape
6.533397159624754 19.046288632213916 95.74166263139843 7.236526118408426 78.9654044304795 19.811147600338288 83.74785288829081 34.73184178113187 12.636549601034652 35.882996395799275
75.93594332454892 47.229660006390375 32.946959554583366 39.138409242486205 14.131901561032368 55.80438085922044 89.14637445841593 73.51162934082114 6.144773353762856 60.44244616672933
2 5 	 # V Shape
67.37313625383496 5.304090976239905 13.781694843929982 22.236797161394794 3.9226643736854694
0.11862747628267334 56.3441002513793 42.126386372702875 13.429693313218982 36.791047491845276
2 10 	 # Alloc Shape
0 0 1 1 1 1 0 0 0 0
1 1 0 0 0 0 1 1 1 1

2 10 	 # U Shape
27.94489956551939 62.96800967402636 25.32298559565016 30.47075681394884 14.886042143609313 42.87750718359508 49.5619238363317 59.17094059440052 75.47434195635194 49.92514692137856
43.86818483176119 77.42337879996253 99.39019325825356 60.640216067454055 23.77661218931789 45.60476955391353 28.462639636529595 54.415103375003596 11.136492003143527 7.365983290165968
2 5 	 # V Shape
34.78690017062564 96.3405658972768 39.25279720139903 66.51799921890635 50.317804636386256
34.81571071497642 31.38948241442854 13.816698964801455 11.366421201639687 99.65936830676607
2 10 	 # Alloc Shape
0 0 0 0 1 1 1 1 1 1
1 1 1 1 0 0 0 0 0 0

2 10 	 # U Shape
91.9451880911932 69.44138683335579 80.53043221406465 19.73756660425263 71.2964204340235 88.42985512326274 2.4383098535668557 3.3893151005259803 92.90327995649466 0.41590553468145997
50.589739698091265 67.58852186649379 74.52953721817256 79.47757075267069 96.09451100585747 90.86539601489268 70.56537618486419 42.14652441912915 97.90497132233803 92.42195652338954
2 5 	 # V Shape
53.40579590314094 78.87694261190849 36.19102029343417 83.18699495002667 22.77417952817227
67.85205200020691 55.37267340387481 61.19352570629305 21.549624818090575 89.98528914598208
2 10 	 # Alloc Shape
1 1 0 0 1 1 0 0 0 0
0 0 1 1 0 0 1 1 1 1

2 10 	 # U Shape
17.867721571685923 27.05057740485414 57.71386037601266 99.33699841222673 61.989785419709676 25.292954800309076 73.80086120660077 22.581855241280792 59.99173232784295 44.85072441036794
97.74913825962348 25.308247183162436 79.62966772725468 74.8587385185707 30.968883214841313 25.22558638815542 74.28822915245364 35.55696093145184 49.104801196246406 81.02693609826314
2 5 	 # V Shape
0.33711217180414366 42.86343827286675 3.4048264374486714 67.64090460850628 64.92636529642806
71.65460323403681 59.29552531249204 31.739881271067926 15.373399840461966 11.451602696463247
2 10 	 # Alloc Shape
0 0 1 1 1 1 0 0 0 0
1 1 0 0 0 0 1 1 1 1

2 10 	 # U Shape
73.65671135111926 16.174148681275213 33.139710825188665 79.24695384333002 93.67829688225294 35.43047711774736 43.9916183235059 55.443849427833115 41.32393765721679 78.63683522986564
37.886334045608486 90.1504457767113 32.27592641857958 56.319784109815615 11.089497299750061 37.073188371843116 67.89114683855476 13.829344650763364 23.14226971033356 38.60957170244704
2 5 	 # V Shape
38.74061538885422 10.845973282279008 11.945225785030111 47.45230604720307 20.743783789603288
21.120470336423182 23.626759942955967 17.160820706036027 56.66500521278579 46.07154363359038
2 10 	 # Alloc Shape
0 0 1 1 1 1 0 0 1 1
1 1 0 0 0 0 1 1 0 0

2 10 	 # U Shape
89.04174335139776 98.29747785441593 96.51501654282572 76.4869833659676 45.17129712919352 56.14447980796622 69.05182266265436 15.786779744144697 79.14323239603061 13.063725348392808
95.04900401698372 93.25054599185472 34.08339540857007 99.97431653219911 81.48590260041993 67.99362303178684 72.7101987143613 70.90622734748852 0.9884835229589717 41.57141802231823
2 5 	 # V Shape
67.31478724811356 97.06922778693597 83.3287058369077 97.45710325254767 36.49571727233275
64.04059999299196 26.557166577632586 43.25290889839029 3.836518033176217 42.21951399552003
2 10 	 # Alloc Shape
1 1 1 1 0 0 0 0 1 1
0 0 0 0 1 1 1 1 0 0

2 10 	 # U Shape
11.351372788166591 65.3568524633267 41.671166365715365 99.6877147251772 63.94700574947015 84.46029516021039 36.2577166239884 76.02020993096535 99.66196851565215 84.91876843150041
30.46548720319825 95.50972140926855 28.114405836866908 49.823277213166826 12.28177432710017 97.25725626854697 72.31502735346515 62.920392035630016 79.30644456493678 58.162728069849365
2 5 	 # V Shape
99.83643900718016 30.9749985909611 47.24107134885487 78.36843545113497 95.90026085668819
85.26925119640867 83.6352075931017 25.303486753268658 37.09264976024408 67.5708966751991
2 10 	 # Alloc Shape
0 0 1 1 0 0 0 0 1 1
1 1 0 0 1 1 1 1 0 0

2 10 	 # U Shape
12.232952300526023 38.342266893689 65.63782426352208 20.16405238933735 37.92577865008574 88.27596832057631 30.50912399527652 53.04561800396754 16.38019711961537 38.35640116701127
27.8500023796012 71.70858190004182 21.365370764362048 40.09002616014642 79.39000477665094 22.734818707337556 53.83641870448219 50.99674257794135 16.485200739092054 49.784287754137004
2 5 	 # V Shape
98.84700541862495 19.23599890683454 74.04841704825745 74.53192656220418 17.71074133213225
92.00293584974996 84.43771846177015 94.17492612113631 95.48998094314834 98.62043347416439
2 10 	 # Alloc Shape
0 0 1 1 1 1 0 0 0 0
1 1 0 0 0 0 1 1 1 1

2 10 	 # U Shape
35.903708870117924 4.1321172791939915 81.57809142568455 42.20493338375102 85.54491174628028 53.0124633776245 48.5282653934605 78.55146459517348 46.89029520667047 77.64731967148941
89.4334864897963 46.88527738226451 94.36898931108982 72.46606627984664 78.6893682682215 29.901806277282184 8.71650018813016 77.21265917992916 51.41372763116044 77.63081837371688
2 5 	 # V Shape
73.25950377922273 66.94330084009809 4.628206165483684 24.215566114262998 57.498768782116905
83.07629594291906 89.91241424753417 15.067675036868511 51.37814362890125 22.384603254451974
2 10 	 # Alloc Shape
0 0 0 0 1 1 1 1 1 1
1 1 1 1 0 0 0 0 0 0

2 10 	 # U Shape
1.4725277191821151 50.356198180322856 40.35619802513193 16.23755378180788 65.66921929985334 83.65945334802066 11.043543002238632 16.734297516076357 10.113704628450193 74.52989130363186
7.380553414370006 11.243047544205142 21.460973798634598 4.86561054941469 67.26341017083782 94.94724425966585 74.57589740192756 94.20016503053856 44.537760484471676 84.23086734018904
2 5 	 # V Shape
73.5738243275534 20.71470306571026 99.98059460286404 69.32898837056895 17.997497722141397
30.119739031252447 7.811842325125095 19.10058712218562 54.3703567287717 68.92162002574447
2 10 	 # Alloc Shape
1 1 1 1 1 1 0 0 0 0
0 0 0 0 0 0 1 1 1 1

2 10 	 # U Shape
87.08763210038202 10.339442560834033 17.014726658399447 18.601626612673673 82.29096322979143 23.1143491599753 71.45545052417623 29.322581208022346 70.38448723164579 78.8090254290294
85.21060789254108 15.862762329689362 21.931818808350044 86.87618410117528 9.22812236806736 71.31599264164538 13.509910659636104 69.97075316662043 79.73098184165084 78.51028442320154
2 5 	 # V Shape
34.16915266347193 82.91371878443694 96.14625067039454 56.21023390706929 17.56426928406797
65.82791214540627 56.28334062350907 39.59131524008417 60.187579076852096 36.290270104045106
2 10 	 # Alloc Shape
1 1 0 0 1 1 1 1 0 0
0 0 1 1 0 0 0 0 1 1

2 10 	 # U Shape
96.18516676533447 38.41728428250262 95.82271052169031 61.11720898347953 83.99109190006583 0.7087082540588763 18.955212550643054 41.92939533483826 58.36557656216029 13.064109204231677
35.17875220556188 86.42841651878763 7.732329808967375 1.7151556464046536 77.03840107745955 51.256461672563525 27.0934467752433 42.78454273098588 54.92042441873951 30.319037125190974
2 5 	 # V Shape
4.159615915788262 12.792389909852876 6.912346283256032 25.957140641706467 80.26011358065503
36.32175818846086 11.336389450138418 27.07736435818355 16.940573559642637 34.84807144034108
2 10 	 # Alloc Shape
1 1 1 1 0 0 0 0 0 0
0 0 0 0 1 1 1 1 1 1

2 10 	 # U Shape
30.4020400200795 27.232374834853257 42.40565303656797 60.442409252046815 45.40290541058304 95.90393708153407 93.35271598378215 83.30488745670222 32.64155467485818 83.76619103411804
28.275904545249062 59.31730353558381 83.35868839123191 9.474927369627695 70.95917423164565 82.89821220527345 3.691529907330915 49.02207556264925 70.0136899171649 33.69308265759901
2 5 	 # V Shape
76.3133885608469 77.50694051839696 82.72000056982262 23.14932996215181 31.39308290425329
43.8206458979294 4.871772125415186 92.46190639804425 80.46193496626768 25.494887602553618
2 10 	 # Alloc Shape
0 0 0 0 0 0 1 1 1 1
1 1 1 1 1 1 0 0 0 0

2 10 	 # U Shape
3.7638780310923825 37.27950371839831 25.602851673353356 30.331778009387588 74.82745020243627 75.36818765441237 82.82861082072046 31.49284293557476 46.562916291478494 92.29217153183004
45.52806774168888 4.921694679047139 54.533573742579165 81.96871891191626 9.942236326476195 28.18519476615099 24.414117615689335 36.78224102940526 70.15798418826728 60.89798975342373
2 5 	 # V Shape
27.389537438138024 93.80040912532128 65.49935331376363 55.33921971635325 20.08792382416282
83.70769604849019 52.32767874888859 7.919128716771329 87.34710294369421 74.02916096321228
2 10 	 # Alloc Shape
0 0 0 0 1 1 1 1 0 0
1 1 1 1 0 0 0 0 1 1

2 10 	 # U Shape
72.12346919238725 78.18792344512741 65.70433006073027 94.32008534685131 99.04649015339379 2.9773965117692813 40.792941603470965 53.18592178499873 54.83843761214723 62.31255159212586
16.973721176852074 52.27161158765309 20.789141552745882 77.84379782629625 64.1186553292942 89.24510025919436 51.0132439664334 34.3316312636775 32.95254575032748 41.60422829608375
2 5 	 # V Shape
77.10919928611776 19.920004496429023 15.848447255176424 12.061450535376562 11.3704200982505
78.49742892868768 74.83694596729904 17.225104609527598 73.13256239988134 92.52240161333137
2 10 	 # Alloc Shape
1 1 1 1 0 0 0 0 1 1
0 0 0 0 1 1 1 1 0 0

2 10 	 # U Shape
20.95169890154176 43.49032366808242 60.55029242713946 33.913728768048955 6.14695733504832 68.15662613980155 13.258332316524047 84.5055100551304 47.63561122298066 90.81966421591218
91.42149829423239 45.77007333801405 90.6790796217249 55.45041521016375 83.43198861610833 71.38449539890107 93.4933743798533 90.42910597271778 71.14176787385036 31.93253059442863
2 5 	 # V Shape
85.2204800702388 0.9504513582181073 23.26042963022603 33.09346641776726 40.14746577138314
81.55548051080534 10.173822926198428 31.42779027839948 11.851804472764915 88.94080292364949
2 10 	 # Alloc Shape
0 0 0 0 0 0 1 1 1 1
1 1 1 1 1 1 0 0 0 0

2 10 	 # U Shape
25.717490187159918 52.00934906917192 51.18356171917574 97.13856019026494 48.38723879177562 76.22741036017233 48.88464509927427 67.62790772367231 42.779836567188504 29.723962218627907
63.77165945198971 22.09282019441845 48.86569190412825 83.16698386459232 3.4813640551762615 45.32095256518481 7.1693328012092605 46.74653840500132 36.075430415992535 75.56407201686072
2 5 	 # V Shape
30.074821203463987 44.26647096675765 94.27298336887604 10.544919924847129 29.91246313684148
42.64627652728817 23.671059046481314 37.07637335908688 84.06683076485318 46.93938929160072
2 10 	 # Alloc Shape
0 0 0 0 1 1 1 1 0 0
1 1 1 1 0 0 0 0 1 1

2 10 	 # U Shape
91.11646409557781 45.20212850251205 69.13287564814775 17.024753719053688 29.659016223846034 48.17961146210161 49.723260450880666 49.69478813220708 4.776543045344139 82.54450167654957
84.26381976577309 64.44288057219289 56.69036933687781 68.74995408841939 62.803171436618655 7.546716328302194 15.793189446891652 44.09357516393786 73.62861257973462 77.64803941560177
2 5 	 # V Shape
36.65452697084414 36.830204303492394 11.576168844400591 52.94989693126817 44.65398169300608
28.71308049726813 2.0686333419911995 87.11321234269073 53.148798434842114 53.41271130073337
2 10 	 # Alloc Shape
1 1 0 0 1 1 1 1 0 0
0 0 1 1 0 0 0 0 1 1

2 10 	 # U Shape
99.84480431526835 67.1582145055315 63.40333627126207 72.93554022882503 91.67609618848601 9.348048114555652 81.1373743787667 19.350943592664137 14.201903932563987 10.664541990164212
51.379813529536946 95.08629866080918 80.9482881427326 41.965262697111285 0.845359273236379 90.3570432561431 79.93247671781147 3.4074759493188056 44.55634393441991 43.22878417400179
2 5 	 # V Shape
55.352359291115725 64.65082152122227 48.619153458969954 34.02339097301154 4.5426127175159925
29.43999480312146 49.538995124291276 53.6026591937503 32.667010305238406 36.18186004458494
2 10 	 # Alloc Shape
1 1 0 0 0 0 1 1 0 0
0 0 1 1 1 1 0 0 1 1

2 10 	 # U Shape
34.49521837759897 62.84939024546825 55.57371139781697 53.885134841704726 89.83139497106339 49.07976609036409 80.15484931671669 84.78925482877371 27.660793131075113 53.454320131295255
89.98314204460114 34.2614454828677 44.95043861796422 18.7273461753822 82.9413208743058 76.26467205590681 84.61388286897942 95.75864175457203 65.53681679146777 33.162447405310544
2 5 	 # V Shape
71.5071918112393 26.56134313358065 75.52088129865271 61.18015241377576 58.18490204745063
86.74088810401976 73.48623175399806 58.01614231528814 0.8233980423485665 94.5988426399604
2 10 	 # Alloc Shape
0 0 1 1 1 1 0 0 1 1
1 1 0 0 0 0 1 1 0 0

2 10 	 # U Shape
0.1943872280908865 61.023806566610126 30.831499973703423 17.06148244025204 71.2341509642092 32.72773774613707 81.99202434064266 70.30996722068676 12.722834196342625 23.51581805612576
33.425618902198636 64.20770697332681 25.88649425496461 91.87028070375565 17.19905335711016 27.46975553891724 74.93005548535824 23.74383718443186 63.69995336309133 62.75652762634974
2 5 	 # V Shape
1.4281991928335236 84.12823341875917 60.08261990049161 91.41035191462925 19.240236054337256
88.2871287709745 34.66742123603785 98.67426303567605 29.811318744284076 36.75029883493248
2 10 	 # Alloc Shape
0 0 0 0 1 1 1 1 0 0
1 1 1 1 0 0 0 0 1 1

2 10 	 # U Shape
68.84378170593503 34.67657729265745 45.05036641043609 43.865597423368804 79.07323859323621 35.442858878368774 63.1209611321197 88.37368302878352 38.29049770375047 5.965391972665746
50.786417052249746 89.84341913649678 89.73986196975282 67.92017499841884 57.125238886202226 46.644293907169164 96.13132798966542 76.28517807871667 66.81906445930905 31.48100686473809
2 5 	 # V Shape
45.74282556709842 49.728615114824834 20.97370441299572 25.960867237795405 75.96799307455903
7.902158911464008 35.74170034083654 70.25781688070528 52.46459163244247 33.95022438651799
2 10 	 # Alloc Shape
0 0 0 0 1 1 1 1 0 0
1 1 1 1 0 0 0 0 1 1

2 10 	 # U Shape
32.709109086877774 9.87224695089175 73.90136143404877 59.70778374639456 76.82510451303067 22.23210608008418 51.86526837177834 65.35150778849784 84.35236052796196 61.768439192643875
7.285666526534573 74.25906893594083 63.787566833626244 12.32822211962067 82.70924952778628 23.54273200114243 17.822170111277956 98.14655133646558 99.54968020720251 98.71284019579262
2 5 	 # V Shape
40.40055098903691 12.189228858710987 96.23072292694036 28.10046224451789 0.4669868045816816
80.17205029223588 65.16720654893268 49.09030959730233 47.560217258624405 4.444388859738691
2 10 	 # Alloc Shape
0 0 1 1 1 1 1 1 0 0
1 1 0 0 0 0 0 0 1 1

2 10 	 # U Shape
82.15846188210918 77.33778488138702 76.87504809768394 34.58946677138691 53.32459636557374 57.529528236583495 62.517025182129935 61.76788561962421 16.696262842782637 60.31314763123713
89.24517550539866 31.213229008656885 38.03961185690222 64.72494653973405 65.96068182848698 54.51599675090048 64.77981631656395 46.439173754806454 13.450889746191875 96.71660567164086
2 5 	 # V Shape
11.444826735893576 31.157686498467672 66.49102950654512 38.20254342747154 41.72335746437583
35.08877592783427 82.2231085323925 44.551637386867384 37.677302456112095 47.15196820366161
2 10 	 # Alloc Shape
1 1 1 1 0 0 0 0 0 0
0 0 0 0 1 1 1 1 1 1

2 10 	 # U Shape
76.3841598215525 23.537059053167898 53.66031720107938 43.80164230485295 41.981366054103276 62.65741745720247 26.137205116941786 52.53754646961596 57.44324093307439 16.277063930317524
95.02433428647146 91.09358451906245 87.9081435843427 34.687244560926324 80.488513876399 5.3307049859611215 27.76109351194239 13.542538838228246 38.21580573430735 73.10876346159394
2 5 	 # V Shape
3.1783176569080362 88.70012465671418 65.3470298569634 69.76192257066516 35.11645487205103
16.031593815902834 99.94963386783746 76.3660952832118 72.38986879641703 75.15105835818905
2 10 	 # Alloc Shape
0 0 0 0 1 1 1 1 1 1
1 1 1 1 0 0 0 0 0 0

2 10 	 # U Shape
93.5769955664633 68.35817419055653 57.094550705038394 8.416756226409017 25.326992852414442 38.00765255687052 14.293290639473533 74.83410341910584 4.630686341653634 26.075731451366202
1.395843750647785 20.714766118950767 4.586156909558281 78.04388085172121 75.10311377944741 84.65436857552653 29.212328993757108 14.175648536020635 46.32124799751356 18.440297594607024
2 5 	 # V Shape
8.843263496934927 60.09272914802529 84.34344679958853 41.81235934825056 41.514295462282206
70.80457743678193 61.95429035028711 89.95151844388111 90.81735337002438 70.78293770878763
2 10 	 # Alloc Shape
1 1 0 0 0 0 1 1 0 0
0 0 1 1 1 1 0 0 1 1

2 10 	 # U Shape
31.572251836987576 69.3886950716953 87.2443746291715 50.92757439729918 62.57833421203402 3.296149029026252 54.0534391026675 61.38005331994566 42.025029147984974 41.29492918075739
46.493732119543715 6.135818658431525 8.510092031321935 68.31335802636512 33.34544927019911 41.2998384902606 36.281959784621876 16.24340524558804 97.67955247827018 78.14231973329817
2 5 	 # V Shape
17.527143039421244 43.82937399400976 30.362065852275443 88.82249402836658 45.047342374967336
34.463595305869035 17.012597949195484 52.93058496691599 12.874845467680707 72.12771114360382
2 10 	 # Alloc Shape
1 1 1 1 0 0 1 1 0 0
0 0 0 0 1 1 0 0 1 1

2 10 	 # U Shape
96.63449236185325 40.6610669948064 49.06638798917924 94.73395223127284 73.51497494360792 59.85934605071206 91.85129825513934 97.80983358358374 34.85879095698422 89.78989687476543
30.14789090297908 63.88985746747453 91.80971250169921 71.05261560600273 66.63212185195253 51.924740111769175 81.25543101052793 27.823187139006087 7.556935115583984 81.88371909198918
2 5 	 # V Shape
76.98493714655787 70.88966417196761 41.227772129176586 33.97743557488118 2.8798303758239996
4.6813155078513695 31.30823073953174 30.938975394708535 12.911726476439112 37.99703193679104
2 10 	 # Alloc Shape
1 1 0 0 0 0 1 1 1 1
0 0 1 1 1 1 0 0 0 0

2 10 	 # U Shape
87.42279230768814 47.428731688636525 39.055866305033994 64.46342064075301 53.43833998080741 58.65330854970245 6.853217967438619 90.45160177947368 36.23046276924975 98.89515096329797
58.49424340926542 86.14210005921818 99.49423485933765 39.19022307202591 25.877341104724593 92.60048570689683 84.41176374759681 30.77056777708046 42.36826142677068 5.205683770720437
2 5 	 # V Shape
44.17927083311825 69.0385248506574 10.379122569562526 41.263767776301904 69.40143958503717
73.05545965984487 31.477088243129725 81.89416205835781 94.84764369382732 73.1767945167328
2 10 	 # Alloc Shape
1 1 0 0 0 0 0 0 1 1
0 0 1 1 1 1 1 1 0 0

2 10 	 # U Shape
27.72245573712544 66.62590737439365 10.488232572860134 20.92609846085263 36.448009336421805 58.11630159674734 94.46922341358346 20.30399252075229 91.0006788708234 21.8029277047776
14.95307764423317 15.824831955602603 36.69845604768403 87.81268356968678 56.03351161595583 33.01808891874687 30.389977468415385 39.80772617153755 88.15387577365857 68.14854529381344
2 5 	 # V Shape
84.12060440190918 28.482648427461644 51.38756020482249 86.84686845519946 22.380652064988162
50.8616046009107 11.890222299976683 62.58519526257022 22.422381954619965 33.623593249274094
2 10 	 # Alloc Shape
1 1 0 0 1 1 1 1 0 0
0 0 1 1 0 0 0 0 1 1

2 10 	 # U Shape
86.15064676769994 94.3037359157267 38.023203692594166 99.5030463607208 18.93091636984271 18.325892540245935 55.45924864050462 23.09699664171456 58.75541610205873 10.624175813254965
94.45786400071637 93.79235770872654 50.81427464556476 74.95828248035605 36.8622252232215 14.843302672442293 23.780270000065762 50.4328021916368 79.11423086897827 41.626213412319444
2 5 	 # V Shape
23.23060980024887 13.977353251086866 1.2745842326958412 36.97875736418921 59.94800277441398
83.40518582856356 4.10745078222824 69.47440350550056 32.77083676659426 41.955701289302404
2 10 	 # Alloc Shape
0 0 1 1 0 0 1 1 0 0
1 1 0 0 1 1 0 0 1 1

2 10 	 # U Shape
42.658942781938805 4.075013083297996 81.368796201336 15.119740180817942 92.43429079903275 68.24131678507192 63.69490137816626 95.00959995417999 55.07863851522893 62.71585998549046
82.02468863831533 62.06912512702858 43.62513970467072 9.776334114099171 85.43503371415001 44.1832371740477 17.88233417610865 55.61995705442027 55.71741346835979 62.92016177420644
2 5 	 # V Shape
73.35879319824633 0.11735533269037202 19.624290595025084 71.47356605030018 56.02889228107156
87.06593744185429 45.45334348291627 73.88351943526146 90.19948460056655 65.77760580814903
2 10 	 # Alloc Shape
0 0 1 1 1 1 1 1 0 0
1 1 0 0 0 0 0 0 1 1

2 10 	 # U Shape
74.33499652691773 34.925525182301364 54.85403660329439 15.697750008309075 38.91674483217701 6.826125187042753 87.32200712255414 8.894306862832135 78.43763275355798 84.99005630897484
76.0833689139076 36.3837357055304 86.92145357607363 99.01286645257854 42.07285133237618 99.92666753039016 23.482112994262337 91.68105147833352 65.11242168049542 11.017489501452715
2 5 	 # V Shape
14.937858038622043 50.11902913130526 80.06146956988084 42.049626862925585 38.177936568683265
21.587663711103154 94.31686396015063 59.8491963781906 57.4233722957004 84.33659847981303
2 10 	 # Alloc Shape
1 1 0 0 0 0 1 1 1 1
0 0 1 1 1 1 0 0 0 0

2 10 	 # U Shape
46.31048039015161 46.057733364100464 6.195010844413518 51.20086080904227 55.98432503415294 97.18706934916878 38.989617165841274 14.812206339412448 33.31530381282434 51.383939278618364
45.58850310632603 67.58310408991149 62.461053999185104 90.31659993806723 52.950403352623674 58.888158187597774 33.56529538264456 97.04054272073111 36.51811229432824 54.44435743687232
2 5 	 # V Shape
50.08875361010996 32.14961090548935 22.365435138476474 82.84134211705432 19.92905099464679
71.01111529028923 51.886639587665805 55.84353740317521 26.391210525872545 69.82248370623444
2 10 	 # Alloc Shape
0 0 0 0 1 1 0 0 1 1
1 1 1 1 0 0 1 1 0 0

2 10 	 # U Shape
82.37126308066574 85.24102095212712 62.2377763997363 40.16368809594909 66.12470007434841 85.96229655866432 45.419097305719426 49.81807735454134 20.893179561981334 40.42495521406412
63.29566558398613 28.50902705000131 33.83778521593499 93.12852507160999 49.881773261252214 76.48988474846584 55.71062538050755 52.94690971332929 97.32346395395996 76.02051942141757
2 5 	 # V Shape
60.090261868345486 58.5829104175035 92.26596331110909 53.765849273609014 18.663128683755424
77.95146917195024 81.17080779921794 56.48787571962546 37.456372478781816 5.946290006743737
2 10 	 # Alloc Shape
1 1 0 0 1 1 0 0 0 0
0 0 1 1 0 0 1 1 1 1

2 10 	 # U Shape
18.302002673186692 65.3664019343557 52.81976580579377 53.89872794036326 52.59702498830878 27.20164371025866 68.06053738904444 14.095685216371944 98.61935173782508 55.398167339021875
48.86147720730961 64.47653279268495 73.74546818328662 82.37847147330736 8.384326328804793 80.38914027883199 73.58865899564854 47.05730720531284 64.8494016426063 2.37669996780564
2 5 	 # V Shape
59.23274100789765 76.02958968235149 71.03114413600066 67.26418237764742 75.18094497396764
24.2776151857771 17.260522715008964 84.59036454284019 12.418090874890463 4.44595220741294
2 10 	 # Alloc Shape
1 1 0 0 0 0 0 0 1 1
0 0 1 1 1 1 1 1 0 0

2 10 	 # U Shape
12.15405557604008 14.142618224428638 44.35079686648753 20.556677485180696 34.48463137602632 2.0282254310653003 15.664937945634872 24.883942236707036 67.25807214820941 23.087319990376464
93.7847666088144 46.18125393870896 14.572742659129624 76.86397637192186 0.6514953886221031 46.37516236669068 34.13932768287147 21.045978762676732 49.98813894535239 15.52748431714327
2 5 	 # V Shape
62.83418873579273 46.04132422794491 62.72016565624779 67.7700032238273 56.74948906111085
63.90505963136095 85.12767492710186 64.44211729999802 92.85850965170167 40.757572685225554
2 10 	 # Alloc Shape
0 0 0 0 1 1 1 1 1 1
1 1 1 1 0 0 0 0 0 0

2 10 	 # U Shape
45.143728648075744 16.259632926156797 64.28796904872381 32.91622949284613 61.22017369612506 87.70777783401034 63.916432262104884 23.800457258097484 24.704778443552044 44.98913207659025
48.960040062383555 8.986973092649464 2.617212917396794 99.49219948551128 0.003024757342307005 26.87413978864589 71.19786808603021 61.10380405603023 42.40937149454847 99.45678948399002
2 5 	 # V Shape
52.55187467014226 67.30417663801371 6.604065831900852 20.69031840450234 57.6550330366382
93.70306307812865 63.10516175762767 76.92711878595392 22.10411304328107 20.11346298252952
2 10 	 # Alloc Shape
1 1 1 1 1 1 0 0 0 0
0 0 0 0 0 0 1 1 1 1

2 10 	 # U Shape
24.638948578063513 75.05181893644409 45.62023459048431 45.115948163043775 30.290969439864735 54.11557112884673 58.253470527293416 62.58308054642656 24.889602389714728 95.21949296133586
31.094977412235792 16.73317657881368 26.07167956523958 58.50959577681495 2.2939171067566044 55.78247213996163 82.91850861470206 83.73068587732735 94.70741397326333 25.56294427072141
2 5 	 # V Shape
18.385574927584024 13.926903190520868 76.40368034344269 84.10509109265182 95.59911241065491
39.08599740692795 18.08933326064528 46.72833254694623 8.87745158171217 15.638678896084846
2 10 	 # Alloc Shape
1 1 1 1 1 1 0 0 0 0
0 0 0 0 0 0 1 1 1 1

2 10 	 # U Shape
54.43055188672433 4.117281828450292 67.3397618287646 99.24681036960415 18.15471633719624 9.886435106101832 40.56496031752415 22.89705604831388 97.54802158470484 37.85732624866582
34.67120012472574 74.4664757309472 65.71193055452986 41.93852989683508 52.26160963571347 85.82662146644077 94.7196979991868 51.170292517062045 49.60075079209746 51.34036702973715
2 5 	 # V Shape
58.861074220214874 28.096369099859896 32.75340513785716 53.45779678860442 38.76692741691712
7.815884996436518 22.572370242347674 55.15210158416818 10.301258944696102 71.43731897932534
2 10 	 # Alloc Shape
0 0 1 1 0 0 0 0 1 1
1 1 0 0 1 1 1 1 0 0

2 10 	 # U Shape
29.28231205477192 10.867283098297609 83.94744709489107 16.235505050150334 1.673773816404267 32.658713591145094 48.407720028137945 58.55985918965882 7.439748689703707 23.62223442323913
82.03340237807754 89.70332798150652 26.764129069303376 20.682920450985044 22.041452098031968 44.448530789505725 31.927318096238256 6.4341142397992375 21.207286746530684 34.95899296123779
2 5 	 # V Shape
3.718627930852436 93.76023055137243 25.34736003177044 42.15043593375607 79.5015945944531
89.58046221324332 97.43111415643688 3.6894000446415998 10.684737940883416 68.95078867968762
2 10 	 # Alloc Shape
0 0 1 1 0 0 1 1 0 0
1 1 0 0 1 1 0 0 1 1

2 10 	 # U Shape
23.127959301377565 60.271288246341456 72.17692528158375 10.799696379542812 65.16830833474823 8.844816449170523 74.11083311883874 79.69782885972569 21.53902799939352 28.48684756337668
68.97799924316313 88.274426383263 62.32975468813374 47.443711316170734 39.10907279184782 16.490842146349337 25.0789646516279 62.316693691299754 95.64037243121011 80.63351864054702
2 5 	 # V Shape
50.6457572018151 92.26505637946264 76.2317453894699 29.421114385688853 20.094422983393024
72.55927550867588 24.108514438508145 0.849299920755664 41.72688484518821 29.307218272378122
2 10 	 # Alloc Shape
0 0 1 1 1 1 1 1 0 0
1 1 0 0 0 0 0 0 1 1

2 10 	 # U Shape
26.234267887471717 62.935120129699854 64.92895299001607 37.77741518859501 20.920878367714447 27.063934668559586 50.441538390821975 28.248558389988677 20.982414061920284 99.48343260639426
69.4290376027103 9.873981755461026 60.810495098685365 78.85912947917711 42.47517722789473 36.505543099497594 84.24872011093308 5.487437873625678 58.231133898279474 64.31163955636259
2 5 	 # V Shape
40.7581579887758 78.87979284053284 5.431677027404014 49.21265094196593 6.6049882196656196
81.66344887681224 15.077796812435839 14.604839695723415 70.43628686102043 53.803734642868584
2 10 	 # Alloc Shape
1 1 0 0 0 0 0 0 1 1
0 0 1 1 1 1 1 1 0 0

2 10 	 # U Shape
2.508406945983377 99.51122121061381 81.7336908140574 43.03012438267423 23.539284081316513 27.291547601685238 69.3041586796385 90.49016280290606 18.220644306787836 49.24095456378951
54.38913964122663 53.509212086931925 94.83857561853513 91.76693854049567 79.70081669087537 97.93508056806792 83.43760140887551 88.0737195250527 76.55209490938336 14.14355727788552
2 5 	 # V Shape
84.75829192368654 0.8313972475359366 23.08633925909961 25.156124818334703 73.11425065534961
82.02570006583107 90.30144364572875 42.607414613970974 0.4169530001977173 24.624137023282366
2 10 	 # Alloc Shape
1 1 0 0 0 0 1 1 0 0
0 0 1 1 1 1 0 0 1 1

2 10 	 # U Shape
40.49496127577282 15.300268064243227 49.840739785693856 83.75421203726819 43.8138212874288 82.31714576971991 84.52313091888367 34.908067997115225 14.26226587230327 31.556085426878088
13.400538945735907 4.966297987076507 27.355859905791956 35.7017819306488 28.59300281999123 58.36194705077755 34.58340699830232 30.361255362780092 36.3989610297067 40.07859128795827
2 5 	 # V Shape
76.32303252267553 3.353736198488455 71.29318925562916 66.06994623545049 48.64871385609234
67.106141402981 71.87772952579733 6.772646990995101 50.91372393632708 74.15456972076674
2 10 	 # Alloc Shape
1 1 1 1 0 0 1 1 0 0
0 0 0 0 1 1 0 0 1 1

2 10 	 # U Shape
20.50319302110164 1.0022483096095658 73.32981714861117 55.090789368743756 74.81551171604389 61.50825011244309 70.66177719076329 47.61517685679735 36.28243307038533 51.08157520204133
41.39255871090269 15.614204455014924 1.6727412017781274 49.26838861781003 39.67535804833198 57.181725330669096 64.1943231409343 50.35162791770793 81.9490957719309 99.70494215450003
2 5 	 # V Shape
79.95995934285972 60.906715176483814 30.47144742969111 38.45700804222838 82.6586111322094
40.915290587558616 11.198955690748669 99.62917109110128 28.108446882646497 36.05446705031859
2 10 	 # Alloc Shape
0 0 1 1 1 1 0 0 0 0
1 1 0 0 0 0 1 1 1 1

2 10 	 # U Shape
36.43982992918967 95.5155462800185 44.80689851195119 54.13260960249969 5.283797000517976 21.512713999351828 61.79773684181967 15.327263388705315 17.33471886608855 62.971505382209244
7.876159824863837 64.26582232897442 33.407549540755234 66.19132389675374 50.24181989737605 88.545507773594 94.45974930107717 65.20478895407412 96.91827251972582 46.186513013580196
2 5 	 # V Shape
49.90796012025469 70.91141436228352 23.66200884844337 42.05499347662509 57.09739153517087
78.01814086827663 74.87313588625985 1.0620749323776435 79.70024658124731 19.04370821357686
2 10 	 # Alloc Shape
1 1 1 1 0 0 0 0 0 0
0 0 0 0 1 1 1 1 1 1

2 10 	 # U Shape
85.51795052985432 0.3743284946887915 49.31185342206148 47.377963871572014 15.346409760498936 74.08670754340238 78.67109271875516 48.63807207619829 92.11328819881463 59.73680129925133
92.35205694247148 2.6367177329156832 26.0292349291249 11.049492658791937 82.65340849573532 26.320340924180783 50.80810161897118 8.83108998968163 77.78424572262307 87.27726353360565
2 5 	 # V Shape
98.13790511533415 85.06801432368339 13.592075114631552 36.80850726788173 16.48969816701593
32.76474578033521 60.71341176535371 78.30319037501742 12.690787658502423 7.986588247258808
2 10 	 # Alloc Shape
1 1 1 1 0 0 1 1 0 0
0 0 0 0 1 1 0 0 1 1

2 10 	 # U Shape
27.16797262857593 6.993207536353896 76.6474131692774 14.269161110241646 52.408079178449064 49.59956616147897 29.57802155658117 80.71423365698499 15.656056916651927 98.31327927134016
31.555749343726713 7.053481592728483 64.01164474474314 86.72647337049303 62.501663504917296 31.926682310943587 24.096217245387507 44.67858741690125 87.78039012548795 44.27447093294668
2 5 	 # V Shape
18.282345967023474 89.49600976609125 87.39778371330335 89.19941054601688 39.44232908162032
66.49861101022346 53.353410750945194 95.19347017790861 76.85625361441573 68.43938187472868
2 10 	 # Alloc Shape
0 0 0 0 0 0 1 1 1 1
1 1 1 1 1 1 0 0 0 0

2 10 	 # U Shape
71.60090977462605 71.56140444724608 51.20702270020775 47.80083489597774 11.327541302683086 17.648894168457307 51.26717491989705 57.132342688140014 29.919691573318442 85.4699034437071
33.03924448108061 24.36767155127484 36.99011037696872 92.79163451620823 85.70649234440913 5.24686045970989 81.10444137524276 91.89695457595093 86.70417153816156 85.65590646736972
2 5 	 # V Shape
3.4520151642876695 14.762292968177327 35.631933706066334 83.99434909545474 61.99374569397125
25.13872775690703 99.94199080816527 8.9566616204782 69.45630799709954 20.29136935615562
2 10 	 # Alloc Shape
1 1 0 0 0 0 0 0 1 1
0 0 1 1 1 1 1 1 0 0

2 10 	 # U Shape
59.585987360729476 87.59804191278478 71.57665182894387 57.927418769812654 52.19729528764121 97.85793587016822 95.15953723498798 93.05735275379519 16.331257677001886 61.338959675689544
72.77963033671595 1.3152770118226798 36.25311932529933 15.502729455880814 56.58672821618166 71.08889320998402 6.581497584558349 41.247517770442734 41.73486501195593 76.57734662494323
2 5 	 # V Shape
12.771659354761777 41.360720107088746 49.561771645904514 94.8353916618845 9.0968081813113
33.3169027077756 64.63796506821004 67.13025233020161 63.91485139373509 44.73372813081809
2 10 	 # Alloc Shape
1 1 1 1 0 0 1 1 0 0
0 0 0 0 1 1 0 0 1 1

2 10 	 # U Shape
73.99793433901387 17.644869955014208 23.511318846025908 5.666662768300901 56.50886588811892 96.44609248305794 53.5041790000683 77.581861796315 35.60552068924373 18.612014922243205
17.441458776340657 43.06879308265606 43.34030351093493 84.83557355459068 56.56712189336898 58.0853652459633 95.97309822126049 38.587829562146105 86.67724541860139 81.1168397478425
2 5 	 # V Shape
4.696299124450332 40.383572418113125 53.38445128416043 9.965632163455107 26.067757753890376
57.855975305188245 10.80471547003803 24.952186797256125 42.43292890329627 53.713901510436024
2 10 	 # Alloc Shape
1 1 0 0 1 1 1 1 0 0
0 0 1 1 0 0 0 0 1 1

2 10 	 # U Shape
7.081374181347478 54.340944113816626 16.36003185795012 52.87741971237061 67.60271317027477 78.38979589664031 75.28866665378332 99.80962666184942 25.233347005122177 32.04055993502385
40.00324489746537 25.659697843411934 53.06362034720351 63.091727327387126 9.714940548144357 87.37726302544378 11.768191610809808 69.80929321565674 73.2889905800327 85.52656083211053
2 5 	 # V Shape
36.62269108439349 22.40446890678819 57.8178820729217 64.63908497434186 71.04699506960765
63.4150338744765 42.44989124739775 89.63496006400767 18.334600348250717 87.18924420265837
2 10 	 # Alloc Shape
0 0 0 0 1 1 1 1 0 0
1 1 1 1 0 0 0 0 1 1

2 10 	 # U Shape
9.680514395676344 70.10777984670901 45.371340474964114 56.24246426711771 26.00810882069844 59.32235227132089 46.4812388234184 93.86886910802565 15.80282853658842 43.15467146173045
95.92850403158685 62.232754177241645 84.53106811133124 64.35883002756017 41.41834172435674 11.727254562103973 82.16949532197381 68.29553563438779 25.308196697348485 15.10474938861811
2 5 	 # V Shape
60.74357800503353 3.64503799720034 39.864563483614205 51.72795693253417 31.607959659247697
2.295918877362535 99.18817440614443 19.012405045806613 74.37300925463984 88.780435109868
2 10 	 # Alloc Shape
0 0 0 0 1 1 1 1 1 1
1 1 1 1 0 0 0 0 0 0

2 10 	 # U Shape
29.310753622000576 26.732546042667625 62.9128991253753 62.92107341890618 68.78871162995932 96.3740762460317 80.24085682131665 63.0817637927345 60.77155715330957 65.79425193025294
90.40928409785546 26.963196583043768 58.06498769443746 67.7978213802115 71.94828566359652 42.78901476447613 24.270406114765752 3.0811849305004246 64.83041041960361 89.636561946148
2 5 	 # V Shape
99.98528075535208 58.40804870938388 89.30461026382297 88.63083588168404 91.26283115895501
31.98355398146354 2.8353553237533413 54.82079989491774 77.45341264447994 88.71187610215972
2 10 	 # Alloc Shape
0 0 0 0 1 1 1 1 0 0
1 1 1 1 0 0 0 0 1 1

2 10 	 # U Shape
23.57276331600122 37.434910156398495 2.538968971913358 12.210682450277844 40.70352554661763 11.64750165142836 59.502895418587876 94.23452517870768 70.66197772068693 46.69193808611948
29.009751085524414 55.241424785507306 33.191241850337526 78.72173976829711 34.28904524143385 16.667645742342252 39.5239364849537 65.03539374749842 19.531771455662607 97.64359458097823
2 5 	 # V Shape
8.611119869524497 77.23817739749327 83.38100185827108 90.21946287357979 70.52870314177096
95.97808781447151 98.06336595315518 65.6419998684072 4.2966266641294215 46.471812397398416
2 10 	 # Alloc Shape
0 0 0 0 1 1 1 1 0 0
1 1 1 1 0 0 0 0 1 1

2 10 	 # U Shape
50.23910540618033 85.97495779268064 67.93221371525532 87.3192650555455 9.295194300246134 97.77088823495062 83.18752895310037 89.8806572367984 41.713189039220964 92.92847443442648
51.03018990386445 18.82184492328427 73.18057606542459 24.612510932117715 91.03883648526187 55.904665332717904 41.13207615571076 97.72824012892954 68.37088246807873 97.71118925147255
2 5 	 # V Shape
59.72003447276797 63.19434331861622 48.0416448675352 71.90842533246521 75.81357156464146
75.39244833065094 24.329845518211858 3.6209871119675885 2.1149047756645167 96.24504115270392
2 10 	 # Alloc Shape
1 1 1 1 0 0 1 1 0 0
0 0 0 0 1 1 0 0 1 1

2 10 	 # U Shape
93.39243995164794 18.728950473896788 32.984572803237455 32.329696118720754 6.527891730669544 34.49416812198959 74.24054181330264 45.57429142167131 36.69501554858711 1.1242811757641413
75.38970412792541 10.675762459093841 86.12874857484411 55.917416453191294 35.15189758785667 53.841383865085334 21.583711756959943 93.00372473041396 1.7668588907517657 91.73357504973218
2 5 	 # V Shape
84.06166000726489 35.84433940517947 46.719625373416406 50.07235798528961 82.15014510283656
90.44216156041848 68.4548341877449 35.405452354017164 8.12328495956246 15.53564112762128
2 10 	 # Alloc Shape
1 1 0 0 0 0 1 1 0 0
0 0 1 1 1 1 0 0 1 1

2 10 	 # U Shape
69.58013043145019 78.4347621744931 18.68683044910252 32.443083018543994 4.762713324640833 31.018864508570577 16.263383585053546 22.410728826347558 85.86023752892598 1.9317902930864883
6.596816009355122 82.22091475476773 6.407784826087493 47.57708933540775 33.83573633362019 79.20417268620156 19.959334299837362 41.61668180672997 79.85939049320402 32.4658027690693
2 5 	 # V Shape
75.21800986961175 71.25652574010896 29.777937449542435 27.651308833972298 78.07589269058451
92.20180474339465 3.9585127409440535 5.824822177137756 27.566741492205637 55.62897072164654
2 10 	 # Alloc Shape
1 1 0 0 0 0 0 0 1 1
0 0 1 1 1 1 1 1 0 0

2 10 	 # U Shape
14.100037159827771 3.993620493137029 88.94849441806592 36.680977274199314 20.308819085983554 9.63712456353999 19.312346625655564 48.09310214809137 33.687933188117746 21.78532007543794
6.1209090617178274 18.520968151088724 99.48698118735176 47.517119440542224 0.4412628776782723 72.0253810354573 72.72638860604125 76.13798728071012 94.03705755361898 4.759796011955442
2 5 	 # V Shape
58.681062366440216 11.197228879753329 55.22495074521555 7.048184058482532 2.456799578765556
3.989733025896358 29.993254198627184 60.533264779958785 69.25720741351617 92.99335453915806
2 10 	 # Alloc Shape
1 1 1 1 0 0 0 0 0 0
0 0 0 0 1 1 1 1 1 1

2 10 	 # U Shape
87.49090045822646 80.92825151331184 96.82827089312099 18.170551851377315 47.12976239655787 94.66097705335062 96.31139203461795 38.730257179841374 16.278732229068105 55.14407989614833
46.52834998933062 2.5257834743636076 53.80463834939675 42.56262155076948 31.85423739519925 39.639162036111145 78.20310409306776 14.063179769625478 38.979692821595634 39.77130945379855
2 5 	 # V Shape
88.43747789844694 3.5190062401723843 71.36283825887372 88.65498910795964 78.67176200123797
80.44284236223706 40.12584615040042 45.47397155110169 8.099256429152835 19.23310270070776
2 10 	 # Alloc Shape
1 1 0 0 1 1 0 0 0 0
0 0 1 1 0 0 1 1 1 1

2 10 	 # U Shape
91.82243411869166 11.857876158317293 0.7026376819815883 80.75461461796647 57.90934836737422 44.46811468100314 32.60994924043885 38.72720540261637 31.3064200813429 72.20909475236199
73.97864729338717 14.021926638235794 77.55714258996238 72.3902874913457 83.12778378304837 92.96430411801347 18.7325669587149 86.58709528236567 11.874822341819113 74.78638505345174
2 5 	 # V Shape
44.594849392919166 61.568665736298954 21.470210029537274 95.68390477592615 1.3416862202609292
44.803411226421474 56.56003957377107 34.55572930619786 80.17107163078268 90.76994293529343
2 10 	 # Alloc Shape
1 1 0 0 0 0 0 0 1 1
0 0 1 1 1 1 1 1 0 0

2 10 	 # U Shape
27.087499099188527 54.58343903410026 87.96040348992243 17.675589802802538 65.23721212363253 40.22919857130446 31.02707932938895 31.84422211818999 53.37664741917478 21.241135550111643
51.794169204682625 87.23192900098262 41.332313576324495 8.909910704943458 37.76128174432479 33.282203360862006 10.56563310929265 37.000269543596346 22.77275291010722 84.79044414656126
2 5 	 # V Shape
65.5449919058899 30.2484797818236 49.516369293723606 16.323337387387593 27.497552775324642
41.46095035947969 35.06339299917977 85.46934668030363 23.340920369946716 61.796374815882636
2 10 	 # Alloc Shape
0 0 1 1 1 1 1 1 0 0
1 1 0 0 0 0 0 0 1 1

2 10 	 # U Shape
11.821076236798412 31.384192149495927 35.268224056229 84.19822673337013 98.3296411263318 42.76174711410672 3.952449478395992 89.08365895062788 66.98755541294864 34.00313480218086
96.04353625129708 0.41088474672822395 89.29716836860591 48.06376782604953 23.448250060452246 10.20341440028365 11.632031875659866 26.153840542750572 5.012611939326995 9.652950843016928
2 5 	 # V Shape
3.8772810185370266 87.41526754146052 9.595836847525419 22.42913303931924 72.16394669166758
15.144060309668294 10.484476875258874 15.121135622506099 48.32894384131047 37.13770323996268
2 10 	 # Alloc Shape
0 0 0 0 1 1 1 1 1 1
1 1 1 1 0 0 0 0 0 0

2 10 	 # U Shape
40.013971372129184 88.37447002735442 84.41847933199058 84.06289782261437 56.34786366933806 0.7065602172883989 12.338043830207068 45.31886277122923 85.94064413426479 87.85688015655103
3.898616749424111 35.31843338495224 83.22781134212227 10.608960931305699 64.33521549803912 73.59671526708865 70.50923386510428 21.563605160803114 76.98290559436099 26.971955443851936
2 5 	 # V Shape
67.41056610149184 99.11503682768901 17.76047976860553 53.822051249176624 64.62280552228485
64.28710180056554 71.49429735448025 59.61205182837891 68.79170169036391 49.506346312365345
2 10 	 # Alloc Shape
1 1 1 1 0 0 0 0 1 1
0 0 0 0 1 1 1 1 0 0

2 10 	 # U Shape
39.65624247073295 39.956595955282594 50.17622008472973 82.51103329532212 7.163590966987288 99.20323477484914 72.58949906184057 41.75221583535239 15.716219338705839 25.519827904949477
8.374450826633971 2.5076424370885975 48.68922664651981 36.06943955046042 50.05897175187509 83.63158530079593 19.150704222603764 87.06563618716811 15.988672500558732 24.37033731164755
2 5 	 # V Shape
10.373695939030425 14.300190120569468 64.47102402721151 54.34946972625918 91.83974218648451
6.37081135984957 58.80094050369803 57.13117921465011 7.9288583906934935 94.62409344265573
2 10 	 # Alloc Shape
1 1 1 1 0 0 0 0 1 1
0 0 0 0 1 1 1 1 0 0

2 10 	 # U Shape
16.92950950290274 93.34154080471122 37.848574922763866 72.85393915274608 96.70239290176221 95.83855281581899 79.80065206000107 86.43798288715713 60.62749721958507 5.558631250142931
82.76805701708747 10.45902108338711 45.56991002804956 62.04238730043288 36.174054443554105 75.01136717552977 0.19244303462487844 37.18411096645866 86.72701420253534 95.58946259957074
2 5 	 # V Shape
0.2403953910726342 90.4450708881622 51.45666912255344 50.26016197445 59.16105839001279
35.04489617616934 69.66071346198592 56.61159752716769 4.80583142278912 57.21198822320933
2 10 	 # Alloc Shape
0 0 0 0 1 1 1 1 0 0
1 1 1 1 0 0 0 0 1 1

2 10 	 # U Shape
26.390607169992997 91.97944309287024 86.48081730857079 36.86518342225323 98.87109977067246 44.1427389043945 89.50940298503683 57.92586061038438 40.387402174739485 62.85801495899192
38.982333206721954 21.401297945147814 82.36109608986372 62.015703291548604 53.57742217776732 8.378978594637 21.55512331099939 74.9933430854798 2.756047354144564 19.483516797105715
2 5 	 # V Shape
46.127477413116836 1.692726127923816 46.73858579842825 94.68288249839972 5.584769536181444
8.071763278719168 20.73782816116986 78.19679901751357 11.117721531229153 82.98226718847295
2 10 	 # Alloc Shape
1 1 0 0 1 1 0 0 1 1
0 0 1 1 0 0 1 1 0 0

2 10 	 # U Shape
32.15644402375807 65.60692283405749 3.294248263744759 37.19232584398231 70.88872908192613 85.23015358513587 82.51166094064136 77.56374146093674 63.806853010676875 67.48561984983671
42.25643459533035 66.10266629912955 16.63604399586529 72.29303830132488 45.578996720620566 82.04161730767034 39.82173699140574 22.56332167936954 35.968897288432885 72.83668774131955
2 5 	 # V Shape
45.563514041675845 74.13601676768774 42.219219634796715 65.82014231219269 67.7221102209987
38.49995791726083 75.95734190405676 17.751232042070775 3.756462227331403 42.37477633764857
2 10 	 # Alloc Shape
0 0 0 0 1 1 1 1 0 0
1 1 1 1 0 0 0 0 1 1

2 10 	 # U Shape
66.307582089063 80.14917375617945 17.83294656756481 70.05631586415126 96.7983977652917 5.43581572108277 7.732232001695316 16.89137545965287 48.44210820454848 10.443631908722772
67.36553507490609 41.822636717456064 62.74695131037495 56.75831096226438 83.40549219909889 11.98809324662956 64.8767925567224 79.8847407853597 30.39737784224874 37.532491838245264
2 5 	 # V Shape
64.9178392750554 74.39806287383473 58.875348636140856 73.29526891303492 24.05590385828573
39.90524838004757 22.612069191046334 60.48957504203444 53.96803805929057 31.886727048463946
2 10 	 # Alloc Shape
1 1 0 0 1 1 0 0 0 0
0 0 1 1 0 0 1 1 1 1

2 10 	 # U Shape
36.39819003673792 23.97675105346192 68.5674373087529 67.23087975929197 68.90119446434227 39.63081548879622 49.5816416627923 69.55418878610486 12.945140942141864 5.06221658597511
53.86271595722685 6.392302162111685 95.18498225598807 78.52895702869948 43.87563900118864 26.48413795163165 43.90234006492779 92.88808896954008 32.978840510072175 45.49419689220068
2 5 	 # V Shape
44.970582628191416 63.93766008672655 49.17201928522539 70.30007925402319 77.31196247428542
64.89628742093187 70.78920899003799 69.37451211091 70.63157997961015 7.767222680413144
2 10 	 # Alloc Shape
0 0 0 0 1 1 1 1 0 0
1 1 1 1 0 0 0 0 1 1

2 10 	 # U Shape
1.2243930949902393 64.25031817322409 86.01777923561372 18.993346934300625 61.44753264476211 85.81809096145061 99.33976105337983 30.179969420004326 41.263972324933874 15.560263957497655
58.697598066249334 12.42302437779138 17.59977749113395 63.02881567896775 70.31512785101425 24.101769863991606 20.275749711078195 13.820804109094587 98.79639342300715 2.1131778775085985
2 5 	 # V Shape
99.08445418775248 1.3728320222747836 70.71054463632125 91.67118342708385 52.05832974146407
14.45402491867096 46.775653577687216 6.802167860826547 37.6826149792622 78.28264783892526
2 10 	 # Alloc Shape
0 0 0 0 1 1 1 1 0 0
1 1 1 1 0 0 0 0 1 1

2 10 	 # U Shape
44.537919561740246 16.042755423069842 87.56597892325098 30.91606279111231 32.36431772282309 66.33897791808606 68.3613106250526 36.031658876488514 22.035742936762258 29.769982724339307
80.73574323264351 16.077430824850925 35.8237825657221 96.84918231094002 16.84943321244149 1.077757529911627 83.75682492770103 54.08602060120003 82.35469566275083 27.709214151620955
2 5 	 # V Shape
67.63147675750297 86.34472447962074 57.73464032093948 59.98135813317981 86.51785659222388
58.369116124395184 70.8318408382762 66.3163680286638 90.3786996634758 50.1136135551571
2 10 	 # Alloc Shape
0 0 1 1 1 1 0 0 0 0
1 1 0 0 0 0 1 1 1 1

2 10 	 # U Shape
53.910329756100936 33.85487347112801 27.212779233160113 19.94099846146733 92.89615839771064 12.965992437175489 57.510037165481144 97.70510032028132 43.089061949429684 47.33608729193397
90.28485397764115 66.63001910729426 1.9049996623246024 66.35481912038797 57.44931089988326 64.64517306243044 87.95228911228826 6.4613546441731895 77.99318799310029 52.100417023906566
2 5 	 # V Shape
96.04884615418955 43.88112374214445 83.19823176431925 4.998332405714412 29.11868683728932
42.46510541788595 31.81915557009284 4.69138810050721 96.24349257473604 21.866451475146587
2 10 	 # Alloc Shape
0 0 0 0 1 1 1 1 0 0
1 1 1 1 0 0 0 0 1 1

2 10 	 # U Shape
30.984978120924488 96.0589134408771 26.714969119631824 90.6013401120451 0.993540941029436 87.03163046640056 32.886429069321125 88.87009509466115 65.08580775060204 59.83654581333779
18.64805492367325 95.60737947121521 51.06038336409512 43.120247831034405 92.86612152149384 20.10414653232201 7.189144365273448 57.98965019714421 32.74977382479089 79.74064196574453
2 5 	 # V Shape
67.07067021434821 79.38746429424954 67.97160152945578 43.08862085692188 49.44654430637512
68.90664267989935 92.61903341848422 66.2941064283315 16.701823684541463 57.31533190338508
2 10 	 # Alloc Shape
1 1 1 1 0 0 1 1 0 0
0 0 0 0 1 1 0 0 1 1

2 10 	 # U Shape
44.90754898608723 76.86106210996351 88.11057954980949 70.02775408537461 88.37131744208074 11.299106582662489 55.883975990877744 55.987507086885344 40.06487473676903 33.389349846310445
72.79626863858869 74.30562810097246 86.57091965128963 22.011269158261904 88.49968436636516 73.12138252414762 67.45472548055986 36.73941953044761 19.978822294240807 84.52871469101919
2 5 	 # V Shape
73.09217432446987 4.456344105044674 97.32551145456756 70.18066599101903 12.310823633183398
88.03482296537247 27.542746919284234 17.29755203425858 2.725976681057074 86.10295755624499
2 10 	 # Alloc Shape
0 0 1 1 0 0 1 1 0 0
1 1 0 0 1 1 0 0 1 1

