2 8 	 # U Shape
1.2780814590608647 48.73716073198716 94.18066523433662 85.07950893767787 72.99644702208185 10.873607186897495 89.39041702850812 85.71542470728296
16.508661759522713 63.233401382349605 2.0483612791232675 11.673726878001622 31.63673116125404 15.791230667493695 75.89795881605053 81.82753578641436
2 4 	 # V Shape
34.46244909592174 31.879879686243363 11.166123199466039 8.395314332205706
71.27259356888429 59.95433962576555 5.567367958507841 47.97972816594304
2 8 	 # Alloc Shape
0 0 1 1 1 1 0 0
1 1 0 0 0 0 1 1

2 8 	 # U Shape
33.80540496495278 23.98746790524734 79.64357539879462 6.368643077465541 36.46156429960411 7.0022802624502445 31.936770705091 7.0382595106956884
29.026366713531203 79.01011234337895 90.54003208000718 79.26213850799262 56.18187101448784 61.601838507265136 36.14835422032018 16.88172985854528
2 4 	 # V Shape
43.62409336651609 73.28253363481761 6.2887623860700455 2.0732978881171316
77.0548066415019 29.995200943055433 70.11642750435169 73.46677209045018
2 8 	 # Alloc Shape
0 0 1 1 0 0 1 1
1 1 0 0 1 1 0 0

2 8 	 # U Shape
33.38744214510923 73.82526228486729 94.98333057371812 33.436415416124 61.16319967348144 36.56701675771531 46.154029138730046 7.500199310871569
1.9343362298242628 75.96494675521735 45.27591644919976 62.28340076529896 73.99515177978947 41.86634301818408 36.761762506764995 16.902881059075238
2 4 	 # V Shape
79.38724066348071 83.30374085844274 73.4212987305353 87.52945800236829
64.80564419758134 69.60661747706573 19.30180802665976 76.76322349393081
2 8 	 # Alloc Shape
1 1 1 1 0 0 0 0
0 0 0 0 1 1 1 1

2 8 	 # U Shape
84.49385308721757 30.216468778761076 43.822067087734375 9.141458692565019 30.097916984093388 8.569480601338675 34.371330696030434 70.93010177714358
97.39682557652591 62.52248400713203 26.93035401785444 65.67088061886622 62.69978191913107 82.56522290722502 53.36939818963534 91.11216648007269
2 4 	 # V Shape
41.55036692248403 28.60446694951897 51.90077415876589 92.245023827087
72.3911262619614 49.39130011335059 49.74963527482624 64.87221982847005
2 8 	 # Alloc Shape
1 1 0 0 0 0 1 1
0 0 1 1 1 1 0 0

2 8 	 # U Shape
41.415296022912266 74.33645420655272 30.018096650897817 25.04963795152747 41.23073163505353 18.60869558184651 67.19429117438393 49.09047156236074
64.81904233407127 15.877451404072552 90.89517088833217 8.083322430374407 30.192316712121283 0.01722537388888501 25.707972896460074 27.634497839897463
2 4 	 # V Shape
91.98059583425902 38.52700289790203 3.6185182377181158 35.998498914978825
6.956840340696424 72.3604772641713 3.534941923848889 40.74697244766836
2 8 	 # Alloc Shape
0 0 0 0 1 1 1 1
1 1 1 1 0 0 0 0

2 8 	 # U Shape
21.669144168267618 97.93804270566723 60.55158112510875 79.5657876716976 65.2964770164363 18.729683276884312 87.32169945029901 79.41458196488792
64.77718898098524 48.90300682303238 24.907659700475648 25.086649030879048 4.092973654715825 87.83258576166023 43.08714705084259 55.239820538744176
2 4 	 # V Shape
71.26727473152836 62.240198780706244 23.962800883898762 69.07185004237358
28.45593705082059 55.76099691979846 66.45475399597568 45.221706696628004
2 8 	 # Alloc Shape
0 0 1 1 0 0 1 1
1 1 0 0 1 1 0 0

2 8 	 # U Shape
29.87078763658917 2.773266075835501 42.265997464635085 6.544658271019488 57.46559438006095 68.79362468714375 56.83058309279075 60.372654739276186
59.96501042461839 90.26474290190248 53.102940591393946 86.13926874133443 35.19715939039939 14.062588525348064 22.18770910355624 79.3282062247835
2 4 	 # V Shape
22.96837238326862 77.25377474183456 90.28368325407534 54.43871912785486
14.322266096375436 62.34966034572851 37.94971883865353 90.84479428605393
2 8 	 # Alloc Shape
0 0 0 0 1 1 1 1
1 1 1 1 0 0 0 0

2 8 	 # U Shape
41.53075156128513 41.580955587688436 44.7604777128373 2.383980400885888 27.399239180774913 95.04112655824949 88.30067682907962 94.07089923703863
75.88901036227374 43.39920625873168 93.75041843727648 30.066107429845314 59.32158595891228 58.743422379721224 44.0753983615948 25.036821423134437
2 4 	 # V Shape
33.04821088661958 64.29192718366792 28.402158698075507 34.619571395548036
35.410263238113046 32.48058703912017 82.85301732406789 54.57853350663964
2 8 	 # Alloc Shape
0 0 0 0 1 1 1 1
1 1 1 1 0 0 0 0

2 8 	 # U Shape
81.29069496681629 95.3208648526758 81.15250866017377 99.36646858769667 59.0020631837469 58.64190839618002 97.23514300233396 17.97943603763066
11.931394425887165 31.648918525033043 2.7951257785015615 58.563931949812634 97.57856428159509 86.1231924408785 5.924875446782385 59.87538148986853
2 4 	 # V Shape
61.821079823794136 14.260913299743683 69.34500806215817 98.41792226515732
94.68179648560974 7.415698004016469 84.0361383277809 27.189946824722988
2 8 	 # Alloc Shape
1 1 1 1 0 0 0 0
0 0 0 0 1 1 1 1

2 8 	 # U Shape
37.748480022693386 46.43215810101403 95.55376106575166 73.62569461495671 41.400581666026135 66.69946541320488 26.318642995158704 57.18641340107804
79.23606519581956 39.198772908856014 26.102875695786466 81.96563726368649 97.93138003221368 24.835026193609387 83.33099182617352 37.54216584443755
2 4 	 # V Shape
26.5688464068354 56.32536095968196 25.908913054971595 56.382134379767216
58.46547606809664 40.09986329672216 11.662225954220418 11.707237068211462
2 8 	 # Alloc Shape
0 0 1 1 1 1 0 0
1 1 0 0 0 0 1 1

2 8 	 # U Shape
81.6612358880182 29.13424595463794 39.41051418095679 63.06562657571645 82.0955782119158 32.13886772078395 16.847811351592178 27.225627931772056
43.89763536721386 9.846297786639624 62.83355101588168 89.64800274276426 34.219781219585364 95.63789416359198 41.96281071311628 53.57437938546939
2 4 	 # V Shape
97.67308840392515 71.00334933361196 50.550927531971176 75.45580166234636
47.330732756814896 72.15739814674552 22.234907776730562 7.689554943318133
2 8 	 # Alloc Shape
1 1 0 0 1 1 0 0
0 0 1 1 0 0 1 1

2 8 	 # U Shape
31.81191073565963 28.182995732813932 93.9989221657232 96.05936691465583 70.06614037745034 95.52350409343727 17.497807210117223 85.66416606358138
61.8198746747257 29.55592488465927 59.64326108890619 10.92914422752198 79.1989800807611 64.1877324256918 10.704076626823245 21.965878411878847
2 4 	 # V Shape
29.17413457830691 47.37154519806953 23.062615141484464 29.755971880310884
55.148280673048546 14.698562884594757 75.33193424431563 45.05683593501077
2 8 	 # Alloc Shape
0 0 1 1 0 0 1 1
1 1 0 0 1 1 0 0

2 8 	 # U Shape
13.919124586676324 69.88103112095466 97.51956094037246 99.58282939543165 34.773721164898085 62.57633388317952 94.23759623025943 62.45378976215248
87.28197456685284 69.7575525903039 3.6900658417940324 34.5527801300605 89.38272516290294 46.88005606416107 43.39699285171342 30.492016208911366
2 4 	 # V Shape
15.973648714811528 66.88732701919983 39.53409671256616 88.21058642385889
4.319015972113338 87.43493304247222 9.236932347605842 82.35181243394845
2 8 	 # Alloc Shape
0 0 1 1 0 0 1 1
1 1 0 0 1 1 0 0

2 8 	 # U Shape
59.65142517586245 20.962951610600676 40.19369310441364 59.5224983967658 61.02680245512897 10.79376491401961 19.256691051904095 45.824795884600256
51.61575064656704 85.72442769312532 57.673197499743424 81.1518435427909 36.97072025391894 18.77256941974219 27.96914968876747 2.497454194548221
2 4 	 # V Shape
36.413103867482185 63.550037854073324 84.19721853830143 23.47933466217542
70.57667105508813 75.2439545407674 69.1218977711084 96.33786259380645
2 8 	 # Alloc Shape
0 0 0 0 1 1 1 1
1 1 1 1 0 0 0 0

2 8 	 # U Shape
64.1454658706931 52.27852740465856 39.640675687477966 77.00442759071208 5.335398595119944 88.61403755906514 67.91323644686999 41.94870328283461
69.17316564148106 93.92429163477107 65.4838804571006 66.83436483460108 70.209715928845 91.56819164973004 88.93257613102556 27.936291880518993
2 4 	 # V Shape
2.2428446464295204 27.78151630901844 36.402668507854926 24.74544495511266
45.73033454333329 93.79876976049715 18.935390407689802 38.149975472524474
2 8 	 # Alloc Shape
0 0 1 1 0 0 1 1
1 1 0 0 1 1 0 0

2 8 	 # U Shape
79.6276211383568 69.6634735426696 23.57128197772106 52.03976121468744 37.706570653146144 62.48342753338507 12.298925272363626 59.6503535043488
3.8622631145561748 50.678495186094416 81.03264585139243 19.218684029749113 34.69310302587839 11.638754452722011 1.9110881162944349 93.52971726850386
2 4 	 # V Shape
57.78256143765669 40.84251642291484 78.07107278141497 48.92466525121396
77.4765726481008 42.95787136777896 32.37637730583951 92.23480232015278
2 8 	 # Alloc Shape
1 1 0 0 1 1 0 0
0 0 1 1 0 0 1 1

2 8 	 # U Shape
28.026792153324433 47.17202229865482 47.496519815270524 49.95867314903164 44.58569078146528 80.50906714454958 19.989604772001655 50.43946730936415
13.102575864259913 87.13419867534361 42.49588186747519 99.80367764168001 66.32798868693475 20.407692876607598 92.4843056130119 29.359520854479904
2 4 	 # V Shape
63.840042026324504 76.51890409169717 10.32936627923059 18.412867360505558
42.667865537675894 35.857379454003116 31.588384394395284 27.02047999356364
2 8 	 # Alloc Shape
1 1 0 0 1 1 0 0
0 0 1 1 0 0 1 1

2 8 	 # U Shape
59.570765622517655 54.620328841075384 69.68256352874313 15.65136205664911 22.144056261639534 28.147473977304372 65.92353418218573 56.81169787781872
1.4546211045279978 8.860979797161006 7.605619494096549 4.034368998071813 95.7396222645827 32.51347541306554 20.09132316705139 81.95702797544516
2 4 	 # V Shape
32.08102920717817 57.01779230555222 47.68421425635054 82.2132332414339
66.46400998193462 62.86869387410713 35.89355005264664 11.639658730854407
2 8 	 # Alloc Shape
1 1 1 1 0 0 0 0
0 0 0 0 1 1 1 1

2 8 	 # U Shape
73.6892954906496 36.28976680473694 27.82258982179121 60.299327949696824 47.501629986920534 98.75456069611546 29.608083567587904 92.08062912251056
23.453398826262127 80.13581077849304 86.53841270077572 18.891198765058594 44.38355282580988 71.09976288108786 41.2012067377455 10.743822288272042
2 4 	 # V Shape
76.75514270498843 48.66285503883711 18.44960385310326 5.130677276779694
52.06808778903525 29.23072831306166 81.3293916183285 15.754387619283417
2 8 	 # Alloc Shape
0 0 0 0 1 1 1 1
1 1 1 1 0 0 0 0

2 8 	 # U Shape
34.28271717156461 42.929623483899505 70.82189037140742 62.55999427782043 61.45950682068692 48.17202532714238 59.58144216631223 8.526389890747277
21.055469568192752 61.89541216254126 54.46589112979172 1.9001773146367973 80.62297252900488 48.68116860946452 7.133438599650033 84.96739466890503
2 4 	 # V Shape
72.08687443690174 68.34288486049498 11.166679394805046 27.430647466259884
20.65732555386457 5.279661954738691 81.5331655045315 98.77450739037226
2 8 	 # Alloc Shape
1 1 1 1 0 0 0 0
0 0 0 0 1 1 1 1

2 8 	 # U Shape
60.23576972742446 26.82215130220169 53.872893570325346 40.485021395092126 3.6844351152854005 69.67572074805037 86.7915993983834 60.873462006334975
14.770033046013154 41.94912817706329 20.36091113761036 17.03278369159429 29.427293403981924 89.59615333494608 84.30116626352047 79.36338005148885
2 4 	 # V Shape
92.80694859615531 10.785770999767141 21.89876359335362 4.338633359302446
0.41498010620136805 64.12069931025196 40.85230873817298 56.55428078685988
2 8 	 # Alloc Shape
1 1 1 1 0 0 0 0
0 0 0 0 1 1 1 1

2 8 	 # U Shape
8.08841598222979 84.4779874551843 5.5538002067265335 5.343027617115059 61.49723628557594 20.997239448083015 33.456344737960066 78.63193424937856
42.540905523891006 72.93805453539383 28.182826376202406 13.108359297364292 6.802750988734529 83.84229943926029 12.209844802966563 7.853778756279761
2 4 	 # V Shape
15.705698621131969 52.15252982429208 68.83714513208697 49.409582257918046
62.0824613541948 49.71992074981084 74.4369028733814 60.35349781620516
2 8 	 # Alloc Shape
1 1 0 0 0 0 1 1
0 0 1 1 1 1 0 0

2 8 	 # U Shape
35.55591061286791 51.4610494271902 71.53841829146089 29.919413417742824 99.97816371786115 38.55554875883389 91.34436924333656 20.04650867422525
64.41243113634827 61.97811427460395 77.20715418619385 36.11518626340643 58.24310901845181 34.82367149606891 78.06182656165187 23.596053478058455
2 4 	 # V Shape
70.30920096758557 89.1471645639178 18.184318291961098 22.89627165544402
57.461159334376596 85.65415095508675 19.061629018680847 40.48343742010234
2 8 	 # Alloc Shape
0 0 0 0 1 1 1 1
1 1 1 1 0 0 0 0

2 8 	 # U Shape
42.949965364018404 72.0810464865966 43.877990346823516 78.2553030796784 82.17184826747815 96.48995815113909 1.3515038017535397 72.35740056307046
70.79187213230122 29.09020617954764 11.910138348443844 34.39404094970928 64.78738533429194 69.87323421995512 91.50249292875912 30.349961795698576
2 4 	 # V Shape
64.61755831990618 1.5314374477036208 96.69876589513214 44.82969113200814
18.92888317475717 30.322300116682534 88.0421548224529 30.28793895493649
2 8 	 # Alloc Shape
0 0 1 1 1 1 0 0
1 1 0 0 0 0 1 1

2 8 	 # U Shape
92.41266138965793 33.716469964112505 47.8156008089111 50.16557469530311 33.257744671332304 86.59320697479822 97.04873523738074 3.3634341867895268
30.735260589958514 55.606453279809344 39.71540979969894 70.98983665982321 72.42710870485386 6.99842590849189 84.4441017346374 17.108259929498637
2 4 	 # V Shape
76.0023239704424 44.80285998801264 0.44100585324073904 51.009738598411545
67.74724676271215 0.6069793754192587 45.58631606089985 41.75886785134121
2 8 	 # Alloc Shape
1 1 0 0 1 1 0 0
0 0 1 1 0 0 1 1

2 8 	 # U Shape
42.03097332408795 41.57927634495145 9.580600114258752 11.168210464854988 76.79455848603186 10.17958806506628 15.52621419029716 64.12098894011525
46.408911383477744 19.95461881887025 24.8732120640939 3.095534239905229 33.50032581611128 92.04418698480612 9.11218908901219 78.62448527931475
2 4 	 # V Shape
51.71709821394413 77.1559221824789 72.70565811137683 18.7102859833841
33.693006902219395 97.19585252177201 71.09335623881891 69.9128645704309
2 8 	 # Alloc Shape
1 1 0 0 0 0 1 1
0 0 1 1 1 1 0 0

2 8 	 # U Shape
59.44809706989973 10.547501839912865 36.04567101472252 33.43496520374296 61.29303162280625 0.4033238117851501 27.684159874089886 76.13943984676821
75.88451293694843 78.96783967942352 57.686629607023775 75.4254270126936 43.48095570047153 31.532063146231703 81.17280739809796 39.69418972815052
2 4 	 # V Shape
13.251962208529278 95.52167961457813 12.857094319574047 76.68570066940048
20.87540007625581 85.84071488088783 62.413572404838916 94.3870852715064
2 8 	 # Alloc Shape
0 0 0 0 1 1 1 1
1 1 1 1 0 0 0 0

2 8 	 # U Shape
35.35004061828615 4.633635954330895 12.19111402915718 50.348478960675955 53.79458920620862 18.461255736647374 26.723165840895536 1.583128787765764
95.19139630968712 56.992654418712604 3.4244599396190067 11.237351713911925 1.8894896803433814 11.177113213536426 89.80402796328323 96.7182859014398
2 4 	 # V Shape
88.91986797395535 27.72313693128192 91.12439797896155 11.314143049074888
62.33216453795679 93.08643634479154 78.2186484896233 36.68430854897052
2 8 	 # Alloc Shape
0 0 1 1 1 1 0 0
1 1 0 0 0 0 1 1

2 8 	 # U Shape
33.96141371875703 33.06017193943427 7.288741536682641 83.69094165918295 76.09040900153833 32.026509893733426 73.60547203616157 99.14317604358305
5.027860140746632 37.71633039169407 72.80489090918725 30.179917914867637 31.67536363746557 93.90135095756091 34.15395116783174 69.92256075777969
2 4 	 # V Shape
37.10703721149613 31.735137380235166 41.892764222298105 54.23930993557514
69.34267791294839 99.68479038512844 76.10296619879313 53.4507425405249
2 8 	 # Alloc Shape
1 1 0 0 0 0 1 1
0 0 1 1 1 1 0 0

2 8 	 # U Shape
11.536022843309379 62.88735136694361 61.99886621455531 47.96605430090924 58.838504914326414 50.64835357941805 47.70032156947869 34.49853089438595
22.369579031197485 55.466474822459965 49.59190607471877 67.11601082700776 57.51402693489515 47.35394821900629 71.53421489667451 41.6190861367148
2 4 	 # V Shape
13.335696520954121 37.37474352209046 40.51676643916513 79.85577221373632
25.547294963445488 58.563730951254556 82.46565232675135 21.735158509920694
2 8 	 # Alloc Shape
1 1 0 0 1 1 0 0
0 0 1 1 0 0 1 1

2 8 	 # U Shape
13.510271554157905 11.905296453117886 67.44566964419231 13.883456546095541 70.21786257754893 43.49664183759512 12.846980919403773 56.12435885236603
79.06184760505192 98.98512621425064 24.79744645142059 39.15568537417825 48.4498192375703 48.697449161538664 23.577556977402903 32.9804740329767
2 4 	 # V Shape
8.92852530830166 57.223572350825535 99.64806556574634 12.42706463380353
72.03067839735043 52.75609376897209 32.782898741315435 33.284694763535086
2 8 	 # Alloc Shape
0 0 1 1 1 1 1 1
1 1 0 0 0 0 0 0

2 8 	 # U Shape
50.422861516372244 51.428064872460524 59.801956434523994 77.1453571927984 49.4641945769829 44.98900561837736 77.40087241063077 55.24263709881924
13.86057216588008 52.6982121157359 79.61518678212546 31.8583084483682 6.579017417155697 46.90443828428227 28.77336641244551 23.01720219849721
2 4 	 # V Shape
39.5614234496372 0.9101173902875459 46.85832916050921 14.58230669192454
79.85398390250266 4.412298496516465 64.88957876878523 2.727719027711284
2 8 	 # Alloc Shape
0 0 0 0 1 1 1 1
1 1 1 1 0 0 0 0

2 8 	 # U Shape
23.215902881161455 35.9799118620243 59.42639750328106 46.44209161301824 44.51363110737373 77.52322791156718 64.23303926199053 58.5006074603446
11.45938205298932 1.9831585506475347 37.275640238443316 12.115944059611984 65.33040480273152 85.5851905301905 73.73706620965469 44.40488230468893
2 4 	 # V Shape
83.66788420934945 71.49815902234945 52.126956851197626 60.52301283286343
18.16838484567038 2.001193888135655 91.94138476350562 96.682032616125
2 8 	 # Alloc Shape
1 1 1 1 0 0 0 0
0 0 0 0 1 1 1 1

2 8 	 # U Shape
94.7622233749209 41.294923384300155 15.244670902600454 72.79627831155851 61.41355247329845 49.279475057268094 39.12469281842872 2.8027457610231177
92.0465020319048 38.18005090737498 4.50426458020895 10.342179232202287 59.001275323917405 3.5562092442320004 76.40466770536634 74.25234024961641
2 4 	 # V Shape
0.4860139645292083 64.42859473800125 30.638682789719084 29.078417515824217
85.62368034990952 7.149242115150411 41.70130367047879 95.47786023293266
2 8 	 # Alloc Shape
0 0 1 1 1 1 0 0
1 1 0 0 0 0 1 1

2 8 	 # U Shape
40.61342620787289 43.56113367739226 87.46697048532488 82.53378067634635 23.422954702111333 58.26849646299449 60.05306492917427 48.48832510634603
14.802760595999043 91.29065987480266 69.60665165784886 9.130580933789222 49.8743605086732 3.4881424387185 69.96115137560676 26.052985712056987
2 4 	 # V Shape
44.315329920517485 28.98670811296491 45.498469179384784 19.887518453835117
41.24702386857957 85.77625564298081 72.46607765353717 41.62208989103065
2 8 	 # Alloc Shape
0 0 1 1 1 1 0 0
1 1 0 0 0 0 1 1

2 8 	 # U Shape
18.306686199289356 79.16785580650661 0.17608856440638476 62.82677367679669 19.83971314501335 83.16564815274653 12.685140324452526 23.116857267845646
83.18229128985605 52.89335227948313 44.87578883865778 19.582830549879894 93.42282001488167 75.13807073179666 19.458148125474416 54.56875945584143
2 4 	 # V Shape
95.5103810863529 87.52161664679018 79.18811692227403 51.97457059882422
12.974664608308439 37.681462013204126 14.699465004051138 95.27386154741866
2 8 	 # Alloc Shape
1 1 1 1 0 0 0 0
0 0 0 0 1 1 1 1

2 8 	 # U Shape
41.85633944171412 66.3392629915648 36.46770782800039 89.74358021351777 98.53409262157935 56.889713200166355 69.02013914972122 72.68676349317317
5.325581320114859 67.19041657237422 46.43045212736524 16.550023524594558 31.733122793973056 0.6137975100373949 23.44869523102342 64.04831485551016
2 4 	 # V Shape
15.42255655462924 72.91065926434763 93.87157404606302 0.6596098430836972
56.743387812217215 85.59969504762637 95.4840342325879 15.531104476054091
2 8 	 # Alloc Shape
0 0 1 1 1 1 0 0
1 1 0 0 0 0 1 1

2 8 	 # U Shape
29.411187541970428 16.51253021517325 33.30316243829423 78.37998189936309 85.64516986630377 40.73132687283449 55.27619976771818 79.8354276093141
76.60644826630208 77.49275733685663 52.50195398321197 65.97132796610572 13.200756325460006 52.50277986494887 1.5547125172259202 45.57276741480616
2 4 	 # V Shape
10.506650463611322 88.16833700580426 83.79596620128422 59.37511237599624
92.62070486590066 12.824669794821041 69.46248979340436 41.50945147113819
2 8 	 # Alloc Shape
0 0 0 0 1 1 1 1
1 1 1 1 0 0 0 0

2 8 	 # U Shape
16.21982196706515 70.65806900155226 81.15747657029439 22.9209793798818 99.92893550484881 39.08142799200876 42.96153050918377 79.13999530892924
78.9010128587845 96.76490513579127 92.27327106565635 97.20240333012823 23.5205778247631 72.10823121363075 74.825971591699 82.30213195118716
2 4 	 # V Shape
32.06421988372211 57.499763333248296 69.62003282637336 53.29461506397946
31.331600264775084 82.7076773605821 67.30525392118058 8.4356160274756
2 8 	 # Alloc Shape
0 0 0 0 1 1 1 1
1 1 1 1 0 0 0 0

2 8 	 # U Shape
89.26670334324236 83.84924360813633 9.743909439945197 13.743873930741357 49.401901237558434 68.75136267925747 7.604580582168408 63.227599402995395
73.24033931758277 53.28179716954657 91.8472039597142 6.974490678526157 67.41043685403314 72.55505195196179 14.928133102822905 69.07652310821385
2 4 	 # V Shape
80.29719572655948 8.463686226739853 12.242474902157385 89.45597050959049
41.75085600247389 45.02312519412103 57.51592334384764 25.779862419861466
2 8 	 # Alloc Shape
1 1 0 0 0 0 1 1
0 0 1 1 1 1 0 0

2 8 	 # U Shape
91.8938685352345 39.485325140766214 33.141475144477916 27.348372109294516 60.3256824029471 60.60841740952541 91.40723540735944 33.06216489266396
2.842165113662809 33.990946737396634 37.509423326956195 78.77519146495624 22.80722941684017 86.97047953351316 71.0476780884889 69.57332136436843
2 4 	 # V Shape
72.57682025923772 69.95657018162224 97.05623195263654 86.12797757014293
52.32201800852281 10.385030000353145 99.83121757028901 3.5538421723389724
2 8 	 # Alloc Shape
1 1 0 0 0 0 1 1
0 0 1 1 1 1 0 0

2 8 	 # U Shape
88.81777121227842 29.374257421738715 11.983188317938742 37.10814444469819 86.32668613717975 87.75478166903326 61.770317147579945 35.44122616762853
58.281745825357746 24.489467821184107 11.253889551093366 2.2813263469359857 3.2254367105587822 91.55814687308983 57.14926391700965 39.313120269083335
2 4 	 # V Shape
81.34067400560106 58.08087125715192 13.859387251292166 69.89298523640583
43.826899408483634 62.05562258512306 96.25555941413042 5.074625061386218
2 8 	 # Alloc Shape
0 0 1 1 1 1 0 0
1 1 0 0 0 0 1 1

2 8 	 # U Shape
16.18360858084985 29.76163448983219 26.772843111436963 32.742658819684436 74.25371031571328 84.35828859207953 88.36681383747113 29.01408407933941
75.79993045913434 23.412638932193264 96.66071153096873 57.195484367231074 34.16176988865725 42.72531648788912 59.119788747770045 63.425912227145965
2 4 	 # V Shape
43.27142733192569 85.1173511198291 93.53616488857828 81.23371921395649
51.409772820835165 98.64850034279932 67.79813261081719 15.580089995186764
2 8 	 # Alloc Shape
0 0 0 0 1 1 1 1
1 1 1 1 0 0 0 0

2 8 	 # U Shape
96.9442081197137 65.40390781779874 24.954889327012886 78.3628818183002 61.2821609099861 83.1436052719923 52.97796566677836 70.83599418309052
18.66287514568371 18.8179086610621 8.392947152011443 87.02160297176917 51.00452145577841 13.023549752071395 90.25132375195437 48.625846898634315
2 4 	 # V Shape
17.149464520152545 6.4560024870786155 8.241568427033963 55.883676753427956
36.970988343967534 83.8690238452907 77.58810908831694 55.442604222707836
2 8 	 # Alloc Shape
1 1 0 0 1 1 0 0
0 0 1 1 0 0 1 1

2 8 	 # U Shape
38.245943825114615 54.94784562590289 21.304791857321327 44.309287435417 27.500868516452215 12.662804756893497 81.02102318791745 62.53759946123336
63.47357677351887 89.96587635003918 81.00726408908648 40.91380335203514 28.36081940105212 52.935493169034174 87.61015216317321 95.82861285652604
2 4 	 # V Shape
96.29037890011567 40.762858632082455 56.96275200096239 12.08337200403118
44.3834178298081 77.65944007016576 16.484063328183275 13.20482892316167
2 8 	 # Alloc Shape
0 0 0 0 1 1 1 1
1 1 1 1 0 0 0 0

2 8 	 # U Shape
43.41586681362792 4.67590187502328 88.8604714508878 23.25297806919695 21.00323234957049 0.6363690301556924 83.9718161091009 72.35866432290143
62.39880316977967 24.567639383033235 49.03126171086911 76.58659680398864 6.835795051681604 64.7862754132008 19.870538138103477 49.16866106346811
2 4 	 # V Shape
80.98557173513126 83.10952713712969 73.92713056767052 64.51528112511528
71.89692393008322 11.038679756089786 29.699560543874004 13.1822395512192
2 8 	 # Alloc Shape
0 0 1 1 0 0 1 1
1 1 0 0 1 1 0 0

2 8 	 # U Shape
52.33004673890878 88.96637908473593 18.634198389459232 2.096006316555199 84.88143402950351 45.16366061906846 9.85756235915437 57.168733442719656
57.0017934799321 26.933206117480413 88.39293098116929 82.83469731195113 45.57688123584621 23.634565872987533 29.505856320523925 90.16409511152497
2 4 	 # V Shape
40.45961435393154 58.57199919059261 15.881494797221585 59.53157904740548
97.86965056078355 89.61156472443238 39.43795996582483 25.605450672734587
2 8 	 # Alloc Shape
1 1 0 0 1 1 0 0
0 0 1 1 0 0 1 1

2 8 	 # U Shape
48.77713773450042 87.26074418900119 14.055620958172755 1.9650791963790715 33.27610914919015 87.71936007657047 24.1334589088382 16.41081689296663
71.63274993276866 3.5779172592617425 69.5639476080881 46.82770721722993 43.69549469268509 81.69270590932301 38.386042815956436 48.68596015354477
2 4 	 # V Shape
26.90054219373127 82.26195766159523 80.22290442477819 75.81868815339665
4.7889832418227645 44.213784160923886 49.58527738537089 51.40193254021251
2 8 	 # Alloc Shape
1 1 0 0 1 1 0 0
0 0 1 1 0 0 1 1

2 8 	 # U Shape
47.5637520317561 62.622303836143814 14.763055966746707 4.5634145554740435 52.730121429566914 32.21361910025886 79.36305469145033 59.5116879309675
69.85919609398373 31.04097608861779 85.75577226553848 99.11073368405661 67.72716873049993 23.52264641035353 24.40141021795428 83.03244614393466
2 4 	 # V Shape
24.686140049550996 91.55022698405494 36.6172840425406 50.45363312131973
11.634230314159655 31.545440504393053 28.316558424319616 48.064019641402346
2 8 	 # Alloc Shape
1 1 0 0 0 0 1 1
0 0 1 1 1 1 0 0

2 8 	 # U Shape
27.666470555887056 7.874154994650661 83.95515206190527 87.6491460223122 43.852546870219264 34.21474292026356 82.94552728979014 45.15306393708746
17.710770426209834 56.21940822937993 55.32243122656356 75.55115309233558 74.21573712154883 99.82948829951414 22.684551765253058 95.17994066652655
2 4 	 # V Shape
30.78333577512129 72.32882593287073 49.41060960560804 47.55585232664199
4.233875933378684 28.76364931730532 58.064805684502694 13.87358036997497
2 8 	 # Alloc Shape
0 0 1 1 0 0 1 1
1 1 0 0 1 1 0 0

2 8 	 # U Shape
48.27496466342483 46.004877795551955 92.46461826143431 28.654272218123978 4.983092205420824 97.43669930494926 90.9707287370174 15.940173522284606
38.132316727619695 93.00779175332607 55.671379324765105 42.655826983314824 15.646116122276975 34.74367003475267 30.733654191387217 85.98908384289265
2 4 	 # V Shape
21.577371220318387 67.01585935245049 12.980842791073544 45.97252390606151
65.84049729034919 73.79871693505376 76.40652893715853 88.63011598458364
2 8 	 # Alloc Shape
0 0 1 1 1 1 0 0
1 1 0 0 0 0 1 1

2 8 	 # U Shape
21.782405631829693 17.244887093511764 86.6372353885222 76.00934784721379 98.31857931626658 62.44844074864307 17.436744865889008 49.831168402226076
90.67990062520843 61.35843319362551 81.73352956190166 24.41983953414408 14.137993132240222 96.64379980636258 49.25113990653573 88.5602247228142
2 4 	 # V Shape
56.39480660382347 31.741244698297 70.42303088510874 46.52661552736124
15.114457827742267 78.03285254063051 99.63756020020037 84.71091360019177
2 8 	 # Alloc Shape
0 0 1 1 1 1 0 0
1 1 0 0 0 0 1 1

2 8 	 # U Shape
63.166746317625744 14.910719533653028 9.492004458692538 7.196235011907448 50.7066617006399 72.6838892611743 64.82125342362005 41.059425092566514
18.885257300186986 42.13548016987113 70.58878416476723 61.310176826775496 94.45129282922966 78.28927769066227 91.29834338903142 91.33100082382427
2 4 	 # V Shape
59.56763439959969 26.06274071682455 13.208797908026316 86.71541440667812
90.46937932393075 49.257327473703526 52.937469560091785 65.83771168112371
2 8 	 # Alloc Shape
1 1 0 0 1 1 0 0
0 0 1 1 0 0 1 1

2 8 	 # U Shape
50.47901612939788 1.4311358555266773 65.00384304136159 0.545623683862928 1.8966917098361513 48.94561007159015 62.88032171345856 45.989495555558555
31.23143886715424 66.0081107875129 56.716764433553536 19.168294067943137 15.636651398164968 16.11698264948935 92.58454061001194 81.2742910562562
2 4 	 # V Shape
10.605451300843583 22.374551195610472 44.28339366235588 44.68879025321911
90.94203632779296 7.7697313503897085 40.22573513629133 71.67792709172636
2 8 	 # Alloc Shape
0 0 1 1 1 1 0 0
1 1 0 0 0 0 1 1

2 8 	 # U Shape
32.893645216970256 63.88641091390518 17.282120743339767 65.96059722510577 56.245884866351105 30.31289573866599 50.98806807391346 68.05429857008266
95.56720029887265 28.06676497612467 4.866556887318218 38.52422727511868 27.087815031425965 34.592488011168754 97.89364888877533 45.07068367826638
2 4 	 # V Shape
51.9208188424248 15.077929633666853 32.44848797135907 91.22452001015722
37.078734182066576 56.238317289979335 45.04185522502582 63.28163041667343
2 8 	 # Alloc Shape
0 0 1 1 1 1 0 0
1 1 0 0 0 0 1 1

2 8 	 # U Shape
46.48035519140507 55.24121337890225 23.734983447940174 56.40125567769586 44.15599133715587 68.01396207675523 19.59208782884896 10.570419410883126
1.1568504310340733 95.78136408303199 68.94732460383847 5.475316873963165 37.28329919881808 26.35768658690121 89.25618078023838 52.80186497248284
2 4 	 # V Shape
42.68849625716522 63.5009277405757 42.91979450736263 71.6829298174311
48.148966844096734 49.86141360235504 81.27853172068293 56.73100101802532
2 8 	 # Alloc Shape
0 0 1 1 1 1 0 0
1 1 0 0 0 0 1 1

2 8 	 # U Shape
97.98498009766115 80.18917492790236 44.13783204785572 38.51904773092073 88.9632660775658 2.0570814443777174 89.80487320545112 27.50391250354077
37.04927200011565 29.711187217137812 39.570471737813165 72.30480739911623 99.62798090158006 40.634917729583066 22.76060380938193 28.999430245489123
2 4 	 # V Shape
59.57982507147901 69.80142466192129 68.10310301143028 59.73210971872778
70.47479762736758 64.66420437265448 86.9070169149636 65.37853127818951
2 8 	 # Alloc Shape
1 1 0 0 0 0 1 1
0 0 1 1 1 1 0 0

2 8 	 # U Shape
15.86777459952675 12.362853093734405 28.720706994194156 71.91532098996505 49.37903203359368 53.66006466619285 89.80849227493484 78.9020328985424
56.73805775511656 1.0411773375793576 6.414568017394506 59.64680621621308 18.515158511901785 58.241169953493646 57.60427103521077 69.75709010812419
2 4 	 # V Shape
82.5653954331894 43.04298890937637 32.577978918274894 97.6514344926474
41.81883709783808 37.7589307433957 52.06900017898778 68.7689982381911
2 8 	 # Alloc Shape
0 0 1 1 0 0 1 1
1 1 0 0 1 1 0 0

2 8 	 # U Shape
31.79594491258493 22.833139676060565 21.85772620444818 6.841557957911871 14.106119839749931 89.54506173212745 43.92097014081408 3.716553592948335
39.18864836353841 28.929301985145027 2.3870814354820302 8.863309980951184 80.65166556698304 43.69020771212079 89.29557795200007 14.15287145109707
2 4 	 # V Shape
35.030742931421486 94.1148224696487 57.63630730218382 90.43052592731982
86.65092097460189 57.57174428863128 69.22858492849493 94.49701585037748
2 8 	 # Alloc Shape
0 0 1 1 1 1 0 0
1 1 0 0 0 0 1 1

2 8 	 # U Shape
9.771777701886663 83.76944673248002 73.17190793157094 4.940065349833567 75.26187596525007 25.521071483965272 87.56696189605634 77.41494180054953
6.9747519119948915 89.40386086691416 35.18422494521635 64.57804905701941 52.614814212165086 97.11561463561131 65.84705308119733 73.67550650896791
2 4 	 # V Shape
1.3863498796747753 82.86170111974023 21.04104917126882 45.55567754476713
94.17959763845786 26.242373711378963 57.91165186958277 20.35308158494139
2 8 	 # Alloc Shape
1 1 0 0 0 0 1 1
0 0 1 1 1 1 0 0

2 8 	 # U Shape
81.16635243353375 85.8305869670101 84.6918300173089 81.89951709348351 68.49932884725925 19.97473155559032 99.68809102163779 10.645045288487298
22.862962221402483 34.3871091066978 0.7335832917028884 26.22735487125256 93.74501662283821 28.276480170043417 66.64844348547038 86.68099146624012
2 4 	 # V Shape
10.037403812788693 67.96297159764399 72.36373481000544 91.87096193115568
10.375491614667908 65.64669927432521 58.51900088869395 69.14518629505714
2 8 	 # Alloc Shape
1 1 1 1 0 0 0 0
0 0 0 0 1 1 1 1

2 8 	 # U Shape
0.8692518702667851 99.19594017083723 30.02823748172415 22.983017671986396 6.511234867537075 78.80001782602002 43.64303588242048 58.257643120366744
40.68055280958095 87.16701260519041 62.41467945231792 81.97617996836527 33.882802622889805 78.74846111523676 11.717052917138759 95.455597833383
2 4 	 # V Shape
6.967140678287642 59.05626346075138 24.932739385977698 29.762456984206366
51.24467506724272 3.972008406007832 34.59855343859518 25.731733586871776
2 8 	 # Alloc Shape
1 1 0 0 1 1 0 0
0 0 1 1 0 0 1 1

2 8 	 # U Shape
38.974349455840255 41.5123007988203 97.4951804670962 98.40605049814673 33.12409307509454 83.74704638367685 79.29277712713741 32.39329724626144
57.42047872758328 93.94579125764899 41.28249200007394 43.436709574826224 47.64036603456903 90.01788595730041 12.072372082179793 14.948714608339753
2 4 	 # V Shape
58.4873021491298 99.4589902743707 69.44672439018814 47.232280087216225
79.39997805481693 14.279694858937086 53.88247582691774 63.714007104716806
2 8 	 # Alloc Shape
0 0 1 1 0 0 1 1
1 1 0 0 1 1 0 0

2 8 	 # U Shape
59.913933364512616 91.67435511095259 45.19770794047372 79.8925215664701 51.60148183949641 9.78872381329946 66.40686436024507 68.90647650651074
94.14385632530082 17.62211087871165 9.693428287673589 96.23042379955257 29.5742554059112 34.213327758128955 7.871313410780401 33.299985378499386
2 4 	 # V Shape
25.940779388617162 31.948663302462975 56.41280907495505 14.408273757176005
12.15478419607583 53.79925869086462 98.81654718750622 75.62520062861016
2 8 	 # Alloc Shape
1 1 0 0 0 0 1 1
0 0 1 1 1 1 0 0

2 8 	 # U Shape
32.21370997952606 14.175409019027974 39.41879437175654 38.909780900468824 15.856986351864322 42.08770332662569 16.391147977543476 26.913586944261326
29.762521126732043 63.234902366897785 16.7345143809141 98.81303871616032 92.20801625101377 31.672260971277066 93.55223858758342 36.45526428721981
2 4 	 # V Shape
2.771240117035456 69.22441335819921 15.880906646061977 86.29663257415628
53.727647100953625 52.54450503550818 83.89192337625069 72.18979061514685
2 8 	 # Alloc Shape
1 1 1 1 0 0 0 0
0 0 0 0 1 1 1 1

2 8 	 # U Shape
32.93475090642504 16.980141962019413 92.63575078488164 77.4971343482589 56.752846363747636 47.799959977877535 53.007520598145085 63.759356829064394
42.63325230831407 75.92737907686235 89.60018408024608 87.50120470576876 49.09496722803889 1.0646987052357115 80.33134348116924 61.62590994201863
2 4 	 # V Shape
98.72782443913596 16.89695273956936 92.92403207206716 97.85204826731348
92.16773588949421 40.32840830475624 24.96496476188278 95.65613883903444
2 8 	 # Alloc Shape
0 0 1 1 1 1 0 0
1 1 0 0 0 0 1 1

2 8 	 # U Shape
10.294149593909886 74.26755690587466 52.94415037919045 34.6279628734338 83.07629581079429 51.539474131085385 56.27771965804398 51.74567982848281
11.16269523660296 84.87997438053631 41.86859478029504 77.07917708127817 20.45656640619111 53.95219477416007 41.000175935119096 81.58520965364637
2 4 	 # V Shape
39.261811877952915 87.71498734065473 66.14046325185754 94.77128019673926
36.39580957849563 22.081082095068915 31.235020459451512 97.28304280153863
2 8 	 # Alloc Shape
1 1 0 0 1 1 0 0
0 0 1 1 0 0 1 1

2 8 	 # U Shape
89.37380506585347 92.48520462231428 74.76620196916738 99.32675035843988 47.65264225077092 17.66376241028769 86.32053228076538 62.792359399287875
80.218419004212 22.387397775656094 47.87820180050233 31.32452346665432 19.45539530724403 47.885321996171115 50.7203809216758 62.91359394090463
2 4 	 # V Shape
87.51514982217077 70.75616026020104 57.19411199096881 6.674685899343647
98.8738953316473 29.78707913916412 2.2955454458127633 21.479254013675387
2 8 	 # Alloc Shape
1 1 1 1 0 0 0 0
0 0 0 0 1 1 1 1

2 8 	 # U Shape
39.77349424481903 84.176852000112 86.6031579680561 65.22495139010952 32.766556996843164 74.81667118818893 54.11165407630054 58.97119635689631
23.920192376982474 75.82589665568187 54.51149096075526 62.25825759629468 45.60716530830108 82.97546235707223 55.543963306367736 57.0134154952053
2 4 	 # V Shape
65.68458311638088 50.22029485954717 72.74806907048877 28.906554472744496
76.22520982174072 74.95543442889684 32.24917513119166 8.618961436259609
2 8 	 # Alloc Shape
1 1 1 1 0 0 0 0
0 0 0 0 1 1 1 1

2 8 	 # U Shape
43.32117724689735 42.89504133930346 38.27760049927377 43.676852212621775 21.907595436255058 12.046019705591615 90.9969008563522 10.326405824257012
35.57012653053564 15.550886306219958 27.479419997517574 48.93047701793406 43.960745145353286 51.5569094736935 43.506195135316176 58.58990145190997
2 4 	 # V Shape
1.8045226522936608 53.71076632744997 12.646499033232683 68.39182680937641
5.059527922890695 12.580758549772685 26.692865732616365 57.90226145859631
2 8 	 # Alloc Shape
1 1 0 0 0 0 1 1
0 0 1 1 1 1 0 0

2 8 	 # U Shape
21.75609055544394 91.19482335138368 12.380461209029637 44.14319533972934 7.381473996774668 92.47511494799059 59.42324470703165 19.93556502030084
88.8085710654911 81.38468479071939 66.49456035488743 61.642995860379266 55.358109983701965 65.14657966916955 8.153426508062001 37.270951905971515
2 4 	 # V Shape
25.26107258686361 77.1657473082022 63.358939459673536 80.51907381639931
17.73563675070805 96.12562088131035 57.26936649261217 7.7417443130838866
2 8 	 # Alloc Shape
0 0 0 0 1 1 1 1
1 1 1 1 0 0 0 0

2 8 	 # U Shape
98.74004073055228 89.43431924933085 27.66510788182448 67.38663161459453 54.379184862854714 20.145214312706027 81.243115073578 93.8315985842948
55.55534640272546 72.76005600947104 87.0786121547257 21.565803264138907 5.554561447596917 26.101861421137475 75.35276989113035 84.73332398081652
2 4 	 # V Shape
12.287459799366196 50.984455588390354 36.16512658840152 19.283836673944588
17.97987961044898 46.897394212561686 58.3871284289332 72.32703032580774
2 8 	 # Alloc Shape
1 1 0 0 1 1 0 0
0 0 1 1 0 0 1 1

2 8 	 # U Shape
92.51617359473927 98.19767208644721 28.098525105697604 13.792630854482779 8.618951022631272 48.31351082473767 12.876644928622206 50.382186670753306
74.56055365541044 5.992189608593046 94.60862309222045 20.216651457633084 1.7502355054491714 84.0736948746723 3.5389153029802056 62.95658681601357
2 4 	 # V Shape
88.30645901313781 43.3919473824526 22.270312743397202 61.85769173011204
43.70452869249216 65.62562358095983 13.403752587818762 55.35351693968814
2 8 	 # Alloc Shape
1 1 0 0 0 0 1 1
0 0 1 1 1 1 0 0

2 8 	 # U Shape
12.275273694369293 32.126916042284 86.3768796534328 19.99633563993791 54.506365122414955 59.32704704352164 61.37726794351598 60.593066766804725
65.84395652604852 11.19278833434173 49.92827145296786 87.75032398997492 12.7842361723993 30.886691490515638 32.79791901682455 54.8655657319163
2 4 	 # V Shape
86.79857782085553 21.068933847497405 86.38746252442958 62.09588926121684
63.30730168178437 13.969581787039242 17.082288849868664 60.21027093520844
2 8 	 # Alloc Shape
0 0 0 0 1 1 1 1
1 1 1 1 0 0 0 0

2 8 	 # U Shape
65.55084642226771 4.987664379963707 16.91630224278623 53.727197327207946 67.48785060256509 84.17011237629872 39.01551543940857 32.03658928564628
22.38838285220297 47.86377284469133 99.16804788744228 56.88958652763644 84.72267279471716 23.27263716153485 43.241488288686355 68.47920181075764
2 4 	 # V Shape
19.018218781151084 82.47691042925914 61.77125648749888 64.41772521738572
13.788580579765474 96.56609407919021 3.2660109649878977 1.153222435135537
2 8 	 # Alloc Shape
1 1 0 0 1 1 0 0
0 0 1 1 0 0 1 1

2 8 	 # U Shape
13.726412284018242 44.253925710217025 68.8654497308262 29.068041878137898 13.581344766509062 5.284072956104103 34.00000691068288 1.2959217922043575
49.19881656032208 89.73032298880493 82.1943084588502 24.720678474901746 33.95565304322105 31.705246694386314 19.22989674464979 5.321570783623775
2 4 	 # V Shape
97.16520730006715 81.12065888633163 7.828521586043646 30.529959488288416
80.45419773823551 22.787471931115512 54.8253598253991 11.92362419906946
2 8 	 # Alloc Shape
0 0 1 1 0 0 1 1
1 1 0 0 1 1 0 0

2 8 	 # U Shape
47.64800592544627 42.4693689161036 46.35333051348219 8.117359327156182 25.115040039580492 10.285604435516294 26.435589496092472 57.41234261656882
57.887224918076626 61.87687801317849 97.56562603845697 41.85091534706078 13.077758041790588 14.568739606630832 8.064087986719603 15.222710403633577
2 4 	 # V Shape
87.55232428496835 54.0413502113542 15.3694686621211 99.91851499605355
29.13131754244369 41.540040284255284 20.266992708603127 22.78712090141636
2 8 	 # Alloc Shape
0 0 0 0 1 1 1 1
1 1 1 1 0 0 0 0

2 8 	 # U Shape
15.137978071986058 82.19078180439216 0.712217907205337 29.4584369661375 36.13452523562534 38.070989629100104 59.87470193913206 22.979916488720775
52.74438627767375 0.4749420173091323 18.402118038202286 4.77048021886306 72.87161751522565 87.98235105973048 67.44958726675712 28.373693168317104
2 4 	 # V Shape
16.062519938806386 69.87616505366857 81.61224429530385 83.54202033534767
18.249852292918924 63.48246451898709 10.73446040527628 43.75819034694357
2 8 	 # Alloc Shape
1 1 1 1 0 0 0 0
0 0 0 0 1 1 1 1

2 8 	 # U Shape
30.18108454191466 24.110892460700295 20.708945967227223 14.78473869020689 26.539394812512295 34.67399306638056 80.94979577596494 9.263625232295913
13.870710757203252 39.01322831745978 12.508825830129233 76.98849768076131 69.80129789588315 97.04205140002698 59.4672361001985 7.477260853343304
2 4 	 # V Shape
32.888252064982574 84.49784165621978 24.862059415405614 13.23337346199256
61.19846188125294 23.740281423838727 10.84237835839712 18.636596179795383
2 8 	 # Alloc Shape
1 1 0 0 0 0 1 1
0 0 1 1 1 1 0 0

2 8 	 # U Shape
82.25653263082518 11.482999388455262 87.15223365379082 26.489645291128394 34.55662710676536 3.314342171270246 11.03607480219344 1.071328001267946
60.11676456904045 51.70577458228409 1.597279378414096 61.877950434646436 21.835841495096652 29.538678224583727 74.6354222421601 73.84108494984757
2 4 	 # V Shape
34.57953216353623 31.956664186764307 76.31762304801106 15.34858015541165
98.0059430591942 29.720116612557447 42.35688689666467 68.74391945442997
2 8 	 # Alloc Shape
1 1 1 1 0 0 0 0
0 0 0 0 1 1 1 1

2 8 	 # U Shape
93.10631150036713 99.65930469269908 58.94260715924271 45.99106631200923 85.69499327394222 63.38220043891026 50.96998878066219 19.7439014436833
35.93502715608833 6.964150949246939 65.0768037347739 68.284941713842 8.836887818127703 29.820357118743747 62.08120233962981 32.68940061707619
2 4 	 # V Shape
48.653949814756935 27.525840250189137 71.37629055451823 68.2945044577924
56.7543107453685 59.1613347343376 78.4635140117119 55.320610552839035
2 8 	 # Alloc Shape
1 1 0 0 1 1 0 0
0 0 1 1 0 0 1 1

2 8 	 # U Shape
0.7691502300947395 12.085571871323053 40.65044687449826 59.18945314443601 42.364585150068 17.24711771969717 42.693683844083786 53.11370529973291
40.11598925048856 80.60068931768953 57.54372411656158 52.00609233028154 81.21050517461168 64.5972085539738 75.03618267704249 95.37330013661621
2 4 	 # V Shape
43.76968156982449 79.64901206500016 14.184337940999814 84.01586523419044
11.768316884895235 79.56002429785968 17.477636613225457 22.099995241437252
2 8 	 # Alloc Shape
0 0 1 1 0 0 1 1
1 1 0 0 1 1 0 0

2 8 	 # U Shape
74.69313533939776 76.1492897652341 20.40293405621406 95.67068024173052 85.40339473938134 10.500596335581946 68.21737539098189 22.94265551462629
7.699006985331803 27.73067652009725 3.1764474902839845 81.77708467224899 2.7457640588443355 22.49340003212601 43.89954729723126 43.98434551708598
2 4 	 # V Shape
4.54631021502887 81.0212181763854 78.95152048298513 49.104181819091494
73.33854966305847 2.0893305268492868 83.604352233816 60.121884013292856
2 8 	 # Alloc Shape
1 1 0 0 1 1 0 0
0 0 1 1 0 0 1 1

2 8 	 # U Shape
94.81123607653959 84.1066503745129 20.440750621960056 34.64682949419847 58.59339544182439 19.80015406132205 92.1965845983171 38.033769206188815
2.251969039201096 79.66317807650404 88.01922118166615 88.44837750914829 67.92819247369157 14.1754545803905 35.19904886864379 56.2747377962145
2 4 	 # V Shape
74.54697131926548 65.24568667599159 0.8965528575648696 24.84800620290546
63.371506114715224 11.32161799277548 96.08609752422367 10.464038780385188
2 8 	 # Alloc Shape
1 1 0 0 0 0 1 1
0 0 1 1 1 1 0 0

2 8 	 # U Shape
19.65448925850042 94.07252156216134 52.007543725049686 9.851829963689651 73.66643647556245 12.857670112214503 35.76808796907304 0.43520580310789647
10.302865812557682 58.213471796865036 7.178740978687214 65.10835101052666 52.11929467419917 90.76613783029225 33.218762408259025 15.246011043469377
2 4 	 # V Shape
87.0679486749233 16.32913922590461 53.05493500082773 89.06428131690114
31.577221063927595 87.6099523913131 69.61203632296726 42.40150978497369
2 8 	 # Alloc Shape
1 1 0 0 0 0 1 1
0 0 1 1 1 1 0 0

2 8 	 # U Shape
61.25398493620471 57.14201382567205 4.670114150820837 71.74801342511711 65.26872095171154 4.853500965308378 88.71480876975193 37.9512449569017
6.046019561584048 87.48116924121882 59.03316291199682 93.18152163263058 47.34518075317047 18.087367925824694 87.31584800642217 17.776507001564013
2 4 	 # V Shape
55.14200034925315 74.71591028204261 42.268561845293085 53.00045799426135
22.98957064830438 27.135253249232626 55.474528148366545 77.30526993682246
2 8 	 # Alloc Shape
0 0 0 0 1 1 1 1
1 1 1 1 0 0 0 0

2 8 	 # U Shape
15.05403843687616 1.1915290138714951 4.507845816449074 87.53953286393319 28.838944243252406 59.31014246014127 10.071810670140536 60.97601919574396
90.00934218599477 23.085172512032017 40.546192392502554 61.067052991226014 49.51740181736647 98.7013606542798 59.25596295100946 41.49992796367864
2 4 	 # V Shape
62.978903084742946 4.057403652137559 69.9762474986123 20.04861054006509
42.0229819305075 8.839363909389197 67.40220094236763 50.1235588570107
2 8 	 # Alloc Shape
0 0 1 1 0 0 1 1
1 1 0 0 1 1 0 0

2 8 	 # U Shape
42.17590787665221 47.21113916180738 65.93548252945645 27.591096094025524 49.78604643881482 25.997472656887844 35.0544935822831 25.669494457985298
5.917914967657323 17.612357192516804 22.96185807519948 81.03118091625981 49.56731353997939 84.10807242476078 33.30372730921569 7.842096454245906
2 4 	 # V Shape
37.70256033368247 33.12867421444277 6.032944906991977 23.529287997758786
55.470385525524925 99.37836737856767 36.141275029954315 22.09501051242929
2 8 	 # Alloc Shape
1 1 0 0 0 0 1 1
0 0 1 1 1 1 0 0

2 8 	 # U Shape
35.422318507640384 81.6074118879964 35.12552951521846 25.29625941543907 15.520677836736974 5.533124878797047 99.13760561668565 39.013094337404375
75.70970427585627 85.50765260242733 30.678646736908675 73.57957888324663 89.46284499051923 15.212143129892276 99.76011778089826 84.05250940810876
2 4 	 # V Shape
53.77802989195391 81.31089580169021 81.66299165696313 10.96865950790027
73.04775033514771 74.36373079856395 61.572769522165636 8.103557617262192
2 8 	 # Alloc Shape
1 1 0 0 0 0 1 1
0 0 1 1 1 1 0 0

2 8 	 # U Shape
31.33568414142742 81.21666739438844 95.20767979418355 29.743133196077697 89.47141637634249 12.87603002929707 73.15507799478527 91.0592758003159
6.712403524385014 64.67096379241286 20.269490336166907 5.654477611389175 46.99636555710162 1.6677141230136194 10.858829216717892 94.93956161059421
2 4 	 # V Shape
26.23952874029135 80.66599735903549 48.92968144484766 48.90206304406421
74.37083460949407 39.560691321502496 29.64993978654845 1.8971685762811719
2 8 	 # Alloc Shape
0 0 1 1 1 1 0 0
1 1 0 0 0 0 1 1

2 8 	 # U Shape
23.854238232351076 44.96983110542207 6.352487531591889 33.74702564711002 85.86810991429495 0.6238508354989847 38.358385566844746 15.831105453474681
25.55558749909216 72.31444745588973 22.312073396412824 42.87606952277259 78.51802731830504 41.15556778086707 17.426507796516223 74.44497852066064
2 4 	 # V Shape
77.4886661172076 36.66691116987403 1.2956601509798604 31.60722796591563
4.891827095195711 38.34160710008114 15.392839914907375 93.30675588521224
2 8 	 # Alloc Shape
0 0 1 1 1 1 0 0
1 1 0 0 0 0 1 1

2 8 	 # U Shape
19.51686216494667 60.691301746518725 8.23220379231665 13.37765566565392 90.82813630596824 70.19705893666472 49.34595969250506 55.2777963786095
92.91360167001564 40.06892260533199 93.68612018244046 88.73917700786994 69.59786000021754 74.7392923870795 59.04109189668708 21.69747658909896
2 4 	 # V Shape
79.40353274626699 15.160829464813153 61.8322931575781 45.33167034599717
55.50504066687149 95.6825179149572 46.55769996414083 71.78884177450009
2 8 	 # Alloc Shape
0 0 0 0 1 1 1 1
1 1 1 1 0 0 0 0

2 8 	 # U Shape
66.83865045655942 47.56377493363564 68.81836935297649 84.90318544491478 88.63006529656623 20.16770986576788 70.12469043233777 48.891038394488554
9.249923225744316 66.3045814207117 83.18440014129523 19.587952173604716 31.236885312219208 21.829757972278983 43.65399166611618 45.638531884938004
2 4 	 # V Shape
49.25521455615298 62.389380396394536 0.4698725588119568 26.25658998445246
97.59090706422234 87.24657522746558 56.234721187266025 67.82207851589048
2 8 	 # Alloc Shape
0 0 0 0 1 1 1 1
1 1 1 1 0 0 0 0

2 8 	 # U Shape
25.264216534913842 54.71197030099899 51.455193906499815 54.921358486796215 30.44092486595993 30.00457254696426 18.543152752771842 29.81896448397806
7.7778906444809 57.27214540786658 9.121792105949888 74.76361872051433 96.05003131580139 6.2891489265948675 13.905668479163435 44.141873697748366
2 4 	 # V Shape
87.92730922162318 78.71094754039704 28.783411731583143 40.16658317617018
99.91197468558522 15.97435527997032 81.79091672971256 8.44989468772438
2 8 	 # Alloc Shape
1 1 1 1 0 0 0 0
0 0 0 0 1 1 1 1

2 8 	 # U Shape
98.66484616684585 78.89074208364511 58.53949212385686 36.744068253786935 14.806938851461238 94.07175933067637 82.56178426779007 9.33722499623737
16.66384775730898 78.93168915147709 57.24530640582787 31.642254421939096 32.07907156980503 86.85472847077385 85.47563739895948 69.95800903793493
2 4 	 # V Shape
66.20818156275969 58.334081125757706 5.010565794006894 43.44194859066617
87.70800404140721 52.6359932389219 29.935810625032243 81.58412460806527
2 8 	 # Alloc Shape
1 1 1 1 0 0 0 0
0 0 0 0 1 1 1 1

2 8 	 # U Shape
42.67893669606867 20.23715742293205 80.7778869689436 91.04063017214689 80.25478772612496 81.90234046811698 17.166444302641626 88.2826322727637
99.97637989092128 45.68900812575616 81.48975079462467 79.68834717244083 6.18892589277854 83.7822644935773 68.3792813019476 43.794341150119855
2 4 	 # V Shape
74.75130664713906 59.421502479076814 80.57636247635187 13.393851476992168
96.96932814665881 42.534596360411726 94.6683588061638 92.28647737925115
2 8 	 # Alloc Shape
0 0 1 1 1 1 0 0
1 1 0 0 0 0 1 1

2 8 	 # U Shape
65.85674666691416 37.13213850508996 10.003141045244368 59.99819223463692 50.27602525770103 10.902990501738186 15.425788963375808 69.08698633487785
10.71772249716444 2.6716841203818564 56.57383175732774 46.82581013084466 89.62882023733546 56.6315331133965 3.4793508699005993 9.223207796071886
2 4 	 # V Shape
67.07818756226112 76.25448515924059 32.474537380592125 80.88181409587241
29.658286072712535 9.979334857274235 41.66850004237712 36.406965403097715
2 8 	 # Alloc Shape
1 1 0 0 0 0 1 1
0 0 1 1 1 1 0 0

2 8 	 # U Shape
33.925202707172296 75.92995010159063 51.674199751565254 27.68319985211346 15.917784702927907 33.38938009659906 54.054359621588866 32.93408600810288
34.718365159602826 67.54746591900546 41.19498399126964 28.93329569912202 9.65971979313569 9.665828214788409 20.87517637870976 9.159768686900161
2 4 	 # V Shape
80.7769511562758 16.029571821652123 29.14365379015481 49.50558000267943
87.23433255414183 82.68755551495785 58.734082645183705 6.792951301055162
2 8 	 # Alloc Shape
0 0 0 0 1 1 1 1
1 1 1 1 0 0 0 0

2 8 	 # U Shape
91.76660559086484 16.382946151656487 40.69229199749588 57.109201339598556 40.179463232882604 74.97704213946488 96.69373479016237 46.925934245076505
38.432230195337546 80.35031146480547 26.591651222387803 53.62698388476913 30.417111269935337 16.392392383036412 6.005397348985175 14.46840619090648
2 4 	 # V Shape
61.0524249003195 63.01807591009586 63.218931318420644 46.53098661135384
73.65375167584904 14.608235922770518 88.49419402613496 81.01266191741733
2 8 	 # Alloc Shape
0 0 0 0 1 1 1 1
1 1 1 1 0 0 0 0

2 8 	 # U Shape
76.67915881482816 31.063820474237758 21.495919294495568 52.74564304669913 75.54050858548995 17.162226568057115 75.44563995153199 34.5552412595856
42.9727638640908 32.474610826478354 21.466450352300203 8.106257022192054 80.87617801086466 48.921346369158044 76.17318844977915 33.283893037146996
2 4 	 # V Shape
33.78722503855667 0.8327566421585497 86.16148829113384 12.155188198192368
71.84162973267897 83.46154924262629 69.56069333416349 35.038901490236476
2 8 	 # Alloc Shape
1 1 1 1 0 0 0 0
0 0 0 0 1 1 1 1

