2 8 	 # U Shape
71.99250989537036 21.210885234101863 87.24294447722278 3.249553042759634 50.201722769270596 55.08827706107127 98.44448105028233 42.23906786035789
83.3544091636263 70.59166434906898 77.46457683997028 11.659908443861312 36.366418002950695 82.3430034315489 25.915439993523258 8.740125949289224
2 4 	 # V Shape
96.3000129980708 27.36708070713163 22.801736823802177 47.76553918800738
34.619496868219414 37.03350762899872 72.83149383887549 35.051538450826115
2 8 	 # Alloc Shape
0 0 1 1 0 0 1 1
1 1 0 0 1 1 0 0

2 8 	 # U Shape
73.3040281223736 58.89087818240956 16.399794093637876 48.35291095040173 72.92600358473831 78.2491669287947 25.7715878184806 14.830774401126911
5.2291236628641435 34.0001213027283 21.471665200162537 76.64756378832922 46.37114431790922 92.57973266470142 33.83470832690559 10.534379961993235
2 4 	 # V Shape
86.93486025097094 81.69805558316739 21.731031962731894 30.976802928545233
62.28513920867632 53.889702602807 91.08254128731524 28.097268704003863
2 8 	 # Alloc Shape
1 1 0 0 0 0 1 1
0 0 1 1 1 1 0 0

2 8 	 # U Shape
96.41703042132124 99.52264966052921 35.204139759803134 60.483319253325206 69.71501624261285 23.313863670522082 14.828669506053426 5.294113081169549
93.96045399390536 14.574097650810792 61.75282398612438 37.2483339964243 65.50984197532784 28.516280591339406 47.16893896562353 4.8351928603982515
2 4 	 # V Shape
64.96670251468807 68.79174442626125 95.88709734299583 10.968528370374198
80.6636876466672 12.104038298666442 84.1569873848394 19.867035696117085
2 8 	 # Alloc Shape
1 1 0 0 0 0 0 0
0 0 1 1 1 1 1 1

2 8 	 # U Shape
67.68012876754904 72.88958406327272 8.576320518805858 65.07335305887787 60.90488119033741 32.40859070526398 16.80875831648271 29.663584132308017
0.10926258781018827 24.866424456893554 68.75588530599144 19.65867967158238 84.9741476516185 85.66358342862762 70.70871635526825 53.746457393403865
2 4 	 # V Shape
2.4604749765313128 65.9450774513344 89.3182799936915 22.407894904927662
65.95126921620867 63.45309631183994 80.3653268889084 99.47151047735605
2 8 	 # Alloc Shape
1 1 1 1 0 0 0 0
0 0 0 0 1 1 1 1

2 8 	 # U Shape
64.16069610883943 95.10249653115001 0.05880978668908465 96.7176964472519 27.584056908146803 2.5475983546696 20.156320789466562 61.505151589215636
71.37161441141285 98.62454133002613 45.823645214131126 72.65850513370314 91.6104002585932 35.43195408677806 18.20896574965982 70.60858381520413
2 4 	 # V Shape
55.241931873417805 99.71890829450678 2.5066415538303466 95.46914326856066
89.07185538622801 53.9537197331976 58.44672916019786 61.604735231775976
2 8 	 # Alloc Shape
1 1 1 1 0 0 0 0
0 0 0 0 1 1 1 1

2 8 	 # U Shape
10.164343205158344 24.896492113506387 96.66123172928161 82.18465055048732 43.511613072352006 82.78123360964413 4.7536989692292035 76.98532438293519
96.56015630530149 3.0873134596241747 59.08960123475244 74.83358272644884 19.843054054272514 45.226602184668685 25.276902709816994 81.7256460880359
2 4 	 # V Shape
95.08608038638602 26.22475997454339 13.324374974499854 16.787213484059926
41.03986806707683 48.42121233649412 14.609124865294977 71.75535009543266
2 8 	 # Alloc Shape
0 0 1 1 1 1 0 0
1 1 0 0 0 0 1 1

2 8 	 # U Shape
73.3030721334873 0.733150854860587 89.60905447485096 20.920712776156858 84.1323496540801 48.78866241249622 88.46040559206439 48.8065087270769
49.451055174762836 20.94201517943991 26.21881360813587 62.34512639946268 45.518072408254206 90.88484088644343 55.49923459071615 70.30988760965961
2 4 	 # V Shape
20.51949544912982 26.447630423731226 41.69733406478859 2.6123872851089747
70.90279220637562 41.97782695389143 2.0042648764431514 67.7901217723942
2 8 	 # Alloc Shape
0 0 1 1 0 0 1 1
1 1 0 0 1 1 0 0

2 8 	 # U Shape
95.8583388689209 80.17920211584179 62.613479601255484 69.59613919289392 83.78518616369554 87.42664401545093 25.732065921845106 74.01995946476558
69.78897299434962 96.79993477017531 42.71461214526692 77.01033167788354 0.7166604119089093 73.03262335058814 41.67295465281503 85.79896037319111
2 4 	 # V Shape
80.52308193041684 64.33368701750643 24.795128259901965 22.151099377668427
28.580878414262767 32.95676497475789 8.931985348545668 44.322218300780904
2 8 	 # Alloc Shape
0 0 1 1 1 1 0 0
1 1 0 0 0 0 1 1

2 8 	 # U Shape
89.08808697062935 13.442289732873547 72.01020321694675 11.154040188266091 24.755374840947198 55.709444686774624 64.60495726269791 64.10527382582292
85.9072811742 41.7376673972004 85.88539912754625 25.016313710386704 60.37551944991748 0.6915925142911394 22.09277140195288 13.416170429504104
2 4 	 # V Shape
39.056412377999315 58.307357909349236 7.079878501183245 60.24420605375605
15.791636401632491 85.02478745723377 7.7151464303560235 10.103813510464777
2 8 	 # Alloc Shape
0 0 0 0 1 1 1 1
1 1 1 1 0 0 0 0

2 8 	 # U Shape
58.76808008108736 61.87151893379771 21.65854253493468 63.41774867011139 47.57502451646671 69.76853380578143 5.307869508584606 53.269368463151366
55.937873003644356 81.09938259135812 87.28841935119245 32.8877874968347 96.58357126614804 3.9562317666961277 3.13579910166053 62.59095611378952
2 4 	 # V Shape
23.433157847207532 77.58779933193607 25.59762822371753 73.32177215677633
27.17853215979995 16.575770490832397 29.998006559888125 94.37039385044406
2 8 	 # Alloc Shape
0 0 0 0 1 1 1 1
1 1 1 1 0 0 0 0

2 8 	 # U Shape
4.987925451626962 53.68653469955609 25.46312179960708 39.83457517212088 23.24035893464179 61.229421993794034 82.94242301078948 92.46908436497371
14.886116166459084 91.38481640926123 77.23685844218963 77.99301053613983 78.04967809466923 27.245316628494876 31.77176613808793 45.824472966949024
2 4 	 # V Shape
8.300444961733454 51.2908262294759 64.89059942021947 16.246289295671446
5.767769217676777 87.87914938951232 52.91242960474568 28.144259387048866
2 8 	 # Alloc Shape
0 0 0 0 1 1 1 1
1 1 1 1 0 0 0 0

2 8 	 # U Shape
7.53151270370579 81.68194177378886 75.22793632311713 96.04861360973526 81.23703023403561 28.670847986255644 96.63233379454348 59.0206269368973
65.32148468084873 91.04381835884487 97.84760494327718 0.5832988569810627 55.80064264900005 78.66379600219689 15.1354791646083 77.96857115315946
2 4 	 # V Shape
36.70745072039567 12.510074729084685 67.1147121548804 73.70610604919108
38.270868430255675 71.93536534246581 78.85594693686994 51.69800437847903
2 8 	 # Alloc Shape
0 0 1 1 0 0 1 1
1 1 0 0 1 1 0 0

2 8 	 # U Shape
55.35009515164617 28.596939825661195 70.02813790150977 60.86112614740243 63.03715160257506 62.502477467004184 41.66675282216122 91.9386345142629
4.301587008707763 57.69948759997439 63.245304560418994 58.21561543914224 29.693155351729683 50.57655127936649 11.27443322910392 28.949886597424733
2 4 	 # V Shape
23.177177726707555 21.260812715214673 5.388098291422406 69.95865018933674
63.93308355312155 90.11433814398019 79.76280437066835 68.40583534244455
2 8 	 # Alloc Shape
0 0 0 0 1 1 1 1
1 1 1 1 0 0 0 0

2 8 	 # U Shape
32.32657537439202 45.01699610470289 78.35515310818602 42.10632275070032 4.774115929882505 98.54150111731599 53.88393625906636 52.393805285080184
32.627902940796275 36.496107883362725 98.74733882824286 11.944654637993068 88.84325076798484 79.1987639035407 91.51312583312763 96.54898398951444
2 4 	 # V Shape
75.91568295773261 51.39378979916168 39.392135346192305 41.83976811381447
40.32549316868762 39.804339637240396 76.35764297572312 87.22548628177496
2 8 	 # Alloc Shape
1 1 1 1 0 0 0 0
0 0 0 0 1 1 1 1

2 8 	 # U Shape
15.465128914451409 11.233924060815948 56.74041018991043 17.35188676350069 13.42294362586932 29.10184977963275 30.867034890650448 86.71300327291779
7.83707345766026 98.45633049818427 67.93625964913761 22.98361116698331 37.24761678300338 5.0176247218848165 34.859772021048045 88.15016608189065
2 4 	 # V Shape
82.680587803321 16.800677524168307 40.48062959423362 59.36574250913008
60.20371552059447 67.06534957643146 84.81624102751216 76.52292638228666
2 8 	 # Alloc Shape
0 0 0 0 1 1 1 1
1 1 1 1 0 0 0 0

2 8 	 # U Shape
61.801141028418726 78.90509616634866 22.512582451159147 72.18407783331006 50.04072149402751 59.62339101270706 28.07941834196166 59.55018758716025
72.96896637224191 6.850941024165347 74.40612431803405 1.9748885869570132 48.66459833071378 28.710538211869043 83.65766144043025 35.093762283138595
2 4 	 # V Shape
5.813848845850833 25.765571820052468 22.482515755431688 74.20067478133699
14.911931130710087 11.988674891849794 62.0203767427618 5.493280646994824
2 8 	 # Alloc Shape
1 1 0 0 1 1 0 0
0 0 1 1 0 0 1 1

2 8 	 # U Shape
27.098517538194233 50.91381914412286 58.221445676220384 14.551023397126883 56.278102490467774 21.14112993861156 95.16981752335076 17.359953387709236
24.463685740621376 36.3937749711405 96.90022504173835 6.976131386398343 8.04141022081849 46.65195967353608 50.59188033161938 74.5028749574765
2 4 	 # V Shape
39.30762329502391 67.64943463947796 87.88298701730074 88.09406870394741
48.09540199313142 87.56174915270664 23.46080323835179 81.22909096065456
2 8 	 # Alloc Shape
1 1 0 0 1 1 0 0
0 0 1 1 0 0 1 1

2 8 	 # U Shape
11.745450275723746 43.97783831190794 60.4073641174828 8.829248128396161 36.71604771806349 42.89102239094341 27.50135874740144 79.39454702179937
1.0324374137284265 37.422707934576 48.82186041725599 51.5144676304247 88.22608392846064 49.85232819432426 42.25601554034617 44.57523774021864
2 4 	 # V Shape
60.90897387810815 75.18630636281118 50.24363075831755 53.39457782738669
43.21099213857467 57.409994025755005 59.24720177598608 63.939728119285554
2 8 	 # Alloc Shape
1 1 0 0 0 0 1 1
0 0 1 1 1 1 0 0

2 8 	 # U Shape
21.143740391271226 13.646283014414507 1.2178780072376383 46.62314139270578 51.41616092704171 8.222571736113792 41.391550603436066 4.1159582038499565
72.13625533575392 35.81179150863053 67.20185763977167 67.96493114856543 56.09253216650115 14.341037308931238 50.85007892893103 1.7492800192041025
2 4 	 # V Shape
84.56336779510261 70.3295924944879 72.8610859785303 33.46355646324329
65.89761432746107 67.3387703724626 62.55933546889487 7.774999476670796
2 8 	 # Alloc Shape
0 0 0 0 1 1 1 1
1 1 1 1 0 0 0 0

2 8 	 # U Shape
36.46322794385984 35.296443601968306 3.384038502489861 17.271395471943496 6.935285266320013 69.26258617614577 60.3106109186574 55.94958707460642
18.233689850442104 19.90777018690172 67.44224999145696 55.145559866808 2.549812999240242 89.75474578588954 33.23401655589936 12.72819823525989
2 4 	 # V Shape
10.26140874451732 57.496947153170375 56.3765072216056 6.754589829654156
30.443877248692676 40.52573635889581 87.65309559556545 93.14399127573797
2 8 	 # Alloc Shape
1 1 0 0 0 0 1 1
0 0 1 1 1 1 0 0

2 8 	 # U Shape
45.16738237775013 58.530009609259345 52.38398155273391 37.98253665938791 94.57694303239434 90.47934828436391 40.10496755388571 82.18458850351172
20.101767582997056 37.85508822060739 19.846852041025876 38.04909542661318 18.840732336625955 58.98654023185001 7.094404165905233 79.58894108910523
2 4 	 # V Shape
36.18061346427649 60.8236472723996 37.74378212886161 20.976762202681833
46.009763405836814 87.74805337677864 60.702140932633164 47.32093562447314
2 8 	 # Alloc Shape
1 1 0 0 1 1 0 0
0 0 1 1 0 0 1 1

2 8 	 # U Shape
49.95686899977942 30.089013198659387 32.50335891436157 3.5882804799251655 6.111428682697717 45.983266985001656 56.10544796824157 20.16320716250043
32.279454606247405 28.388771436716365 85.09360509849661 0.5965467047569395 74.93083023549424 49.562365726635036 81.74355512907705 66.20134393776331
2 4 	 # V Shape
19.020202315987422 13.728248146122613 74.10376405388523 89.83364019741346
91.12288802044003 73.26367971554797 44.655122953735884 1.7038045963652881
2 8 	 # Alloc Shape
1 1 0 0 0 0 1 1
0 0 1 1 1 1 0 0

2 8 	 # U Shape
27.416943577013942 32.43806567730192 45.92680731103247 29.12174581149908 17.42381011405194 69.7078490808231 31.214850504491164 31.48927457711147
75.96318101928541 38.89638632290172 78.10447580784553 33.67530347261436 6.715893647546956 3.4278237106563414 92.81072173294864 2.0960457816302847
2 4 	 # V Shape
90.17979550974668 37.45471826359105 75.23970699142461 77.08857961355494
93.17491746136585 13.97562473688071 63.7083511033808 5.596757178926759
2 8 	 # Alloc Shape
0 0 1 1 1 1 0 0
1 1 0 0 0 0 1 1

2 8 	 # U Shape
13.99029436467134 15.127843543905383 40.57843816704533 70.90080606838515 31.033085293631412 42.70696637802599 58.12116127091556 40.60713230501043
0.794045036068225 22.3196793583026 0.08348786419931642 21.65962395253036 74.06663261489925 60.52052321775838 96.50166425147096 93.63154759604106
2 4 	 # V Shape
76.46311029496152 19.635296706978146 96.72189349196897 24.054760814216493
2.9304746932158565 72.68053586865982 88.58380638189965 32.491038112255424
2 8 	 # Alloc Shape
1 1 1 1 0 0 0 0
0 0 0 0 1 1 1 1

2 8 	 # U Shape
60.204871483375314 13.026791323409515 22.157910709637786 73.01732597003567 24.626573619796723 49.89111324123531 45.556029187271065 99.63371071249915
55.816945932762565 15.818022475513672 12.935419680028449 94.90776836484561 49.97959730849399 38.20253034688806 10.148528037945114 2.6353591636657514
2 4 	 # V Shape
39.37748886565523 27.56742642853982 90.04353620975466 61.82184342139774
8.018375310757353 20.626159307331847 75.262065486928 36.27330205208581
2 8 	 # Alloc Shape
1 1 0 0 0 0 1 1
0 0 1 1 1 1 0 0

2 8 	 # U Shape
59.04745125511569 86.74587510331678 31.753942517287783 28.862396034196745 67.05831355515392 39.03220254907811 61.31520003976995 32.84547588038702
46.78330098886696 66.56155085568743 75.44200229048418 70.07553473427389 98.39638450510222 25.032802699004776 73.2084051669706 21.725085336561946
2 4 	 # V Shape
60.00269751987267 74.60970820224424 53.56760264657892 21.044101454444085
75.20339841129085 95.163344105902 19.841844942131715 41.970077459871135
2 8 	 # Alloc Shape
1 1 0 0 0 0 1 1
0 0 1 1 1 1 0 0

2 8 	 # U Shape
97.33777564755258 62.428745989587995 73.70270318110558 89.71567287302256 4.377346461115339 22.599507632494177 64.65921040593796 78.48781737147793
50.18246481067736 0.6528755699695021 12.505954433475964 1.7595531923925378 23.060584004087236 70.70171868652852 27.373105132432475 87.1661519223076
2 4 	 # V Shape
31.44155199888752 2.5573176904172046 24.42995945003077 50.41489140756883
30.149771756069388 64.55411519214759 2.400160266574869 63.26975047600752
2 8 	 # Alloc Shape
1 1 1 1 0 0 0 0
0 0 0 0 1 1 1 1

2 8 	 # U Shape
80.37093182760725 82.58385009623434 32.45469701977407 97.4156318360708 99.43100264489024 34.02754965542496 42.92599088914623 53.566996193364666
41.273739015408616 17.85112967879141 80.3687973178751 69.7416323985437 62.55575194917912 6.177182214259602 60.071056610737294 48.74571803399243
2 4 	 # V Shape
55.13545075056536 97.23334424284509 77.50987741667987 14.604197415148334
73.11712936624413 4.550697923849434 20.50146542046507 48.1465231225902
2 8 	 # Alloc Shape
1 1 0 0 1 1 0 0
0 0 1 1 0 0 1 1

2 8 	 # U Shape
19.628260562030697 34.233646671048724 12.903327015533828 49.16916438834775 55.63015667112929 4.3140995265387065 84.82173319961991 72.1143139678245
39.12790098127436 72.20664615324401 59.00905090661721 76.83794445260807 53.34178061666886 10.191906452567089 85.915357094757 30.041465338781205
2 4 	 # V Shape
43.13958408162962 23.492476792315863 43.83028402184064 7.605524763727878
48.459334467953155 2.4656703759595278 52.73512227097239 88.07924932594615
2 8 	 # Alloc Shape
0 0 0 0 1 1 1 1
1 1 1 1 0 0 0 0

2 8 	 # U Shape
27.71465428522252 56.50341642915729 58.8660291251726 75.39884871734859 18.035470536378483 83.20922648174425 44.86956921412476 38.12069969925839
41.18202830655622 71.61720117705025 68.37878201658478 13.856949771388793 10.845855824802786 28.36675966031753 81.6312945232352 43.33834298142807
2 4 	 # V Shape
47.73085382245835 98.74669611837716 60.92642387025747 22.051876572295715
64.92440010586134 84.49133554925317 98.77869245273533 34.95961831233719
2 8 	 # Alloc Shape
0 0 1 1 1 1 0 0
1 1 0 0 0 0 1 1

2 8 	 # U Shape
18.5587078049368 2.178528755004361 55.902935009511914 32.8555675865408 53.90176570591373 40.630989286630616 42.84546302829783 32.34531007282515
19.099450589335788 38.27238073154835 15.561590292837845 5.928337185841959 79.39590954432961 11.445834691862789 59.26195079809007 66.55985340695413
2 4 	 # V Shape
62.413716497739 34.92988785331141 62.8944565952659 28.901183139512575
0.3769184472362186 45.2927487855555 33.726594514372145 84.21879326027391
2 8 	 # Alloc Shape
0 0 1 1 1 1 0 0
1 1 0 0 0 0 1 1

2 8 	 # U Shape
30.12236304348852 21.185962598791075 63.93258020955679 36.491010771827185 30.388087743959957 50.85716466767008 2.5619417944006795 57.59313247150361
88.03387131973895 50.928379448755834 25.39943128151424 84.48311318017913 82.39441740224177 51.698999673693244 0.9195754348438889 56.92325968250336
2 4 	 # V Shape
44.58515662453325 65.29791485222572 10.874695855040727 58.62656042001916
57.65294308964296 80.28599531338233 31.09243635545791 40.250390835453146
2 8 	 # Alloc Shape
0 0 1 1 0 0 1 1
1 1 0 0 1 1 0 0

2 8 	 # U Shape
59.4959125790295 65.12883220778427 56.2192895165741 5.781742423688319 62.56539804893042 92.3117255294626 94.38899192383693 43.21387192695223
2.5664266823444692 35.35968516973285 39.27085933810949 70.49382597077303 53.901173646050424 94.43262641133398 94.59223568357505 25.984495822381724
2 4 	 # V Shape
5.427705996146381 31.66728610160653 81.54355514074092 64.23688097574227
60.39725395271292 3.4103680948995185 24.23631520380557 87.33893687423824
2 8 	 # Alloc Shape
1 1 0 0 0 0 1 1
0 0 1 1 1 1 0 0

2 8 	 # U Shape
79.52895842101843 33.36526466551998 73.49337983341269 92.47169745933779 93.37123253610223 57.11954274727867 4.979565950976827 85.17159178815334
87.09337611397441 5.7844236392036175 64.28528743614639 37.31925728144485 83.112465492355 18.718350733848798 17.51666694311538 68.52031733533528
2 4 	 # V Shape
41.19438973859012 97.23652008412303 52.94230623667967 30.205980495288888
29.250255383011403 99.516757327571 86.43246405143307 18.989641598701425
2 8 	 # Alloc Shape
0 0 1 1 1 1 0 0
1 1 0 0 0 0 1 1

2 8 	 # U Shape
72.40924093520997 57.135209975425916 98.42700486538459 87.8196096407302 44.13758814851646 47.06096140624552 48.68435803800797 37.475403504762596
32.715299953337286 83.48138520798794 29.04282921992164 16.13365885180007 33.666398892617046 57.701378164490414 65.80796165788821 25.15062871436655
2 4 	 # V Shape
82.12265405683516 79.24023450342419 65.69365404478594 37.64915467704937
30.306945229919148 61.150778006867846 25.04721104509904 22.161210421192134
2 8 	 # Alloc Shape
0 0 1 1 1 1 0 0
1 1 0 0 0 0 1 1

2 8 	 # U Shape
81.42973054505558 27.858769479287915 14.875058921339813 81.63423013368165 31.495421836682368 4.744445794857999 57.477299688654604 96.95977907571617
85.00513221276364 56.92110122510967 28.43404433503055 58.40962910680233 23.217448082176006 19.827134973407446 62.75684299641681 43.05542448667743
2 4 	 # V Shape
16.953031607123126 1.9612298694308694 97.34582380783944 25.073844281335777
70.75290517712084 94.26171626481519 80.20335479790496 97.40499529691171
2 8 	 # Alloc Shape
0 0 1 1 0 0 1 1
1 1 0 0 1 1 0 0

2 8 	 # U Shape
30.461899455692766 47.38366030508928 89.65142949669324 41.45591457248589 64.18942449718786 40.01448153400871 15.453231503537445 56.38904873622389
21.935815293754114 12.080380277588997 70.10386449232105 24.66260908821527 19.285262652880487 6.377540096643464 98.74980858027153 31.289953684909655
2 4 	 # V Shape
86.29005768760669 40.6285128917333 93.2295135481622 34.523862680159645
97.78709609103511 18.080661418910005 8.043175658170142 58.835435683789385
2 8 	 # Alloc Shape
1 1 1 1 1 1 0 0
0 0 0 0 0 0 1 1

2 8 	 # U Shape
79.55724000540731 34.179546982043675 89.43932629706237 64.36757421934692 37.54373314646369 28.64478861403982 67.13028174135744 51.95705392486014
42.64008082219931 26.908092866127255 15.541371382217772 8.598089710312474 11.400006433221165 46.016164876068544 11.844400237780583 77.97818195901304
2 4 	 # V Shape
97.3712940594507 80.32246394601074 72.64387456274082 93.8267783225306
7.043839503645466 77.34097809392088 56.81618784630391 21.222902863402137
2 8 	 # Alloc Shape
1 1 1 1 0 0 0 0
0 0 0 0 1 1 1 1

2 8 	 # U Shape
3.859073874266461 0.8292789162505754 28.50251945934803 53.55870622418541 34.19596171295254 7.271385043191147 29.300427228139235 27.453823002809862
58.88352354565237 22.031175653574277 20.50433625339555 38.5706556858181 25.281838530508928 31.114015488268485 63.10655524389311 46.971547279670666
2 4 	 # V Shape
4.0774447406990095 68.24319807826635 35.673798494006526 35.2071072310289
93.87712444569723 20.82101046090904 20.669212931796153 49.37574346058149
2 8 	 # Alloc Shape
0 0 1 1 1 1 0 0
1 1 0 0 0 0 1 1

2 8 	 # U Shape
72.63993910095515 11.684863939445956 80.55385331400305 69.47521711299581 17.16489535627207 6.231075039958012 33.21183749649595 49.03153383091271
3.526820103082995 30.912235220466112 78.62262181818862 70.78050413434201 35.150112179427694 27.589343120786037 64.20030645053217 27.460534471794528
2 4 	 # V Shape
36.89159946245426 1.4860897440458376 5.704418852200899 61.3399538526605
58.712224969538326 95.85907829311647 39.46171431883082 70.79411572386714
2 8 	 # Alloc Shape
1 1 1 1 0 0 0 0
0 0 0 0 1 1 1 1

2 8 	 # U Shape
73.3466958947043 31.249360710479024 71.0887143093237 88.68591836153453 26.387515622640688 13.982380941211892 98.4572474946278 7.519418541057554
46.340924296909 94.79343785139565 66.2592139138327 84.37048136304873 45.20219433771621 66.00133174943305 69.71137587921655 0.9793182634664443
2 4 	 # V Shape
80.19637655828099 17.286278281052482 76.03533938104826 52.50399804350687
47.47362477858189 86.51652979657393 54.1713338898878 66.11970153359373
2 8 	 # Alloc Shape
0 0 1 1 0 0 1 1
1 1 0 0 1 1 0 0

2 8 	 # U Shape
3.1154298245237966 77.79344873799448 45.79693359126152 5.03838533712938 64.63462010631453 26.771963302059987 85.00264372752552 82.58998515665658
42.64474906078512 8.62312711283353 52.90360629493739 97.1033780011743 35.488557111118205 75.63490141819126 78.05011358677882 24.983989106377756
2 4 	 # V Shape
71.1228752688473 72.96863421464069 87.08931550410892 96.56088283209627
95.77595946200344 59.3095161840369 99.60474100705142 27.755364525464408
2 8 	 # Alloc Shape
1 1 0 0 0 0 1 1
0 0 1 1 1 1 0 0

2 8 	 # U Shape
55.24699974909445 45.8864141199444 93.7625608666391 75.3056246088356 79.92065128664962 51.657818683829795 9.740072734045214 66.86057491795856
56.0111146009492 43.599467905511304 14.27538679833118 46.34769626534458 42.67120248144464 80.33860503412264 63.439640163023384 2.0136835299679468
2 4 	 # V Shape
74.24444627359598 97.46664684504557 22.433322921628353 98.50724219677835
46.875654099063205 52.08915531167839 28.256047761746828 49.03237112639787
2 8 	 # Alloc Shape
0 0 1 1 0 0 1 1
1 1 0 0 1 1 0 0

2 8 	 # U Shape
0.7559408077023155 30.386886640222833 1.6517153466482304 46.51635958057791 36.83009347080215 16.768888585268694 20.869702657760612 66.04793255998656
4.597131353291173 26.94988679140914 23.1249842777301 2.5002257147067386 47.11630635771837 7.211141369077678 87.58339023716643 0.45923144388122505
2 4 	 # V Shape
40.10668021241827 5.922221643653691 33.43888819483265 85.63063349736777
72.04071231453446 57.986274511158534 21.25357741670887 90.85596451747026
2 8 	 # Alloc Shape
0 0 1 1 1 1 0 0
1 1 0 0 0 0 1 1

2 8 	 # U Shape
41.48139131254916 22.163072337158763 74.87449289800023 96.62479731475403 66.04376948764343 99.70025741854904 86.64783808124481 5.11510009007734
81.34662369461546 30.456486802761173 83.95896532306423 64.39753241650068 74.37626902222053 52.91764003243168 33.04531754345149 64.01469894622817
2 4 	 # V Shape
36.02659818774685 21.263221430901712 28.16252676850769 98.36186734643599
76.20557478862622 62.77568571379489 71.93519653244638 17.98071787691109
2 8 	 # Alloc Shape
0 0 1 1 1 1 0 0
1 1 0 0 0 0 1 1

2 8 	 # U Shape
0.8017352905148156 62.48298514915802 24.39652001984389 36.63534359492083 87.8581794171358 33.9378275477499 92.19417207421657 97.98278211792363
95.90202244793218 57.312868891421196 48.30822979604851 60.06540240365577 61.98574063152865 53.972747403514475 95.08329452778864 19.572235227040814
2 4 	 # V Shape
57.92559231577007 77.31745550731956 90.80616216751145 80.76969574766427
20.571510828839845 21.93296911344641 47.02836602143054 42.828172456663246
2 8 	 # Alloc Shape
0 0 0 0 1 1 1 1
1 1 1 1 0 0 0 0

2 8 	 # U Shape
92.20269816309307 98.26317740487406 63.08758150210602 38.88721282796212 97.11561079058401 37.81860554238904 70.19383373775548 90.7820117844388
12.608095504029748 56.764319630424694 88.77546609205916 68.6511339474722 69.16359956460091 13.577141493289012 55.1096914730615 50.24990831254884
2 4 	 # V Shape
35.818294923762735 98.31586195332275 29.16223989611155 22.016263764213573
27.936457893097845 96.78910655275872 21.627419135299654 43.59692448429233
2 8 	 # Alloc Shape
1 1 0 0 0 0 1 1
0 0 1 1 1 1 0 0

2 8 	 # U Shape
98.77823013796942 76.00449708769062 3.9999956064980635 2.0597556831074892 80.58525349995686 50.542799445674135 30.066931577779076 63.62764128361712
76.6495333154412 63.67824155345914 21.862832593204338 88.19389984272145 46.14340846626091 69.43233902605132 11.19689633885843 67.71080383034007
2 4 	 # V Shape
19.1983947520557 98.22808607556756 34.56015731046791 39.13534381961159
97.00018528809093 17.18571516072106 88.99909516838488 51.64253377303053
2 8 	 # Alloc Shape
1 1 0 0 1 1 0 0
0 0 1 1 0 0 1 1

2 8 	 # U Shape
47.19340037902528 75.56783695280996 60.06912588457328 57.68095301718371 25.362618515380397 15.013120920882395 96.73061454521934 43.44450121284251
47.72354501456888 90.19505437568908 90.58012893108327 28.142795527408857 36.78037387403853 26.323219501178198 77.55301027334066 9.886333954097404
2 4 	 # V Shape
51.900693497692366 88.48389835230093 95.82139616468125 43.774041530899645
77.95761166891977 33.53556128623889 1.8011113354540975 30.9890359426675
2 8 	 # Alloc Shape
0 0 1 1 0 0 1 1
1 1 0 0 1 1 0 0

2 8 	 # U Shape
40.52074220883263 76.08785914729303 52.24446380781931 78.48975320017163 52.068903640642525 3.2478905703136163 88.36087828279246 26.013377277901593
97.6120911713593 37.549933043459035 51.66268098437967 98.56745637040301 4.203076808051753 23.800413003944122 57.9319045970952 28.037118412364503
2 4 	 # V Shape
50.918146605378375 46.970046719554205 71.27110065461028 79.9736624625427
58.00915729295375 94.66279557014154 36.06232396397705 80.18407251266237
2 8 	 # Alloc Shape
0 0 0 0 1 1 1 1
1 1 1 1 0 0 0 0

2 8 	 # U Shape
17.358436948109322 91.58463673391336 38.070383938220296 14.798259246735878 17.974266422374985 66.71655719117156 59.891588363095195 36.12381442789858
46.268283949046186 77.43274712195168 1.7509010605471276 0.16759186430814754 21.797391162613376 61.268855089228914 79.63340308726214 60.10320021849481
2 4 	 # V Shape
74.42959261224811 54.582655793650616 7.339602497321829 16.596601464984907
53.90075620587746 93.49402782127862 26.035223330336876 3.768269073252428
2 8 	 # Alloc Shape
1 1 1 1 0 0 0 0
0 0 0 0 1 1 1 1

2 8 	 # U Shape
76.8306349591459 25.728415593343524 41.12799661092619 38.87361648076322 18.319887104077004 62.41855461684461 41.925599416466255 28.696072352163014
7.718251271087295 71.4540864692318 73.85418684063326 27.609245079116953 38.26501328187844 74.07307089440508 13.526333954932458 99.45909495495977
2 4 	 # V Shape
9.791900385657426 23.91706162228202 29.501201564062953 66.83547600254367
20.09238543534142 4.7539773665794876 9.893947727853936 61.88317655650586
2 8 	 # Alloc Shape
1 1 0 0 1 1 0 0
0 0 1 1 0 0 1 1

2 8 	 # U Shape
84.69365194376365 73.67028189174415 48.866381919093826 75.0131414077412 56.9569050148919 94.94865486275796 75.20583174641308 92.48286570102124
72.93150415983645 40.248625248982876 19.331501685492437 66.47567440696743 95.92243317081991 58.74416961491548 60.08310416675114 3.331471917494777
2 4 	 # V Shape
39.58234858622562 59.48390305021335 33.354766562743436 92.67836060858573
8.316529111541815 65.6141174145498 5.079473566453929 53.98375362602083
2 8 	 # Alloc Shape
1 1 0 0 0 0 1 1
0 0 1 1 1 1 0 0

2 8 	 # U Shape
10.217029408681267 12.875327059478824 2.024418760664992 62.687949067805505 91.21196105989729 98.15720080134737 68.8330118121259 2.9802367213243586
61.62674543594454 85.83252259487287 78.84217492943256 81.89030951112737 66.00274181566263 89.49349530198991 36.11243967702688 43.63631692755
2 4 	 # V Shape
90.84724658558748 41.28971370593981 29.835711962263357 93.41211642012723
78.898564049851 8.974866808887539 83.08934580816685 31.490623706657473
2 8 	 # Alloc Shape
0 0 0 0 1 1 1 1
1 1 1 1 0 0 0 0

2 8 	 # U Shape
65.61508820113534 56.430147863547354 8.882013540483968 16.3629009031519 66.7554147924046 51.31092736949372 38.867970219472404 50.76080959913899
30.156930360378453 21.729512817780584 53.772677840916614 42.719360865355895 84.79664463416167 77.38660960972406 73.5726274504148 45.93988561368073
2 4 	 # V Shape
42.279306906567 81.69883373747291 32.75822286680555 52.62268486745614
78.05730894296211 58.75063033111718 85.29100133501927 84.06024218153884
2 8 	 # Alloc Shape
1 1 0 0 0 0 1 1
0 0 1 1 1 1 0 0

2 8 	 # U Shape
14.755493310765699 95.07739558071628 95.20456449140178 77.68554453726894 74.57053542337488 41.07411695342841 95.83137362664583 75.54190228481005
58.34230644849069 39.68705090138066 7.583028143611137 69.50342476755125 41.42139521608429 8.851891448576465 76.7542300054648 6.612965458620367
2 4 	 # V Shape
35.40406946546296 71.58686714476431 44.348925036208634 96.36508524265844
62.293824699988186 7.709423996955067 19.611626638888747 10.045363887831893
2 8 	 # Alloc Shape
0 0 1 1 1 1 0 0
1 1 0 0 0 0 1 1

2 8 	 # U Shape
79.9316286220504 61.42478123904871 13.207106430902705 75.43662685541317 25.308860231807838 31.635007008279324 46.16651090414737 40.01672445992392
79.9139715622825 50.267415452989624 30.121296602466018 25.4526124768906 97.04011482328019 27.090520762326587 77.2634658129353 22.389892928701684
2 4 	 # V Shape
35.210659440907136 20.997382183882806 19.3563526562908 99.26915749326398
51.816125405314985 42.852728222296655 21.56928432722386 1.03671199820351
2 8 	 # Alloc Shape
1 1 1 1 0 0 0 0
0 0 0 0 1 1 1 1

2 8 	 # U Shape
54.08761153355559 86.86787712132912 75.59661967584128 25.324879656700627 55.49117978576705 65.72117256440264 85.80668774911912 41.611974575870036
12.716487681701105 38.0033625987893 26.814608893486948 47.78141092596733 44.99177309157194 42.339395896272 27.15121965228623 43.79410354401057
2 4 	 # V Shape
71.77439396585848 17.358477488244894 90.37459828571657 34.61144572635077
42.97439024931954 24.64256037402508 36.62854894234439 53.41617817198012
2 8 	 # Alloc Shape
1 1 0 0 0 0 1 1
0 0 1 1 1 1 0 0

2 8 	 # U Shape
44.880057994806435 49.78811359756742 75.34107502201446 34.313244746751536 44.791785818932375 59.673456882470276 64.99457208157565 90.56809852363622
53.656449479382374 2.494186822581146 62.016886501190385 47.48527031376841 55.06827468164794 44.814611111394306 5.089726574918907 28.48875958311783
2 4 	 # V Shape
20.95458033048132 76.74947327232769 99.98492154619245 79.69491805624128
94.29384189575606 10.51796117566315 19.598748172975323 89.68921212622776
2 8 	 # Alloc Shape
1 1 0 0 0 0 1 1
0 0 1 1 1 1 0 0

2 8 	 # U Shape
20.024514182962662 0.43474053645286004 1.6019908098870883 59.753108723505456 19.74462853700125 33.53918687975427 74.18339420767545 28.28141057109972
14.668101384559161 35.26034095204604 72.47766482764646 15.23803926088596 21.807786792335794 65.84926711165234 94.3434972338698 42.28962746097174
2 4 	 # V Shape
80.16795216110802 30.60364407624867 79.51624141626807 43.18149505045952
78.58969996534569 68.13574435812708 15.287749487013668 80.6170217161713
2 8 	 # Alloc Shape
0 0 0 1 0 0 1 1
1 1 1 0 1 1 0 0

2 8 	 # U Shape
60.09954741787866 16.16177843314056 29.71207583003951 43.2856946374924 78.6329715001383 4.519382737774224 76.9456493603125 1.6757771063981908
66.45577318847717 10.836383684381545 80.36609298470093 51.27030466630732 41.696956867549595 9.04500392091947 89.56978307659924 83.2427363640986
2 4 	 # V Shape
61.69944620190317 52.90576727601619 54.62432471821474 66.33885708061153
22.735069478238724 51.30077902001254 17.80709055547809 93.79140977812057
2 8 	 # Alloc Shape
1 1 0 0 1 1 0 0
0 0 1 1 0 0 1 1

2 8 	 # U Shape
91.30715521606453 44.58115294248392 30.158940637358544 29.55373907122261 22.41663793507963 55.425157284742134 45.185026404495545 52.94016011147696
77.5394665016471 32.92523417701961 25.413719950769163 57.11478346143104 17.89659964584972 83.76202409444723 99.84026145206849 8.542065914661789
2 4 	 # V Shape
37.86338376856071 3.8378266155869145 36.618283951367545 72.40397336633248
8.311882612527688 2.596028242566595 47.56557720916387 54.60031168476662
2 8 	 # Alloc Shape
1 1 0 0 1 1 0 0
0 0 1 1 0 0 1 1

2 8 	 # U Shape
54.077240801208795 65.00958374910319 80.77106111962907 43.82852190076648 63.10244147567958 64.03221606921299 72.93920434693271 88.70233660430226
82.58985611379026 80.66932844999519 77.45997343708342 90.44558664754531 95.80957614086613 98.87928496014547 89.31834306565305 76.19416470231917
2 4 	 # V Shape
28.170464707296638 3.0935555824306515 51.881202832681915 27.129314209328193
64.79849272635221 47.234180044022736 15.209379604545514 99.24980131357628
2 8 	 # Alloc Shape
0 0 1 1 0 0 1 1
1 1 0 0 1 1 0 0

2 8 	 # U Shape
67.90996785752523 94.11769015143643 40.39528532457697 64.60278713596182 65.62323919841245 41.369084145848674 16.04729244587031 77.64708011707442
47.63595117288699 11.376874582294484 73.17015694110279 20.728111673197592 1.416812428621228 94.82862850303813 2.0364413330128395 41.707968736588
2 4 	 # V Shape
44.97029587700333 5.511758811965128 30.77491529234405 2.92671543808255
34.87635328398457 89.80444716646785 28.941498926602584 1.2616540296148449
2 8 	 # Alloc Shape
1 1 0 0 0 0 1 1
0 0 1 1 1 1 0 0

2 8 	 # U Shape
33.79664985575109 47.902603870643375 71.52847506943263 79.87269871549024 9.651802711363421 56.1760682734186 10.798173036958413 21.61966135594723
49.51748772796307 97.90654234996474 22.68183028392585 27.6047472831752 38.80185100720279 13.285304409248354 8.188230743304226 45.05245702542702
2 4 	 # V Shape
19.838961883849727 97.83261692019208 56.79064946839624 11.299021140173771
42.45726385316198 6.7398103382859675 89.26193171689188 25.502646886647895
2 8 	 # Alloc Shape
0 0 1 1 1 1 0 0
1 1 0 0 0 0 1 1

2 8 	 # U Shape
3.8088250865481177 91.80291931247652 34.20195342790579 9.008448734711838 26.31486007005548 13.767268711165814 0.4946237488306471 41.73974706811128
59.43883875047712 11.399999855650977 52.32090898251892 65.7661830201122 43.15153800898875 60.97763541455402 91.7973217784858 31.394121769440662
2 4 	 # V Shape
27.35416960564503 62.2151497518636 35.66882974643206 67.05512304948321
30.894270943547554 83.40502989123712 60.87790772828413 59.902717696674465
2 8 	 # Alloc Shape
1 1 0 0 0 0 0 0
0 0 1 1 1 1 1 1

2 8 	 # U Shape
7.106841126975027 97.50931897665053 38.993651067359444 7.878419424295613 91.14194767001523 43.88670502238875 93.67944335710273 83.66920797455552
69.86029480891342 98.08220424217174 84.604492930049 79.5866945860666 53.10888912867172 63.036644923730314 18.454493373071244 70.19314174481441
2 4 	 # V Shape
64.88372532726284 67.63282446794138 83.51527628619091 73.47598131265778
28.05517975287649 83.37820868307318 1.8214604669358425 70.53216032266606
2 8 	 # Alloc Shape
0 0 0 0 1 1 1 1
1 1 1 1 0 0 0 0

2 8 	 # U Shape
9.867838539304541 20.164031120453807 26.297875871481423 60.68494154026809 3.5346396551391046 35.12550369955718 11.343816820696507 80.51647847377238
95.22270704489898 16.82609567885427 26.404562741555647 88.66661936375931 92.49337537618236 96.74252196020296 0.19381966038772847 48.584034296695755
2 4 	 # V Shape
50.11876550943792 79.62796594759955 76.91112122319984 83.17266347995091
86.04029424147765 30.58447331420312 9.820778227708104 1.0513458878949833
2 8 	 # Alloc Shape
0 0 1 1 0 0 1 1
1 1 0 0 1 1 0 0

2 8 	 # U Shape
54.99268205815626 33.10865672350916 21.897671490490332 43.74563633217009 14.302489845946775 39.87521172421681 48.51977788602674 79.37286409472766
23.366069473278685 26.14453332192126 84.05355090583373 64.81511681425089 33.31332069099366 49.39268327892323 68.857788930392 14.078332157905038
2 4 	 # V Shape
56.9995138314262 77.53947398569497 16.12863157983655 42.28114178081716
20.379747825969773 11.256156747781143 29.21869634622256 96.98214841474726
2 8 	 # Alloc Shape
1 1 0 0 0 0 1 1
0 0 1 1 1 1 0 0

2 8 	 # U Shape
97.0554681136705 68.24528583596413 51.251349576241765 65.04817444712347 29.418894582405052 27.20153175465908 33.474154844148174 4.915404887349517
72.00716001490413 24.163911081820732 91.55723391620383 99.17725962348514 4.095851876895673 53.619299626051145 83.73640710300461 26.76281995515111
2 4 	 # V Shape
31.598608401726057 54.62025941705894 81.00054029063288 80.25795878846877
87.81555401613753 18.010194795017597 31.689462929452027 50.6996230007169
2 8 	 # Alloc Shape
1 1 0 0 1 1 0 0
0 0 1 1 0 0 1 1

2 8 	 # U Shape
94.99374344287772 40.450212636798334 0.9042388054825601 7.124522520338394 82.25241158920737 30.997881428235953 92.99306290131942 93.56578779578807
5.010302023553381 93.29831692507656 99.40726307666645 38.3532426420568 36.26115567585146 69.47977340561238 45.01610012440357 45.03439341585727
2 4 	 # V Shape
16.39379339702851 48.76755957474428 33.43061488453265 70.02963713305171
32.58491813199621 47.94940305219944 43.15479874329816 52.089795995699795
2 8 	 # Alloc Shape
1 1 0 0 0 0 1 1
0 0 1 1 1 1 0 0

2 8 	 # U Shape
13.261556031526489 48.508575870539275 24.101195176472245 39.27704150770358 73.97135940380993 33.59916435578935 11.749499271430174 20.50783948818946
3.128237516039367 44.44717292352043 42.978437377317334 96.67940025240276 46.69812957851559 1.1865249718811532 12.416588159548658 99.94961903299463
2 4 	 # V Shape
8.336903390417316 56.56078072645842 44.68685394611837 60.53912118916058
59.816697124173245 39.32322112917351 99.40435794371545 88.65638513214066
2 8 	 # Alloc Shape
1 1 0 0 1 1 0 0
0 0 1 1 0 0 1 1

2 8 	 # U Shape
58.15886122122984 71.11713389611309 78.27699816521759 57.89179751478677 7.321969313151289 36.08661104008225 80.61613031861141 75.39784438639137
84.75415150265859 57.381828853719064 51.07654857767214 3.3200176029885786 65.73044946775396 30.410228797118734 40.90252665900752 80.94634224701471
2 4 	 # V Shape
35.5279837538655 9.675797769629813 35.27190008709311 36.58328463890817
51.59981249692116 93.18491524703268 96.18091443607068 48.08752818556295
2 8 	 # Alloc Shape
0 0 1 1 0 0 1 1
1 1 0 0 1 1 0 0

2 8 	 # U Shape
45.982725466920286 89.17000915486365 21.38456807528414 98.40069031752677 65.19196382267303 83.510063236203 84.22941986943526 50.931950300734655
26.496036826813928 25.13870760543091 92.50848411615267 71.45591634620361 34.31430711319832 45.42003603902663 45.87432359000368 46.0906106497587
2 4 	 # V Shape
90.67176819451228 61.48674421578616 0.31077575615755526 82.27440225100591
49.441645702919914 87.68978946785543 21.84719583113094 65.17428249700103
2 8 	 # Alloc Shape
1 1 0 0 1 1 0 0
0 0 1 1 0 0 1 1

2 8 	 # U Shape
48.466627991439324 52.12017680659661 25.576011123312604 90.57980198482902 95.99060178744706 52.65499988014953 59.44878973398047 70.95610626290315
62.39721487227733 51.48852174732559 11.100211062063881 56.70677354893871 28.265655088565556 3.66275222911544 85.99314471714747 90.27824382008738
2 4 	 # V Shape
41.15962839628771 19.58769505715897 37.640953970927036 44.839392271514235
83.10398541879772 41.9347364216927 84.32424648236682 91.75103629930402
2 8 	 # Alloc Shape
0 0 1 1 1 1 0 0
1 1 0 0 0 0 1 1

2 8 	 # U Shape
63.95849508376256 26.283544318707097 15.846615520977469 99.56860495740813 55.56347288635576 2.965008140700609 8.122732591936632 16.07585013598688
88.70996860406044 21.636065888154977 94.6082289877019 63.61504173762017 43.45750305910381 11.237468115084436 75.07102956471905 91.22093098036429
2 4 	 # V Shape
34.67878966483243 56.05914857443373 66.73011013412868 15.252719101546063
91.4716865740126 88.88525995065353 24.030537185158174 18.270549649519708
2 8 	 # Alloc Shape
0 0 1 1 1 1 0 0
1 1 0 0 0 0 1 1

2 8 	 # U Shape
39.28168078831102 76.0359730796463 47.319098654448986 97.65185084490162 75.09820711690494 64.19953073948064 95.84595776973703 61.75315893867497
21.397908127007202 44.12118233254083 77.16233151951661 56.6482074042176 44.059261365578095 87.69471242699143 82.87828090365483 23.89070043291206
2 4 	 # V Shape
38.86295005164369 27.3137903845999 24.9893162460607 21.01306317593441
35.6015946188296 37.457518665134046 75.44225286691841 81.14530829933291
2 8 	 # Alloc Shape
1 1 0 0 0 0 1 1
0 0 1 1 1 1 0 0

2 8 	 # U Shape
24.81382058785605 27.900074592595214 39.63371573757816 34.14399974741272 52.726463569232074 65.94091620726599 73.82635204931753 46.99723768587626
58.29109084429349 3.387716864176782 83.30044236218424 49.87089770063502 68.72935453745411 59.190231708627735 8.44491251825531 13.01688570619034
2 4 	 # V Shape
35.25608468257365 19.65443585490406 33.802097057577576 20.629192294769727
7.40392988098627 76.2488114298939 31.282817124116146 51.88110014558055
2 8 	 # Alloc Shape
0 0 0 0 1 1 1 1
1 1 1 1 0 0 0 0

2 8 	 # U Shape
74.07503096859259 50.02153750195162 89.63794486377941 93.04946632604039 76.65463607306108 80.57659836230292 73.17679637256022 75.93946944453931
38.625945781867365 73.76482152643791 7.3060373754520125 50.108387857931945 98.67235775471677 99.48370742132934 29.227503422386437 83.62124520588189
2 4 	 # V Shape
71.74243372100526 72.97139946898133 77.15650271270896 31.33398512818418
99.5531214499963 12.560511143452956 42.313990137397624 26.914724075518837
2 8 	 # Alloc Shape
0 0 1 1 0 0 1 1
1 1 0 0 1 1 0 0

2 8 	 # U Shape
18.791906298537743 41.490311144810164 96.86892344670477 70.78563820303981 12.158051126854286 78.92556880604748 71.82537900103058 84.21441992956706
91.55521496816566 92.685399108314 28.51177246254434 66.1467914681809 68.60613623025736 52.49086862065211 76.01989495343514 97.18405301240922
2 4 	 # V Shape
96.57474325376224 32.183100328214984 64.87479520609737 94.26057193150528
2.986010808605921 26.403556525429362 60.35403243960607 17.51679287517286
2 8 	 # Alloc Shape
0 0 1 1 1 1 0 0
1 1 0 0 0 0 1 1

2 8 	 # U Shape
40.21659423364078 56.42914353439746 55.61004849165517 5.688895435684227 69.02949641445366 92.42842089471591 93.0958331198053 16.93337451150364
14.699043928642386 55.002274006983264 15.706252227393414 76.62568783177719 81.56981112059563 40.36986123121249 55.05260163386403 92.76088703384751
2 4 	 # V Shape
31.654470415130742 28.59805294075979 53.96529807822101 26.92305130866991
10.593554873256949 88.80634279343408 67.29507568249772 45.65179160862738
2 8 	 # Alloc Shape
1 1 0 0 1 1 0 0
0 0 1 1 0 0 1 1

2 8 	 # U Shape
10.04779880272314 43.753734576400745 47.08725250636717 64.25259110489023 57.867861597212226 73.36147205960911 93.87281580716713 44.970177601656715
93.55278544521855 43.27282910873434 53.6833158601146 90.76068730050086 18.588997048887578 95.9522786601882 6.7701149478554985 94.09068074162539
2 4 	 # V Shape
8.893156399155878 67.694381539525 14.2531226134612 86.31349752852937
88.37912349738998 35.22064582161089 86.38636816566616 63.86699108913621
2 8 	 # Alloc Shape
0 0 0 0 1 1 1 1
1 1 1 1 0 0 0 0

2 8 	 # U Shape
2.5003655627231947 12.784786848082385 3.739523884206619 81.77569109558527 16.75322872957906 29.496910340073956 66.27226855943451 56.861759165169836
70.66922338577616 27.325330336892716 20.783927304394012 58.05154659960938 87.9096591705498 13.8361419450311 29.95980108311409 74.98415460433414
2 4 	 # V Shape
72.52309963878393 30.366616352045504 52.62802387500902 57.25466779105298
76.71025714142117 77.75423596954563 41.096870181502375 30.506195273004955
2 8 	 # Alloc Shape
0 0 1 1 0 0 1 1
1 1 0 0 1 1 0 0

2 8 	 # U Shape
18.07182214823819 65.39363736495665 91.86675776507744 59.665873528122226 33.499171464605794 73.21895138655715 36.99666652638756 98.10843143609232
38.31957310704627 73.19607166427869 56.84677335332125 39.12400737222417 65.84971399324837 38.46236784651268 94.4229680603069 64.26123268453645
2 4 	 # V Shape
50.0847287839772 29.32696492461273 46.92407992270089 51.19261037770953
39.783446178590594 46.918425112886275 1.9831135677814027 5.971852402290622
2 8 	 # Alloc Shape
0 0 1 1 1 1 0 0
1 1 0 0 0 0 1 1

2 8 	 # U Shape
37.253006666848286 73.24859384663435 50.67994703324401 25.62542898621798 54.243353328676946 57.79963335310019 61.74989447158635 98.70184842677847
33.76257845528361 30.12105115282211 37.41556968749408 42.23227744756335 62.36635764919124 62.423046748193215 72.34745676790787 64.13471747966895
2 4 	 # V Shape
71.35824516830043 0.3533126761705918 48.91205941515591 37.89805039422427
19.357319568133192 56.533421731032554 10.63282642150628 61.12546286631301
2 8 	 # Alloc Shape
1 1 0 0 0 0 1 1
0 0 1 1 1 1 0 0

2 8 	 # U Shape
10.111128106757118 72.58098101417379 25.38207885152528 2.495341801486506 10.265222582340972 72.19914194668456 99.90627503215416 1.6267640295907215
5.468796443969093 19.673016178003945 41.31771942105552 19.188241182986122 39.94479828852343 86.96016952731611 10.570108124616674 38.01951290701806
2 4 	 # V Shape
11.947790514815516 18.208317188259883 10.91568009952304 54.46698145329505
52.50369253699076 63.459402548711644 42.90019875375953 46.42419586380705
2 8 	 # Alloc Shape
1 1 0 0 0 0 1 1
0 0 1 1 1 1 0 0

2 8 	 # U Shape
27.57674003906214 48.97207291030724 52.938603103323956 33.934026027717856 36.786496376432495 66.82180802234149 25.221470925157252 22.04577688068473
26.93021414183222 46.44091993201761 42.01064541396844 39.206117962524786 59.607437624946854 71.41601394372312 66.8576781342275 53.5740808999777
2 4 	 # V Shape
84.28555513185376 99.3993692502017 28.264650462579187 31.296033824369076
32.953741805720306 59.21081063841803 46.32783453249909 93.08122715085804
2 8 	 # Alloc Shape
1 1 1 1 0 0 0 0
0 0 0 0 1 1 1 1

2 8 	 # U Shape
46.775765704411945 86.84835935610128 64.90131214192732 62.99136194292151 8.230593248443952 96.95571031940614 82.40172712949813 8.327131040856894
91.58071872234153 58.58388140407315 35.73927253525775 52.52926696316057 76.70907526733754 52.196581270806185 99.04245679638447 56.44626003307934
2 4 	 # V Shape
24.40919089834609 16.565380263314687 95.80837643460114 4.411146426101453
83.50168474087775 17.520538307885047 5.37526409462441 35.20511513621069
2 8 	 # Alloc Shape
0 0 1 1 1 1 0 0
1 1 0 0 0 0 1 1

2 8 	 # U Shape
66.52976574159167 90.2540431693825 93.47646608393848 17.550692310633874 97.41500164125878 26.485785227015857 35.74085220923631 84.94370324139337
53.487437042835154 2.3632247034357956 28.896788694746455 83.38289889695263 90.06940325207843 56.01652431463167 54.968005559288 14.032157348178876
2 4 	 # V Shape
98.66198673431407 79.20891141747346 29.499532773300384 34.98968277402314
52.14663074794258 49.73276551086451 33.41907316698228 88.01024266450777
2 8 	 # Alloc Shape
1 1 0 0 0 0 1 1
0 0 1 1 1 1 0 0

2 8 	 # U Shape
94.72614187406022 98.80585876034598 55.64578086877165 1.3259575541569313 85.49610223136946 55.91141255910169 17.229397586192107 23.073605211964722
44.46674499396551 15.177835545522434 76.80350740078764 56.1223487647449 98.44680693076826 10.100054815095415 19.67771038862588 64.6636963114822
2 4 	 # V Shape
91.4871196441831 59.380341064352926 13.911408411726766 26.130795608549885
74.29686614521005 99.2933569682125 22.53830237372417 82.08719242578498
2 8 	 # Alloc Shape
1 1 0 0 1 1 0 0
0 0 1 1 0 0 1 1

2 8 	 # U Shape
58.71650354679478 87.974056623825 50.61238535530877 90.6216218552811 45.53934021067868 40.19935796369754 5.940051098310983 14.98937611618949
43.2811164432645 52.951850500400944 87.57164324015947 4.818962143786976 98.90653339218404 63.2228268240751 56.183845389346956 86.81238390142686
2 4 	 # V Shape
62.67750379284155 52.495669010431264 49.39077252237135 89.90255252939824
25.410060416718206 68.28673837522697 70.49974927816727 63.08553433064403
2 8 	 # Alloc Shape
1 1 1 1 0 0 0 0
0 0 0 0 1 1 1 1

2 8 	 # U Shape
86.85192312724827 67.99355658638338 93.02794208455487 97.32004834330797 86.71720457451335 37.56375090707119 18.213051929227664 34.37576758150932
71.76382313799368 45.57494891365289 80.41484974233438 69.28878764483116 59.53328174439913 51.01812516872606 81.89059475323565 50.57772127224263
2 4 	 # V Shape
87.91032005637209 55.142910641915634 86.75865560925575 61.5427710933902
49.774488489835555 53.44332836294951 7.555251754616322 39.1295052254763
2 8 	 # Alloc Shape
1 1 1 1 0 0 0 0
0 0 0 0 1 1 1 1

2 8 	 # U Shape
64.40132965145166 17.37621745409845 24.802955632544755 13.024912743565354 85.3535874211925 23.834019384223105 44.70132443909547 72.58900273334294
83.77278444293485 68.86716465732616 88.15418015254404 3.800734398899963 12.914478446198686 20.875232706004297 66.67449112199145 60.30214929892279
2 4 	 # V Shape
86.43636126257165 42.04858401556516 5.926923378158588 34.23145994802229
2.394807353111339 97.01456021069384 18.336135092839246 84.20856567753931
2 8 	 # Alloc Shape
0 0 0 0 1 1 1 1
1 1 1 1 0 0 0 0

2 8 	 # U Shape
81.69001594878436 4.190042097154112 53.954929074780864 6.555659909616662 70.60583723188816 62.883220654116286 58.53101503633611 77.9160103035091
29.29672909241029 70.67817495277029 25.058087222622426 77.59015749604589 94.63995041934719 25.1170126537859 20.836978215846912 71.84245072964028
2 4 	 # V Shape
91.39139750195355 78.35587030055822 94.23362345325597 39.74372054200428
95.6150437496961 97.22313516830023 15.813556260131268 61.467653746547455
2 8 	 # Alloc Shape
1 1 0 0 0 0 1 1
0 0 1 1 1 1 0 0

2 8 	 # U Shape
75.13302732806851 15.625235522108117 79.73476486084832 11.86767202508362 65.12031349933845 84.74906996271999 16.9592773108719 22.68603239182164
78.97016448534673 82.78879099874418 68.83283209622654 55.628246157626215 61.0984305828538 99.04169345825773 67.62319888410453 9.737322265449865
2 4 	 # V Shape
89.63613116989238 0.6942321374063476 11.351538635475434 91.67446989440685
69.4191587559 99.94400114846962 16.547900801564808 49.84923677078519
2 8 	 # Alloc Shape
0 0 1 1 1 1 0 0
1 1 0 0 0 0 1 1

2 8 	 # U Shape
7.462547774072192 73.34304849301026 29.882395058971234 82.39189543015992 88.43091784526041 83.64641948877612 14.478592591039963 29.106379650600022
83.5975846478818 64.06520740453402 20.79686268735912 1.6066648058251976 15.215365123658842 55.03072664809727 59.94386550282697 14.204426144679438
2 4 	 # V Shape
60.97941020211285 97.90679850940153 3.0900959406041872 37.48898259084513
61.09586994503168 27.892060571404087 13.415907775505055 20.243509945080916
2 8 	 # Alloc Shape
0 0 1 1 1 1 0 0
1 1 0 0 0 0 1 1

2 8 	 # U Shape
20.922965864277955 58.21346957327997 41.38953610896395 3.834617441465027 23.58491069962938 72.955982825814 85.91781248652998 66.42023110377934
71.85190676684813 55.30584576105015 45.64600478808831 75.00437650631243 25.825333155022467 42.16304507069889 41.89828530710198 17.334484472526068
2 4 	 # V Shape
96.05678531339721 29.816523685303853 14.870406563609539 32.66321921503123
4.19697220119386 72.79554191077654 41.70578689901963 6.831112640488513
2 8 	 # Alloc Shape
0 0 0 0 1 1 1 1
1 1 1 1 0 0 0 0

2 8 	 # U Shape
12.327948013818856 14.273535418440309 78.19129613352001 7.633549767007198 6.894110988517377 85.33062381047435 76.71530486697786 61.329980738761094
85.61559561831923 45.05529938169966 20.704254048749682 36.19068119158446 81.68387827458406 57.97757429872795 55.7670401534872 26.298458558937476
2 4 	 # V Shape
94.95397197273702 15.21461172388545 83.52325383063706 48.530512963059905
63.76143450264308 52.63433825604995 73.16738104064649 89.45056514262828
2 8 	 # Alloc Shape
0 0 1 1 0 0 1 1
1 1 0 0 1 1 0 0

2 8 	 # U Shape
68.86610865217057 88.80263201439905 33.65624191696342 98.69285283134542 78.69472468752738 14.545563716545452 7.3822684137711425 45.228225506125156
82.7758905053152 51.72716974395403 13.19431086218591 53.67187322592256 61.50806586697082 48.55370917205002 30.461801621109775 34.513187857682816
2 4 	 # V Shape
12.248327288405314 39.20050994826896 68.77405813261005 96.72248462164437
52.49668927150471 56.35937007377333 84.84386031193179 74.90419887485479
2 8 	 # Alloc Shape
1 1 1 1 0 0 0 0
0 0 0 0 1 1 1 1

2 8 	 # U Shape
47.422136051923694 28.158643264269045 40.16700131996115 38.92819473348249 98.21406081710424 3.5092767608779885 78.55239273786198 57.95991866496314
88.62626570012642 48.07711830713075 26.216077306719043 92.07650414188294 24.44367040757427 88.63684880879546 76.53531359184377 57.98339925838278
2 4 	 # V Shape
69.935683397001 81.77387051130661 79.19771463297543 30.851385891238902
2.1686166628284265 1.9356518216344654 15.854100773674984 5.291693198420278
2 8 	 # Alloc Shape
0 0 0 0 1 1 1 1
1 1 1 1 0 0 0 0

