2 8 	 # U Shape
80.648135792427 34.22546256146843 53.888884906714466 0.587378555105833 67.31524781805254 21.002426217873815 93.25575928787119 37.42447494814921
75.24189220859463 76.3139001845522 87.04994552717501 11.011117825660167 30.009198039378383 47.49057659504685 67.29367191665858 25.75924329206177
2 4 	 # V Shape
70.11513197244875 65.70000593742624 18.200775771189427 32.20629928291008
88.75374569208283 8.334916104975676 74.65641201404082 6.23500489834764
2 8 	 # Alloc Shape
0 0 0 0 1 1 1 1
1 1 1 1 0 0 0 0

2 8 	 # U Shape
81.54922601389539 36.250668057515135 3.9864423244588054 99.61429610759363 68.01742634766164 73.53416790201952 66.12096185629673 32.712075072287725
73.04660914495784 18.37651447387142 45.23435766434491 22.108777022869276 49.978794154292295 71.36225197214323 18.061159633139635 90.79763405197876
2 4 	 # V Shape
10.83477024445072 73.05155600196885 76.73161001573766 33.25531603475677
75.46175654990421 76.95666815211962 60.23400881912353 59.52032219843977
2 8 	 # Alloc Shape
1 1 1 1 0 0 0 0
0 0 0 0 1 1 1 1

2 8 	 # U Shape
64.08721852198833 20.94815687390096 77.00503723142866 23.490849485109877 71.82195639838964 38.688534923101145 5.8590868327897505 6.896290954746087
81.11449700931405 31.21692469318207 39.95868469065446 27.624402569703697 37.18311942563267 83.31637943085234 92.91773396299628 24.656779727351964
2 4 	 # V Shape
1.4597579352609524 94.95067745078377 90.85914914482687 7.6168025688307495
53.40738478240148 65.8684341427057 97.61383431307273 47.05324478297749
2 8 	 # Alloc Shape
0 0 1 1 1 1 0 0
1 1 0 0 0 0 1 1

2 8 	 # U Shape
16.399808241071 16.31350503011425 27.796369277115407 0.7062522868663268 74.87555976570333 85.38148940056969 92.570243244667 30.214491180817895
47.41303614194492 74.03154678696606 65.06372227822905 26.761772236847527 38.9271280785603 90.52408789936463 73.0842166642431 7.624613540160274
2 4 	 # V Shape
20.627827017716914 88.83183855816185 41.27050949452037 20.451099847877828
34.69313673719094 41.21989217611295 75.5284508228243 13.308405138174717
2 8 	 # Alloc Shape
0 0 0 0 1 1 1 1
1 1 1 1 0 0 0 0

2 8 	 # U Shape
15.242661730936845 55.214703517322725 62.0669205199192 84.90265900880529 42.85688244951663 95.80869515395113 19.56904000252556 51.6589293988249
40.15942087704071 27.88163745855844 60.40894955045737 7.96724169393287 49.51479078272803 47.407198550859356 73.58054371264411 29.345630302342073
2 4 	 # V Shape
21.708887349205895 20.558061544180852 98.20503575581083 45.29237005286541
95.8684969243783 89.61065597258336 44.090703676897135 40.996198940723616
2 8 	 # Alloc Shape
0 0 1 1 1 1 0 0
1 1 0 0 0 0 1 1

2 8 	 # U Shape
23.222407379354127 54.259316691368255 48.80841189662676 87.3249751311931 13.228709081293166 12.383110467427983 36.4491549426877 52.898416325723296
54.27880157946231 5.432518058254187 61.7684881710046 13.698660118018713 43.13882184573886 99.40157265430328 30.524216557593586 29.145189074187726
2 4 	 # V Shape
81.83526581085177 42.61591061614419 28.64231037005318 62.41392229074377
16.298230315892138 53.91322878044665 86.22832117344153 71.90960249905002
2 8 	 # Alloc Shape
0 0 1 1 0 0 1 1
1 1 0 0 1 1 0 0

2 8 	 # U Shape
35.16656687015909 97.78265285290445 22.722590118120813 59.18952913752216 15.568349707615337 51.68498308547548 45.381336946221815 43.99425587260373
85.44771157082116 35.40998674511469 51.99297524382928 96.60030147421982 61.05629462602431 63.482577029101726 55.25027768441883 51.60449356069093
2 4 	 # V Shape
84.01556338113794 10.50565714094155 0.7784874103525574 68.91801790725933
2.0380497727165325 96.02759711124496 43.49442250803969 15.84894280022774
2 8 	 # Alloc Shape
1 1 0 0 0 0 1 1
0 0 1 1 1 1 0 0

2 8 	 # U Shape
39.73212464134897 46.938589298870795 45.241518387440436 23.42727716892943 31.885067688072176 97.204906696094 8.651005505353382 63.20865441272907
14.254450954075592 51.00851389290341 19.264542635407068 2.5156964345572574 51.22614044196322 44.44099741792109 67.18121775724832 24.65362703154238
2 4 	 # V Shape
96.59884078808976 42.93021662036575 65.27038227583593 69.04066498378786
94.90471834601993 67.03875046532724 18.293421078774465 65.02391544119632
2 8 	 # Alloc Shape
0 0 1 1 1 1 0 0
1 1 0 0 0 0 1 1

2 8 	 # U Shape
98.76548794672738 94.46483884084816 95.99437093757149 25.548290003860508 61.48008677161223 49.29424795657468 47.975433244342135 33.49864394754333
46.007216822312955 50.062870230640556 7.031813354991545 34.743942932323044 28.59777949512591 36.79048091631353 83.18388761251195 53.0446488587485
2 4 	 # V Shape
20.920896966062042 27.401452663807724 92.48672781725872 14.307068305012493
37.786918416005314 47.3198341016048 55.977891908731706 97.43729598527916
2 8 	 # Alloc Shape
1 1 1 1 0 0 0 0
0 0 0 0 1 1 1 1

2 8 	 # U Shape
24.91983188997482 92.43258171667851 23.69532665251165 99.30048258378723 67.04043620618133 5.053478127182743 15.924438968359356 50.09319258273489
13.87445224410947 73.33638953950413 35.252985606857514 14.450693061446728 69.99599222064485 94.59328010721516 45.8516320528249 55.0509768760073
2 4 	 # V Shape
75.35803085843486 23.32126305254525 23.356802088069095 91.67808032250085
53.16132140956908 88.34212731097442 69.42337094764463 97.95397273416984
2 8 	 # Alloc Shape
1 1 1 1 0 0 0 0
0 0 0 0 1 1 1 1

2 8 	 # U Shape
86.04264882777915 71.32893971921855 49.66621365816086 70.69836216834729 62.20694724422574 49.24594499380167 97.69283195988953 60.82774599344442
89.90682288561422 28.654116786479435 94.3968988832647 63.417363041868846 26.023298765014335 30.157685688579484 58.35288905377362 26.314959943656223
2 4 	 # V Shape
31.064105197871882 16.60059464329835 20.883200506860188 97.03567394289682
40.64592575970273 56.04878826187698 86.79266478260584 61.614856839089605
2 8 	 # Alloc Shape
0 0 0 0 1 1 1 1
1 1 1 1 0 0 0 0

2 8 	 # U Shape
66.41326048873258 95.31472293221334 56.4960484800747 5.867099546165999 50.15098891974644 70.8520039788453 54.6302668912395 49.32757632110255
7.298522213407132 65.9486599781533 39.45620577333515 74.33207137901371 94.54844931271384 66.25763455465022 42.0913823846028 72.46529070906324
2 4 	 # V Shape
28.755811997145653 64.90491708295151 98.47835861620223 57.50670316104027
62.115212417267685 52.71974275287725 46.851476948902615 99.89584102205143
2 8 	 # Alloc Shape
1 1 0 0 0 0 1 1
0 0 1 1 1 1 0 0

2 8 	 # U Shape
78.75945657487796 89.78869613857773 70.66683112008593 44.13828893933995 97.64203044712157 21.128109552910303 49.40660004479183 45.77256096906104
12.528032890315 98.84393483016282 6.442476707661193 81.13887281813574 81.30177410228502 10.885949278977536 37.76360320205395 22.34645566475629
2 4 	 # V Shape
90.82098865698731 65.93402449177164 21.62619666534542 46.00268640489116
88.7070395110097 99.63232904230269 37.51219493408857 47.91798073571508
2 8 	 # Alloc Shape
1 1 0 0 0 0 1 1
0 0 1 1 1 1 0 0

2 8 	 # U Shape
84.4626529574592 17.888901245130906 39.640551067556785 60.44620155479442 69.90262345511692 39.66510669731436 61.20810494403379 34.742300417339365
99.59961974053017 43.83133629585274 81.59812726192126 76.35591562585113 2.9696043143614625 99.9380578573668 83.12640171718635 70.6561006921249
2 4 	 # V Shape
63.73674267501615 36.23583012314725 81.10741832204965 42.35358424234229
16.334187445311322 78.87780626495125 23.237505734680198 30.867877409796197
2 8 	 # Alloc Shape
1 1 0 0 1 1 0 0
0 0 1 1 0 0 1 1

2 8 	 # U Shape
1.2873757745329284 54.80452458916941 2.200867747894586 37.96757757044343 42.50220009206001 53.833163595695176 25.142349253794116 65.35222128965104
18.44770768163816 58.15971147012951 91.91259427700007 28.622773714684747 20.914678663454588 52.048697315306434 8.888617579747393 55.042721155822406
2 4 	 # V Shape
85.80806825931646 53.544911822229516 69.16619743576486 26.311934996964638
40.772280497106664 30.662469734774522 37.73581854522596 91.65312147879531
2 8 	 # Alloc Shape
0 0 0 0 1 1 1 1
1 1 1 1 0 0 0 0

2 8 	 # U Shape
72.58290801594602 75.73100719202779 17.094301096960773 8.19595055173683 56.48771418792802 67.60740451849695 7.147080710955256 98.28850779482828
3.5401325859717114 92.54833498407791 5.044956100669107 70.65958067914954 87.06145468978171 19.322345544362584 13.016940720660507 56.57292255491823
2 4 	 # V Shape
94.26907069579356 12.08196014010059 89.86915893152462 37.086717204746286
27.724526756826616 73.19954531398616 58.97736047670984 28.529281335238522
2 8 	 # Alloc Shape
1 1 0 0 0 0 1 1
0 0 1 1 1 1 0 0

2 8 	 # U Shape
89.53474383497536 58.35423713765866 29.997376662899157 65.89533071639873 89.50155215163164 17.188269025941604 96.70132179645222 81.05469922152054
93.13829921246419 15.310352752751921 99.93972855937682 14.263265248826418 48.94552930451533 98.18857591278982 78.52615333983188 84.32569168345026
2 4 	 # V Shape
12.049452723947118 10.967418613930791 10.236170341905982 8.694186972953844
56.84580721019961 77.35647039482654 70.35103606771776 81.44631102977523
2 8 	 # Alloc Shape
1 1 0 0 0 0 1 1
0 0 1 1 1 1 0 0

2 8 	 # U Shape
31.90639076307651 5.62095905476866 33.33556405681913 55.24973348056819 60.60152126362694 4.782014400823442 44.192482528664016 23.46768775282424
53.25159742225044 96.18747294587567 29.921305291194177 59.12647589049681 21.457481987517102 46.184483559874934 35.262415154825355 43.16138069193518
2 4 	 # V Shape
13.22770278406381 6.37409430045447 66.03751997681292 40.82310991482121
91.75520519086339 54.1129367508965 87.884700948041 99.86663023194087
2 8 	 # Alloc Shape
0 0 1 1 1 1 0 0
1 1 0 0 0 0 1 1

2 8 	 # U Shape
43.111256967781145 77.50082417712775 87.70389877547574 6.306879441489677 56.01556431648708 34.19965358582435 34.07182098058367 40.90248631835978
60.14692516784641 47.825800146996514 3.3895815445025845 66.59581302502127 24.01907183587858 25.721400190633425 3.091550267872112 69.195003958452
2 4 	 # V Shape
5.449633178284308 53.86583106530603 37.1131227034885 90.39439091244019
42.75238369311175 16.633252354615724 73.92891912258442 20.530309747273634
2 8 	 # Alloc Shape
0 0 1 1 1 1 0 0
1 1 0 0 0 0 1 1

2 8 	 # U Shape
86.03216420284994 12.245250625305658 37.80514816292296 78.87043850959195 89.90848049944698 40.65471688566071 98.66157669694715 57.697785610802796
47.39577606888704 19.662016784553437 52.335413001552375 87.81314332004854 41.91459441367653 27.26317294700955 65.79419957189998 12.257302150713967
2 4 	 # V Shape
72.97356526357163 94.04365298670646 90.82966989488762 85.00000227958608
53.69149654576305 9.824890961639298 49.8328682985677 69.97794690253018
2 8 	 # Alloc Shape
0 0 0 0 1 1 1 1
1 1 1 1 0 0 0 0

2 8 	 # U Shape
53.63300487222947 12.05215169356373 92.56813648508192 75.47672037711273 18.753533840042213 37.2447952678426 49.36613098825495 81.95951902274365
36.313621119088936 38.299522509952645 46.1537892326922 89.28075517840168 68.663978390207 78.51022088154113 72.18729009837978 69.54509740413312
2 4 	 # V Shape
25.517883083751613 38.27881580934023 68.84070150424373 49.09010251092094
45.173576179809075 42.847207643426145 27.642797987936518 43.96156285853399
2 8 	 # Alloc Shape
1 1 1 1 0 0 0 0
0 0 0 0 1 1 1 1

2 8 	 # U Shape
81.84622742562095 75.38303073227836 88.09743757906105 3.1491258087288476 21.31944017432007 38.862533717894856 15.029210678965232 27.655390907779353
96.43731582141363 72.81586747629895 95.9394449401578 47.56777789627616 11.459904968845757 20.922084649364315 57.71667608395548 19.34041283702046
2 4 	 # V Shape
91.99253314231555 37.02239186984029 95.65553945062612 70.75284404141256
4.384641001524914 90.38956992659863 64.33289306169351 79.92730365526845
2 8 	 # Alloc Shape
1 1 0 0 1 1 0 0
0 0 1 1 0 0 1 1

2 8 	 # U Shape
99.92580271851142 80.51128403210042 79.80854660103674 63.084812529449806 95.45181174522513 31.57394849356735 16.376904684664005 96.147790205029
27.621160618602925 26.596190665923437 69.81393247816504 19.612163952016402 31.143943128244068 76.25083013478267 66.11840663066303 32.99273667636021
2 4 	 # V Shape
23.105430093365943 98.8089749977135 79.97371667890246 51.697361996497804
44.95983699663649 63.369212098654906 76.07876503917261 65.2983759198383
2 8 	 # Alloc Shape
1 1 1 1 0 0 0 0
0 0 0 0 1 1 1 1

2 8 	 # U Shape
35.12909501516182 8.184485605996661 42.58571058426175 28.590930929439285 78.72883354574188 88.2222696248394 64.8049983323014 71.8535072644545
81.0871691507556 46.78159200816984 51.54023578344664 79.19158473341594 4.819084332956935 11.582645232789556 81.8426785949478 69.83444841468452
2 4 	 # V Shape
15.363641740015288 80.89945912929531 78.98239814323854 82.95123420876777
75.6570565910256 5.447849460498477 60.01471980978149 12.120286729941032
2 8 	 # Alloc Shape
0 0 0 0 1 1 1 1
1 1 1 1 0 0 0 0

2 8 	 # U Shape
45.76129948483817 20.54935163957493 94.38290485854199 15.246802910102431 99.38783827244883 32.67090739699273 34.3400959246849 14.223312560462741
94.05404731774316 83.09578048178948 41.86325896258424 79.42672885691358 62.275383375668866 40.3936609690292 4.661687147221894 16.529977120578778
2 4 	 # V Shape
59.2521320133435 41.77303417969009 50.577553434211175 82.729959600503
90.90157281136817 42.19945564534196 64.18701658156604 98.5536039791401
2 8 	 # Alloc Shape
0 0 0 0 1 1 1 1
1 1 1 1 0 0 0 0

2 8 	 # U Shape
48.929576339053845 78.04447588542565 71.50529999918422 71.16052921935866 39.769775626240374 61.17981065314916 59.36814799457236 63.23050376524101
43.8906568351099 86.72330787328345 13.501764837231967 81.29247061863498 77.98329339112887 59.82121065351864 44.980232309012735 89.55818551839288
2 4 	 # V Shape
95.52493266729326 76.2910560394215 84.03684316450648 87.42355343038277
53.84606584526415 82.99314275494817 92.22439193663683 5.964216460663474
2 8 	 # Alloc Shape
1 1 1 1 0 0 0 0
0 0 0 0 1 1 1 1

2 8 	 # U Shape
70.07349889176116 73.9812157342565 18.800297287503543 9.352486769916968 11.482614021765214 89.12682599785825 1.2219372667779393 78.88272409489959
41.12004108427685 66.63124921441683 28.001205565706233 79.61939548838367 62.095153672069195 12.443021340812644 23.926205887009246 93.6449243722966
2 4 	 # V Shape
60.92767466458163 23.98621064651755 53.53474828977579 13.977913202584347
99.13395077667263 58.06471308440951 89.76738110243011 67.0682210600597
2 8 	 # Alloc Shape
1 1 0 0 1 1 0 0
0 0 1 1 0 0 1 1

2 8 	 # U Shape
68.30231570633936 12.772660634470935 52.735373828352586 75.53583659141495 90.1346401197381 94.78799251771828 11.017077503714157 62.02605415943873
21.927313509306856 33.05368145690909 50.39147846259701 69.14828060320856 94.26810565117954 43.02358014580135 31.47142442745855 27.057316151172948
2 4 	 # V Shape
87.77334206170106 11.139863177783194 75.41327953406626 55.85472750428586
70.03248092081519 76.6042873445476 58.24400328232608 67.72045168125442
2 8 	 # Alloc Shape
1 1 0 0 1 1 0 0
0 0 1 1 0 0 1 1

2 8 	 # U Shape
85.88375102475499 39.61808774322867 15.192802393759964 40.16369759878631 2.959551865697141 65.11112523667384 93.22871627985681 82.74951083641726
58.03028805266328 25.033069492203232 28.41916613128609 94.46879301564773 3.8885833781676316 93.57823743391384 4.449322411884982 56.71199679642761
2 4 	 # V Shape
41.17525535753535 13.617323020421757 12.590941692830192 25.45346394058152
7.902025988387051 83.4908317191325 67.8550215751891 9.067446839177107
2 8 	 # Alloc Shape
1 1 0 0 0 0 1 1
0 0 1 1 1 1 0 0

2 8 	 # U Shape
51.84442500613411 36.57482236428894 53.365853597564005 75.55169802247181 70.5361257774215 51.38959860604878 33.05014359688765 61.13419339827851
35.962329153494224 9.37038239159802 73.12585360772229 2.0867922132187022 23.423155012080343 6.351383027692881 64.95847052017133 64.6085441111528
2 4 	 # V Shape
32.967117983602755 1.773102602314458 92.84140092193654 11.431931266674301
70.28532935797256 24.614323162936813 75.25585604089412 1.881212078914929
2 8 	 # Alloc Shape
1 1 0 0 1 1 0 0
0 0 1 1 0 0 1 1

2 8 	 # U Shape
53.794121232595224 40.05068953043315 13.40682111705027 82.44643025694626 99.83614884119221 18.201374387444 49.136882845609385 21.79776458654582
7.963743053642247 12.150929774948683 1.8512455243438475 36.51499928470512 70.91426715986545 90.25088514465183 49.43066100190635 6.658197558934242
2 4 	 # V Shape
28.298608262347525 85.92746122457618 38.8565952063056 71.32237119074858
45.47226472474155 97.07100078600932 34.337251266913746 45.696127222329366
2 8 	 # Alloc Shape
1 1 1 1 0 0 0 0
0 0 0 0 1 1 1 1

2 8 	 # U Shape
25.984026585825003 3.8448717179534464 75.76677375722628 35.79032053011185 84.02718216516243 90.96675457335623 87.15867280273285 74.06576716672036
37.989668652159835 3.8050996228807255 50.99502295182747 47.15459478064502 40.54695134854646 30.406751979655667 61.45732988561557 88.33171455835154
2 4 	 # V Shape
44.3532998118803 56.07376807468868 5.272680748340841 59.99930683353496
9.187120055802623 1.839566948703364 46.90507328439843 77.80985512836331
2 8 	 # Alloc Shape
0 0 1 1 1 1 0 0
1 1 0 0 0 0 1 1

2 8 	 # U Shape
87.51255392037376 70.15025794162456 17.193213286446284 69.95045160500155 1.495595200711819 20.942775464203088 27.41559190482967 86.04043737402294
18.874885885216163 43.09418873036917 21.90102000133154 36.16749860884866 65.6501468567572 24.820992294688317 21.468645151395894 19.317939463513888
2 4 	 # V Shape
17.518316131213997 84.26238561853467 25.07574488230373 9.068938124850556
86.5264752244202 70.0594988998034 41.72687562644618 61.64379796372821
2 8 	 # Alloc Shape
1 1 0 0 0 0 1 1
0 0 1 1 1 1 0 0

2 8 	 # U Shape
36.39499902021661 10.293830746253851 70.65543337282259 1.1925409666373676 63.470751828803486 20.86416397462756 62.82816471033681 51.79547697466267
57.813052184157684 12.050189024509406 46.1297231084866 89.29601866770626 50.76136473689182 75.68593131526076 45.288330115730844 23.46439962984198
2 4 	 # V Shape
12.277660955322112 35.90534759932541 40.28060987133317 44.5110506169794
73.00899983214607 65.3678993692732 40.056277954282 61.944368108912265
2 8 	 # Alloc Shape
0 0 0 0 1 1 1 1
1 1 1 1 0 0 0 0

2 8 	 # U Shape
77.87861033777769 9.289226262294015 0.4729112533275348 3.702784908728163 80.34226175794782 25.474873010234777 30.101851684689674 48.91557493217458
68.91839401413665 87.46633127568757 6.351741060250571 8.152394321520283 84.60464520767222 89.08634993735414 8.5468672435825 19.794110517334385
2 4 	 # V Shape
50.42056013467888 45.66708665427828 73.81425482616224 56.643447524510485
42.80841153628522 0.8648424872663707 10.174311664121038 60.82852343717223
2 8 	 # Alloc Shape
0 0 0 0 1 1 1 1
1 1 1 1 0 0 0 0

2 8 	 # U Shape
95.22613059928482 27.056878656362304 96.0853817193336 73.26169883126646 63.76960223377414 69.76033866097266 64.2762730027598 9.458042756507856
55.518544370125454 59.64950813007726 67.99803722389237 87.8509754708578 38.44632875341761 50.67026988922597 48.04079750102675 17.92303645706841
2 4 	 # V Shape
82.71441802293148 29.43906792313501 8.077491849288442 41.75318196975487
85.47203105037863 93.96791251867191 30.988422151775154 91.76473839474937
2 8 	 # Alloc Shape
1 1 0 0 1 1 0 0
0 0 1 1 0 0 1 1

2 8 	 # U Shape
48.346803963443186 32.29518289081462 51.39063870290418 52.61040830446534 32.01375873315777 59.80178511660985 13.59358546054007 58.46077326287576
14.704521236422508 18.943448904439496 53.77966591995855 20.543022068081264 13.389453349948576 37.00209488693381 57.70091205420918 23.441499000257913
2 4 	 # V Shape
31.63149781300949 79.58438270836739 46.278487919163304 44.3861685607853
50.275737262988926 99.09188842184844 53.538343529418356 31.081363981396937
2 8 	 # Alloc Shape
1 1 0 0 1 1 0 0
0 0 1 1 0 0 1 1

2 8 	 # U Shape
62.16633625010096 28.280509725962144 77.79726338709496 12.116582566041888 76.48841898485797 27.387015892468792 80.54606095318198 79.439672930389
24.328070067102747 63.61893709642396 84.79100059239755 89.7725900202646 17.65981756342273 29.11273761742742 51.30587185346423 83.65513147347976
2 4 	 # V Shape
32.51597880179437 4.430461932005225 45.12823070663623 95.07526773893727
92.14780594666979 72.0782854696933 37.41871385893399 25.54975551028196
2 8 	 # Alloc Shape
0 0 0 0 1 1 1 1
1 1 1 1 0 0 0 0

2 8 	 # U Shape
4.138875885447146 80.48899800964418 14.628418828079026 76.25807993152905 81.45601887509665 6.525333647686049 18.730411829220483 25.720159559787735
87.97663671416679 72.79904633369453 78.45920285560874 1.3351139664567468 73.38605614347605 69.8256982899683 70.95566792311263 36.88509543031693
2 4 	 # V Shape
9.345732316060207 81.52471869119023 55.146660456981245 65.92635263694724
98.89883155780736 68.38858761107022 46.314706003825634 78.33608802261841
2 8 	 # Alloc Shape
0 0 1 1 1 1 0 0
1 1 0 0 0 0 1 1

2 8 	 # U Shape
8.33222639737321 69.04703310190826 68.28153710165009 24.207214283882184 84.12381166138063 3.6026829515310554 60.90407258783712 78.50539968264206
52.32844803043245 7.6784696254205915 82.9566378916631 45.62768670503016 36.59350733067308 38.69088595259318 87.15035432972684 6.980388617744038
2 4 	 # V Shape
44.666505719900165 18.701147496185644 36.927106539789335 12.08252145305596
25.005912439380428 18.528075285883283 85.73479333475647 66.87775096523502
2 8 	 # Alloc Shape
0 0 0 0 1 1 1 1
1 1 1 1 0 0 0 0

2 8 	 # U Shape
2.461347130109537 21.420792795533885 47.69152416161835 10.328212031820483 45.487423822412346 26.935004441619448 39.68455116499526 32.54080082368366
24.670418459413334 16.33565785182507 34.797135556851714 61.46503952611787 68.55021669187525 50.971892150987365 60.29225266371101 58.28960956113056
2 4 	 # V Shape
75.92422286049337 21.1379959860998 21.87109154196536 13.889721703200653
64.02720569299814 21.18258523360632 53.4405813678722 33.1804510855357
2 8 	 # Alloc Shape
1 1 1 1 0 0 0 0
0 0 0 0 1 1 1 1

2 8 	 # U Shape
33.934265125548954 10.047582451102798 43.74067928901969 1.315007320584216 22.45526204684878 95.72298739072895 74.73374604075754 9.941776579143792
31.183410784079346 44.74599198965316 5.744748031037883 97.6857366669072 9.827179980165345 87.65544433388393 59.008369599711386 46.63197187484182
2 4 	 # V Shape
96.96566696955125 77.00586028485948 49.72743321245968 4.142524982722007
75.79744981034806 41.64473551266907 98.23078984216379 62.39175332741343
2 8 	 # Alloc Shape
0 0 0 0 1 1 1 1
1 1 1 1 0 0 0 0

2 8 	 # U Shape
69.50602815169336 67.09314942610285 49.42431925845556 71.58418202521669 0.3693989559608979 52.00161498754243 20.087167128988526 71.30771838205764
96.75346360368398 42.56360536804921 98.80459157632073 99.70254670300432 55.722299879552985 18.117886523155324 31.33440180902165 26.32275774989693
2 4 	 # V Shape
53.53203225626597 6.335387893175126 96.10178774842826 8.666720187980637
57.59313339480517 32.445251924124655 1.0662376112475669 6.452622215205173
2 8 	 # Alloc Shape
1 1 0 0 0 0 1 1
0 0 1 1 1 1 0 0

2 8 	 # U Shape
44.44756275425924 25.529050174320766 71.73875811979838 44.48640059240883 13.959487446156905 74.2604557017436 30.630166019817917 86.6239569124685
83.68283119562116 21.843921267457944 77.01744793448974 98.62657596528747 90.04510863205928 53.283135276629615 87.41043586184895 26.428854734557618
2 4 	 # V Shape
99.37451095214516 62.044214263317365 53.84204346091638 84.81787662291201
60.7786133635211 53.78869935452785 12.415827421159264 75.97561243570674
2 8 	 # Alloc Shape
0 0 0 0 1 1 1 1
1 1 1 1 0 0 0 0

2 8 	 # U Shape
11.381541990546229 49.69519285157907 36.62529277699558 82.82399981199069 22.044671626395086 19.980116318612772 37.4855350515252 34.49022151353041
57.43329427730167 33.465362106743825 74.72055041958495 15.657361457132701 95.93992050050481 5.892392269133461 75.75973841534807 64.4239548189008
2 4 	 # V Shape
1.9012510620230572 36.33787229017275 67.92976673779762 48.341639192945564
75.85277491188216 98.04166379793173 46.57387384414379 31.62937405532261
2 8 	 # Alloc Shape
1 1 1 1 0 0 0 0
0 0 0 0 1 1 1 1

2 8 	 # U Shape
99.79190394515024 68.35668716526781 90.63367740173194 12.889135378985216 91.27068024298448 44.456726210443435 72.3202247824228 97.85608036247298
99.32085940465609 56.13029374689735 37.95919824764755 69.36747313987367 95.68222895811164 77.63024607044615 93.25739229768705 81.52951348486087
2 4 	 # V Shape
28.01820808037171 48.69736197606158 31.224037137841997 10.158225372145836
57.85647022690716 81.37829312100905 72.48676263007864 99.89694968048674
2 8 	 # Alloc Shape
1 1 1 1 0 0 0 0
0 0 0 0 1 1 1 1

2 8 	 # U Shape
68.98657243325539 84.34611816539525 38.99910512430419 1.1360988849192233 84.42429497061077 85.19346123891033 27.273888206999853 64.86649625182923
96.99915509464103 19.613061993197224 13.312706155105513 8.367511763520186 94.08308970443947 41.983263792808756 39.032403591415964 58.18129290507138
2 4 	 # V Shape
7.831606157279946 43.97488172471302 44.05704859631826 15.313997598628637
97.12228915349127 55.86877533068234 44.5219062804903 55.94539970299599
2 8 	 # Alloc Shape
0 0 1 1 1 1 0 0
1 1 0 0 0 0 1 1

2 8 	 # U Shape
39.158343056948695 54.10486338626467 26.530345568990743 53.90924973003891 13.064545380645088 22.468467112213574 14.35048916976026 16.045896759246215
84.21708356077035 37.85179942402836 70.15584921195781 76.57580788769806 1.9261374229375572 66.88320683658021 95.3835779431855 47.42992509102477
2 4 	 # V Shape
23.543124816599416 57.6240123180774 50.958369424597706 73.60365219270756
93.96867614122111 84.31223063516576 78.84533222348095 72.28177385061143
2 8 	 # Alloc Shape
1 1 1 1 0 0 0 0
0 0 0 0 1 1 1 1

2 8 	 # U Shape
76.75957713613131 67.83501799436405 61.66243147182258 63.07921238379942 3.060737779000411 88.77186916088637 82.90176342751245 17.03084507261561
48.04564345476652 40.80639802258113 63.540203888893195 89.37625070151319 25.982824527384086 60.32958490356955 50.61093592502057 35.526781062718015
2 4 	 # V Shape
11.536217342044708 21.084193706164477 54.75275513070479 45.522147104263254
91.03135631694697 9.020137649943482 35.436002691221255 92.05832050332873
2 8 	 # Alloc Shape
1 1 0 0 0 0 1 1
0 0 1 1 1 1 0 0

2 8 	 # U Shape
36.175387698859026 61.99601999836985 61.54418173570244 83.8120233061624 95.35607838333505 5.163416088099904 42.37951295642911 57.27540440068256
33.2054850235797 72.8079731886201 81.14617618991488 18.34565409965654 35.24562978988786 5.4556292121575645 37.05966713926985 34.98714254748154
2 4 	 # V Shape
66.9817230784005 91.6047747406182 61.32399509343935 67.1473579929967
14.355271025305594 49.86546720608579 86.262283948712 24.548411684156267
2 8 	 # Alloc Shape
0 0 0 0 1 1 1 1
1 1 1 1 0 0 0 0

2 8 	 # U Shape
11.840624596936012 61.8242008039061 75.46095517272195 83.74184866922822 86.66616204740475 86.20546532283461 12.457926793689655 54.39804755134681
90.30824282210739 71.62410797991853 16.288190147708615 91.56918797087584 64.14321780051328 79.37061865355044 87.4220554486929 8.359873295641574
2 4 	 # V Shape
88.59156743029024 29.874584471115938 23.94724852266562 25.466162240687197
18.21806402140137 62.83324313874302 93.67734030144351 70.46224118994164
2 8 	 # Alloc Shape
0 0 1 1 1 1 0 0
1 1 0 0 0 0 1 1

2 8 	 # U Shape
52.69474807866978 15.72099409467571 74.40491495338695 62.888298127323935 76.62761911035794 13.66894597055448 69.48083733854634 7.078749795529515
78.5275833272291 88.43016717493578 59.6928503439524 58.01941585197763 23.125122297025957 17.740683856299412 1.7846328934600808 37.491059211619024
2 4 	 # V Shape
64.2974910457 0.053248344869127884 29.36675552820327 88.82297587394926
46.38750775026349 16.829457679795546 5.392523868422828 75.91318705806897
2 8 	 # Alloc Shape
0 0 0 0 1 1 1 1
1 1 1 1 0 0 0 0

2 8 	 # U Shape
61.86371519181425 5.10407202338834 4.276061595713299 50.11035510238071 6.334180501991604 33.621265706953785 85.73746953634674 45.332619464591254
29.19084511451637 57.335434358496954 0.843163726721996 12.82482451012098 53.197639324380965 33.68079018692791 92.43625228826772 19.53040936533814
2 4 	 # V Shape
26.528656356279324 75.21388221357242 24.05107191859116 28.3843455319288
62.7041502658177 16.713092410827024 72.82959144935566 20.550380224018195
2 8 	 # Alloc Shape
0 0 1 1 0 0 1 1
1 1 0 0 1 1 0 0

2 8 	 # U Shape
97.3693093689382 22.73912579223364 0.5528567060840817 82.60840224641102 42.86705882352937 45.219202954667395 78.9809771966946 87.38410593532315
71.78340681594356 49.8203291576242 93.18732287041246 36.553445885628776 64.20497120590774 58.69726596736417 61.580420338897824 32.424760895190644
2 4 	 # V Shape
14.84490038213232 35.0783282958706 39.569557781581125 87.32016934751276
21.53990520070853 93.4345201841183 5.433197043518678 61.217030682553975
2 8 	 # Alloc Shape
1 1 0 0 0 0 1 1
0 0 1 1 1 1 0 0

2 8 	 # U Shape
92.02462920427261 9.795157597883996 85.1086376853162 40.30926276461363 40.245156844932716 38.75384622378276 35.83542293333779 31.054475084244395
28.651592671724412 7.530208468652866 31.64993625995879 35.685580183332036 89.20626118655154 27.663221176609675 85.70308962812459 45.89415704790207
2 4 	 # V Shape
86.89469759801744 36.84894355259013 37.283021148656694 76.1581816796033
20.976895668639028 23.432510150948637 62.224287762687005 71.41671352803516
2 8 	 # Alloc Shape
1 1 1 1 0 0 0 0
0 0 0 0 1 1 1 1

2 8 	 # U Shape
44.22730555595938 56.78230095886908 13.41946720964 57.187433666127305 61.11000403412237 27.24896102403448 10.570355147208277 22.672165790585996
51.589876711504346 89.79360340361609 39.8265432016211 55.69432927702073 55.9906113762904 22.375634526166543 86.07297299021026 27.112559184137485
2 4 	 # V Shape
56.69186381874242 21.832109906512354 61.45386642390594 77.42474596944089
32.32823394267748 18.712172559559548 31.378448699941753 60.57734041163365
2 8 	 # Alloc Shape
0 0 1 1 1 1 0 0
1 1 0 0 0 0 1 1

2 8 	 # U Shape
28.40922988573773 83.44855008655354 14.2919315728267 78.03867810872963 54.67719110874357 53.81617764560404 68.91834207302048 87.76063536934136
42.56469611919405 47.821575008952344 67.39726054181936 6.04830032312128 17.82100193904349 74.4092340159722 16.361515008609917 96.56019626467838
2 4 	 # V Shape
81.44589851481683 57.29120946121191 33.56756132558976 72.7274748124293
24.189358531335138 87.3899797350333 3.0058865907546473 26.434599838117478
2 8 	 # Alloc Shape
1 1 1 1 0 0 0 0
0 0 0 0 1 1 1 1

2 8 	 # U Shape
51.94335879337997 2.17395277487501 31.379292005782045 79.87066740500039 54.03895695291712 21.505424414473573 26.279739036221482 52.64842804399864
88.87749040811286 72.03220625928327 17.326295414784376 85.33522581633697 19.191350628396798 58.3981276879753 89.31097443747153 43.22275400906598
2 4 	 # V Shape
61.224821617646995 33.00437183694681 18.973709995264265 93.52855558126245
88.6794405389044 8.235487760784865 74.21643939297455 0.7726288724232533
2 8 	 # Alloc Shape
0 0 1 1 1 1 0 0
1 1 0 0 0 0 1 1

2 8 	 # U Shape
26.877150274716666 57.12503574249082 87.94388494699182 7.608236184497585 42.78907183651104 70.34955337610072 48.8842648656995 47.2867960480326
54.6346482864959 57.22845394475497 9.49676843742655 61.565568985976746 63.6317610369811 91.15899173289732 94.7885076543092 33.421826202043924
2 4 	 # V Shape
32.42794988076506 53.36217272447197 9.797851309285067 47.970845060544384
8.068907909907663 19.722751132035 60.386407890320314 80.79722549929154
2 8 	 # Alloc Shape
1 1 1 1 0 0 0 0
0 0 0 0 1 1 1 1

2 8 	 # U Shape
97.30004220529956 61.62389841171908 98.02509009043132 68.87725612960041 29.830806373183595 62.210501285844934 59.3693814170903 21.52963578548799
19.60268178605772 0.493458302731975 66.01209064490179 17.36246399257597 81.79961392772206 31.572491728633466 79.69295001585299 3.9618401304468587
2 4 	 # V Shape
73.52852022400816 90.99037148223442 46.627993516068265 46.884507140214225
55.643680456354915 99.05793364400361 97.49060023804778 27.784082695497247
2 8 	 # Alloc Shape
1 1 1 1 0 0 0 0
0 0 0 0 1 1 1 1

2 8 	 # U Shape
88.14444644472059 97.52003996730593 58.97310478411419 15.406274490772741 31.160566569488957 73.24579236934208 75.4275647053546 7.162396873373888
57.48829598983117 56.135618098841654 77.43997835640232 96.32047154133127 66.16396874488406 60.54377140625489 79.07349792092995 64.42546576257904
2 4 	 # V Shape
42.50396114186492 23.18327404144075 48.37752868052599 22.114928600752727
75.74353830834552 34.40710816766509 55.762187287020524 66.59171011884392
2 8 	 # Alloc Shape
1 1 0 0 1 1 0 0
0 0 1 1 0 0 1 1

2 8 	 # U Shape
4.998190795184776 92.57095140485279 90.84484974329516 50.02070746778209 20.55509354670778 34.1461407889612 82.868726978965 48.12151699381014
78.27508769000104 2.561477809496382 48.58183045971629 88.11940326681199 63.15413228100161 95.896531663703 62.98390457465172 33.192698950574375
2 4 	 # V Shape
54.4149815192953 30.48338429338262 34.89667719970942 75.9876231417588
13.808255108120482 7.9909575445795795 78.94566992564826 41.60193642894754
2 8 	 # Alloc Shape
1 1 0 0 0 0 1 1
0 0 1 1 1 1 0 0

2 8 	 # U Shape
72.20424449643289 68.32975414369115 78.42025113535091 97.34856669595835 81.23460236320238 64.49385607650991 82.64312514485601 28.45167258480735
53.96382596966571 81.90722654678528 59.423406668494415 31.264969001387666 42.66461211700484 78.5654766885375 61.149438713043004 39.579508515273034
2 4 	 # V Shape
84.82767696914766 69.3992604738401 73.22991542437268 81.46858487347735
33.97261963035437 80.81391511121343 83.43687815668505 26.044841362806736
2 8 	 # Alloc Shape
0 0 1 1 0 0 1 1
1 1 0 0 1 1 0 0

2 8 	 # U Shape
95.00606515314138 74.2505769545083 47.23549270036068 80.54556087095396 62.83386585156826 57.52145166389302 62.40166988770204 4.354864045838591
42.05140442664915 56.56939992511176 41.106491833191704 75.571500922237 45.231631833437504 9.413035869811958 87.17091797360983 60.70012284749639
2 4 	 # V Shape
63.39553295431136 24.030922372173414 70.54203356236914 34.14671285403148
60.44183548074382 24.46189139899486 80.60526315783243 41.97490137965286
2 8 	 # Alloc Shape
1 1 0 0 1 1 0 0
0 0 1 1 0 0 1 1

2 8 	 # U Shape
25.370886039682805 53.38875228293595 4.020621460369778 70.12553405115031 12.606279818736155 28.961603281037895 64.95103531928775 88.72017226982113
9.67031280679793 49.12879488851015 3.6462317291215074 87.65102989618691 15.523010014354844 85.03220231803863 92.41861207571112 65.49299772328145
2 4 	 # V Shape
95.89635358554862 51.71685409990461 29.65818068796584 49.18800645730671
11.423012371297459 18.349360581356756 51.67527033111173 16.265935441311473
2 8 	 # Alloc Shape
1 1 0 0 0 0 1 1
0 0 1 1 1 1 0 0

2 8 	 # U Shape
90.28038240327675 89.68160791752976 43.452631110796766 68.94554548228862 18.761373313732086 3.867671989397181 9.87993275437674 54.650824551320035
35.075658540729115 52.96571154960997 66.05352671428976 63.16347139345492 84.7395628562141 14.310517694098547 83.65426514662836 13.400261605494524
2 4 	 # V Shape
14.060154976105677 89.7702224236935 84.98295811087283 85.15977412346076
3.7206885202543782 19.86252242426102 31.087491214365436 77.20857079256311
2 8 	 # Alloc Shape
1 1 1 1 0 0 0 0
0 0 0 0 1 1 1 1

2 8 	 # U Shape
61.95522508716914 60.18132146884382 10.260569961323473 40.82789651901425 4.503652377628531 67.97731716688027 36.12447810300715 71.2281768748431
98.27838546992167 35.538522021479565 38.43252560857635 17.948619228206773 38.969822429525166 41.946206081722124 16.709820048163483 19.32010252507733
2 4 	 # V Shape
57.35114805655036 41.964131346864434 36.44710914438918 25.809651534508006
88.87015821044 22.63187266326546 45.78643272330608 13.003783025228744
2 8 	 # Alloc Shape
0 0 0 0 1 1 1 1
1 1 1 1 0 0 0 0

2 8 	 # U Shape
23.962028012396953 73.6014902844016 20.437190033855245 60.00513327821941 18.81040769652067 73.5080411205346 84.29698334803174 63.6739575096052
7.306616586161796 51.80006072625459 9.68574341241737 13.837681614882225 7.524160687709003 92.49997939403701 22.95579899535537 72.4596154301106
2 4 	 # V Shape
25.27106015191031 38.1696147726456 30.070409768744288 65.91480964987
84.47772007556215 19.487799263973237 40.00584619163602 52.01424966650534
2 8 	 # Alloc Shape
0 0 1 1 0 0 1 1
1 1 0 0 1 1 0 0

2 8 	 # U Shape
8.198235392639042 33.684928710932894 31.40077382886307 65.7764637267109 58.79297676463723 60.451421548138995 68.68397802470236 31.141647670911667
74.82362667815877 79.64192861405198 77.48943563867732 12.032650353927476 86.60889864799233 53.6626802627764 31.71613295680823 53.18853160440763
2 4 	 # V Shape
0.4406549833026463 99.9204208464013 48.67808684517166 53.32081723832959
59.542769314800836 75.17226232599995 82.28779327096152 38.71175740254912
2 8 	 # Alloc Shape
0 0 1 1 0 0 1 1
1 1 0 0 1 1 0 0

2 8 	 # U Shape
63.310674343760795 88.36910732627136 46.84357784620487 94.98538043846125 68.42133800110773 36.908415387067215 16.018593776064115 71.35227852923235
52.06463209622232 37.45102179510976 89.28771292190183 89.09462669652373 40.26238078663579 7.014297905960031 83.255722591114 62.66051218059672
2 4 	 # V Shape
76.91684322560512 23.12650200664137 16.433260079110234 12.74802935542313
39.99138327062446 58.70683851030248 97.70106096761664 82.30778452787729
2 8 	 # Alloc Shape
1 1 0 0 1 1 0 0
0 0 1 1 0 0 1 1

2 8 	 # U Shape
32.62245678325597 97.99327493232414 40.61936180732779 18.850657540586123 80.13606110591336 74.02115580379896 95.00403523466268 76.45174422999548
28.459832495777484 15.72400578055918 28.072349362150064 66.5067602940079 90.87882636690145 1.6575489102942154 34.18115846534403 69.80413151788804
2 4 	 # V Shape
87.30146496709685 60.17944277100372 31.754153918449425 88.0033110678903
83.64250579001406 76.59212084883372 28.825918277154173 69.33549077795708
2 8 	 # Alloc Shape
1 1 0 0 0 0 1 1
0 0 1 1 1 1 0 0

2 8 	 # U Shape
57.870581316083594 59.44450786293503 62.84729173765453 80.29160898321149 80.54790455093203 0.30523426167694545 62.49579173731081 1.0409980842609023
22.394900406205743 32.254041195093954 22.092187435978683 88.16648437212893 45.65144308072087 64.58327249156338 61.67693296820104 23.896038881255333
2 4 	 # V Shape
46.97136680923971 23.450526510994607 60.65077984446382 57.997152101157404
0.7252154995702309 30.673552672715886 14.305625559868796 43.48941036165974
2 8 	 # Alloc Shape
1 1 1 1 0 0 0 0
0 0 0 0 1 1 1 1

2 8 	 # U Shape
48.11482871367918 86.71676640569187 66.90673140921017 47.30986869096605 24.979398696358924 22.829692345852514 24.138336107294624 8.515003009534306
49.832111391287825 99.1557953540236 18.270945993496966 92.04407799697502 21.45755495658569 88.34150244462336 96.0701996777081 15.366966946584471
2 4 	 # V Shape
72.3565007725351 4.703369346060871 70.0670825645329 19.624114376519696
12.572534059519802 61.41875823894188 44.41292177596965 91.44521285855365
2 8 	 # Alloc Shape
1 1 1 1 0 0 0 0
0 0 0 0 1 1 1 1

2 8 	 # U Shape
5.799285600471082 85.68759492709138 54.57860300853968 18.984865443038245 75.70838611695562 54.915278970968586 9.063161467896386 86.88873730603409
12.129447591325714 39.00327945161723 49.174394945263835 7.307178783958513 21.710516161170922 91.16396765899111 1.5941233276152822 10.92237952100259
2 4 	 # V Shape
96.699304665867 75.40104502782803 50.43926724162768 31.410900987586032
18.58941762127454 58.15139318893669 86.30379803732482 79.25005381073112
2 8 	 # Alloc Shape
1 1 0 0 0 0 1 1
0 0 1 1 1 1 0 0

2 8 	 # U Shape
17.469653189348055 17.662251800384954 75.11492240554938 37.74086078428371 50.76891944973462 63.586516446462085 12.448874733594728 21.40144807907578
5.654047616485524 68.68061190250539 1.246580526720542 89.6971069338031 18.710259351734393 30.16122783774583 5.534987131412428 77.21364875145392
2 4 	 # V Shape
37.30253365027898 14.458099479942632 31.173201696435605 69.87589682924306
59.25924750441089 75.06913120838392 73.42752922321162 43.759485895816155
2 8 	 # Alloc Shape
0 0 1 1 1 1 0 0
1 1 0 0 0 0 1 1

2 8 	 # U Shape
91.14358314538903 14.523858607700946 88.8949795115892 89.9374039693182 93.3022911782375 35.39164908148054 69.74832825877368 39.699936506741295
53.135485143515695 18.43206353547968 41.515500117927694 89.90758644576242 79.68071571471377 8.951270722275096 74.53950275942037 14.232364693255883
2 4 	 # V Shape
46.38301426373058 60.3331728444837 12.12707338313751 92.20986385666745
56.26039328584337 32.99788443468512 79.83558792960159 40.90517201384646
2 8 	 # Alloc Shape
1 1 0 0 1 1 0 0
0 0 1 1 0 0 1 1

2 8 	 # U Shape
10.333164716275501 91.53648704911608 41.950411765975446 60.357592975736274 49.9924579453643 56.87501083931695 70.93905444640718 49.38249195911833
51.453336279450255 97.97493958525459 82.86860364040412 31.201535442169092 83.33682411661823 39.459675331907185 93.80178911489011 65.9906260243137
2 4 	 # V Shape
44.69040141756649 83.89723265085296 85.93921330518327 46.29856749718807
69.86343647631584 99.26197087601254 22.12270923756795 42.766252953975304
2 8 	 # Alloc Shape
1 1 1 1 0 0 0 0
0 0 0 0 1 1 1 1

2 8 	 # U Shape
0.7709108943109055 18.539082676689656 70.38443100476263 47.464584203304696 49.01453193710334 59.44234097990451 88.60887956467052 45.272640272264816
50.40298871143815 29.763869249297926 89.81754808993956 88.17402531544512 36.62069473305536 31.81843880881503 9.849578765218059 58.62845222313179
2 4 	 # V Shape
75.10716085662878 22.16186303175466 99.48532337170177 91.62943137907898
64.85008128153248 48.52104865274991 4.002811488954605 39.869568705665614
2 8 	 # Alloc Shape
0 0 0 0 1 1 1 1
1 1 1 1 0 0 0 0

2 8 	 # U Shape
12.246091387363844 44.337604837375224 67.80150180325346 31.20024255911814 88.9816510289571 1.4823782911209227 22.953512030064015 35.81054326477309
66.0097303963814 44.71424155965058 65.5374382482519 70.73096760886341 53.696469515159265 20.68615997895974 95.99840339456081 83.97730803695117
2 4 	 # V Shape
29.373791787685043 80.12991145522388 48.72095440843795 77.85087217059494
42.74268857511889 80.54122006954285 68.95770377687137 91.96904085751275
2 8 	 # Alloc Shape
0 0 1 1 1 1 0 0
1 1 0 0 0 0 1 1

2 8 	 # U Shape
70.96520699709002 26.30445996568964 30.30094985812095 91.30648702007488 54.63106097718878 0.39415131965022665 93.1659917027486 55.159074086693515
58.40089403024983 63.948942723183045 25.669120187415206 8.502170236670704 18.669592400524714 61.661958144208754 94.92921514166049 3.637014865427335
2 4 	 # V Shape
36.25829644359695 30.37159863058909 6.627635233982976 62.408715556569305
10.511007397434168 73.97818163708139 70.69192054135539 14.949891095022249
2 8 	 # Alloc Shape
0 0 1 1 0 0 1 1
1 1 0 0 1 1 0 0

2 8 	 # U Shape
55.69165422851715 92.08159945189279 51.49020262878247 60.43995568951336 60.25580452916789 52.81314192254466 84.73526613616829 68.405617922124
99.32186072187221 36.576867090165834 79.82808164527599 5.33534592971503 36.75357872127649 74.02182560104184 62.91281009024517 3.8295626274360006
2 4 	 # V Shape
10.68656599753095 31.217602816912326 83.31822658058336 80.63998818729422
7.984726751354487 84.26176911193903 48.49285717293977 84.0975850041286
2 8 	 # Alloc Shape
0 0 1 1 0 0 1 1
1 1 0 0 1 1 0 0

2 8 	 # U Shape
46.36691276697965 67.22585603454854 66.68776360985362 42.19714508311394 78.5843658715001 65.70048292945312 70.89568652297933 9.986134064774276
72.4907510968152 30.52667765246794 44.48862756962282 45.892465047948114 8.686152757579713 90.38535359194351 45.33475716295662 2.8011827966297975
2 4 	 # V Shape
73.00930290829882 29.56509696600519 26.38927900668484 9.556887353027232
14.51481893586256 73.34801540112107 24.07475565019819 50.40624295742311
2 8 	 # Alloc Shape
0 0 1 1 0 0 1 1
1 1 0 0 1 1 0 0

2 8 	 # U Shape
50.83137146317592 9.062802453272244 14.565887278347244 20.202423651345512 84.21466724744523 96.45610639871299 80.1032566846983 37.720452919459404
98.72014687996143 5.517961427704066 20.607637305836324 17.83334579437643 15.721604063711004 4.824667706119968 57.6817791324166 3.853134674074965
2 4 	 # V Shape
40.52433525464567 43.07332439009044 53.236380792475636 54.89417266784644
15.47427321642182 5.959139530062629 24.364422871689108 10.126258183334148
2 8 	 # Alloc Shape
0 0 0 0 1 1 1 1
1 1 1 1 0 0 0 0

2 8 	 # U Shape
11.27212762615425 89.10459295158014 24.097218859693314 5.460464816787058 55.17364512384779 59.64481187486159 56.62821113190898 62.93368585262284
33.5106561976497 16.564119839841183 23.154600817813286 17.04361595792462 37.84477165948985 55.34850232527576 99.47354283019709 64.77997618610652
2 4 	 # V Shape
64.33408078766641 97.4139324830885 34.45425834865446 7.7397175975675525
28.67177844405142 76.20273656050568 10.716226850635435 81.9212906606183
2 8 	 # Alloc Shape
1 1 0 0 1 1 0 0
0 0 1 1 0 0 1 1

2 8 	 # U Shape
76.33559270884246 10.930838264884823 81.92011487827128 85.85881827579172 46.37897955665585 26.74031815421157 7.466199422361641 80.39606418088279
97.30938913977919 73.60274245132167 79.27790913155296 4.974576511952911 98.39128031882453 89.93519961493988 74.52485081265522 29.743069342029006
2 4 	 # V Shape
78.12049877477244 81.12783139293856 30.390368734976427 32.425453353323896
43.19732160827737 88.02788800373041 24.29984237002435 61.440116807955484
2 8 	 # Alloc Shape
0 0 1 1 0 0 1 1
1 1 0 0 1 1 0 0

2 8 	 # U Shape
86.6603361067028 41.97942363172794 50.21185038209103 68.94524759877385 0.24499552842200956 2.847597907531685 54.29493696450868 62.73526194364748
84.61595823297618 24.402737219455616 51.90872786428082 55.243310818183886 9.935382714491647 19.918386207624838 82.86085345088979 52.66655019256423
2 4 	 # V Shape
28.97437967605818 13.822871370772106 21.308562896287853 98.37372358696642
28.03705592924578 31.370416840528893 28.602287558393115 13.041265739248542
2 8 	 # Alloc Shape
1 1 1 1 0 0 0 0
0 0 0 0 1 1 1 1

2 8 	 # U Shape
80.18303904663004 41.980593510622896 71.72916809836269 70.20994216963622 16.834994839327543 61.84195226468925 30.957181439960568 24.80845281768159
50.396239353393355 15.236244301160983 86.56534693890917 88.63815357506166 42.84089841789116 33.51985059489054 83.67103378067677 9.747119145003202
2 4 	 # V Shape
29.159334595693032 23.30406214300381 29.649828976866644 3.303657736310528
89.50471665051708 7.642172501185341 72.64939717934229 79.8469482552973
2 8 	 # Alloc Shape
1 1 0 0 1 1 0 0
0 0 1 1 0 0 1 1

2 8 	 # U Shape
71.66932170804571 78.90389996358421 46.59191191553583 41.48198307345543 11.908371300965825 83.86421547551677 13.753325242122338 87.2003056957643
33.186046033912135 22.394063940314236 66.19566386283229 52.66786737309058 95.7903547608022 86.66175221872372 31.060239010596636 67.08670724212126
2 4 	 # V Shape
7.998658422924643 89.03136769227996 15.658276003684568 95.46674742244107
92.279120047941 38.928085998039876 12.595362393957332 82.26263628572602
2 8 	 # Alloc Shape
1 1 0 0 0 0 1 1
0 0 1 1 1 1 0 0

2 8 	 # U Shape
99.8439524928261 29.098559148720128 83.1010382159734 95.03554863068803 80.33592573979823 69.73991195269842 71.23883642408337 53.58120877037158
92.42659297517814 66.83766806851253 3.8831959746474465 29.48281864184977 72.21756415252122 63.72002430357313 8.811222873578695 45.76022452936934
2 4 	 # V Shape
13.61235300655702 27.317847364667237 55.677544041498436 42.01449979181172
51.48018995823502 77.30197369211311 19.26040275543668 93.2134583480252
2 8 	 # Alloc Shape
0 0 1 1 0 0 1 1
1 1 0 0 1 1 0 0

2 8 	 # U Shape
69.86481763080931 18.976026113241385 8.297481128817907 37.206916778206825 80.9165881825377 59.4008946352248 58.53130198717296 91.66616633815823
35.09514684626301 93.78622711973154 40.67504458850657 73.82901055035066 85.18592056669885 96.43452142575791 75.25655367070327 81.28319915550381
2 4 	 # V Shape
58.9643105345501 27.625972042998203 25.86917470461234 35.06558471906612
45.730503375052415 35.77071164471598 11.389395428843462 47.11452261088527
2 8 	 # Alloc Shape
0 0 0 0 1 1 1 1
1 1 1 1 0 0 0 0

2 8 	 # U Shape
72.48050259920005 14.965633106901633 35.30032188672504 92.28828238226234 11.914461574623703 39.69781554726913 33.863340745124596 72.75634947445245
77.4370613809544 11.785165185384184 35.18943723119451 67.6765749498617 97.48436602877034 41.861842095719204 65.58797827805967 1.353757053100002
2 4 	 # V Shape
66.15660384174323 24.42777679392699 20.249628313475487 36.63489811337297
99.09980635862324 50.43401342153575 72.88305127573483 65.73946729230951
2 8 	 # Alloc Shape
0 0 1 1 0 0 1 1
1 1 0 0 1 1 0 0

2 8 	 # U Shape
34.58167755377248 13.15959618534449 52.18703735752619 69.88531557453321 49.53817607892326 87.08443674668266 24.98563908879178 85.80259402878227
81.04812488684897 55.87060387655859 67.23637083549568 83.95387942810613 58.102821940783436 49.37977285382241 1.3072713730695518 40.76944845609276
2 4 	 # V Shape
77.06582003131399 13.480506083550914 36.150857120864146 77.07187332658346
29.75228102545794 68.12956228655496 1.2174213236973652 11.440588540685159
2 8 	 # Alloc Shape
0 0 0 0 1 1 1 1
1 1 1 1 0 0 0 0

2 8 	 # U Shape
76.62695206303053 21.495759833191187 70.24940285110017 3.9048417963324034 17.31910871938196 19.75542255381407 52.18162331852964 40.285055710509745
33.89930339376257 86.60743662744625 7.204553800921554 63.117368591064796 45.81257851165802 85.589736749326 70.66345950972752 6.925763686487496
2 4 	 # V Shape
92.81577624162689 92.99234754214585 45.64218445214407 63.39009476210441
77.66700185299362 72.04241255780079 52.19200539965059 93.55809174833163
2 8 	 # Alloc Shape
0 0 1 1 0 0 1 1
1 1 0 0 1 1 0 0

2 8 	 # U Shape
1.0918988660615025 32.74794243535924 14.784094451303497 10.824682563530086 92.14312258342248 34.33019473551564 55.2262522310843 7.350269696443135
28.212923151357906 18.740611651222228 18.003541892404108 45.83805967640144 67.03225625199703 24.75299669825034 93.39760718158607 47.24726963711714
2 4 	 # V Shape
11.274411943366825 46.81031312271967 13.682393155689454 10.785475068730877
94.07191463005312 18.972686135237847 60.02108534947499 74.31187287321455
2 8 	 # Alloc Shape
1 1 0 0 1 1 0 0
0 0 1 1 0 0 1 1

2 8 	 # U Shape
37.72927621524922 80.47730158722266 13.06320706685451 50.840256463035374 35.24896764251264 85.39709234843285 16.89370327271461 53.96716178861338
8.008700025470771 70.52351556419093 32.028528085003 30.90797189450536 1.8140606282256555 34.14707034405501 26.15792331889818 51.89766976280812
2 4 	 # V Shape
52.294578323010064 19.874741815149953 78.37423897004537 45.831177077188826
1.3696521749262502 2.877674723319379 54.486809533949874 13.817564895379085
2 8 	 # Alloc Shape
1 1 0 0 1 1 0 0
0 0 1 1 0 0 1 1

2 8 	 # U Shape
49.95243832343912 45.24517136623274 77.3293570451387 4.198890188351068 86.01493737519365 45.132171147297115 70.28667054976418 80.17123778146518
96.69916375228081 36.38191011617192 75.73235766957947 71.55309864238747 1.631453852691367 99.47732857738683 18.70837915986151 89.40320352617829
2 4 	 # V Shape
10.877184007599428 96.83746914689848 82.95856826590075 89.0149256624615
78.22670879996951 70.6665708435629 53.49154846930668 97.636188418613
2 8 	 # Alloc Shape
0 0 0 0 1 1 1 1
1 1 1 1 0 0 0 0

2 8 	 # U Shape
93.60743607028881 46.062630363647536 15.3648765689266 61.466723857004936 7.018241628219613 64.22591821268824 62.968899010695786 19.367789947898608
56.25286434471109 27.50313014251593 97.47134737585603 38.05000473535799 16.13238930591213 25.02177060000469 99.73379150234307 66.07148289350555
2 4 	 # V Shape
79.86573648245835 54.676045829335784 23.43492919170541 89.0425072158457
88.1154613135395 76.8836956141039 70.04289799418628 88.39760533263616
2 8 	 # Alloc Shape
1 1 0 0 1 1 0 0
0 0 1 1 0 0 1 1

2 8 	 # U Shape
24.572959659064775 98.87752661271854 19.047306605260694 14.3125554336204 46.098395698901484 60.556144908143615 51.53509176933532 44.12884415485375
37.93780879937192 51.05072713554225 96.50550221490651 76.55376250719385 45.29709538797084 84.62938191987817 96.13999727740577 20.498669161617013
2 4 	 # V Shape
25.436011397724144 62.75341160655443 24.995774107642244 30.93329315819594
83.05882859018418 82.40717926966926 39.16017929983799 51.06403919714813
2 8 	 # Alloc Shape
1 1 0 0 1 1 0 0
0 0 1 1 0 0 1 1

2 8 	 # U Shape
35.35554243062185 11.869423527020661 23.212207081575308 40.52115738750227 79.30618316530258 15.882725596901693 20.247267313799767 84.47038132729723
20.61447605407719 86.76904442985247 43.68336406185066 99.30939338802087 52.88334202821403 84.29339215475117 86.54521012781139 85.00776448733185
2 4 	 # V Shape
71.48753200618003 21.216857331621807 70.85558686919494 1.3094654957313434
11.022728959359785 98.58544460804177 16.406108825908305 79.36976860824129
2 8 	 # Alloc Shape
0 0 0 0 1 1 1 1
1 1 1 1 0 0 0 0

2 8 	 # U Shape
23.169632479199787 30.490381485844964 57.44776237403562 91.23967542274754 62.73747834226825 53.91320286371558 37.14974872101971 19.20214535475443
41.63123287163523 93.21787962672697 19.787922826321402 89.93455068414589 33.229423184591646 11.12452905880449 73.25363638598333 16.64834216665835
2 4 	 # V Shape
62.26542180262796 81.50704482089118 87.25724323426554 68.08356026548309
23.264355387526702 9.660749851525308 0.8146514699690299 9.737417480384336
2 8 	 # Alloc Shape
0 0 1 1 1 1 0 0
1 1 0 0 0 0 1 1

