2 6 	 # U Shape
21.950100046100385 62.97576132346906 85.992408065359 4.127256531777368 74.25662209096899 57.04173584583558
3.4313193539459386 21.551321485037846 48.75690166087345 27.270585709625006 11.906343398625586 29.963408025747995
2 3 	 # V Shape
76.63192697685729 90.11502597372859 104.05341031303543
23.182326063999692 74.76057212193747 37.99912399523153
2 6 	 # Alloc Shape
1 1 0 0 1 1
0 0 1 1 0 0

2 6 	 # U Shape
79.36866474746995 61.36159679467957 6.338897008447775 35.62213194292689 54.15520569440899 80.49110332017561
22.308384213593648 96.35734251736285 81.64888530766049 32.76879867015684 45.98733258306067 76.31882850766584
2 3 	 # V Shape
137.65861281332522 36.69262873419336 134.110819115491
113.91183892626312 108.60232964882107 79.87669113337085
2 6 	 # Alloc Shape
0 0 0 0 1 1
1 1 1 1 0 0

2 6 	 # U Shape
51.980242975376 92.27116851835216 1.0695636761950844 37.217002048555074 78.13844426034005 50.27380433256765
5.941983459475464 22.56229824075504 95.73027408410923 16.46524147368683 35.61252936392623 97.67512587323071
2 3 	 # V Shape
120.78806563892252 37.573003252704304 108.65012724779396
24.64287955680084 100.25569027201638 100.77344536626583
2 6 	 # Alloc Shape
1 1 0 0 0 0
0 0 1 1 1 1

2 6 	 # U Shape
22.019206904373746 24.537239045975 72.7412515574231 6.412777290220895 45.373746194220686 48.767732946854835
64.08748294444948 10.616885236333873 57.360993780103755 96.03457940240445 51.56805801975399 56.982504589484684
2 3 	 # V Shape
24.80132284630794 73.81301302954806 71.53883414103424
73.85341062514232 103.43145197376981 71.77808129747716
2 6 	 # Alloc Shape
0 0 0 0 1 1
1 1 1 1 0 0

2 6 	 # U Shape
31.050361394319147 11.938639397855333 52.09594813305007 44.895006829702844 89.72872749318091 49.310233858652666
50.447751799159114 36.51236493904061 78.30061210921407 94.79230192085654 13.00150130737544 66.11126735260707
2 3 	 # V Shape
41.03425980333196 83.12114702472057 91.37420238982712
69.32995064429323 130.75205807486378 69.86645021461497
2 6 	 # Alloc Shape
0 0 0 0 1 1
1 1 1 1 0 0

2 6 	 # U Shape
8.810022420469622 74.10987859210478 4.137510667874644 68.28593141961251 95.67100572253106 44.9200041244199
39.518797088739056 69.02722312738483 69.8589087703895 60.54036425444518 94.33671775089346 37.04075485505709
2 3 	 # V Shape
82.68859447046138 71.73587758922072 115.55001924465007
91.03284275263417 69.88578803097138 119.6091797493192
2 6 	 # Alloc Shape
0 0 0 0 1 1
1 1 1 1 0 0

2 6 	 # U Shape
48.004946350055455 33.761466765737644 38.970628932173135 85.87971938450035 51.13856111287996 87.46900143158227
94.64385541545519 93.57337114048234 49.3037931937103 60.0518275557823 20.717010014018157 95.6188272045114
2 3 	 # V Shape
48.45024459405974 92.52893316815113 111.10066953803906
180.40032979936456 93.87977690564844 114.13748382821834
2 6 	 # Alloc Shape
0 0 1 1 1 1
1 1 0 0 0 0

2 6 	 # U Shape
56.900480491343494 9.071453213858604 35.20784122383988 56.29480718526334 86.41757593580776 40.39902284204145
24.57122058847191 74.60877044945488 20.011020756261722 13.24847804652448 4.536382995459231 88.11558180548468
2 3 	 # V Shape
57.86721296864974 79.7518298214064 113.14108413574849
96.32148145858348 29.664907825119776 88.18068653598208
2 6 	 # Alloc Shape
0 0 1 1 1 1
1 1 0 0 0 0

2 6 	 # U Shape
38.140245528671954 63.76724826626615 9.136638460502855 13.203573178512373 52.926257042915545 13.522002069715267
27.680212824903794 0.4601569949792439 43.13181946855153 23.34860630451846 0.1938168079206659 81.69541198718285
2 3 	 # V Shape
78.35985914758346 14.654833540544704 62.25269416450213
27.75295152742633 61.88158929503922 81.78974813045943
2 6 	 # Alloc Shape
1 1 0 0 0 0
0 0 1 1 1 1

2 6 	 # U Shape
15.082068445721507 83.9951840161583 18.261776061642387 39.110338664312884 36.02030767759318 39.79421629995827
99.02168554955388 19.874258373635488 36.92533101705139 76.93942246513328 44.54704572227711 55.627020498289305
2 3 	 # V Shape
87.55755755072398 39.114294463594874 46.35261033996864
110.17197639928705 101.23715410243533 85.20573822963088
2 6 	 # Alloc Shape
1 1 0 0 0 0
0 0 1 1 1 1

2 6 	 # U Shape
52.3962618185111 85.88670385345478 33.56486742296727 13.515543168847632 60.96971800763078 66.02199575582411
97.70320661194685 82.2221657175036 77.8657220082415 94.28522424740099 39.871665076947124 30.22381123692436
2 3 	 # V Shape
101.95573566946018 39.519808330042025 95.54068472972018
161.61455920410089 121.54913392658038 49.62257211614562
2 6 	 # Alloc Shape
0 0 0 0 1 1
1 1 1 1 0 0

2 6 	 # U Shape
25.60592886307691 51.414238931863075 50.26513159501243 7.304338372879826 64.82598913325333 97.0658689483157
76.34708336427674 77.48715641894509 96.12773962544053 74.06711786110827 55.15577601686053 57.294146847172044
2 3 	 # V Shape
57.48819114400273 52.10650262463101 130.27058364489352
120.29475539117415 136.9901084818035 82.7195404990118
2 6 	 # Alloc Shape
0 0 0 0 1 1
1 1 1 1 0 0

2 6 	 # U Shape
87.50939441332063 70.5954636548022 66.32903328240187 47.908280276056146 35.897841560254385 95.43676418541679
60.91705003056093 85.69753302589676 88.04268603564287 17.920577088185563 21.68476724474413 3.536461644768396
2 3 	 # V Shape
147.4810506219495 108.70954719374538 98.89427155975571
86.90841385711863 96.82534821789936 23.642451484304868
2 6 	 # Alloc Shape
1 1 0 0 1 1
0 0 1 1 0 0

2 6 	 # U Shape
54.839396345846005 30.525118653194472 32.92105645054222 21.03960741297344 78.74584000566249 40.418223421314735
70.98663774109556 28.761505143554068 28.61254028906376 33.33160111450552 50.542597062890074 92.18198185756552
2 3 	 # V Shape
63.334384856530136 48.34402090733512 117.65082069750865
87.02765886482855 53.653369229434595 103.71219660277816
2 6 	 # Alloc Shape
0 0 0 0 1 1
1 1 1 1 0 0

2 6 	 # U Shape
54.94632852913342 52.93000914313788 91.14496549901006 9.742238065454167 95.92018521013217 31.996704343257644
51.85512426819253 98.06771879922114 51.964300198878746 47.49707535840345 78.23813359275692 23.182207602770333
2 3 	 # V Shape
78.23373276993264 92.63661164375414 126.45150480007666
112.8153117824362 86.58333795036305 98.38291871953568
2 6 	 # Alloc Shape
0 0 1 1 1 1
1 1 0 0 0 0

2 6 	 # U Shape
83.52335354221233 89.29412668505115 15.684975263192847 86.3488268075983 67.49648781570224 17.485331819031515
51.395817799221255 43.177203426445445 81.34132766334729 7.220496224853667 52.04437108183505 71.77244868197018
2 3 	 # V Shape
161.61601959978515 93.1316301832648 69.20337168409557
88.39244998956947 82.53889223287 115.22432872255686
2 6 	 # Alloc Shape
1 1 0 0 0 0
0 0 1 1 1 1

2 6 	 # U Shape
53.89430360358843 14.604689707378437 15.160182821721847 40.531040738189084 13.177769253327876 80.70549298435687
43.864415252185815 20.195659758923213 20.898242343956632 3.2011491828504046 70.15245041107151 70.27634764595102
2 3 	 # V Shape
57.21616862225537 41.349111123372545 87.45250572204036
44.84837479730117 23.390696973638423 77.45117782946576
2 6 	 # Alloc Shape
1 1 1 1 0 0
0 0 0 0 1 1

2 6 	 # U Shape
41.88037940090359 55.30658289639273 44.85700638983653 3.91611739727733 26.069513618012785 5.095746732514039
10.276854179162786 83.51063436264985 77.97235362656131 75.53484451475776 85.16715509298028 27.457764032203315
2 3 	 # V Shape
81.7130902884429 45.21339449184624 31.120822007660006
90.6294433186642 132.6934306346545 96.04448275644565
2 6 	 # Alloc Shape
1 1 0 0 0 0
0 0 1 1 1 1

2 6 	 # U Shape
31.900744857697383 36.22173813850499 68.6369276365308 31.27141198565644 81.80664434058865 21.025813226971213
40.97673032354911 23.810244221267673 52.270420172909404 93.10239524949125 98.85254415339283 95.60994531724072
2 3 	 # V Shape
55.85841194298187 84.02831366635944 92.14565568581993
50.999387590071095 121.65915463404191 172.08370631832142
2 6 	 # Alloc Shape
1 1 1 1 0 0
0 0 0 0 1 1

2 6 	 # U Shape
43.19598168753128 5.651413710511621 1.696104159533962 38.52229471349175 1.3706189693830306 52.94302769000496
55.39230207031201 85.43073703968071 69.52355987257289 65.53202310456194 95.96899257803977 15.695889679805964
2 3 	 # V Shape
43.72106889933345 39.324392200309475 54.27952475148647
117.62704723150318 93.30051595099897 99.75093216718064
2 6 	 # Alloc Shape
0 0 0 0 1 1
1 1 1 1 0 0

2 6 	 # U Shape
66.65156451541793 3.6930543128419924 86.46079443869972 2.1590066492838456 1.3392180220207939 81.77239017876246
25.10362491352286 54.07344979170884 58.466099376130764 69.53505100011134 57.21229552630659 39.69067716058382
2 3 	 # V Shape
69.44324393314295 86.93756806191236 82.4423896465401
76.13099595654604 88.1957457301841 92.42165705840993
2 6 	 # Alloc Shape
1 1 0 0 1 1
0 0 1 1 0 0

2 6 	 # U Shape
67.62373858047458 80.10294468030659 20.969205739223916 25.830313398760353 26.088236459345005 55.00533918808964
82.2928723973022 18.732217202449107 66.01225648754954 13.538009301677201 22.339339446888452 66.50324868849502
2 3 	 # V Shape
137.1503829908581 44.64984133147696 66.096031069791
94.42072814884361 68.1257710716684 80.43460851770111
2 6 	 # Alloc Shape
1 1 0 0 0 0
0 0 1 1 1 1

2 6 	 # U Shape
32.31953928000878 98.43054433192336 97.32739594567366 75.14060402278513 88.768862553539 3.6209049957290795
7.942712004917285 52.84491960933184 49.145766063479776 58.62854140135444 18.083056906889226 8.694092737345505
2 3 	 # V Shape
109.72513357895309 145.61642645888767 91.65269087035452
57.95917004000575 91.8306242228471 25.54117942202161
2 6 	 # Alloc Shape
1 1 0 0 1 1
0 0 1 1 0 0

2 6 	 # U Shape
71.62115897928484 31.828767822700353 54.92745021932779 84.61211111927108 92.36091541954237 3.9917398745591526
24.484372112551654 41.31233059690578 11.095754549925152 38.31155019465567 70.9565749734559 1.3735479882087342
2 3 	 # V Shape
98.97234451892683 110.32506109952998 93.58740015690212
41.61368558750421 41.778630969324226 71.40281144530698
2 6 	 # Alloc Shape
1 1 1 1 0 0
0 0 0 0 1 1

2 6 	 # U Shape
34.525552210261715 92.39139201771675 67.34281048286152 10.214507545247454 58.677406842974 51.55830273476626
68.76298147536711 31.058924820514243 51.97502572716811 4.9388035749160615 62.642194032600784 89.53421767920207
2 3 	 # V Shape
106.68357819561841 69.57413514120121 92.3132658415427
98.8691975690172 52.75397267697809 148.533646256989
2 6 	 # Alloc Shape
1 1 1 1 0 0
0 0 0 0 1 1

2 6 	 # U Shape
15.11792972582584 96.10885876114955 49.5730835769844 29.73699235457037 43.78868221324763 22.622052260359027
54.3953606505786 57.87641700715939 47.10481633894796 19.272712079623457 20.003933304829204 68.99422135023197
2 3 	 # V Shape
100.99829385693829 78.71992133954093 54.06605555142707
108.36818941704321 47.19774169792189 83.8830004031886
2 6 	 # Alloc Shape
1 1 1 1 0 0
0 0 0 0 1 1

2 6 	 # U Shape
92.70066820476197 4.995108986220442 60.15322978465753 47.23490650959386 73.28196283491663 86.22322704573455
77.08847238149471 7.724514111781067 40.70048683716573 50.429608890667765 29.67686176241259 42.29218986617268
2 3 	 # V Shape
96.97716759214036 71.69707967961222 109.05426289966348
82.01527067166128 51.37282336844979 49.85663520328099
2 6 	 # Alloc Shape
0 0 0 0 1 1
1 1 1 1 0 0

2 6 	 # U Shape
84.05409088970602 35.84626764261923 78.42177628053591 67.8124458353275 25.180364676431356 68.32848503668212
71.54936048182559 96.06445493063156 86.37938442015538 81.72043351689457 23.332432888524924 58.902632672277974
2 3 	 # V Shape
93.54794271847697 83.54550358072757 75.65295528867591
114.52335747364117 116.7652776180737 73.79902836082138
2 6 	 # Alloc Shape
0 0 1 1 1 1
1 1 0 0 0 0

2 6 	 # U Shape
35.132537556812984 34.02702328670162 20.873142738815233 75.91831149300968 77.96392620981638 38.29530355423746
38.738865271389834 85.48602598149706 93.15811622145603 71.85882483595987 62.57970842277678 75.4325066554465
2 3 	 # V Shape
41.65957932339496 83.43384946954001 99.60600278956807
98.08839441447846 140.76465430986232 127.61182030352174
2 6 	 # Alloc Shape
0 0 0 0 1 1
1 1 1 1 0 0

2 6 	 # U Shape
86.12483142898711 56.39157802482958 96.0244960412959 10.006113314383713 82.76351836416546 59.44577855958778
26.140679743844576 40.56770843974292 7.312424825648344 67.74727623500635 50.43749424562976 10.054368535627411
2 3 	 # V Shape
134.4531392536482 98.44332078643554 116.49454813844876
48.364149160899586 70.77946681901182 54.07660590118965
2 6 	 # Alloc Shape
1 1 0 0 1 1
0 0 1 1 0 0

2 6 	 # U Shape
18.012144092759186 0.31509676244356744 52.38591039608645 55.62263273962367 69.31799625492609 40.74036703808388
1.1145206553506037 50.69196656822152 98.00314577697053 47.77784866927725 29.62358731191088 57.21144465448048
2 3 	 # V Shape
18.06189901225109 77.16819051574284 75.69831644188494
51.35003421088702 140.8535946362546 70.32934163642136
2 6 	 # Alloc Shape
0 0 0 0 1 1
1 1 1 1 0 0

2 6 	 # U Shape
80.56853917100112 51.6670435156002 75.7835097086941 43.824336954599374 14.773217439661634 11.300249136800344
33.978624012441216 44.0002020308106 3.82547393470416 40.585795871617094 59.921388644336425 71.80628580650787
2 3 	 # V Shape
116.34141926794324 95.76994027128204 19.749989453944714
57.15879526691849 42.05744654267184 102.00471316666767
2 6 	 # Alloc Shape
1 1 1 1 0 0
0 0 0 0 1 1

2 6 	 # U Shape
19.106091748654375 5.927516729405724 94.50579378728212 64.26141119657728 36.05839079166766 69.62131732239708
41.20773329859709 71.59303711937332 42.23441640683884 87.67315804854073 83.35782724680425 44.26759932421851
2 3 	 # V Shape
21.988392217524048 146.45992252331683 94.55594098777138
89.67099880511597 94.74100100776431 83.43922375706447
2 6 	 # Alloc Shape
0 0 1 1 0 0
1 1 0 0 1 1

2 6 	 # U Shape
56.3982414092733 79.15828330966464 77.08664520470482 23.63060605701731 64.54098099679051 62.67124358005116
18.48551372929821 10.890241352185193 61.617008604362255 78.82289776570667 16.311188296518985 59.39588623656308
2 3 	 # V Shape
130.41296083771365 95.03045026551759 113.39801440471358
24.394646709064713 101.83264682483127 75.59967032399794
2 6 	 # Alloc Shape
1 1 0 0 1 1
0 0 1 1 0 0

2 6 	 # U Shape
63.39772708584507 5.286034207123603 21.46093670213688 12.645058953927323 61.881712671049335 69.87124206975986
53.185640857815585 14.859418499732179 45.85691021344102 7.763440149911016 67.52361064549198 76.26070156248663
2 3 	 # V Shape
68.19599881487336 25.786211489087208 74.37577726081159
59.39716355124242 47.095979982566384 118.92428559617315
2 6 	 # Alloc Shape
1 1 1 1 0 0
0 0 0 0 1 1

2 6 	 # U Shape
24.583683302188298 50.32548789594742 50.70930963204315 44.36682360607388 0.3320893039375994 50.00338213013443
45.56979016141982 40.66138184247874 57.347805992810905 77.79706664595273 75.0353644724671 39.79888320234743
2 3 	 # V Shape
61.27320713045746 72.41648732713232 50.09341952753441
84.65448582743797 82.70947434233877 112.71251878158556
2 6 	 # Alloc Shape
1 1 1 1 0 0
0 0 0 0 1 1

2 6 	 # U Shape
91.28481045405428 66.56725803491697 39.547224097648105 31.786277437462207 42.995630553188604 0.1980625031092531
95.70965387898787 61.610560237075326 27.24723100326576 56.0942500095706 48.83717355574596 28.48462492297318
2 3 	 # V Shape
139.32883561707874 53.25166044422881 43.142764515892864
138.10936104198177 82.5979840171496 64.84871726123237
2 6 	 # Alloc Shape
1 1 0 0 0 0
0 0 1 1 1 1

2 6 	 # U Shape
59.51551417725342 49.27151687711333 88.2626753692493 46.76650763423707 79.58439531846025 96.88908803352811
40.95776873068021 25.838991734103033 95.061065712157 8.17755329564812 24.739589644007598 9.896576580420414
2 3 	 # V Shape
75.33442913906433 116.39593295385325 140.36982233883893
61.1821971860876 101.05696377873036 27.91894519996808
2 6 	 # Alloc Shape
0 0 0 0 1 1
1 1 1 1 0 0

2 6 	 # U Shape
59.95681180863628 71.0322127110601 86.82705098963501 34.38494369511641 10.079845437261259 7.400165645580348
88.3735086128446 43.993811656978835 85.30893505632135 46.572363078065806 7.361114604553576 17.11999819593134
2 3 	 # V Shape
121.65755557470072 113.9238312979214 14.961554152523641
106.89896137992918 107.72546651998682 21.297580256950987
2 6 	 # Alloc Shape
1 1 0 0 0 0
0 0 1 1 1 1

2 6 	 # U Shape
52.323097531963526 82.93982226612795 82.52717709548776 4.817326629702801 0.923929361105269 13.365139295567975
81.8524724214295 25.222240087829807 79.02212569723807 6.313470785418929 24.11610357235727 3.87527684200204
2 3 	 # V Shape
98.2291330317507 83.14477043096495 13.729444259935663
97.34814898823507 82.39537952753935 26.086362617558574
2 6 	 # Alloc Shape
1 1 0 0 0 0
0 0 1 1 1 1

2 6 	 # U Shape
33.867694382710326 15.019268470951841 11.438036664868545 13.083972863987302 77.7056625087868 1.0033886495534494
82.06586546752851 95.05335591845592 56.97101027601259 75.45044164202935 76.74266788892028 7.395408518309066
2 3 	 # V Shape
37.10915492714079 23.349677246075753 78.49847439985837
162.41118517470514 121.51242430255769 81.73310754456212
2 6 	 # Alloc Shape
0 0 0 0 1 1
1 1 1 1 0 0

2 6 	 # U Shape
89.94843143969494 59.22764025437872 61.9253620661399 1.379899290625497 64.2258215013581 17.470881933126293
40.36912294035131 83.7599251844923 27.03285550556479 44.6976704369619 68.74425806618729 45.441620033504456
2 3 	 # V Shape
119.9036933710775 61.992049340375246 73.75561564396212
93.90644837668094 67.19922903306137 78.91484217784736
2 6 	 # Alloc Shape
1 1 0 0 0 0
0 0 1 1 1 1

2 6 	 # U Shape
87.22705962997243 16.963874278652526 38.478585138724 95.85090636006888 54.590941578296196 81.74544244835276
37.276668281301454 89.44714937366234 21.968351252846187 13.08633994944054 25.089885704122917 11.368716055455263
2 3 	 # V Shape
102.62319965901288 111.44330545652801 98.55838681318477
104.35062847003708 28.837429708373538 27.463801646102404
2 6 	 # Alloc Shape
0 0 1 1 1 1
1 1 0 0 0 0

2 6 	 # U Shape
71.19294335685015 61.05495310842123 25.188341164808758 39.82166544984863 48.19757962696841 16.123557994279068
75.75897830798657 56.209556028286634 71.70314550551188 88.34548823304502 12.933725297754828 9.7934669455213
2 3 	 # V Shape
79.75277503111502 42.09344454904169 49.29292712352924
94.75685740551971 139.68963766981767 14.029620714454806
2 6 	 # Alloc Shape
1 1 0 0 1 1
0 0 1 1 0 0

2 6 	 # U Shape
53.989571644712186 64.0529845995531 53.19792874026088 28.109148840468745 58.81089929730622 13.819503753521422
29.75018475983745 26.327472130090047 80.88257978791246 99.78893401547825 21.563697887573674 70.13658315037023
2 3 	 # V Shape
64.30348810853732 54.69501552877615 60.867286395432735
41.15113077155747 159.53004506786473 83.73417423888364
2 6 	 # Alloc Shape
1 1 0 0 1 1
0 0 1 1 0 0

2 6 	 # U Shape
37.47645403975899 56.592566893638775 20.906053075060893 17.117702406418168 14.259373842687085 50.289249127401746
24.806916912971932 50.32570244360295 35.74463382577839 98.95828512913498 22.059048316421936 24.925828844358268
2 3 	 # V Shape
69.8619586094312 32.33474210698897 51.827262222655044
64.18659423168098 126.6829469830736 45.730120742425875
2 6 	 # Alloc Shape
1 1 0 0 1 1
0 0 1 1 0 0

2 6 	 # U Shape
50.541005068725234 39.23719274851805 79.12988974098025 35.72390259134936 40.32453104478155 82.28656410141033
80.79051801499973 59.87317864896302 90.80697303735063 53.890878654989436 68.51190441241518 72.15458950540021
2 3 	 # V Shape
61.87109511589085 79.20307471403925 112.38082459635424
84.61784974780669 129.2523115333856 109.21203320774873
2 6 	 # Alloc Shape
0 0 0 0 1 1
1 1 1 1 0 0

2 6 	 # U Shape
65.70316813398831 72.06961723482044 2.4490935432675998 38.58590181318577 92.28923911809864 92.9966842600496
28.78396750654163 82.04092490178547 67.0812054662506 9.343074979248655 2.2726722205142047 61.471982602997144
2 3 	 # V Shape
121.33657545533657 39.676372686901814 99.90838731484645
97.59266586733726 70.4484130587697 63.28522511750035
2 6 	 # Alloc Shape
0 0 0 0 1 1
1 1 1 1 0 0

2 6 	 # U Shape
25.840413567585053 13.530461081992595 63.50389879771402 43.01710934234114 41.89716710965388 58.64093890773561
8.300670179516167 16.94366974018171 5.399218402984884 93.41203809378106 50.96855924883188 46.039405567268155
2 3 	 # V Shape
31.130676912354943 79.51365696359224 90.70131991239361
20.198090195992584 95.38575755728995 53.12417864075969
2 6 	 # Alloc Shape
1 1 0 0 1 1
0 0 1 1 0 0

2 6 	 # U Shape
91.13562878999727 0.31706759114503713 55.44172706532757 89.53134036946336 21.903978103954657 46.94004058290646
72.27362741740264 50.05160500696836 2.927631371711037 55.079420353951335 94.28716449777579 71.59591455020936
2 3 	 # V Shape
91.45085141968424 143.7324606964866 59.961596280806376
74.9335050631546 57.9481455836461 128.3474970830218
2 6 	 # Alloc Shape
0 0 1 1 0 0
1 1 0 0 1 1

2 6 	 # U Shape
87.44826816094131 95.38400626373486 57.063154457350876 7.331636368746908 52.49447335117983 91.67535618773056
58.89052903752808 12.900607832082988 88.88066732537645 98.53063888606563 3.487965551385519 35.529330043895804
2 3 	 # V Shape
121.21036691115626 61.36636567863512 120.60440374587193
69.04902256536887 146.98645970791077 36.19790407453725
2 6 	 # Alloc Shape
1 1 0 0 1 1
0 0 1 1 0 0

2 6 	 # U Shape
13.463260028803447 61.200959146611744 11.11465706403344 36.66094301732309 23.335278750317812 9.52369467915326
71.90914894955168 3.086346655714234 12.568581920495026 82.87673045882086 45.65483012777636 63.150313761300524
2 3 	 # V Shape
70.09961779571663 42.77154062630312 24.52245010904148
74.1225180456464 85.20718642250846 97.77101848717494
2 6 	 # Alloc Shape
1 1 0 0 0 0
0 0 1 1 1 1

2 6 	 # U Shape
94.3111789028784 37.774886707226344 69.66552409673503 30.738067450439722 28.03706760993727 10.476250691583944
98.52281460267996 94.14611847280538 42.1664695484833 22.584911973186216 13.06662317963313 68.07074405652084
2 3 	 # V Shape
125.04041962402913 97.09714242061783 32.20887953747311
119.65135301620722 61.527295558611925 79.9107497453022
2 6 	 # Alloc Shape
0 0 1 1 0 0
1 1 0 0 1 1

2 6 	 # U Shape
47.07112758816919 74.81282576490506 36.6886344356135 66.41141827344741 53.82977543849835 97.35710751221205
71.66249318767355 96.02697429487822 83.88765935499785 0.7132144336333468 1.0574343737590142 27.160535259769237
2 3 	 # V Shape
117.38482528163945 72.05883847617899 109.62903185761847
163.18806635540358 84.04332153578201 27.968931293649046
2 6 	 # Alloc Shape
0 0 1 1 1 1
1 1 0 0 0 0

2 6 	 # U Shape
54.47018725083408 23.243654620148224 85.27023927271344 11.76070397007496 28.7464002314468 92.01018466534558
70.28555396301844 8.131171106306601 12.095273961460807 34.49744339240562 99.62679612423013 53.26720628225715
2 3 	 # V Shape
56.653593737709585 91.43965122789211 113.73732269636277
75.87013131149864 39.36778197974064 126.37012937527929
2 6 	 # Alloc Shape
1 1 1 1 0 0
0 0 0 0 1 1

2 6 	 # U Shape
31.34331931364813 57.414721590807346 50.27351250617863 91.93856526467849 29.404624979493775 75.80445359440226
99.27286816929407 61.57932774044221 58.959857218325816 85.45345961009662 63.35382694640388 56.03726666484229
2 3 	 # V Shape
64.53550730534087 98.55351685998941 92.04376247799333
126.41819853973564 125.97438288755623 82.23029112131587
2 6 	 # Alloc Shape
0 0 1 1 1 1
1 1 0 0 0 0

2 6 	 # U Shape
81.01680919186104 0.5388912157739179 45.035196813022516 19.236513695880742 26.499796373297357 35.56208835073329
12.915202705943685 18.88402332310507 54.396447266130345 26.340931708112493 65.24427602919167 98.75915341617211
2 3 	 # V Shape
81.0799904740048 50.33766831219708 38.92916277992778
25.44424440143817 62.377737230363124 120.81516136415512
2 6 	 # Alloc Shape
1 1 1 1 0 0
0 0 0 0 1 1

2 6 	 # U Shape
59.757305485120504 44.85809927323714 26.259523315948652 61.771239717930506 87.60072350156808 43.058664400684464
22.96231148870277 67.80089403685895 70.83839659826735 20.000411293577912 13.907002476723207 61.855271303954225
2 3 	 # V Shape
73.67072085413857 75.23651889109698 109.27550276488346
75.50768199437817 86.79722731186567 66.50413047770736
2 6 	 # Alloc Shape
0 0 0 0 1 1
1 1 1 1 0 0

2 6 	 # U Shape
37.791161490846605 5.048902327594984 4.098992222995057 50.65296150305366 36.60921881431756 39.08071381364188
25.595102943878935 61.84358743790064 65.32211332685745 32.13393729609384 38.031100832180734 52.98576894409307
2 3 	 # V Shape
40.85748716588594 53.22999618152697 46.963250880951385
77.08803269931583 74.09822306469195 59.71466980700034
2 6 	 # Alloc Shape
0 0 0 0 1 1
1 1 1 1 0 0

2 6 	 # U Shape
70.51059290750271 27.1529727203067 51.57050139567202 69.90606480692651 59.70364691461684 76.98998339908078
4.580166396456297 81.6684937454281 65.23466320898969 51.128618815569446 54.38368810438951 79.63175107195836
2 3 	 # V Shape
89.50316656883226 100.25320002104921 127.1601831925995
84.32789436311361 108.20907078782125 86.92339479958243
2 6 	 # Alloc Shape
0 0 0 0 1 1
1 1 1 1 0 0

2 6 	 # U Shape
66.46738473082632 55.82983461697284 13.6437128850314 20.427894647168465 95.14943446680711 29.409075308214273
10.864103415850135 2.066468724735915 97.37804423887371 31.622975415596876 20.32267315184445 8.721213635010939
2 3 	 # V Shape
93.1842075811079 32.70856495913546 113.3412372291557
11.445699373966473 120.72872308849844 21.16960231098136
2 6 	 # Alloc Shape
1 1 0 0 1 1
0 0 1 1 0 0

2 6 	 # U Shape
31.507812798750614 27.804184471358905 87.77603811638403 53.76441450711202 48.15193358893808 91.2228314051106
33.71150480278556 66.22582323412684 12.400030896697045 13.10958380183731 49.11172082217322 72.42100438121318
2 3 	 # V Shape
42.126437830928325 118.74244924538993 118.46954828910629
66.72453072452396 25.1600352391963 109.98138778251263
2 6 	 # Alloc Shape
0 0 1 1 0 0
1 1 0 0 1 1

2 6 	 # U Shape
25.55366660733126 3.297958553873892 47.578117444586766 40.7297746790415 94.23958312793405 0.39784154744159084
3.241612923731818 57.60044866320023 64.60546868981145 20.699478095276515 39.772576399063375 49.33562514392329
2 3 	 # V Shape
27.886621756269598 57.317601873983314 94.46683132671191
59.546500835884885 78.90319423146458 59.183371521458355
2 6 	 # Alloc Shape
0 0 0 0 1 1
1 1 1 1 0 0

2 6 	 # U Shape
81.69407028617078 99.23538052574898 3.635904228080866 88.44067289168062 43.04703372754376 65.13018668560552
10.815926362188977 95.49265408544618 90.96946455632987 61.750607554835135 82.49198359158562 0.8476453037571496
2 3 	 # V Shape
176.57317642263183 91.85136808871925 96.27906795545155
103.55215870930567 117.35439670475895 82.7288729399989
2 6 	 # Alloc Shape
1 1 0 0 0 0
0 0 1 1 1 1

2 6 	 # U Shape
22.66903679954829 48.58119357265581 56.50928250996875 1.176458232153621 99.13628087577948 31.799844952729337
89.98750599371542 96.21776664047856 90.29509098884725 91.47111756101535 10.715646069092234 14.333750086270737
2 3 	 # V Shape
57.61569783714698 57.448129078604545 99.22407768814841
158.89370060313843 98.18204244995516 24.486932412861538
2 6 	 # Alloc Shape
0 0 0 0 1 1
1 1 1 1 0 0

2 6 	 # U Shape
64.80031466139961 15.85611932440707 81.29468173169305 31.56081002285115 20.11254304733301 10.172844330323604
1.0359851969949596 87.98141451230016 18.69290582211437 57.036488409319574 48.531612136675186 1.691132979568899
2 3 	 # V Shape
75.6622506556925 105.57406035760944 27.186008838956067
88.9924255505241 74.51445507348873 50.107504291290745
2 6 	 # Alloc Shape
0 0 1 1 0 0
1 1 0 0 1 1

2 6 	 # U Shape
28.66207394562649 70.98334427964822 5.203265632492638 76.76905878155335 27.16417185592357 69.59652980297597
54.09114325003215 47.25053923817634 44.58217700558177 18.368381805224843 0.26497391547026794 33.25639365993056
2 3 	 # V Shape
91.45758858012647 77.4876803910207 95.10742089069971
65.0811455866139 48.62586356196549 33.51140723841995
2 6 	 # Alloc Shape
0 0 1 1 1 1
1 1 0 0 0 0

2 6 	 # U Shape
61.79234198011423 50.653368838460764 75.1530439760977 41.85601171638391 17.303276162692104 12.716554964295302
37.83786887287637 33.135048412633196 91.74418781068121 9.070972844939751 90.27915059941665 75.81610447078116
2 3 	 # V Shape
103.37394963018295 91.36254767163491 28.191012967426406
44.75518034436686 94.36442759533585 161.13304477793395
2 6 	 # Alloc Shape
1 1 1 1 0 0
0 0 0 0 1 1

2 6 	 # U Shape
18.851131634428885 14.032502780485512 10.498942257842781 47.43551444475661 46.27546317670971 87.31022359577749
61.11217155000055 4.029745266194751 70.86665753543453 93.95951297771032 14.935803450206798 57.62566179595314
2 3 	 # V Shape
27.3536751061173 51.889048487944464 114.3159804710892
62.312227489372574 146.82386124629727 57.631357799707644
2 6 	 # Alloc Shape
0 0 0 0 1 1
1 1 1 1 0 0

2 6 	 # U Shape
87.44065957456189 1.4831658159037198 15.604549722302242 91.55288512363992 87.0161391834803 32.19742258673202
85.73813836601312 64.0331925428686 14.433203070534717 85.04778608696601 20.13258794390933 58.916650612763945
2 3 	 # V Shape
87.68308714919011 105.32034402130483 110.54855135248067
109.97729555677176 86.9908314261572 70.99701756475994
2 6 	 # Alloc Shape
0 0 1 1 1 1
1 1 0 0 0 0

2 6 	 # U Shape
72.099432562712 20.012634666139604 74.30311178019102 64.54226781684528 42.23716920929298 0.34478039892611445
11.520644097102329 21.62917406999567 2.983408310840985 6.897002376016992 9.724908200529459 99.5731376750078
2 3 	 # V Shape
87.84634309750295 101.00931617577723 42.537444648942575
32.559706629432476 7.2500350057912755 103.02967590707064
2 6 	 # Alloc Shape
1 1 1 1 0 0
0 0 0 0 1 1

2 6 	 # U Shape
26.527878288424667 26.65810127866346 80.06029613886678 92.54042890328142 25.67581948454347 72.68106537123627
14.875694420534602 62.86645937580372 63.50845199064854 92.04849227143748 50.90250897855376 72.14734127993464
2 3 	 # V Shape
36.229405034488714 117.43752227254075 83.88164492939083
66.70125908173222 145.45120134533434 111.52177423327424
2 6 	 # Alloc Shape
0 0 1 1 0 0
1 1 0 0 1 1

2 6 	 # U Shape
76.10501222714399 27.71408428191299 32.07743003648977 40.23113330592738 23.038227185226123 13.849079285379673
68.70025408575205 37.420685200862636 37.375598767528714 35.29682044137174 54.48188175276037 38.39457944001459
2 3 	 # V Shape
92.03040724779522 52.75998915122513 25.680656891365764
92.80529096104111 63.75358176423563 59.74754643904765
2 6 	 # Alloc Shape
1 1 0 0 0 0
0 0 1 1 1 1

2 6 	 # U Shape
43.142935390797966 38.08016048246217 98.80210451864082 94.22568875688177 9.26148478879899 27.042574306881384
59.00793614756071 39.049699879100366 96.06252440573353 47.008926523000895 27.124449565226715 52.75181949448965
2 3 	 # V Shape
45.42912378226239 139.90455242151296 28.143236503754373
90.63972874887206 108.0984798541059 59.929869990475254
2 6 	 # Alloc Shape
0 0 1 1 0 0
1 1 0 0 1 1

2 6 	 # U Shape
99.87037428550903 40.10782861567744 72.09718011672098 97.86234444631269 80.3654811804145 36.19950942561817
78.88616808718244 57.45429873250596 44.699360872020975 93.8471694362312 94.58878262348651 92.25387215446518
2 3 	 # V Shape
127.19964142721847 111.37070578951503 97.04362950921262
94.3324094740176 95.05335217819743 135.95866266986033
2 6 	 # Alloc Shape
1 1 1 1 0 0
0 0 0 0 1 1

2 6 	 # U Shape
66.16131291377681 41.107579788602045 45.50490664294827 87.11576742828491 46.17164928410432 92.74004504474497
80.61765158958796 77.87002697654442 56.7649258155379 78.23080932333995 7.249788046385719 18.74677127615667
2 3 	 # V Shape
83.53996262354707 93.72211748918161 120.06786140673638
83.93209478955922 114.80419163666556 21.610521854057797
2 6 	 # Alloc Shape
0 0 0 0 1 1
1 1 1 1 0 0

2 6 	 # U Shape
18.992983254960272 79.36122899882072 76.46620001362623 94.60957202478092 50.01653570460195 46.583954042685626
11.697416250317193 63.974302261306036 31.065959942933517 79.27073205508734 43.47834895851314 1.1280729149177438
2 3 	 # V Shape
91.10392293628338 154.7038632731044 80.26909129348331
72.98470914783935 82.92664183641254 43.79603093812923
2 6 	 # Alloc Shape
0 0 1 1 0 0
1 1 0 0 1 1

2 6 	 # U Shape
47.48063113816572 26.132576322757817 82.606383443806 91.01127926638327 76.74839842137014 62.12901841996919
86.82067953356412 91.57445861461713 10.415552090848369 31.481666029290768 64.91548950347476 38.83104304884616
2 3 	 # V Shape
55.40050425149856 149.64081839457225 137.6174992696027
165.69812823901248 32.884744843900435 72.73231839854792
2 6 	 # Alloc Shape
0 0 1 1 1 1
1 1 0 0 0 0

2 6 	 # U Shape
0.15353282257201117 50.22471248587282 24.876582610223117 55.89171837522111 61.58195339865532 70.16101780766567
90.43461678780402 61.48194225425028 10.459863090656063 26.449330073287502 8.735255169483358 9.543761439989396
2 3 	 # V Shape
50.322068545293746 64.13410747032054 121.77408290477742
116.38759015198899 36.69088859187114 11.668564205901639
2 6 	 # Alloc Shape
0 0 1 1 1 1
1 1 0 0 0 0

2 6 	 # U Shape
15.142777013562137 31.227829314414745 65.574620563761 90.22717148498683 13.486909761782407 75.65798023665931
99.84605884325521 75.8275532962616 14.84223047597606 89.02418649405213 12.29255498925279 65.69373891974628
2 3 	 # V Shape
41.529446328683434 115.36004709604723 77.24365318420199
134.34386819995603 99.6477659247322 77.10672429620736
2 6 	 # Alloc Shape
0 0 1 1 1 1
1 1 0 0 0 0

2 6 	 # U Shape
43.87948218782572 19.98595292643246 78.93792540278433 90.93290900283 35.28389838432049 68.77620466639696
30.057248684053985 32.70848354572885 25.30569051875611 47.37302009478621 61.9895999831653 40.321714777952344
2 3 	 # V Shape
52.68387648864256 100.28435881592942 88.15440724124026
42.96065702532865 71.32812334782291 68.53453440349358
2 6 	 # Alloc Shape
0 0 1 1 0 0
1 1 0 0 1 1

2 6 	 # U Shape
20.470165229423575 19.042996030004044 80.94953211958264 45.397626757828235 98.98211536885697 87.93851542439046
68.60840079061623 35.23399678163335 97.92639887518227 41.81390561398243 39.371699576785076 34.18222958325142
2 3 	 # V Shape
31.740847783038948 84.18398121636451 177.36522833535466
99.20196766990392 110.01028982872337 70.76282552509336
2 6 	 # Alloc Shape
0 0 0 0 1 1
1 1 1 1 0 0

2 6 	 # U Shape
3.590862780477755 26.624488648892974 74.76086526151568 11.47775535406298 15.298281491500031 27.426421490078546
45.28766775024178 83.64118328250785 0.13155292681534814 75.5726373101393 29.04933084337139 62.55070263132166
2 3 	 # V Shape
27.541905669219577 79.53914288076663 30.22208024600554
122.23917860982336 75.69670061852479 79.25606903806771
2 6 	 # Alloc Shape
0 0 1 1 0 0
1 1 0 0 1 1

2 6 	 # U Shape
47.832343532849954 60.79049215041439 93.58951315634464 33.169485080115024 19.760341374045087 85.83345184424797
16.6676153779854 31.46906153968616 83.20503963074538 2.548990273670859 12.182663781321324 94.88325249177527
2 3 	 # V Shape
95.82184726810924 111.9363499860404 102.67483359689652
44.31542723059493 83.79954999614127 101.78873849102436
2 6 	 # Alloc Shape
1 1 1 1 0 0
0 0 0 0 1 1

2 6 	 # U Shape
6.1615060722077235 26.80493541274316 98.91908096341302 2.0031890358432447 58.986477033002515 94.9369903235929
52.63528226614147 33.780000785371826 48.53646956237788 52.321463922108556 52.023867588866004 76.8775021511499
2 3 	 # V Shape
32.28610988862869 100.12433401019332 109.12929496274286
82.00088436158978 61.792974185338835 118.89309239876798
2 6 	 # Alloc Shape
0 0 0 0 1 1
1 1 1 1 0 0

2 6 	 # U Shape
69.73915180144694 2.914558527374733 65.67803217614862 93.34807361895406 24.124602660021598 79.65810664904893
96.55458284590013 2.6307603292049175 70.4044312268062 16.45630327238482 1.1743391739678866 68.42391082007164
2 3 	 # V Shape
71.72919058295692 114.14924224695713 91.49442259656772
98.3832924354591 78.32546382169147 69.04316865510913
2 6 	 # Alloc Shape
0 0 1 1 1 1
1 1 0 0 0 0

2 6 	 # U Shape
80.49014048945345 50.669678633008154 33.9248557460155 68.15139597748853 69.98926471394498 68.91897624334045
85.97774626865771 39.603114337091995 56.23935963247232 73.22112674170965 29.144607262568513 43.735491515935095
2 3 	 # V Shape
93.95036799592714 72.35954728087707 130.61755324994056
98.65296723509869 100.50419504386392 60.06420240783481
2 6 	 # Alloc Shape
0 0 0 0 1 1
1 1 1 1 0 0

2 6 	 # U Shape
60.47057890439594 34.004420839584824 84.1907423788346 19.15519660834083 86.13717892552224 55.638194994313615
22.904679582696495 11.432500265113166 32.910925293510765 64.08040627497108 70.58933956583499 65.0033613677446
2 3 	 # V Shape
75.25190486393358 85.48012201908963 100.50400570635556
25.00318920838501 95.28583877740927 128.9573983544162
2 6 	 # Alloc Shape
1 1 1 1 0 0
0 0 0 0 1 1

2 6 	 # U Shape
99.92510253486111 36.84430242612863 55.33731115290674 67.65854769805088 46.47033086304063 75.77629929115365
33.89328058165455 7.045202451877685 77.72845828540727 74.62428230150047 77.62819599455003 25.25859557783595
2 3 	 # V Shape
110.07058750221178 88.09397902149448 89.20657496428393
38.450226021839775 146.53326547443334 84.88740201116035
2 6 	 # Alloc Shape
1 1 0 0 1 1
0 0 1 1 0 0

2 6 	 # U Shape
36.84046863115833 71.78208778309103 97.76295549785397 78.71276549207309 68.4441067281783 60.656237550110525
57.47371655203655 76.65866073565381 14.244837340234028 89.59504474599225 95.81920713825846 97.1719881047764
2 3 	 # V Shape
104.87899519439854 159.33788345922073 88.34007768061429
83.49819934014565 100.90213205267057 191.96026207664727
2 6 	 # Alloc Shape
1 1 1 1 0 0
0 0 0 0 1 1

2 6 	 # U Shape
0.8442522183322199 37.42538325305836 90.65015015658274 43.78076538650267 21.155814032657506 57.6113074697539
13.254436040442918 2.6718252961538402 17.93983003986709 49.1795315590312 15.210491089766476 90.66103086916209
2 3 	 # V Shape
37.60576183462303 133.84469666408077 75.26175218243739
13.50454981673774 51.84628919549137 103.72190956568612
2 6 	 # Alloc Shape
1 1 1 1 0 0
0 0 0 0 1 1

2 6 	 # U Shape
47.32623506296828 44.449783069052515 11.209771154350712 13.043299986320445 43.04236664722213 82.98225936040812
38.38677980313179 0.5620168117180135 53.74754561012453 85.87334734869617 67.95367841263 71.35327809256484
2 3 	 # V Shape
64.9662286383346 13.676163954125284 98.640059709534
38.40807480612887 139.33696821314362 81.64683691997175
2 6 	 # Alloc Shape
1 1 0 0 1 1
0 0 1 1 0 0

2 6 	 # U Shape
16.933882100785457 52.63187716363 43.02389000494842 3.7729140944049666 61.38030037639937 21.095595857919726
34.041771325899376 3.4739112821515428 2.254894831570853 83.90179674839014 70.61273793690386 10.71672114095189
2 3 	 # V Shape
62.06198512385336 43.14708535987456 79.30603107535408
37.190118292995855 85.6302306379923 77.98669877620577
2 6 	 # Alloc Shape
1 1 0 0 1 1
0 0 1 1 0 0

2 6 	 # U Shape
27.616766941108516 24.891816405338762 36.21347853448859 78.85457085916529 49.91455036672768 99.98663187247563
93.24908639443186 93.8016197424771 9.514486608206163 31.315988910066906 10.919073963823022 75.93828868218672
2 3 	 # V Shape
38.79348950583069 98.67959155429477 144.36191129483606
164.03158065867314 36.17611449455335 83.36979990009705
2 6 	 # Alloc Shape
0 0 1 1 1 1
1 1 0 0 0 0

2 6 	 # U Shape
16.09265126514178 60.36731044128029 19.505709952724825 9.78829461374826 79.64851224669393 47.47954298920064
86.68268890735045 79.41186499085725 89.1847813823155 89.17945582706531 31.80599153690681 80.49860864155912
2 3 	 # V Shape
66.58935250609002 24.785322093184394 81.73020179246066
159.02217387869715 101.58101229148804 83.61713328112461
2 6 	 # Alloc Shape
0 0 0 0 1 1
1 1 1 1 0 0

2 6 	 # U Shape
6.166092633311404 56.58738103744534 40.09493018271595 90.12423843938736 77.5636638839155 5.322227741610053
6.219284594500419 97.63153170864443 78.85052895077872 81.90192035306659 97.70840847042366 85.81519558853881
2 3 	 # V Shape
57.096004083660375 123.66274793139871 77.7261265628432
100.13263464351475 95.05541067013979 102.70520993809767
2 6 	 # Alloc Shape
0 0 1 1 0 0
1 1 0 0 1 1

2 6 	 # U Shape
35.575763809306494 10.5986690585548 64.69735981318806 13.957436966086178 52.22726309404161 63.146533904398524
61.68446407139836 84.4640487405037 81.95397920354583 79.86985190732135 85.93001446600562 37.27280811069438
2 3 	 # V Shape
37.75650436017291 68.8243550211449 97.70272916379248
115.36833938645455 98.50199098760473 118.62236756307927
2 6 	 # Alloc Shape
0 0 0 0 1 1
1 1 1 1 0 0

2 6 	 # U Shape
92.16999622033006 71.8896353955881 93.91650236065588 30.61996613208241 35.722416516433476 62.049284030514414
59.72822234897877 22.306355420996937 38.71969900820967 35.72968994647082 62.112929050282595 57.69646537854616
2 3 	 # V Shape
143.0960416895626 110.99464657929279 92.74798576332168
62.23271806571101 69.96844136023873 96.91601166812677
2 6 	 # Alloc Shape
1 1 1 1 0 0
0 0 0 0 1 1

2 6 	 # U Shape
61.518598736685014 70.51161600550225 17.822412815847777 99.19795567378343 31.047293632618167 95.18342411169296
21.620824650896875 43.313796949265374 82.48382838248085 36.76884963397037 80.51718804075406 23.218505387657263
2 3 	 # V Shape
82.74487544263083 105.57291997279322 98.20168168463603
50.217160722139496 98.68435596354615 95.40986464232738
2 6 	 # Alloc Shape
1 1 0 0 1 1
0 0 1 1 0 0

2 6 	 # U Shape
47.23165029231452 21.660511055326403 7.718155296269213 21.49444879844118 74.8260084954767 19.486028712694914
36.869401878199106 39.877988223382374 30.304357496837188 52.47722108042537 39.719861621946414 50.131138045445724
2 3 	 # V Shape
57.89302450306391 27.893505881157214 82.7413878199089
69.20967802227793 73.87892975199861 76.25690150098919
2 6 	 # Alloc Shape
0 0 0 0 1 1
1 1 1 1 0 0

