2 6 	 # U Shape
26.360284602895234 15.037786726176595 68.38184293612342 81.66018352206666 33.60715844645519 89.08165306793224
19.812181303297027 3.061665387269341 87.76149398973291 72.74355137182333 54.08809312773927 13.14581524025229
2 3 	 # V Shape
35.177429576989695 96.79111540164716 103.06554580176277
22.314690343413204 100.41288893507011 65.84831533897709
2 6 	 # Alloc Shape
1 1 0 0 1 1
0 0 1 1 0 0

2 6 	 # U Shape
90.86488808086682 31.92360889885453 9.045934927090737 30.070005663620336 11.398436186354976 82.86813263076766
4.689631938924976 62.628714831139256 54.758615591924354 81.92869956700687 19.89475396788123 85.68503024577332
2 3 	 # V Shape
111.56247565024145 32.289446680252745 90.89306818764992
63.173010023533195 118.86274851217742 102.29683352774303
2 6 	 # Alloc Shape
1 1 0 0 0 0
0 0 1 1 1 1

2 6 	 # U Shape
82.61228438427398 25.137413420705933 59.73716482308843 90.28317603316273 53.45579488018151 59.02013629854229
3.9281767225387343 35.718175863453624 7.961309015596418 30.54599183428183 33.0719311982132 77.38302962105959
2 3 	 # V Shape
106.74522665617569 124.36369580305308 95.64126491524384
37.14610289369236 35.749924161419955 109.02964802003633
2 6 	 # Alloc Shape
1 1 1 1 0 0
0 0 0 0 1 1

2 6 	 # U Shape
60.47261600361441 28.31482760673113 50.64078198775632 3.84604282905352 33.244409592506194 0.02725314913554211
66.46554661207423 37.74406647319514 74.75819684028474 14.057578194328435 38.80494533391232 86.64916406550097
2 3 	 # V Shape
61.694306629162156 52.61551856795243 33.26877573219826
91.37522305898918 77.06967326462623 107.39267254063415
2 6 	 # Alloc Shape
1 1 0 0 0 0
0 0 1 1 1 1

2 6 	 # U Shape
3.7094413234407875 35.0656391283133 56.3190684492745 29.972987242456284 51.233415327354926 67.34669252847205
15.91937333780935 5.047767015399762 33.78158870646794 10.806377277945256 17.89028085710904 88.58270961677057
2 3 	 # V Shape
37.41978052939469 79.73488477973206 80.02715903477333
20.427637112487616 36.54150244221178 98.06839963168977
2 6 	 # Alloc Shape
1 1 1 1 0 0
0 0 0 0 1 1

2 6 	 # U Shape
38.14115349046321 92.22327869035463 92.53568728677767 56.6749924575 53.34708849890026 1.4860024633228108
97.7899263402005 57.302890403318585 79.1756996276624 56.15573602763689 87.73352415649347 58.41958285306755
2 3 	 # V Shape
103.32808215159133 140.79254750896396 54.1964121087043
115.3309103199484 129.45643689859514 120.47155239874589
2 6 	 # Alloc Shape
0 0 1 1 0 0
1 1 0 0 1 1

2 6 	 # U Shape
12.687442031590823 37.09022126786691 67.19330328520958 93.38522406718495 55.88995326541736 67.24491100375658
7.705526469122914 24.988623250360487 35.55813891297041 2.343208967343946 93.51290211010857 20.95977126264186
2 3 	 # V Shape
42.45988955966687 121.53603782952564 110.06102150454765
28.9725407833057 36.61951105875455 96.19968673061885
2 6 	 # Alloc Shape
1 1 1 1 0 0
0 0 0 0 1 1

2 6 	 # U Shape
1.46348751032499 84.87640718112321 74.2674577299434 45.66975353201722 41.68984070493777 11.672951094696327
33.86791329893397 9.465904074365305 71.58308727513142 7.708540441603862 20.59502583689725 57.37762314512022
2 3 	 # V Shape
85.90987588026813 89.99033253783244 43.98277777518156
40.00926404431346 78.57133879218554 61.22238322525317
2 6 	 # Alloc Shape
1 1 1 1 0 0
0 0 0 0 1 1

2 6 	 # U Shape
73.63827038385634 50.76009080549594 64.43266150414169 21.31865653786481 89.57089487035581 96.59462515078151
31.700156230578813 86.55526182272831 31.028370694011898 2.526394543181709 4.919515777372863 18.46268380142655
2 3 	 # V Shape
120.89422250025363 80.26228792350373 104.3351867871428
103.74151699362405 33.225798882794436 19.39792475290045
2 6 	 # Alloc Shape
0 0 1 1 1 1
1 1 0 0 0 0

2 6 	 # U Shape
84.46188611438505 53.81475171399585 55.908651640325836 12.250998143741986 37.76419185740802 42.874732912904264
51.120864628546535 89.17625699356942 30.021061159401306 39.64418788784505 79.32732330276141 41.227607735340065
2 3 	 # V Shape
128.32803652564525 57.86578147438476 59.14085041305762
137.2273031932361 39.976912083332124 111.12278274807498
2 6 	 # Alloc Shape
1 1 0 0 0 0
0 0 1 1 1 1

2 6 	 # U Shape
27.47951315927687 60.105189113251 93.85141972093375 70.72963093414373 26.340316495675754 12.233592111500503
45.872422918986366 97.48124993966691 68.05743744444447 19.325373228646104 4.673922716139501 95.26439367706239
2 3 	 # V Shape
63.98944535276311 106.02376458517551 26.78194277471063
115.8790067651956 69.39251470087572 99.25233029812368
2 6 	 # Alloc Shape
0 0 1 1 0 0
1 1 0 0 1 1

2 6 	 # U Shape
54.346503847491604 33.775464688518355 89.80243088495153 94.07070384832232 38.41218491535694 39.611779234059696
89.7279944819348 5.882236810184704 40.5379288429569 13.017554063091241 8.696940892461757 78.39642869589878
2 3 	 # V Shape
77.83486192743663 131.42349760517925 44.2801588618047
90.4292038110601 45.73252902378541 81.48186202197014
2 6 	 # Alloc Shape
0 0 1 1 0 0
1 1 0 0 1 1

2 6 	 # U Shape
17.77887486170979 8.262029129549276 48.20719697228585 52.88538793621262 69.6308271808997 20.47616140301962
67.13723299573634 79.32693253264206 4.1737812516961075 96.3357505721491 97.53927171733328 55.066078422181505
2 3 	 # V Shape
25.504640611904517 84.44968697754825 89.68866124507649
92.69719097987866 99.64168959994166 144.7169961398356
2 6 	 # Alloc Shape
0 0 1 1 0 0
1 1 0 0 1 1

2 6 	 # U Shape
59.42777205222456 15.171964914679803 81.87215707992948 16.034803009580724 66.0695342129468 17.663504593674883
48.419865845573696 71.3554558011378 48.120128500887546 14.075845193491954 73.07873881381384 81.22958951949273
2 3 	 # V Shape
63.61795743836893 87.13586505852405 79.06787510235327
106.40788829734875 50.34834613413329 116.61784784678214
2 6 	 # Alloc Shape
0 0 1 1 0 0
1 1 0 0 1 1

2 6 	 # U Shape
90.03573954833297 13.161620665947138 12.62512365881735 15.31969301964562 34.38098945485848 0.8466911174788372
13.208192652086204 72.55432465439992 82.95890150299017 1.3528181111777338 6.701847975796726 11.185484645860788
2 3 	 # V Shape
99.31119690509752 26.243152963097998 34.66475709922791
81.58092641842572 83.8692957983238 16.801242445109697
2 6 	 # Alloc Shape
1 1 0 0 1 1
0 0 1 1 0 0

2 6 	 # U Shape
3.7322009011339086 67.88353968929813 47.72208009079344 10.017138767093215 61.41962337146904 83.79145089661961
73.38940376588334 32.156558271190725 6.785531108690035 3.733023706427252 55.91253039604821 16.085269926854785
2 3 	 # V Shape
70.61592806235157 55.37805948120425 144.02276046232774
100.66824869206836 10.391995929885972 56.20472160696432
2 6 	 # Alloc Shape
0 0 1 1 1 1
1 1 0 0 0 0

2 6 	 # U Shape
67.12569051256317 70.6330885200667 85.31554131904021 52.20495668360079 44.276965332145124 55.37484412555037
65.199484840611 78.85538744752402 89.22694516926879 30.910515867905374 13.560977226706928 75.09266518441873
2 3 	 # V Shape
102.39473525199551 96.55325438609009 80.61598630613078
89.36250691542865 103.52757090763424 85.25764915665377
2 6 	 # Alloc Shape
0 0 1 1 1 1
1 1 0 0 0 0

2 6 	 # U Shape
91.04021236063346 57.609071201198766 29.11544297803492 65.17863717812156 63.79207007555681 50.35747397173306
96.55527156217963 80.66911496104903 92.85193564036172 61.3935126664438 98.20039163431012 71.49879558453262
2 3 	 # V Shape
148.150430978203 85.90459392335843 71.77883305229076
141.47368314171672 143.62131791662006 161.51063663289028
2 6 	 # Alloc Shape
1 1 0 0 0 0
0 0 1 1 1 1

2 6 	 # U Shape
76.20668019798758 83.98874811543806 10.495741202168796 51.063130834591576 64.54886627441758 15.30668142526591
0.17596491043597728 96.70457532300503 80.78665332650922 27.406758936347153 27.908960707212593 12.067964142197818
2 3 	 # V Shape
123.56377142834188 51.773671745398644 65.85104506620998
96.83762677402007 97.37162611896981 28.268108989293076
2 6 	 # Alloc Shape
1 1 0 0 1 1
0 0 1 1 0 0

2 6 	 # U Shape
78.91887879251763 90.92222456715098 83.8170548530705 71.20311863871623 30.73794185374644 35.37845547709894
23.63533952237783 8.981163906322553 19.447817432203816 61.58078753671168 93.20836755651094 69.10839497831097
2 3 	 # V Shape
125.4218455020889 136.23993829937854 49.91298715781949
25.39220862825262 75.2900228555873 149.6465295680049
2 6 	 # Alloc Shape
1 1 1 1 0 0
0 0 0 0 1 1

2 6 	 # U Shape
47.954870014125284 2.9654940797728235 1.1428526824066254 33.184400023449435 6.143107860529495 59.81735080564744
88.59202535226233 41.21337753639407 3.8272198902195687 8.084240379080565 8.191454230184858 80.93673338215349
2 3 	 # V Shape
48.54591076863304 34.30792728259034 60.66943472662328
92.24764269341833 10.377217048339164 86.77813558783924
2 6 	 # Alloc Shape
0 0 1 1 1 1
1 1 0 0 0 0

2 6 	 # U Shape
22.014599338063867 81.1137639752162 53.59535338891156 61.04284489824332 52.38698831262817 63.96291484955626
0.5156348033917069 2.4738783415619525 69.00263853157124 17.15930195622134 69.39306736886564 28.52656231218128
2 3 	 # V Shape
101.9152285461161 83.43375607193988 100.85285099093603
2.8230579103546165 69.56907759312706 92.35881381930804
2 6 	 # Alloc Shape
1 1 1 1 0 0
0 0 0 0 1 1

2 6 	 # U Shape
12.067774005354314 23.620308232444508 26.79960048520986 34.913554031838366 42.88792946947715 46.803712992681135
58.7491958836826 41.728870313315234 60.546363735043805 35.29773467124676 90.119749149838 37.77194644123072
2 3 	 # V Shape
27.63614576335347 51.25110865921854 80.4407988126003
97.37481924834488 65.69197399767046 116.40487495874328
2 6 	 # Alloc Shape
0 0 0 0 1 1
1 1 1 1 0 0

2 6 	 # U Shape
99.37431041017915 77.51534599873838 93.84494887846627 28.94018776403081 27.81459679064524 9.560687567341141
35.13013627714847 77.52843084717034 58.80644127742356 47.05171564438664 19.186676571047734 70.73084455177042
2 3 	 # V Shape
166.2336957117598 96.49750222684744 33.33543610531406
111.3165185657903 96.72058350222309 82.25566061858481
2 6 	 # Alloc Shape
1 1 0 0 0 0
0 0 1 1 1 1

2 6 	 # U Shape
48.467990304227584 63.93403927232835 16.769630743472273 92.46826037822882 71.73399513633042 15.481361149816685
72.36336058193933 18.64099258251244 82.96645652434765 19.664176333975437 96.13006691117158 54.75975848164579
2 3 	 # V Shape
101.60027878538331 105.67054307249799 77.4932478423955
79.19945753828533 96.66690039073558 106.18572449102132
2 6 	 # Alloc Shape
1 1 1 1 0 0
0 0 0 0 1 1

2 6 	 # U Shape
44.85245893649456 33.53845098473835 2.9706053983398317 99.09367486495766 68.09495248305892 18.915818640159344
4.50455494971731 1.313954536249906 66.18106166295956 10.751234469652783 30.9957639304688 30.794744829381003
2 3 	 # V Shape
74.45107342193538 99.25132067282625 68.52262875327183
4.630064866876913 68.37237666563055 59.77562637830137
2 6 	 # Alloc Shape
1 1 0 1 0 0
0 0 1 0 1 1

2 6 	 # U Shape
28.833058720400807 14.54486014581552 96.5677657072228 23.963398504775558 83.40618373032922 43.40179134078716
9.17287412971004 89.0676887022233 79.00748571459647 21.62353130333896 55.29925767959788 58.704621618201614
2 3 	 # V Shape
39.19302081028783 98.17823648350479 92.39014855231397
97.9184912690288 92.44902543866505 94.20998911381861
2 6 	 # Alloc Shape
0 0 1 1 0 0
1 1 0 0 1 1

2 6 	 # U Shape
11.143517283136028 81.15981436332996 77.95523385965585 88.50801550976391 32.242105182328714 10.716543173998428
16.12497572680799 67.2786361462869 71.41498933545607 23.723420298054943 80.57173684799352 91.8296297398204
2 3 	 # V Shape
81.33118108577344 88.73820601024973 37.42972695738244
72.11476938992364 93.32217363148173 99.79483104873296
2 6 	 # Alloc Shape
1 1 1 1 0 0
0 0 0 0 1 1

2 6 	 # U Shape
36.8304514558738 42.03205079109033 40.54039612521759 99.80776646486923 15.667537544190058 43.69589067938195
27.023265430982445 96.8963436599663 58.98090415158255 70.41864241408338 64.99366722126736 75.54070833545397
2 3 	 # V Shape
46.25597796468713 130.08930448091067 55.79132670013837
107.63426224838139 115.47037085552475 93.02489520560061
2 6 	 # Alloc Shape
0 0 1 1 0 0
1 1 0 0 1 1

2 6 	 # U Shape
52.417000623308695 7.916192339377204 72.16642542468836 12.006624986679014 74.17686262268323 77.13428993319802
6.811643131249667 47.68252782722475 44.243096136594986 22.410925267462765 64.18249309983912 20.6067510547447
2 3 	 # V Shape
55.653884689849896 81.70700597862947 133.7687976842192
51.29294795169396 64.44807074127567 80.64910154600315
2 6 	 # Alloc Shape
0 0 0 0 1 1
1 1 1 1 0 0

2 6 	 # U Shape
11.457443808560841 77.3050694280877 48.30605180582771 94.97097563140352 54.97037162982481 52.442620917032976
87.35848104416326 64.6725820158072 32.923076971827626 1.0449319729087692 13.709540824039445 77.03179123849691
2 3 	 # V Shape
79.21769928695828 111.16897758496805 77.22931670163612
93.27937845950825 33.22153550826055 84.13470408063264
2 6 	 # Alloc Shape
0 0 1 1 1 1
1 1 0 0 0 0

2 6 	 # U Shape
23.635683552876973 98.86302119030287 58.87823304656115 19.90778845146344 99.01677425951613 85.31013937258002
34.41210337303031 65.7041038386832 93.30603851526195 55.90763503622822 61.71050774113157 46.89892047477561
2 3 	 # V Shape
98.98522319979372 60.20262436996357 181.91644046322818
84.68606301249773 130.20642435201665 101.30434237397313
2 6 	 # Alloc Shape
0 0 0 0 1 1
1 1 1 1 0 0

2 6 	 # U Shape
79.31538941794459 99.86391120657998 70.43004302256007 47.48291257933798 79.54633498396203 53.25061124397573
57.463291169247896 96.62299802235343 94.26874804292174 58.926528947792676 22.95584237041064 49.53548691923427
2 3 	 # V Shape
144.62515600676863 102.1975113260344 100.64688612035596
148.64529808382648 146.37408476756147 50.23131678873143
2 6 	 # Alloc Shape
1 1 0 0 1 1
0 0 1 1 0 0

2 6 	 # U Shape
33.18044812709412 84.26055292261412 60.49224057992506 84.18139823787438 8.78369290597415 35.04948614782295
42.91959821144445 80.26482835613491 24.20697548611681 0.33322772919091026 38.86563451073852 92.15931319496566
2 3 	 # V Shape
112.37687245551342 99.30479353264722 35.51077391060624
112.42117781883623 24.487740088385834 117.69188441078924
2 6 	 # Alloc Shape
0 0 1 1 0 0
1 1 0 0 1 1

2 6 	 # U Shape
13.603392792337743 76.24420374753139 8.243690470409959 76.3761153364984 36.33931936773135 24.174586211048698
75.8625483039149 5.581914953661638 44.877361511359204 90.08256383327532 90.72852358789412 46.8881293183638
2 3 	 # V Shape
78.54256544402523 79.11391557486058 54.18707669969613
79.44860264600857 93.33083218579806 96.25657598340308
2 6 	 # Alloc Shape
1 1 0 0 0 0
0 0 1 1 1 1

2 6 	 # U Shape
40.79400188546065 84.33784449166895 61.96409538107533 31.27371477733385 49.45188315321827 37.49102429680643
83.58378221966056 71.68379995080801 79.64879952784443 51.70874537502047 96.1079699806403 65.92616342986216
2 3 	 # V Shape
90.25718112263974 82.21876904052078 71.83763905990682
89.66789439847678 91.44127265131658 117.01236644611362
2 6 	 # Alloc Shape
1 1 1 1 0 0
0 0 0 0 1 1

2 6 	 # U Shape
42.33846638908619 73.79784022664586 99.01201285264503 6.883631042351935 85.24458513130413 78.47495669454642
47.93364790425151 29.753982480459317 48.32935210264835 39.28910553212097 89.96944797582809 28.001251957542937
2 3 	 # V Shape
112.13039170505378 102.4227861841044 149.76929971553517
70.8018397117653 60.20446575432532 93.18424971670878
2 6 	 # Alloc Shape
0 0 0 0 1 1
1 1 1 1 0 0

2 6 	 # U Shape
76.3872645481208 73.01066611155372 44.60436259912971 71.2182594310135 63.92523938198028 22.942030313207397
95.93009800692543 59.505450301528796 46.61395579234032 92.63817177818152 20.907644286927194 68.35423168632275
2 3 	 # V Shape
76.43933206920134 91.17853127575245 70.54994397737299
146.2297278684651 98.3730623096977 69.18217317806153
2 6 	 # Alloc Shape
0 0 1 1 1 1
1 1 0 0 0 0

2 6 	 # U Shape
70.11729025692875 55.308641716702056 62.274559406906185 20.527674341921575 64.3186558812475 49.61184413263576
65.69378460971377 29.300880113941584 14.126333075681263 83.67461790502267 11.316803917667118 11.198336549529097
2 3 	 # V Shape
100.04409908007523 74.28397968287715 67.02614600251532
82.91870757767795 93.1984600947502 18.91526602664601
2 6 	 # Alloc Shape
1 1 0 0 1 1
0 0 1 1 0 0

2 6 	 # U Shape
9.044661841120538 76.09648782115683 21.5326974913587 68.05099195535821 47.48674293207318 93.08159224933445
15.796901892179882 48.12337217192933 9.10931050802526 17.64576874748117 7.362796696187168 34.39932939580566
2 3 	 # V Shape
79.01797885267969 83.60537442187828 125.82526053713015
63.05995898200796 23.99876031079908 35.46515644152789
2 6 	 # Alloc Shape
0 0 1 1 1 1
1 1 0 0 0 0

2 6 	 # U Shape
57.614850272985606 9.116891942241267 79.391017855673 42.70675742297524 60.14689371746276 5.660504970783419
8.454409755727632 1.8154562228838156 65.10911907876277 43.69341865849707 11.21532057198672 5.423778016957859
2 3 	 # V Shape
60.911434262694456 81.47110726147076 60.1557754044137
8.57883474839061 107.31775099781667 11.973804791253738
2 6 	 # Alloc Shape
1 1 0 0 1 1
0 0 1 1 0 0

2 6 	 # U Shape
49.35655841140425 76.86310384422733 37.07877682545938 33.4485899167046 38.941280660658094 48.804936168610965
79.33563093096603 16.63297283689782 21.445861166683812 88.19787443725363 7.873525830867322 27.96958568996084
2 3 	 # V Shape
92.64579380528735 59.02112833589665 82.4759712431295
86.20250662884935 94.22788843400943 32.564148844482816
2 6 	 # Alloc Shape
1 1 0 0 1 1
0 0 1 1 0 0

2 6 	 # U Shape
64.34538328828394 71.40364433110099 87.62844383950313 10.413205930885095 66.87135206968982 17.417948781763336
40.08208383468471 57.71155839490098 43.37939238458628 5.463899507340897 68.53405147490163 58.42194781036532
2 3 	 # V Shape
82.21373528522079 94.37397740721114 77.65351598310993
79.28643069797081 48.41826125405812 123.81292345685974
2 6 	 # Alloc Shape
1 1 1 1 0 0
0 0 0 0 1 1

2 6 	 # U Shape
99.25319133165988 12.493108260697728 51.67221149865642 35.603600906937594 79.47122116581752 88.74317067891731
86.29141040544316 85.036887937482 43.218591823205145 75.98078427099402 6.020717180756585 24.706180389118437
2 3 	 # V Shape
104.30516053533638 77.72207627495908 93.53104532146259
119.16634827115234 78.73545705865055 25.03025714172666
2 6 	 # Alloc Shape
0 0 0 0 1 1
1 1 1 1 0 0

2 6 	 # U Shape
12.91145438365372 51.65825697753307 98.70237591362022 99.161293632274 15.777466997333677 41.47413555517131
68.6495322941087 35.66202389317096 65.68617129363271 17.153049419266033 48.49372906420839 25.506073540648934
2 3 	 # V Shape
53.497595998723995 192.14475842255794 46.26443558533359
77.17460394388007 80.57886629633367 70.03164914655609
2 6 	 # Alloc Shape
0 0 1 1 0 0
1 1 0 0 1 1

2 6 	 # U Shape
84.2206104109887 1.842569697153018 14.329902951849604 36.267189589575196 39.140510783272894 43.46870860640871
84.8281238753235 71.08113585559413 45.03853279314575 73.60477761463673 11.164434140016633 27.22881457701162
2 3 	 # V Shape
84.74108050203573 37.22086169757959 59.86752318407616
138.5354623948365 87.82111632426911 28.18537929102493
2 6 	 # Alloc Shape
0 0 0 0 1 1
1 1 1 1 0 0

2 6 	 # U Shape
59.1937855111794 63.08336324475695 18.314822773329386 30.774657437362286 8.479294929004055 9.152800621372814
15.586142529755008 78.0291097710866 28.43594426874447 29.60239682177843 96.54803796310318 73.10311334920459
2 3 	 # V Shape
119.97821108109888 48.80514825397933 10.244734877326934
80.3081409922798 49.203924997054756 115.01768540162186
2 6 	 # Alloc Shape
1 1 1 1 0 0
0 0 0 0 1 1

2 6 	 # U Shape
49.247410220051556 87.66072913120419 19.97387179767336 8.657260852568339 72.9068866207079 10.701545300146353
81.33094795587648 77.27568754312601 5.806614058145287 14.06388640685593 63.69940029688143 37.91565812460828
2 3 	 # V Shape
122.92015042059563 25.492956245711774 80.56624817449243
90.19780238790037 14.416543580023902 74.19087809638556
2 6 	 # Alloc Shape
1 1 1 1 0 0
0 0 0 0 1 1

2 6 	 # U Shape
58.9634360602288 60.055498683949914 32.28375225059015 53.39118932772553 88.38213961957216 73.10938683329141
59.1505339227943 39.30296867058841 27.046020836139697 96.95271560912553 89.9423569201475 84.11506420718241
2 3 	 # V Shape
97.06990986678348 70.09809658315567 118.94130884898541
93.66879842642338 114.42627973028907 158.49570873313266
2 6 	 # Alloc Shape
1 1 1 1 0 0
0 0 0 0 1 1

2 6 	 # U Shape
90.07817202363154 60.781604717514256 71.83481082263836 25.51675763406952 70.50368126301127 29.166289041821113
47.94694270188199 0.5253323457689696 35.831289072666685 4.449429447446274 22.079731250616607 43.903991223835035
2 3 	 # V Shape
142.31778148495567 72.93858899977656 91.79827703874116
48.36975838031115 36.23715344037568 50.366111687276195
2 6 	 # Alloc Shape
1 1 0 0 0 0
0 0 1 1 1 1

2 6 	 # U Shape
64.71381439743946 53.41249063951524 28.869978157308175 98.5346095517915 30.184597356525423 60.06961438104853
75.42501871004225 48.057267890333264 58.44832321191438 45.03348688179716 13.646171935781249 80.44103204618683
2 3 	 # V Shape
117.35766438276451 121.0782709851421 71.727269735655
76.9957884005987 62.527105216380264 81.48376961793217
2 6 	 # Alloc Shape
0 0 1 1 0 0
1 1 0 0 1 1

2 6 	 # U Shape
78.21202495865916 43.502082593671666 87.10523086890986 27.462666577600935 47.371986285166514 77.9403312554097
84.97818487077969 45.85144543444213 65.66950512254239 77.14250944269658 62.9090962649588 20.490665514239403
2 3 	 # V Shape
84.85592750785248 91.54773020033139 105.86201472312793
100.43932144660216 114.7550689047229 71.53519420077251
2 6 	 # Alloc Shape
0 0 0 0 1 1
1 1 1 1 0 0

2 6 	 # U Shape
36.402967341894445 91.09766250185906 10.373705014221946 98.81734583614181 97.97375141568149 92.80547200402556
29.05424497249497 49.52203395121227 58.40771897427389 8.88135586166806 34.82742107746283 22.55423958732169
2 3 	 # V Shape
98.07072255004738 107.85902937847531 151.7248117747744
73.37555000717154 63.1754597067565 39.77602259599426
2 6 	 # Alloc Shape
0 0 0 0 1 1
1 1 1 1 0 0

2 6 	 # U Shape
82.06113642862755 30.86874205021116 96.0663260549781 16.657301503492395 91.40353443052483 49.63266437733746
37.19845767674499 37.05351230758627 30.63503408877194 42.22632051696087 0.2859722817052046 1.5738426296590946
2 3 	 # V Shape
104.9670512440192 104.08203961118244 131.39198508027388
56.26793391486533 55.09108399986599 1.690079023495161
2 6 	 # Alloc Shape
0 0 0 0 1 1
1 1 1 1 0 0

2 6 	 # U Shape
31.122900279665856 20.292493867277106 92.74678124444134 38.535204417383774 96.07964125205336 54.015564295750096
34.207894330170596 21.825993702327096 50.70528476815821 59.88027945752935 68.92806366108394 4.262924641106169
2 3 	 # V Shape
51.16145943366986 111.5286636629622 98.6245211751233
48.56345635808651 83.1531659740026 72.41107977903424
2 6 	 # Alloc Shape
0 0 0 0 1 1
1 1 1 1 0 0

2 6 	 # U Shape
31.640344698209688 27.43705391968253 96.2883694829081 6.722879256588332 2.4428974616479193 16.902531786491448
32.47497306424366 45.828291446630566 17.31351627197969 33.673205006423636 61.7905371619579 49.8818913208889
2 3 	 # V Shape
50.69254756990074 98.98431621561407 19.243318091279374
59.90229168229797 42.90069270931529 98.3514887627829
2 6 	 # Alloc Shape
0 0 1 1 0 0
1 1 0 0 1 1

2 6 	 # U Shape
33.02812009351821 64.24149581009345 70.06204805735523 6.190230415003251 13.803559152972934 34.42386295139299
19.841689104524583 3.070006458375363 90.33796569089796 27.42084248717139 51.10210625290373 35.087968040039094
2 3 	 # V Shape
67.35128055037373 70.48591405743798 44.25633324718776
20.635462746421172 106.61989698951578 77.21776491857865
2 6 	 # Alloc Shape
1 1 0 0 0 0
0 0 1 1 1 1

2 6 	 # U Shape
34.088167406451085 87.24011928262189 21.824297123715976 36.2475892681537 50.949959013542255 31.64855076233284
98.09070513914135 90.99815125364033 58.01035468574906 50.17907532767999 53.25898387732819 8.281101068951436
2 3 	 # V Shape
115.07887213050033 39.58205328361066 76.55719116410292
150.64979374625509 100.861477987089 53.66868990439621
2 6 	 # Alloc Shape
0 0 0 0 1 1
1 1 1 1 0 0

2 6 	 # U Shape
62.11277966332598 34.025327585085584 79.77161831745701 29.715686603486525 4.5924417571815646 97.47165612855709
19.00644618028483 20.868550871724178 56.05127695203469 33.9804058118506 72.56905381163948 66.11417510563221
2 3 	 # V Shape
63.166899661208724 84.31457952747469 100.05237274596948
23.44161969528836 67.98543410666619 92.81691360022351
2 6 	 # Alloc Shape
1 1 1 1 0 0
0 0 0 0 1 1

2 6 	 # U Shape
24.193565670870743 19.192848816712036 91.39689469651408 98.51381134839198 56.359267318830284 55.41951109925041
99.07408332260948 98.53844178526424 87.8528522334355 67.08626291153531 88.5086568337961 50.87310574754118
2 3 	 # V Shape
30.25098783807534 111.48399290652033 62.7683939963188
187.38587716439272 148.8243198613331 118.91032587264647
2 6 	 # Alloc Shape
0 0 1 1 0 0
1 1 0 0 1 1

2 6 	 # U Shape
21.092182435321448 49.92243681349486 44.797554928519624 60.02271015901961 48.77984460212511 30.70228499336204
84.62740453125296 29.209076588895964 32.26395270243365 62.41306412669799 30.148628677769594 29.060428858414156
2 3 	 # V Shape
60.61538197762316 75.90153807058266 63.717483247650364
91.36733191641115 88.20183145567017 44.44240101380127
2 6 	 # Alloc Shape
0 0 1 1 1 1
1 1 0 0 0 0

2 6 	 # U Shape
41.75369032871704 0.7357565751473949 25.856346067012225 48.568301481860686 44.635668971104046 78.58464824844015
64.67893697616064 54.95223995873665 34.5648607571703 52.21792914660306 36.67944432751214 74.72032802964068
2 3 	 # V Shape
42.01251349713212 51.00528420559551 98.2381028952608
96.27187854976025 82.81828339345013 90.54594511524175
2 6 	 # Alloc Shape
0 0 0 0 1 1
1 1 1 1 0 0

2 6 	 # U Shape
27.389181319324905 12.651791810062907 42.46466939120509 16.477691618608294 65.24994556134426 5.259622033148692
48.44956557152217 1.1321239232434555 74.56891036841873 7.16888443915491 48.69531320658139 20.318946760490263
2 3 	 # V Shape
38.40322686048763 54.158790957420244 68.29786662711777
49.50782655908738 79.73744245261433 55.578400192192106
2 6 	 # Alloc Shape
0 0 0 0 1 1
1 1 1 1 0 0

2 6 	 # U Shape
55.964955199045264 44.85370611544647 58.272648120499845 43.17454997180723 64.066736465904 3.728142071869567
85.79371529476289 61.71188866116344 52.32003602724022 26.352030884203536 53.28790292223157 33.55130527964783
2 3 	 # V Shape
87.03300276322202 97.19061262287345 66.38818879718606
111.48604843895217 53.178832505165275 72.135851429203
2 6 	 # Alloc Shape
0 0 1 1 1 1
1 1 0 0 0 0

2 6 	 # U Shape
57.44293231689495 5.935511975094299 78.42416618915637 36.982688835052556 69.87867634920802 98.50152274624763
79.4244913511597 2.5396092650194824 1.084474325417173 0.22690198050676624 29.21005452564077 77.79608346761091
2 3 	 # V Shape
59.21038781167777 102.88539361390396 153.58787786795637
80.66188212312821 1.1491854241379376 106.14939323022432
2 6 	 # Alloc Shape
0 0 1 1 1 1
1 1 0 0 0 0

2 6 	 # U Shape
21.510808673920188 83.03267871607025 77.14293498978753 86.71475385987615 19.604362591241387 23.362800124306805
39.868284715016756 93.83426142167221 98.93371207718899 56.98376515928503 93.17185760349204 31.00803758760079
2 3 	 # V Shape
83.52927980327692 135.86827623548348 35.62512388018741
109.47156898929207 146.3631323650098 97.47008619065912
2 6 	 # Alloc Shape
0 0 1 1 0 0
1 1 0 0 1 1

2 6 	 # U Shape
19.34531424111071 70.07664618641016 94.17172845208111 55.48011051484435 45.89148897055439 20.12924633517431
99.58931377038652 36.78106032600512 91.77846520753015 70.63829900311207 13.420500263139923 9.380833093393104
2 3 	 # V Shape
73.91661098889436 122.42945350911647 55.1170148858402
107.57282625062302 136.90617039073115 14.104186052399795
2 6 	 # Alloc Shape
0 0 1 1 1 1
1 1 0 0 0 0

2 6 	 # U Shape
48.02403347336455 16.69245810689408 68.01699678508741 94.90436766686265 44.904300995572164 23.258694099688615
72.20265418019423 14.200835687922774 10.019118536548222 63.12223198556238 9.417371194068568 13.715955368621513
2 3 	 # V Shape
48.84905120214045 119.4771886362575 44.91244435969334
75.35443720162695 72.97127644779391 21.1747192969831
2 6 	 # Alloc Shape
0 0 1 1 1 1
1 1 0 0 0 0

2 6 	 # U Shape
23.041037789889142 94.77147799579431 4.830228168121298 23.860575739602574 49.24570255163495 84.33460131727743
84.42192494803355 12.819970398980928 75.85933989589557 29.088432020241584 76.43341872939214 83.67752180014641
2 3 	 # V Shape
109.12800653721312 25.32059925269126 88.27592230088494
91.23346145804699 83.66638043559104 159.32772418924483
2 6 	 # Alloc Shape
1 1 0 0 0 0
0 0 1 1 1 1

2 6 	 # U Shape
29.377021478284217 72.8609074576266 12.980871138479078 62.87927742441822 19.289919634888232 62.488931748904456
5.556981331668897 41.93956556537305 75.59108857573679 23.272758704023733 91.34030871532262 22.787066670444787
2 3 	 # V Shape
73.77194439330631 71.77476003570035 69.78105786528597
46.681085277091015 80.65071746678363 110.11082098531325
2 6 	 # Alloc Shape
1 1 1 1 0 0
0 0 0 0 1 1

2 6 	 # U Shape
63.305280871994526 5.729903201260578 89.50982415656692 63.37288687754038 46.27684850321812 9.078810453420317
98.21533348159726 75.16318919626816 92.63977611806433 57.721937729441855 44.45622069886797 11.84305364666509
2 3 	 # V Shape
69.01574755542212 125.63887993000468 51.30994561083892
156.43669228859127 132.12622891804295 53.25847800476775
2 6 	 # Alloc Shape
0 0 1 1 1 1
1 1 0 0 0 0

2 6 	 # U Shape
22.0714202251722 4.219956835797611 48.66561244238768 75.75461347311592 22.419192871566974 70.97752684375214
19.250088940007572 47.93369314749943 12.753850011229629 28.43434588211813 10.319057485057492 32.44434547346708
2 3 	 # V Shape
23.63481950648611 94.41456559944562 88.04852556885726
64.6951611381567 29.505743203359025 37.66142942846075
2 6 	 # Alloc Shape
0 0 1 1 1 1
1 1 0 0 0 0

2 6 	 # U Shape
4.48569910081652 15.855114104871248 95.14234005377553 42.671958367097105 50.68355074640134 2.535993464082398
1.5614477870282917 55.211590140238066 80.69985935631249 93.57414590085504 10.72995501118884 8.131638632810823
2 3 	 # V Shape
19.938597674347033 122.8752296249841 51.8679625406952
55.63189306816829 171.19113947868726 13.832596794897167
2 6 	 # Alloc Shape
1 1 0 0 1 1
0 0 1 1 0 0

2 6 	 # U Shape
69.3300810381015 9.490417219152448 40.23164711209856 65.04580450304506 18.41189351970256 23.532524546449206
12.558399890569339 40.57496935951406 90.95842849538074 9.350880344921341 39.75831119770131 98.82467919904468
2 3 	 # V Shape
75.22672077251936 87.51349662941605 39.43752750107999
41.981899617050296 99.0753037395872 101.38242672547145
2 6 	 # Alloc Shape
1 1 1 1 0 0
0 0 0 0 1 1

2 6 	 # U Shape
52.24381236816471 6.735827556768936 91.2326430496139 91.82013378973745 93.88849921242716 54.908650804684164
46.81106050264714 86.96358174378072 98.09946801858267 74.91782709821655 57.701066055163565 2.573069722647492
2 3 	 # V Shape
52.26663197445705 97.0232579306761 102.90266879105815
117.95333847320346 113.6059243948753 58.48450020177169
2 6 	 # Alloc Shape
0 0 0 0 1 1
1 1 1 1 0 0

2 6 	 # U Shape
88.44240405514329 96.50000826603609 74.71085942277188 4.437659695359574 3.1420588493271118 78.50723083607821
19.77810237406752 75.48795305059024 75.1888920061685 27.871768216393022 12.039548001913158 40.258765614931946
2 3 	 # V Shape
108.45317365464331 76.17133114185003 81.43696498340915
86.53719991610792 100.56097071130009 42.40973097185827
2 6 	 # Alloc Shape
1 1 0 0 1 1
0 0 1 1 0 0

2 6 	 # U Shape
51.950596030224816 7.2401145681043495 13.496393429333542 65.24081661677742 19.682195354400235 31.233320457917678
14.175838548949372 30.253474201710475 14.426754981621649 41.98293801237738 21.670058225506338 90.6638278794464
2 3 	 # V Shape
55.0679449734602 76.60088190352877 42.500015444140324
32.17025992821348 44.355482114497875 99.47167611725061
2 6 	 # Alloc Shape
1 1 1 1 0 0
0 0 0 0 1 1

2 6 	 # U Shape
7.0659396265218 26.985036311047107 55.0972867950663 70.24776013412988 50.619773649345454 16.355751453480693
47.297429811219274 32.99071851596427 27.83037801741014 64.5687819916957 45.2377534168417 21.575867159167384
2 3 	 # V Shape
29.402206314136322 118.20765138497886 53.172637183272336
77.42745147377126 91.775739789173 65.00707023552562
2 6 	 # Alloc Shape
0 0 1 1 0 0
1 1 0 0 1 1

2 6 	 # U Shape
53.33567294333063 19.161889619859586 30.77088257802847 48.34987565749098 6.852574841950753 11.928926586825039
43.00715923968694 32.82545648946177 51.10900867376373 8.93401873975077 92.99012591151423 37.488767338574135
2 3 	 # V Shape
67.97324367992469 77.42988416699286 14.314822770200657
58.253791503537805 55.61901342341932 111.83899022597548
2 6 	 # Alloc Shape
1 1 1 1 0 0
0 0 0 0 1 1

2 6 	 # U Shape
93.51393446362502 24.00557819675987 37.92869864795422 92.25777043217592 54.5230699913136 74.09605397583647
26.969485347922305 64.18545486584503 69.8072460973478 49.230788425305846 47.437858537223775 74.35934406874709
2 3 	 # V Shape
109.71824820335205 117.73883462548515 96.39359656513822
81.121810596245 92.85923782362052 89.23087276522591
2 6 	 # Alloc Shape
1 1 1 1 0 0
0 0 0 0 1 1

2 6 	 # U Shape
1.8309552466142298 32.57350522268495 85.0934470636639 22.509466747508434 65.55978035842108 90.83379520007345
7.708483439215463 55.47893429316535 15.475517943407235 7.901294426777017 59.463684999345865 59.478469604827666
2 3 	 # V Shape
33.726751005330186 105.48847304310094 115.04633386540024
59.585600143678576 22.040416417796095 63.57868956116478
2 6 	 # Alloc Shape
0 0 1 1 0 0
1 1 0 0 1 1

2 6 	 # U Shape
34.57379080127957 70.43055031914984 78.0613906286335 80.04757913795267 96.84537916613934 83.12932086993526
15.550826906018633 71.59705846400783 2.7144844587495776 28.271971412014263 5.818161199355021 94.54653140092296
2 3 	 # V Shape
85.48574208544629 133.61522229679 106.00221110847568
83.7686264401911 28.535896899563 98.98756048192034
2 6 	 # Alloc Shape
0 0 1 1 0 0
1 1 0 0 1 1

2 6 	 # U Shape
49.1532843254729 70.06624453094808 0.26875257677486664 6.724269723561838 25.68266140250952 28.10589790630953
4.715918090954996 10.514844793562627 24.2573228869017 97.213722338445 99.46992841538493 64.26478563161105
2 3 	 # V Shape
72.79929601511412 6.731265058456611 31.329939825268376
10.680070590310752 112.1398865333072 141.62598402163007
2 6 	 # Alloc Shape
1 1 0 0 0 0
0 0 1 1 1 1

2 6 	 # U Shape
18.798891744341272 4.5404077846178055 45.814828292811136 27.24082086472911 89.18185928452237 68.80417300418054
98.09742862124754 45.87686355968695 89.21192752561767 44.96693736012606 85.48674608930824 64.99230764988503
2 3 	 # V Shape
22.934543977197244 46.51671505774584 121.25501145233983
114.78505951768727 106.6777243213885 142.60508421888676
2 6 	 # Alloc Shape
0 0 0 0 1 1
1 1 1 1 0 0

2 6 	 # U Shape
42.80966945226107 87.94173123165211 90.2268128957932 62.44287695863071 77.25628746724948 82.49898742919798
56.49971977229534 20.853929444925377 30.116914573351682 42.03852538851671 23.832912013195685 5.977141776833916
2 3 	 # V Shape
95.55395714896525 132.31309647268216 122.06535218928836
70.60686385512501 51.42010841219361 26.932395425999356
2 6 	 # Alloc Shape
0 0 1 1 1 1
1 1 0 0 0 0

2 6 	 # U Shape
36.239152439432665 44.02414915187948 44.396773449968386 24.29694031521269 93.21179241793749 74.9862043110935
86.15156210253515 0.02734266745958447 51.09176556349699 77.32697225620628 4.579321708009976 99.31324883531597
2 3 	 # V Shape
77.80884030741123 50.056581221752076 109.66289001532012
86.15914097655303 106.44562330511592 103.14826706943684
2 6 	 # Alloc Shape
0 0 0 0 1 1
1 1 1 1 0 0

2 6 	 # U Shape
19.962502963620466 72.22048225287095 38.15619575580605 6.388072451634419 21.45921979438138 46.986905666160496
43.59724620028569 67.61247374630346 78.17905297679897 57.24638243073898 73.06214231067652 80.34977391607832
2 3 	 # V Shape
85.54040570780917 39.770450141748434 56.98092025324611
69.16977014592223 81.65228073220165 150.3204144965642
2 6 	 # Alloc Shape
1 1 0 0 0 0
0 0 1 1 1 1

2 6 	 # U Shape
76.40599959593166 11.993952155522425 48.90483635703355 19.434384831359697 71.10842723974923 19.64270703797918
52.20967775178495 27.452311141039274 11.802729527221844 61.93983291344439 32.221108860602634 24.653494237631136
2 3 	 # V Shape
83.89042854992186 58.40565315735509 75.41404794619147
66.89316581159974 70.59198299491528 55.21702468500112
2 6 	 # Alloc Shape
1 1 0 0 1 1
0 0 1 1 0 0

2 6 	 # U Shape
3.772298900490234 36.8702464489868 87.51940474245478 72.00327656901061 80.25573700139233 87.02428712065159
42.23003750624127 29.64625971077186 37.685168011066075 79.66622926398341 81.51088765493301 53.79149571200327
2 3 	 # V Shape
40.23724547993197 131.42061195115892 105.59323029347188
59.96413710255889 80.78879818055188 114.2849243219342
2 6 	 # Alloc Shape
0 0 1 1 0 0
1 1 0 0 1 1

2 6 	 # U Shape
20.524927151389637 48.31361445504271 85.0625569079787 61.91225604535967 32.75738860471874 48.381049866511475
28.280300156137272 0.7590044728818857 10.022792540738646 3.2612620207901233 3.175016010133269 70.86886948854097
2 3 	 # V Shape
56.624589589535375 143.3589854146398 61.11552535516522
29.00230218986104 11.448786969817224 73.19869550962478
2 6 	 # Alloc Shape
1 1 1 1 0 0
0 0 0 0 1 1

2 6 	 # U Shape
75.59937233842072 37.03688552825152 69.27608868779818 85.88182185276226 54.95547890714592 4.386863719528522
63.68252068254145 97.9271984396945 35.95198470090985 18.11683077412788 27.77450745358132 82.97811584318653
2 3 	 # V Shape
106.16581384135188 154.29057326938073 58.405559630335766
142.99206437085442 50.55339061695468 108.3631357865931
2 6 	 # Alloc Shape
0 0 1 1 0 0
1 1 0 0 1 1

2 6 	 # U Shape
86.92236116355211 31.620102786648484 69.31521245521863 35.65043704556232 88.72542452859055 17.075038536202747
15.137544654013613 60.30505611785056 81.77427654236438 59.74607914090539 35.81479321259403 7.627780545228557
2 3 	 # V Shape
107.34525897234928 102.25521285124103 92.54530332023342
67.35091656545997 132.9519844698813 40.058128296606796
2 6 	 # Alloc Shape
1 1 0 0 1 1
0 0 1 1 0 0

2 6 	 # U Shape
29.51249345919067 27.383907373613457 25.284853004659013 49.36907903068515 20.194296368602416 38.29007797075089
56.40015695389897 77.8032931813845 20.997168576500403 19.074236652852996 31.859275161178545 83.22147123017149
2 3 	 # V Shape
53.92983226306267 58.53177686932041 53.868680156123865
116.18908918880672 23.119951967192073 109.00432679613257
2 6 	 # Alloc Shape
0 0 1 1 0 0
1 1 0 0 1 1

2 6 	 # U Shape
29.434844092220438 62.15422774329456 52.19960345285411 77.08275698486842 44.19562251202169 39.06872878942785
13.258105409544562 30.402991058803842 98.25093348500192 7.3970950317039925 21.91224668465821 9.91227544020602
2 3 	 # V Shape
70.1277484839104 104.46418133461509 70.45250484406432
39.99800916567564 100.42223799268443 26.403526593231035
2 6 	 # Alloc Shape
1 1 0 0 1 1
0 0 1 1 0 0

2 6 	 # U Shape
54.529155316215714 22.25597469879661 22.627687420567476 82.44121157197006 71.68578520701071 1.3532698239445473
61.8764103068728 98.25947128549811 20.340099854729466 71.391401342581 8.460947389780616 3.6086376573881918
2 3 	 # V Shape
65.42358537760248 104.869368000484 72.21982551385814
133.16923986911513 85.09708568213344 9.201566054264259
2 6 	 # Alloc Shape
0 0 1 1 1 1
1 1 0 0 0 0

2 6 	 # U Shape
28.650988950571886 21.815751156801255 78.26745264570876 17.038364525240944 6.202106613576774 99.06331195105295
54.85570782025137 24.20580854983867 93.90056600770083 65.41885366261604 79.9614052171315 98.00787484776166
2 3 	 # V Shape
29.97471917692878 93.26822389431518 103.28367394913374
65.08875954224462 128.04489995043244 129.19175431823987
2 6 	 # Alloc Shape
0 0 0 0 1 1
1 1 1 1 0 0

2 6 	 # U Shape
68.39374514393498 58.6392419398405 97.9320803088292 77.42451562791469 27.299922113324303 46.61990548081975
33.79281819239063 58.43396420706164 60.490750273238845 12.847778710502523 52.33119668492488 28.81037484089838
2 3 	 # V Shape
92.92723770805975 148.26434085176103 63.34394163238402
90.82970689749469 66.48482277780022 79.15001006158766
2 6 	 # Alloc Shape
0 0 1 1 0 0
1 1 0 0 1 1

2 6 	 # U Shape
39.30473898349045 48.0400105973432 37.066173872846484 92.22001630431737 63.87630783253512 29.481544677593675
13.8993780405415 40.526404628224334 89.00318040218458 12.354416853955586 18.34729776532734 4.838319573611916
2 3 	 # V Shape
58.82638568797873 114.13100390643267 73.6660662243277
46.43263476632044 96.04363619304075 21.092056636923623
2 6 	 # Alloc Shape
1 1 0 0 1 1
0 0 1 1 0 0

2 6 	 # U Shape
38.494710552778265 24.05553425204674 43.505035475564654 45.577216951250655 35.00071863552816 44.84554188635463
84.02537017145359 83.80513354975876 45.533315507777516 1.8237255654438789 52.59951641359074 93.16871781742284
2 3 	 # V Shape
39.44278207811808 86.9749959481069 53.29893186947288
123.64702807948798 46.073780908796316 141.71498092886648
2 6 	 # Alloc Shape
0 0 1 1 0 0
1 1 0 0 1 1

2 6 	 # U Shape
40.48280567204961 5.251049025957533 55.20571953870373 2.4234330544996685 93.71264819462378 38.71065053718359
60.23738389993859 41.91855284848276 38.976817512649575 52.957260302688304 2.759798631740329 84.14849021852066
2 3 	 # V Shape
43.36749687541733 56.69273219896301 121.71062272929404
78.20247323821378 70.6895333633937 84.17132757461486
2 6 	 # Alloc Shape
0 0 0 0 1 1
1 1 1 1 0 0

