2 6 	 # U Shape
21.950100046100385 62.97576132346906 85.992408065359 4.127256531777368 74.25662209096899 57.04173584583558
3.4313193539459386 21.551321485037846 48.75690166087345 27.270585709625006 11.906343398625586 29.963408025747995
2 3 	 # V Shape
37.78540587647867 0.11238999495335467 47.76318115108378
52.46712967458921 4.645720711872503 32.50895173734752
2 6 	 # Alloc Shape
0 0 0 0 1 1
1 1 1 1 0 0

2 6 	 # U Shape
79.36866474746995 61.36159679467957 6.338897008447775 35.62213194292689 54.15520569440899 80.49110332017561
22.308384213593648 96.35734251736285 81.64888530766049 32.76879867015684 45.98733258306067 76.31882850766584
2 3 	 # V Shape
5.005816160720644 83.11225454775749 0.9888059554519879
21.309870581288383 17.7466204590906 92.26338553279005
2 6 	 # Alloc Shape
1 0 1 1 0 0
0 1 0 0 1 1

2 6 	 # U Shape
51.980242975376 92.27116851835216 1.0695636761950844 37.217002048555074 78.13844426034005 50.27380433256765
5.941983459475464 22.56229824075504 95.73027408410923 16.46524147368683 35.61252936392623 97.67512587323071
2 3 	 # V Shape
45.13896917704029 66.71528660961246 39.3089832915464
64.98507055370592 72.51533665546762 91.2999173370326
2 6 	 # Alloc Shape
1 1 0 0 0 0
0 0 1 1 1 1

2 6 	 # U Shape
22.019206904373746 24.537239045975 72.7412515574231 6.412777290220895 45.373746194220686 48.767732946854835
64.08748294444948 10.616885236333873 57.360993780103755 96.03457940240445 51.56805801975399 56.982504589484684
2 3 	 # V Shape
98.80066615714263 83.28709350690627 49.81436821039962
8.015133786402995 87.10469940649624 71.30864089874244
2 6 	 # Alloc Shape
1 1 0 0 1 1
0 0 1 1 0 0

2 6 	 # U Shape
31.050361394319147 11.938639397855333 52.09594813305007 44.895006829702844 89.72872749318091 49.310233858652666
50.447751799159114 36.51236493904061 78.30061210921407 94.79230192085654 13.00150130737544 66.11126735260707
2 3 	 # V Shape
16.373230849016775 30.893876440744794 96.66301542725805
48.28546746654463 54.07474451942931 71.11731350688189
2 6 	 # Alloc Shape
0 0 0 0 1 1
1 1 1 1 0 0

2 6 	 # U Shape
8.810022420469622 74.10987859210478 4.137510667874644 68.28593141961251 95.67100572253106 44.9200041244199
39.518797088739056 69.02722312738483 69.8589087703895 60.54036425444518 94.33671775089346 37.04075485505709
2 3 	 # V Shape
2.62549322888882 16.617830223495844 55.74574421886089
44.31606919654981 99.95560109207652 31.771201485178846
2 6 	 # Alloc Shape
0 0 0 0 1 1
1 1 1 1 0 0

2 6 	 # U Shape
48.004946350055455 33.761466765737644 38.970628932173135 85.87971938450035 51.13856111287996 87.46900143158227
94.64385541545519 93.57337114048234 49.3037931937103 60.0518275557823 20.717010014018157 95.6188272045114
2 3 	 # V Shape
98.68104591813473 82.9378843353453 53.788945969180176
8.353762038601175 31.388748900192965 10.611344922958054
2 6 	 # Alloc Shape
0 0 1 1 1 1
1 1 0 0 0 0

2 6 	 # U Shape
56.900480491343494 9.071453213858604 35.20784122383988 56.29480718526334 86.41757593580776 40.39902284204145
24.57122058847191 74.60877044945488 20.011020756261722 13.24847804652448 4.536382995459231 88.11558180548468
2 3 	 # V Shape
89.34313549862829 33.375572540755826 33.851102526839426
11.633567689691526 27.132105024013764 98.56483170485039
2 6 	 # Alloc Shape
1 1 1 1 0 0
0 0 0 0 1 1

2 6 	 # U Shape
38.140245528671954 63.76724826626615 9.136638460502855 13.203573178512373 52.926257042915545 13.522002069715267
27.680212824903794 0.4601569949792439 43.13181946855153 23.34860630451846 0.1938168079206659 81.69541198718285
2 3 	 # V Shape
61.73959900088396 84.11603602018356 31.027690474366445
84.19263353242822 19.69640679212956 51.32716079237252
2 6 	 # Alloc Shape
1 1 0 0 1 0
0 0 1 1 0 1

2 6 	 # U Shape
15.082068445721507 83.9951840161583 18.261776061642387 39.110338664312884 36.02030767759318 39.79421629995827
99.02168554955388 19.874258373635488 36.92533101705139 76.93942246513328 44.54704572227711 55.627020498289305
2 3 	 # V Shape
76.38007314854575 99.97833836496167 81.7925096622923
43.895814172745396 34.19766060842667 33.60116871555001
2 6 	 # Alloc Shape
0 1 0 0 1 1
1 0 1 1 0 0

2 6 	 # U Shape
52.3962618185111 85.88670385345478 33.56486742296727 13.515543168847632 60.96971800763078 66.02199575582411
97.70320661194685 82.2221657175036 77.8657220082415 94.28522424740099 39.871665076947124 30.22381123692436
2 3 	 # V Shape
69.33172089324822 55.940054848846366 51.5846719674813
22.269923159481465 64.98599258311161 67.73766563468398
2 6 	 # Alloc Shape
1 1 0 0 1 1
0 0 1 1 0 0

2 6 	 # U Shape
25.60592886307691 51.414238931863075 50.26513159501243 7.304338372879826 64.82598913325333 97.0658689483157
76.34708336427674 77.48715641894509 96.12773962544053 74.06711786110827 55.15577601686053 57.294146847172044
2 3 	 # V Shape
76.27911783782963 74.79072113560095 48.77869949917194
43.93027593735299 44.83062114960561 53.90257288000539
2 6 	 # Alloc Shape
0 0 0 0 1 1
1 1 1 1 0 0

2 6 	 # U Shape
87.50939441332063 70.5954636548022 66.32903328240187 47.908280276056146 35.897841560254385 95.43676418541679
60.91705003056093 85.69753302589676 88.04268603564287 17.920577088185563 21.68476724474413 3.536461644768396
2 3 	 # V Shape
15.048852852814543 11.538227489821473 90.3684811563517
98.0122464390275 50.99118661727364 44.6428538972901
2 6 	 # Alloc Shape
0 0 0 1 1 1
1 1 1 0 0 0

2 6 	 # U Shape
54.839396345846005 30.525118653194472 32.92105645054222 21.03960741297344 78.74584000566249 40.418223421314735
70.98663774109556 28.761505143554068 28.61254028906376 33.33160111450552 50.542597062890074 92.18198185756552
2 3 	 # V Shape
72.17049798495994 26.69556919924848 3.743961513831806
44.227462910340634 28.97600873734223 77.18713438712774
2 6 	 # Alloc Shape
1 1 1 1 0 0
0 0 0 0 1 1

2 6 	 # U Shape
54.94632852913342 52.93000914313788 91.14496549901006 9.742238065454167 95.92018521013217 31.996704343257644
51.85512426819253 98.06771879922114 51.964300198878746 47.49707535840345 78.23813359275692 23.182207602770333
2 3 	 # V Shape
56.00340030582003 84.68887605987125 4.579799024276521
71.56000840545458 27.113327525419308 13.102386658070476
2 6 	 # Alloc Shape
0 0 1 1 1 1
1 1 0 0 0 0

2 6 	 # U Shape
83.52335354221233 89.29412668505115 15.684975263192847 86.3488268075983 67.49648781570224 17.485331819031515
51.395817799221255 43.177203426445445 81.34132766334729 7.220496224853667 52.04437108183505 71.77244868197018
2 3 	 # V Shape
13.411172028452134 56.756046714441624 90.2381957285162
14.31443156485609 83.41437302604527 16.50993347145545
2 6 	 # Alloc Shape
1 1 0 0 1 1
0 0 1 1 0 0

2 6 	 # U Shape
53.89430360358843 14.604689707378437 15.160182821721847 40.531040738189084 13.177769253327876 80.70549298435687
43.864415252185815 20.195659758923213 20.898242343956632 3.2011491828504046 70.15245041107151 70.27634764595102
2 3 	 # V Shape
77.25480592039763 94.6038224287684 48.80003885346825
95.12786629968552 22.13875432501924 89.7725166527007
2 6 	 # Alloc Shape
1 1 1 1 0 0
0 0 0 0 1 1

2 6 	 # U Shape
41.88037940090359 55.30658289639273 44.85700638983653 3.91611739727733 26.069513618012785 5.095746732514039
10.276854179162786 83.51063436264985 77.97235362656131 75.53484451475776 85.16715509298028 27.457764032203315
2 3 	 # V Shape
36.947783735979186 90.89945305885145 0.8720673377126453
30.729687977393382 27.555186802030207 60.38523875903334
2 6 	 # Alloc Shape
1 1 0 0 0 0
0 0 1 1 1 1

2 6 	 # U Shape
31.900744857697383 36.22173813850499 68.6369276365308 31.27141198565644 81.80664434058865 21.025813226971213
40.97673032354911 23.810244221267673 52.270420172909404 93.10239524949125 98.85254415339283 95.60994531724072
2 3 	 # V Shape
38.44446613371563 50.781288555539625 50.827056087567854
57.90611312768647 45.36726643848371 23.40633401479074
2 6 	 # Alloc Shape
1 1 1 1 0 0
0 0 0 0 1 1

2 6 	 # U Shape
43.19598168753128 5.651413710511621 1.696104159533962 38.52229471349175 1.3706189693830306 52.94302769000496
55.39230207031201 85.43073703968071 69.52355987257289 65.53202310456194 95.96899257803977 15.695889679805964
2 3 	 # V Shape
90.7087458342412 52.709420449855095 2.4895254380492893
41.87584016466004 63.717042520588876 75.90490461966841
2 6 	 # Alloc Shape
1 1 0 0 0 1
0 0 1 1 1 0

2 6 	 # U Shape
66.65156451541793 3.6930543128419924 86.46079443869972 2.1590066492838456 1.3392180220207939 81.77239017876246
25.10362491352286 54.07344979170884 58.466099376130764 69.53505100011134 57.21229552630659 39.69067716058382
2 3 	 # V Shape
24.407301348983356 77.91699143813211 49.97084442108645
12.13401952578087 68.08288062792994 11.290600083111691
2 6 	 # Alloc Shape
1 0 0 0 1 1
0 1 1 1 0 0

2 6 	 # U Shape
67.62373858047458 80.10294468030659 20.969205739223916 25.830313398760353 26.088236459345005 55.00533918808964
82.2928723973022 18.732217202449107 66.01225648754954 13.538009301677201 22.339339446888452 66.50324868849502
2 3 	 # V Shape
15.639922447258492 10.251593852628528 57.48776695203335
35.25669908442141 84.38829123970969 37.63754804689835
2 6 	 # Alloc Shape
0 1 0 0 1 1
1 0 1 1 0 0

2 6 	 # U Shape
32.31953928000878 98.43054433192336 97.32739594567366 75.14060402278513 88.768862553539 3.6209049957290795
7.942712004917285 52.84491960933184 49.145766063479776 58.62854140135444 18.083056906889226 8.694092737345505
2 3 	 # V Shape
65.05337174154593 35.735104686447336 20.35614521184487
35.610778440566484 32.44162115896867 14.216207021855299
2 6 	 # Alloc Shape
1 1 0 0 1 1
0 0 1 1 0 0

2 6 	 # U Shape
71.62115897928484 31.828767822700353 54.92745021932779 84.61211111927108 92.36091541954237 3.9917398745591526
24.484372112551654 41.31233059690578 11.095754549925152 38.31155019465567 70.9565749734559 1.3735479882087342
2 3 	 # V Shape
14.06772108804335 53.18743200788326 69.27443230515622
98.7691945326875 68.7530869661141 67.5121309425067
2 6 	 # Alloc Shape
0 0 1 1 1 1
1 1 0 0 0 0

2 6 	 # U Shape
34.525552210261715 92.39139201771675 67.34281048286152 10.214507545247454 58.677406842974 51.55830273476626
68.76298147536711 31.058924820514243 51.97502572716811 4.9388035749160615 62.642194032600784 89.53421767920207
2 3 	 # V Shape
58.60403306263782 78.15533790096553 34.76150840029939
3.067423397202984 84.22802328551367 5.815194552282266
2 6 	 # Alloc Shape
1 1 0 0 1 0
0 0 1 1 0 1

2 6 	 # U Shape
15.11792972582584 96.10885876114955 49.5730835769844 29.73699235457037 43.78868221324763 22.622052260359027
54.3953606505786 57.87641700715939 47.10481633894796 19.272712079623457 20.003933304829204 68.99422135023197
2 3 	 # V Shape
67.65803794261495 1.984580636054567 54.56922643491261
7.1763256902926065 99.5178397384342 25.570742383137723
2 6 	 # Alloc Shape
1 1 0 0 1 0
0 0 1 1 0 1

2 6 	 # U Shape
92.70066820476197 4.995108986220442 60.15322978465753 47.23490650959386 73.28196283491663 86.22322704573455
77.08847238149471 7.724514111781067 40.70048683716573 50.429608890667765 29.67686176241259 42.29218986617268
2 3 	 # V Shape
14.38626466057935 75.56076480725115 68.84494496229485
36.21866412733379 97.68254743105254 74.51062919769667
2 6 	 # Alloc Shape
0 0 0 0 1 1
1 1 1 1 0 0

2 6 	 # U Shape
84.05409088970602 35.84626764261923 78.42177628053591 67.8124458353275 25.180364676431356 68.32848503668212
71.54936048182559 96.06445493063156 86.37938442015538 81.72043351689457 23.332432888524924 58.902632672277974
2 3 	 # V Shape
73.51508970634559 92.44426707062911 70.91197706580695
74.20116347832571 62.817263822228185 36.15584041444052
2 6 	 # Alloc Shape
0 0 1 1 1 1
1 1 0 0 0 0

2 6 	 # U Shape
35.132537556812984 34.02702328670162 20.873142738815233 75.91831149300968 77.96392620981638 38.29530355423746
38.738865271389834 85.48602598149706 93.15811622145603 71.85882483595987 62.57970842277678 75.4325066554465
2 3 	 # V Shape
80.81806418508299 63.99421941117376 43.48634278587159
67.46841100095737 33.74990727014665 16.61943629465068
2 6 	 # Alloc Shape
0 0 0 1 1 1
1 1 1 0 0 0

2 6 	 # U Shape
86.12483142898711 56.39157802482958 96.0244960412959 10.006113314383713 82.76351836416546 59.44577855958778
26.140679743844576 40.56770843974292 7.312424825648344 67.74727623500635 50.43749424562976 10.054368535627411
2 3 	 # V Shape
14.298713535943596 75.8265305504527 43.25748507024482
70.17506508034663 58.53371957589163 63.80566673416846
2 6 	 # Alloc Shape
0 0 1 0 1 1
1 1 0 1 0 0

2 6 	 # U Shape
18.012144092759186 0.31509676244356744 52.38591039608645 55.62263273962367 69.31799625492609 40.74036703808388
1.1145206553506037 50.69196656822152 98.00314577697053 47.77784866927725 29.62358731191088 57.21144465448048
2 3 	 # V Shape
84.20963798356597 58.87146445825869 84.33907043352217
40.95509674888127 10.313147090613295 55.71806735011293
2 6 	 # Alloc Shape
0 0 0 0 1 1
1 1 1 1 0 0

2 6 	 # U Shape
80.56853917100112 51.6670435156002 75.7835097086941 43.824336954599374 14.773217439661634 11.300249136800344
33.978624012441216 44.0002020308106 3.82547393470416 40.585795871617094 59.921388644336425 71.80628580650787
2 3 	 # V Shape
30.76267256100894 54.39422030892731 55.95874078496424
61.273907880172274 61.530239228553285 49.60325846351349
2 6 	 # Alloc Shape
1 1 1 1 0 0
0 0 0 0 1 1

2 6 	 # U Shape
19.106091748654375 5.927516729405724 94.50579378728212 64.26141119657728 36.05839079166766 69.62131732239708
41.20773329859709 71.59303711937332 42.23441640683884 87.67315804854073 83.35782724680425 44.26759932421851
2 3 	 # V Shape
51.37423308194283 19.151901944534487 30.849316572562703
56.12968673926525 83.26520510869638 99.81612621532948
2 6 	 # Alloc Shape
0 0 1 1 0 0
1 1 0 0 1 1

2 6 	 # U Shape
56.3982414092733 79.15828330966464 77.08664520470482 23.63060605701731 64.54098099679051 62.67124358005116
18.48551372929821 10.890241352185193 61.617008604362255 78.82289776570667 16.311188296518985 59.39588623656308
2 3 	 # V Shape
9.120078485955318 24.065404765680164 22.04234252106859
45.73919173443478 62.65682223090654 0.6584695555690523
2 6 	 # Alloc Shape
1 1 0 0 1 1
0 0 1 1 0 0

2 6 	 # U Shape
63.39772708584507 5.286034207123603 21.46093670213688 12.645058953927323 61.881712671049335 69.87124206975986
53.185640857815585 14.859418499732179 45.85691021344102 7.763440149911016 67.52361064549198 76.26070156248663
2 3 	 # V Shape
9.227380281383379 65.79474399676897 92.72073283589141
58.19807690631503 84.0396815690069 36.816791007110005
2 6 	 # Alloc Shape
0 0 0 0 1 1
1 1 1 1 0 0

2 6 	 # U Shape
24.583683302188298 50.32548789594742 50.70930963204315 44.36682360607388 0.3320893039375994 50.00338213013443
45.56979016141982 40.66138184247874 57.347805992810905 77.79706664595273 75.0353644724671 39.79888320234743
2 3 	 # V Shape
55.467538773835635 51.07340140501421 72.88759489318237
3.877601067687886 91.43400935512359 5.33112671137419
2 6 	 # Alloc Shape
1 1 0 0 1 1
0 0 1 1 0 0

2 6 	 # U Shape
91.28481045405428 66.56725803491697 39.547224097648105 31.786277437462207 42.995630553188604 0.1980625031092531
95.70965387898787 61.610560237075326 27.24723100326576 56.0942500095706 48.83717355574596 28.48462492297318
2 3 	 # V Shape
27.826341986591096 56.88568322118422 25.713368055792607
31.18110434340918 2.7287066182896003 43.78882028889589
2 6 	 # Alloc Shape
0 1 1 1 0 0
1 0 0 0 1 1

2 6 	 # U Shape
59.51551417725342 49.27151687711333 88.2626753692493 46.76650763423707 79.58439531846025 96.88908803352811
40.95776873068021 25.838991734103033 95.061065712157 8.17755329564812 24.739589644007598 9.896576580420414
2 3 	 # V Shape
67.8944023556969 39.84315056271592 45.365251402211626
21.729033920798756 26.678581602589936 67.87418831022252
2 6 	 # Alloc Shape
1 1 0 0 1 1
0 0 1 1 0 0

2 6 	 # U Shape
59.95681180863628 71.0322127110601 86.82705098963501 34.38494369511641 10.079845437261259 7.400165645580348
88.3735086128446 43.993811656978835 85.30893505632135 46.572363078065806 7.361114604553576 17.11999819593134
2 3 	 # V Shape
15.563651007293123 21.19579851999337 34.03243996061198
57.89077584018381 51.867309317995506 43.24796874599129
2 6 	 # Alloc Shape
0 0 1 1 1 1
1 1 0 0 0 0

2 6 	 # U Shape
52.323097531963526 82.93982226612795 82.52717709548776 4.817326629702801 0.923929361105269 13.365139295567975
81.8524724214295 25.222240087829807 79.02212569723807 6.313470785418929 24.11610357235727 3.87527684200204
2 3 	 # V Shape
70.77904121352387 87.1797496215179 60.57004142266015
38.5634403889347 46.57053235928701 49.158237578107375
2 6 	 # Alloc Shape
1 1 0 0 0 0
0 0 1 1 1 1

2 6 	 # U Shape
33.867694382710326 15.019268470951841 11.438036664868545 13.083972863987302 77.7056625087868 1.0033886495534494
82.06586546752851 95.05335591845592 56.97101027601259 75.45044164202935 76.74266788892028 7.395408518309066
2 3 	 # V Shape
78.41798653043828 10.249418821858324 20.98655975185604
17.92223371737778 19.148383647459156 32.51975677493913
2 6 	 # Alloc Shape
0 0 0 0 1 1
1 1 1 1 0 0

2 6 	 # U Shape
89.94843143969494 59.22764025437872 61.9253620661399 1.379899290625497 64.2258215013581 17.470881933126293
40.36912294035131 83.7599251844923 27.03285550556479 44.6976704369619 68.74425806618729 45.441620033504456
2 3 	 # V Shape
49.423509356903786 95.16723613901416 45.45327374381311
74.86563379843312 16.762183737979697 77.61835052500057
2 6 	 # Alloc Shape
1 1 1 1 0 0
0 0 0 0 1 1

2 6 	 # U Shape
87.22705962997243 16.963874278652526 38.478585138724 95.85090636006888 54.590941578296196 81.74544244835276
37.276668281301454 89.44714937366234 21.968351252846187 13.08633994944054 25.089885704122917 11.368716055455263
2 3 	 # V Shape
9.241604976906226 59.47772237402962 69.2019520478167
60.019283419031964 47.5095520820471 79.11887384292294
2 6 	 # Alloc Shape
0 0 1 1 1 1
1 1 0 0 0 0

2 6 	 # U Shape
71.19294335685015 61.05495310842123 25.188341164808758 39.82166544984863 48.19757962696841 16.123557994279068
75.75897830798657 56.209556028286634 71.70314550551188 88.34548823304502 12.933725297754828 9.7934669455213
2 3 	 # V Shape
85.9801191574673 90.98083083626396 93.20653979134461
66.20169159853754 28.393449025432517 88.80993398153912
2 6 	 # Alloc Shape
1 1 0 0 1 1
0 0 1 1 0 0

2 6 	 # U Shape
53.989571644712186 64.0529845995531 53.19792874026088 28.109148840468745 58.81089929730622 13.819503753521422
29.75018475983745 26.327472130090047 80.88257978791246 99.78893401547825 21.563697887573674 70.13658315037023
2 3 	 # V Shape
99.53601500928234 94.67402304846769 85.11967481030194
56.69562973845211 26.138469854649095 36.94221112071334
2 6 	 # Alloc Shape
1 1 0 0 1 1
0 0 1 1 0 0

2 6 	 # U Shape
37.47645403975899 56.592566893638775 20.906053075060893 17.117702406418168 14.259373842687085 50.289249127401746
24.806916912971932 50.32570244360295 35.74463382577839 98.95828512913498 22.059048316421936 24.925828844358268
2 3 	 # V Shape
64.59272346920858 33.234678576705655 89.21402081030317
44.12489130872221 22.43685586745586 5.688171132116415
2 6 	 # Alloc Shape
1 1 0 0 1 1
0 0 1 1 0 0

2 6 	 # U Shape
50.541005068725234 39.23719274851805 79.12988974098025 35.72390259134936 40.32453104478155 82.28656410141033
80.79051801499973 59.87317864896302 90.80697303735063 53.890878654989436 68.51190441241518 72.15458950540021
2 3 	 # V Shape
71.124106355459 99.79513723935436 25.369843826519954
93.60760223664316 28.660768843345696 45.91094201778857
2 6 	 # Alloc Shape
0 0 1 1 0 0
1 1 0 0 1 1

2 6 	 # U Shape
65.70316813398831 72.06961723482044 2.4490935432675998 38.58590181318577 92.28923911809864 92.9966842600496
28.78396750654163 82.04092490178547 67.0812054662506 9.343074979248655 2.2726722205142047 61.471982602997144
2 3 	 # V Shape
25.01585597813769 55.47451110172273 92.51082453290982
45.97082225715617 63.96039205510166 20.215396741508286
2 6 	 # Alloc Shape
0 0 0 0 1 1
1 1 1 1 0 0

2 6 	 # U Shape
25.840413567585053 13.530461081992595 63.50389879771402 43.01710934234114 41.89716710965388 58.64093890773561
8.300670179516167 16.94366974018171 5.399218402984884 93.41203809378106 50.96855924883188 46.039405567268155
2 3 	 # V Shape
60.901085981389116 62.78281267467677 23.47840387215414
60.79328071796043 63.44434849277937 95.31788178981107
2 6 	 # Alloc Shape
1 1 1 1 0 0
0 0 0 0 1 1

2 6 	 # U Shape
91.13562878999727 0.31706759114503713 55.44172706532757 89.53134036946336 21.903978103954657 46.94004058290646
72.27362741740264 50.05160500696836 2.927631371711037 55.079420353951335 94.28716449777579 71.59591455020936
2 3 	 # V Shape
0.5818826993299164 2.237676933913879 40.55164027237163
94.68572956774983 2.0120751056797226 52.426988607904555
2 6 	 # Alloc Shape
0 0 1 1 0 0
1 1 0 0 1 1

2 6 	 # U Shape
87.44826816094131 95.38400626373486 57.063154457350876 7.331636368746908 52.49447335117983 91.67535618773056
58.89052903752808 12.900607832082988 88.88066732537645 98.53063888606563 3.487965551385519 35.529330043895804
2 3 	 # V Shape
70.46669855154808 41.306265002069054 44.891250999680366
21.255698490599272 45.48215907914268 80.83197724312772
2 6 	 # Alloc Shape
1 1 0 0 1 1
0 0 1 1 0 0

2 6 	 # U Shape
13.463260028803447 61.200959146611744 11.11465706403344 36.66094301732309 23.335278750317812 9.52369467915326
71.90914894955168 3.086346655714234 12.568581920495026 82.87673045882086 45.65483012777636 63.150313761300524
2 3 	 # V Shape
33.90413146543258 45.022166911890906 87.53455041642286
28.28514282422685 81.45808350990312 24.168582756786527
2 6 	 # Alloc Shape
0 1 0 0 1 1
1 0 1 1 0 0

2 6 	 # U Shape
94.3111789028784 37.774886707226344 69.66552409673503 30.738067450439722 28.03706760993727 10.476250691583944
98.52281460267996 94.14611847280538 42.1664695484833 22.584911973186216 13.06662317963313 68.07074405652084
2 3 	 # V Shape
18.65166675596618 10.756854287889272 60.17838776149904
77.55771692315669 14.27539751709177 9.38740999865736
2 6 	 # Alloc Shape
0 0 1 1 1 1
1 1 0 0 0 0

2 6 	 # U Shape
47.07112758816919 74.81282576490506 36.6886344356135 66.41141827344741 53.82977543849835 97.35710751221205
71.66249318767355 96.02697429487822 83.88765935499785 0.7132144336333468 1.0574343737590142 27.160535259769237
2 3 	 # V Shape
9.558148066471217 84.60716707065649 77.20234898726758
6.2813906227901946 78.17456105155091 23.55118634870099
2 6 	 # Alloc Shape
0 0 0 0 1 1
1 1 1 1 0 0

2 6 	 # U Shape
54.47018725083408 23.243654620148224 85.27023927271344 11.76070397007496 28.7464002314468 92.01018466534558
70.28555396301844 8.131171106306601 12.095273961460807 34.49744339240562 99.62679612423013 53.26720628225715
2 3 	 # V Shape
90.60644067141291 47.542154186716154 24.417882391935
31.318905044947886 59.73354053117449 49.79400062894395
2 6 	 # Alloc Shape
1 1 1 1 0 0
0 0 0 0 1 1

2 6 	 # U Shape
31.34331931364813 57.414721590807346 50.27351250617863 91.93856526467849 29.404624979493775 75.80445359440226
99.27286816929407 61.57932774044221 58.959857218325816 85.45345961009662 63.35382694640388 56.03726666484229
2 3 	 # V Shape
77.28132861973923 86.84207395594659 44.77294338929318
55.918111862377685 31.273708605819095 66.31444519267554
2 6 	 # Alloc Shape
0 0 1 1 0 0
1 1 0 0 1 1

2 6 	 # U Shape
81.01680919186104 0.5388912157739179 45.035196813022516 19.236513695880742 26.499796373297357 35.56208835073329
12.915202705943685 18.88402332310507 54.396447266130345 26.340931708112493 65.24427602919167 98.75915341617211
2 3 	 # V Shape
88.27568898984102 72.43538209155837 87.29396112421703
49.20543465172224 69.70004685986598 66.194723444989
2 6 	 # Alloc Shape
1 1 1 1 0 0
0 0 0 0 1 1

2 6 	 # U Shape
59.757305485120504 44.85809927323714 26.259523315948652 61.771239717930506 87.60072350156808 43.058664400684464
22.96231148870277 67.80089403685895 70.83839659826735 20.000411293577912 13.907002476723207 61.855271303954225
2 3 	 # V Shape
68.98349329455658 48.72230157739238 49.662211856782946
66.43722927758867 20.207487339409557 66.57181026943691
2 6 	 # Alloc Shape
0 0 0 1 1 1
1 1 1 0 0 0

2 6 	 # U Shape
37.791161490846605 5.048902327594984 4.098992222995057 50.65296150305366 36.60921881431756 39.08071381364188
25.595102943878935 61.84358743790064 65.32211332685745 32.13393729609384 38.031100832180734 52.98576894409307
2 3 	 # V Shape
39.26747882841379 37.13004225730591 78.46843685113895
40.43999238900929 72.68896849779652 82.30684698662868
2 6 	 # Alloc Shape
0 0 0 0 1 1
1 1 1 1 0 0

2 6 	 # U Shape
70.51059290750271 27.1529727203067 51.57050139567202 69.90606480692651 59.70364691461684 76.98998339908078
4.580166396456297 81.6684937454281 65.23466320898969 51.128618815569446 54.38368810438951 79.63175107195836
2 3 	 # V Shape
30.05342782550765 41.154081513992125 15.967947711355135
41.93659383765789 15.948428542831705 86.59222281205398
2 6 	 # Alloc Shape
1 0 1 1 0 0
0 1 0 0 1 1

2 6 	 # U Shape
66.46738473082632 55.82983461697284 13.6437128850314 20.427894647168465 95.14943446680711 29.409075308214273
10.864103415850135 2.066468724735915 97.37804423887371 31.622975415596876 20.32267315184445 8.721213635010939
2 3 	 # V Shape
52.14597529515272 9.990261335386242 38.14221436174356
71.85556446344654 26.15913416513026 90.28886122297303
2 6 	 # Alloc Shape
1 1 0 0 1 1
0 0 1 1 0 0

2 6 	 # U Shape
31.507812798750614 27.804184471358905 87.77603811638403 53.76441450711202 48.15193358893808 91.2228314051106
33.71150480278556 66.22582323412684 12.400030896697045 13.10958380183731 49.11172082217322 72.42100438121318
2 3 	 # V Shape
61.80925557044853 42.40351836267157 43.415113676234505
98.52066084467421 2.8191821637409853 23.52053079691422
2 6 	 # Alloc Shape
0 0 1 1 1 1
1 1 0 0 0 0

2 6 	 # U Shape
25.55366660733126 3.297958553873892 47.578117444586766 40.7297746790415 94.23958312793405 0.39784154744159084
3.241612923731818 57.60044866320023 64.60546868981145 20.699478095276515 39.772576399063375 49.33562514392329
2 3 	 # V Shape
29.260628633492892 76.08755632422333 42.87972177887611
39.966546948353155 30.92712059771314 75.23985804005653
2 6 	 # Alloc Shape
0 0 1 1 0 0
1 1 0 0 1 1

2 6 	 # U Shape
81.69407028617078 99.23538052574898 3.635904228080866 88.44067289168062 43.04703372754376 65.13018668560552
10.815926362188977 95.49265408544618 90.96946455632987 61.750607554835135 82.49198359158562 0.8476453037571496
2 3 	 # V Shape
5.332424218830201 6.194030890662495 27.639889273217623
25.484841945351675 57.27178534235633 72.05324593160962
2 6 	 # Alloc Shape
1 1 0 0 0 1
0 0 1 1 1 0

2 6 	 # U Shape
22.66903679954829 48.58119357265581 56.50928250996875 1.176458232153621 99.13628087577948 31.799844952729337
89.98750599371542 96.21776664047856 90.29509098884725 91.47111756101535 10.715646069092234 14.333750086270737
2 3 	 # V Shape
60.146060265466616 20.197203523566888 99.72390804892463
30.35040445832886 92.56778545162692 5.248995150407032
2 6 	 # Alloc Shape
0 0 0 0 1 1
1 1 1 1 0 0

2 6 	 # U Shape
64.80031466139961 15.85611932440707 81.29468173169305 31.56081002285115 20.11254304733301 10.172844330323604
1.0359851969949596 87.98141451230016 18.69290582211437 57.036488409319574 48.531612136675186 1.691132979568899
2 3 	 # V Shape
31.49688286229483 23.07111696963019 30.46717749785869
2.4106675311050485 6.499466532955478 6.814415326624356
2 6 	 # Alloc Shape
1 0 1 0 0 1
0 1 0 1 1 0

2 6 	 # U Shape
28.66207394562649 70.98334427964822 5.203265632492638 76.76905878155335 27.16417185592357 69.59652980297597
54.09114325003215 47.25053923817634 44.58217700558177 18.368381805224843 0.26497391547026794 33.25639365993056
2 3 	 # V Shape
28.56677315354427 86.18902704140653 6.086255001509633
76.74100123771217 77.98561354363015 3.758987734021224
2 6 	 # Alloc Shape
0 0 1 1 1 1
1 1 0 0 0 0

2 6 	 # U Shape
61.79234198011423 50.653368838460764 75.1530439760977 41.85601171638391 17.303276162692104 12.716554964295302
37.83786887287637 33.135048412633196 91.74418781068121 9.070972844939751 90.27915059941665 75.81610447078116
2 3 	 # V Shape
17.909492293242923 61.27317670548088 14.381396256264633
79.12388300946871 71.11401577928493 6.545061009005382
2 6 	 # Alloc Shape
0 0 1 1 0 0
1 1 0 0 1 1

2 6 	 # U Shape
18.851131634428885 14.032502780485512 10.498942257842781 47.43551444475661 46.27546317670971 87.31022359577749
61.11217155000055 4.029745266194751 70.86665753543453 93.95951297771032 14.935803450206798 57.62566179595314
2 3 	 # V Shape
39.408218158256204 57.58111689907584 41.64130400556715
70.22005461637436 25.403073734423177 99.96186342587133
2 6 	 # Alloc Shape
0 0 0 0 1 1
1 1 1 1 0 0

2 6 	 # U Shape
87.44065957456189 1.4831658159037198 15.604549722302242 91.55288512363992 87.0161391834803 32.19742258673202
85.73813836601312 64.0331925428686 14.433203070534717 85.04778608696601 20.13258794390933 58.916650612763945
2 3 	 # V Shape
83.65472207970818 11.772789714090436 26.91212439253553
62.14594926759097 86.53767060786461 39.995955881813735
2 6 	 # Alloc Shape
1 1 0 0 1 0
0 0 1 1 0 1

2 6 	 # U Shape
72.099432562712 20.012634666139604 74.30311178019102 64.54226781684528 42.23716920929298 0.34478039892611445
11.520644097102329 21.62917406999567 2.983408310840985 6.897002376016992 9.724908200529459 99.5731376750078
2 3 	 # V Shape
21.31515516328315 58.62214747183705 12.908204589105132
5.122209597759786 88.16680142334364 64.45685490507093
2 6 	 # Alloc Shape
1 1 1 1 0 0
0 0 0 0 1 1

2 6 	 # U Shape
26.527878288424667 26.65810127866346 80.06029613886678 92.54042890328142 25.67581948454347 72.68106537123627
14.875694420534602 62.86645937580372 63.50845199064854 92.04849227143748 50.90250897855376 72.14734127993464
2 3 	 # V Shape
63.91982935174406 68.90207185085274 56.376934473709106
74.22103736794372 15.912437793696688 22.647363080022565
2 6 	 # Alloc Shape
0 0 1 1 0 0
1 1 0 0 1 1

2 6 	 # U Shape
76.10501222714399 27.71408428191299 32.07743003648977 40.23113330592738 23.038227185226123 13.849079285379673
68.70025408575205 37.420685200862636 37.375598767528714 35.29682044137174 54.48188175276037 38.39457944001459
2 3 	 # V Shape
42.536816808901015 60.941834083823096 80.91981674962877
35.5836571513838 25.268104416031136 86.28539558685873
2 6 	 # Alloc Shape
1 1 1 1 0 0
0 0 0 0 1 1

2 6 	 # U Shape
43.142935390797966 38.08016048246217 98.80210451864082 94.22568875688177 9.26148478879899 27.042574306881384
59.00793614756071 39.049699879100366 96.06252440573353 47.008926523000895 27.124449565226715 52.75181949448965
2 3 	 # V Shape
93.99637931537256 56.37872384363948 88.11570474958668
18.996067321273113 74.39644693336412 73.53660401946811
2 6 	 # Alloc Shape
0 0 1 1 0 0
1 1 0 0 1 1

2 6 	 # U Shape
99.87037428550903 40.10782861567744 72.09718011672098 97.86234444631269 80.3654811804145 36.19950942561817
78.88616808718244 57.45429873250596 44.699360872020975 93.8471694362312 94.58878262348651 92.25387215446518
2 3 	 # V Shape
31.860516799388893 81.26367588672242 53.92714267836156
73.11560365787541 97.30156602144787 55.15648386323968
2 6 	 # Alloc Shape
0 0 1 1 0 0
1 1 0 0 1 1

2 6 	 # U Shape
66.16131291377681 41.107579788602045 45.50490664294827 87.11576742828491 46.17164928410432 92.74004504474497
80.61765158958796 77.87002697654442 56.7649258155379 78.23080932333995 7.249788046385719 18.74677127615667
2 3 	 # V Shape
57.72397742912398 85.48211490085438 40.81256185189027
95.74362135386237 35.570456954046406 60.498837213195344
2 6 	 # Alloc Shape
0 0 1 1 1 1
1 1 0 0 0 0

2 6 	 # U Shape
18.992983254960272 79.36122899882072 76.46620001362623 94.60957202478092 50.01653570460195 46.583954042685626
11.697416250317193 63.974302261306036 31.065959942933517 79.27073205508734 43.47834895851314 1.1280729149177438
2 3 	 # V Shape
38.17351503010512 21.410647792600244 35.05799108173504
22.97096475224616 88.23178234942391 71.83852431744171
2 6 	 # Alloc Shape
1 1 0 0 1 1
0 0 1 1 0 0

2 6 	 # U Shape
47.48063113816572 26.132576322757817 82.606383443806 91.01127926638327 76.74839842137014 62.12901841996919
86.82067953356412 91.57445861461713 10.415552090848369 31.481666029290768 64.91548950347476 38.83104304884616
2 3 	 # V Shape
69.69348519060578 29.02541343179318 2.027905162158017
14.624407430789832 86.52900199267896 79.86963964568183
2 6 	 # Alloc Shape
0 0 1 1 0 0
1 1 0 0 1 1

2 6 	 # U Shape
0.15353282257201117 50.22471248587282 24.876582610223117 55.89171837522111 61.58195339865532 70.16101780766567
90.43461678780402 61.48194225425028 10.459863090656063 26.449330073287502 8.735255169483358 9.543761439989396
2 3 	 # V Shape
36.58941600238958 66.86687546981557 16.188002736790818
57.787648840272574 2.087069115344653 75.67555011632349
2 6 	 # Alloc Shape
0 0 1 1 1 1
1 1 0 0 0 0

2 6 	 # U Shape
15.142777013562137 31.227829314414745 65.574620563761 90.22717148498683 13.486909761782407 75.65798023665931
99.84605884325521 75.8275532962616 14.84223047597606 89.02418649405213 12.29255498925279 65.69373891974628
2 3 	 # V Shape
31.970093695215994 61.67286155072349 88.24287419764639
54.50491561831575 28.423295623419765 7.155303462630114
2 6 	 # Alloc Shape
0 0 1 1 1 1
1 1 0 0 0 0

2 6 	 # U Shape
43.87948218782572 19.98595292643246 78.93792540278433 90.93290900283 35.28389838432049 68.77620466639696
30.057248684053985 32.70848354572885 25.30569051875611 47.37302009478621 61.9895999831653 40.321714777952344
2 3 	 # V Shape
55.947087770968515 88.1534132479626 45.079190616151976
65.89117790731528 5.337089160710229 83.76821408422089
2 6 	 # Alloc Shape
0 0 1 1 0 0
1 1 0 0 1 1

2 6 	 # U Shape
20.470165229423575 19.042996030004044 80.94953211958264 45.397626757828235 98.98211536885697 87.93851542439046
68.60840079061623 35.23399678163335 97.92639887518227 41.81390561398243 39.371699576785076 34.18222958325142
2 3 	 # V Shape
40.814551786613066 92.87529034494268 10.866003834359129
13.17031936826596 71.10078387535205 8.165364486085824
2 6 	 # Alloc Shape
0 0 0 0 1 1
1 1 1 1 0 0

2 6 	 # U Shape
3.590862780477755 26.624488648892974 74.76086526151568 11.47775535406298 15.298281491500031 27.426421490078546
45.28766775024178 83.64118328250785 0.13155292681534814 75.5726373101393 29.04933084337139 62.55070263132166
2 3 	 # V Shape
74.45134842483327 58.36923273016528 81.72566796159224
14.771510115776643 5.693235879403769 42.49311112597296
2 6 	 # Alloc Shape
0 0 1 0 1 1
1 1 0 1 0 0

2 6 	 # U Shape
47.832343532849954 60.79049215041439 93.58951315634464 33.169485080115024 19.760341374045087 85.83345184424797
16.6676153779854 31.46906153968616 83.20503963074538 2.548990273670859 12.182663781321324 94.88325249177527
2 3 	 # V Shape
26.76220203671128 44.68760432855012 14.771807663356206
22.926193102126312 76.6766326440419 43.31710926934787
2 6 	 # Alloc Shape
1 1 1 1 0 0
0 0 0 0 1 1

2 6 	 # U Shape
6.1615060722077235 26.80493541274316 98.91908096341302 2.0031890358432447 58.986477033002515 94.9369903235929
52.63528226614147 33.780000785371826 48.53646956237788 52.321463922108556 52.023867588866004 76.8775021511499
2 3 	 # V Shape
11.04164449972581 39.83328456702838 75.9397316927243
13.06808344372551 80.48578656703135 19.237857170368965
2 6 	 # Alloc Shape
0 0 0 0 1 1
1 1 1 1 0 0

2 6 	 # U Shape
69.73915180144694 2.914558527374733 65.67803217614862 93.34807361895406 24.124602660021598 79.65810664904893
96.55458284590013 2.6307603292049175 70.4044312268062 16.45630327238482 1.1743391739678866 68.42391082007164
2 3 	 # V Shape
31.720747316661768 68.32857511288665 50.936742402255206
30.487411975242452 51.86626994060385 47.26754852730248
2 6 	 # Alloc Shape
0 0 1 1 0 0
1 1 0 0 1 1

2 6 	 # U Shape
80.49014048945345 50.669678633008154 33.9248557460155 68.15139597748853 69.98926471394498 68.91897624334045
85.97774626865771 39.603114337091995 56.23935963247232 73.22112674170965 29.144607262568513 43.735491515935095
2 3 	 # V Shape
73.43534068182312 87.59566927890982 12.029615295026952
67.99438332411789 51.48759075414303 43.97347425274356
2 6 	 # Alloc Shape
0 0 1 1 1 1
1 1 0 0 0 0

2 6 	 # U Shape
60.47057890439594 34.004420839584824 84.1907423788346 19.15519660834083 86.13717892552224 55.638194994313615
22.904679582696495 11.432500265113166 32.910925293510765 64.08040627497108 70.58933956583499 65.0033613677446
2 3 	 # V Shape
56.531163905810224 93.26877365647297 74.1781220934618
81.64435095538798 5.182147800046399 10.207629943358443
2 6 	 # Alloc Shape
0 0 1 0 1 1
1 1 0 1 0 0

2 6 	 # U Shape
99.92510253486111 36.84430242612863 55.33731115290674 67.65854769805088 46.47033086304063 75.77629929115365
33.89328058165455 7.045202451877685 77.72845828540727 74.62428230150047 77.62819599455003 25.25859557783595
2 3 	 # V Shape
72.46389726690585 63.071152360516955 71.09924671568928
35.31846002564898 7.798366608019503 71.26045272691182
2 6 	 # Alloc Shape
1 1 0 0 0 0
0 0 1 1 1 1

2 6 	 # U Shape
36.84046863115833 71.78208778309103 97.76295549785397 78.71276549207309 68.4441067281783 60.656237550110525
57.47371655203655 76.65866073565381 14.244837340234028 89.59504474599225 95.81920713825846 97.1719881047764
2 3 	 # V Shape
10.161546144623813 21.772627887699137 67.19880468022906
88.09971058979747 20.623261349977962 1.0759149414585
2 6 	 # Alloc Shape
0 0 1 0 1 1
1 1 0 1 0 0

2 6 	 # U Shape
0.8442522183322199 37.42538325305836 90.65015015658274 43.78076538650267 21.155814032657506 57.6113074697539
13.254436040442918 2.6718252961538402 17.93983003986709 49.1795315590312 15.210491089766476 90.66103086916209
2 3 	 # V Shape
78.63451494139963 1.3389872786128798 16.569295393516448
90.63884241777089 85.13498940327786 14.132432546433026
2 6 	 # Alloc Shape
1 1 1 0 0 0
0 0 0 1 1 1

2 6 	 # U Shape
47.32623506296828 44.449783069052515 11.209771154350712 13.043299986320445 43.04236664722213 82.98225936040812
38.38677980313179 0.5620168117180135 53.74754561012453 85.87334734869617 67.95367841263 71.35327809256484
2 3 	 # V Shape
60.31478140632842 94.35435425852371 63.622352652078405
96.2109669047096 0.5282562067794316 84.85209473885709
2 6 	 # Alloc Shape
1 1 1 1 0 0
0 0 0 0 1 1

2 6 	 # U Shape
16.933882100785457 52.63187716363 43.02389000494842 3.7729140944049666 61.38030037639937 21.095595857919726
34.041771325899376 3.4739112821515428 2.254894831570853 83.90179674839014 70.61273793690386 10.71672114095189
2 3 	 # V Shape
44.312190765837734 96.73474264604043 15.02619399951659
9.371693420259785 23.34747211256556 31.192006003368444
2 6 	 # Alloc Shape
1 1 1 0 0 0
0 0 0 1 1 1

2 6 	 # U Shape
27.616766941108516 24.891816405338762 36.21347853448859 78.85457085916529 49.91455036672768 99.98663187247563
93.24908639443186 93.8016197424771 9.514486608206163 31.315988910066906 10.919073963823022 75.93828868218672
2 3 	 # V Shape
55.0988068418944 45.25513290238398 11.097507447567123
24.685631107277384 48.91867754278374 31.940096362270875
2 6 	 # Alloc Shape
0 0 1 1 1 1
1 1 0 0 0 0

2 6 	 # U Shape
16.09265126514178 60.36731044128029 19.505709952724825 9.78829461374826 79.64851224669393 47.47954298920064
86.68268890735045 79.41186499085725 89.1847813823155 89.17945582706531 31.80599153690681 80.49860864155912
2 3 	 # V Shape
61.33612813516143 46.061981695524054 95.61560744963316
8.905948777710758 86.09967868248599 90.19516610275511
2 6 	 # Alloc Shape
0 1 0 0 1 1
1 0 1 1 0 0

2 6 	 # U Shape
6.166092633311404 56.58738103744534 40.09493018271595 90.12423843938736 77.5636638839155 5.322227741610053
6.219284594500419 97.63153170864443 78.85052895077872 81.90192035306659 97.70840847042366 85.81519558853881
2 3 	 # V Shape
91.75129086664596 16.352243689729406 96.94746848847609
59.784716443399525 83.3184501206275 94.1772533018134
2 6 	 # Alloc Shape
1 1 0 1 0 0
0 0 1 0 1 1

2 6 	 # U Shape
35.575763809306494 10.5986690585548 64.69735981318806 13.957436966086178 52.22726309404161 63.146533904398524
61.68446407139836 84.4640487405037 81.95397920354583 79.86985190732135 85.93001446600562 37.27280811069438
2 3 	 # V Shape
79.42439245136902 70.43156836040444 33.83494900513687
49.89939345151831 79.28127899465652 12.288998993629585
2 6 	 # Alloc Shape
1 1 0 0 1 1
0 0 1 1 0 0

2 6 	 # U Shape
92.16999622033006 71.8896353955881 93.91650236065588 30.61996613208241 35.722416516433476 62.049284030514414
59.72822234897877 22.306355420996937 38.71969900820967 35.72968994647082 62.112929050282595 57.69646537854616
2 3 	 # V Shape
29.16079600487459 44.22546339545723 14.063199731505128
88.772277364617 12.541243993874573 39.679003922508315
2 6 	 # Alloc Shape
1 1 1 1 0 0
0 0 0 0 1 1

2 6 	 # U Shape
61.518598736685014 70.51161600550225 17.822412815847777 99.19795567378343 31.047293632618167 95.18342411169296
21.620824650896875 43.313796949265374 82.48382838248085 36.76884963397037 80.51718804075406 23.218505387657263
2 3 	 # V Shape
80.11453497260239 64.23063271578393 90.27851635424963
68.07076564219877 55.939531036897606 35.858590581415626
2 6 	 # Alloc Shape
1 1 0 0 0 1
0 0 1 1 1 0

2 6 	 # U Shape
47.23165029231452 21.660511055326403 7.718155296269213 21.49444879844118 74.8260084954767 19.486028712694914
36.869401878199106 39.877988223382374 30.304357496837188 52.47722108042537 39.719861621946414 50.131138045445724
2 3 	 # V Shape
50.77967374122634 17.090848304008645 59.37920732265255
20.444356825220446 29.37745446737522 34.224938384205764
2 6 	 # Alloc Shape
0 0 0 0 1 1
1 1 1 1 0 0

