2 6 	 # U Shape
82.22980968987521 71.99250989537036 21.210885234101863 87.24294447722278 3.249553042759634 50.201722769270596
55.08827706107127 98.44448105028233 42.23906786035789 83.3544091636263 70.59166434906898 77.46457683997028
2 3 	 # V Shape
11.659908443861312 36.366418002950695 82.3430034315489
25.915439993523258 8.740125949289224 96.3000129980708
2 6 	 # Alloc Shape
1 0 1 1 0 0
0 1 0 0 1 1

2 6 	 # U Shape
29.899865650024548 53.7745219418836 66.56275378248544 36.4328800568146 62.30186193345604 64.27248852452114
41.99818200973734 40.324243401016226 39.042032609654065 40.618952247249155 7.966610538989782 5.683120141208375
2 3 	 # V Shape
7.83309086330889 69.56778106391276 2.9158960905142917
49.949241972908396 13.263431774446122 3.0755633545785144
2 6 	 # Alloc Shape
0 0 1 1 1 1
1 1 0 0 0 0

2 6 	 # U Shape
46.37114431790922 92.57973266470142 33.83470832690559 10.534379961993235 86.93486025097094 81.69805558316739
21.731031962731894 30.976802928545233 62.28513920867632 53.889702602807 91.08254128731524 28.097268704003863
2 3 	 # V Shape
59.764420557983435 17.45884388943989 66.15304337728702
55.184504726433204 32.77784503098219 47.11935462087358
2 6 	 # Alloc Shape
1 1 0 0 0 1
0 0 1 1 1 0

2 6 	 # U Shape
87.56659420813519 12.759215495203946 30.365373978719955 29.52965716988186 56.910503764257555 74.34196294659989
33.001518527033426 60.78523073725284 51.56753531483024 91.98007246232733 20.136661118531173 0.16447577600704477
2 3 	 # V Shape
7.173319673476697 42.0494496515922 49.89173718518411
57.375168656287244 88.03733819800644 20.071996630407774
2 6 	 # Alloc Shape
1 0 0 0 1 1
0 1 1 1 0 0

2 6 	 # U Shape
42.8529155415448 91.8601877512503 69.17541593241666 67.68012876754904 72.88958406327272 8.576320518805858
65.07335305887787 60.90488119033741 32.40859070526398 16.80875831648271 29.663584132308017 0.10926258781018827
2 3 	 # V Shape
24.866424456893554 68.75588530599144 19.65867967158238
84.9741476516185 85.66358342862762 70.70871635526825
2 6 	 # Alloc Shape
0 0 1 1 1 1
1 1 0 0 0 0

2 6 	 # U Shape
21.54033690963183 85.00659465396039 36.99892463660712 22.821247935454547 85.99326513042675 46.575077893392304
67.81169710862007 37.78759770783561 71.64335552866723 36.50197873994559 55.1521872294001 58.62687002943826
2 3 	 # V Shape
11.538834870299763 15.953575050217628 74.54382276225132
47.23416941275893 63.02029281971097 81.20136902857683
2 6 	 # Alloc Shape
0 1 0 0 1 1
1 0 1 1 0 0

2 6 	 # U Shape
12.149158646230273 96.9742712023998 86.38092279224774 9.92905573924363 34.265500273325614 3.6127052386988323
58.684087946666175 79.738549578538 96.91310570839595 96.85052507178072 7.902950509210371 18.474297802999107
2 3 	 # V Shape
88.3535734887161 74.45137283483997 16.70162454535159
43.85093092938887 51.26574298015115 21.738165701726288
2 6 	 # Alloc Shape
1 1 0 0 1 1
0 0 1 1 0 0

2 6 	 # U Shape
82.78123360964413 4.7536989692292035 76.98532438293519 96.56015630530149 3.0873134596241747 59.08960123475244
74.83358272644884 19.843054054272514 45.226602184668685 25.276902709816994 81.7256460880359 95.08608038638602
2 3 	 # V Shape
26.22475997454339 13.324374974499854 16.787213484059926
41.03986806707683 48.42121233649412 14.609124865294977
2 6 	 # Alloc Shape
0 0 1 1 0 0
1 1 0 0 1 1

2 6 	 # U Shape
29.79648675085953 54.567740312415545 86.24527807014488 97.17677906701826 42.020647150345546 99.84272883028322
36.95634666183851 21.87221906176703 21.164242092224995 56.525376802731365 12.960435073458065 72.75931105719518
2 3 	 # V Shape
97.12593798502395 93.33948017913943 17.20870171128267
61.575368723905385 53.419943567359695 72.5049322121582
2 6 	 # Alloc Shape
0 0 1 1 0 0
1 1 0 0 1 1

2 6 	 # U Shape
60.12846829000312 78.02640101157219 25.134084645613097 12.910201568416902 19.10085716024116 14.174869019113656
20.21727036016836 2.5115899860385205 91.7213840245407 58.4897681016744 37.69122799691945 95.8583388689209
2 3 	 # V Shape
80.17920211584179 62.613479601255484 69.59613919289392
83.78518616369554 87.42664401545093 25.732065921845106
2 6 	 # Alloc Shape
1 1 0 0 0 0
0 0 1 1 1 1

2 6 	 # U Shape
5.3528109550113 80.5126363199286 31.172871057546715 65.00659237024757 17.14198223450768 80.01108798624738
40.250834314536 6.040716813355996 60.243981545387356 17.427870674180067 42.95640133701271 41.846399950122304
2 3 	 # V Shape
92.82627623271036 92.83659924741072 31.155852147103
25.064275513904455 87.06401565678568 68.59688543643087
2 6 	 # Alloc Shape
1 1 0 0 0 0
0 0 1 1 1 1

2 6 	 # U Shape
85.88539912754625 25.016313710386704 60.37551944991748 0.6915925142911394 22.09277140195288 13.416170429504104
39.056412377999315 58.307357909349236 7.079878501183245 60.24420605375605 15.791636401632491 85.02478745723377
2 3 	 # V Shape
7.7151464303560235 10.103813510464777 21.02825453516861
63.397639008129005 44.42601654111172 61.54165116080489
2 6 	 # Alloc Shape
1 0 1 0 0 0
0 1 0 1 1 1

2 6 	 # U Shape
41.37737339418399 0.14446131712595456 93.30317754527829 85.96270273081488 7.119029432072288 23.701682545985147
73.61484085983349 26.02828542059501 16.771961723145623 97.46847379175001 39.167381101368356 30.889317859641874
2 3 	 # V Shape
22.940538998195215 6.117566507963823 46.85237724779269
2.376043597771016 71.81617935879925 36.86328244638272
2 6 	 # Alloc Shape
0 0 1 1 0 0
1 1 0 0 1 1

2 6 	 # U Shape
21.96513022338953 43.810491758683966 88.42863758298174 4.987925451626962 53.68653469955609 25.46312179960708
39.83457517212088 23.24035893464179 61.229421993794034 82.94242301078948 92.46908436497371 14.886116166459084
2 3 	 # V Shape
91.38481640926123 77.23685844218963 77.99301053613983
78.04967809466923 27.245316628494876 31.77176613808793
2 6 	 # Alloc Shape
0 0 1 0 1 1
1 1 0 1 0 0

2 6 	 # U Shape
5.767769217676777 87.87914938951232 52.91242960474568 28.144259387048866 78.00447843497629 52.28878129354835
48.112623398235165 14.00774452313912 23.885033816735678 32.45827433078815 69.93890857347482 23.494528842582863
2 3 	 # V Shape
43.506233209579705 95.41745778954486 96.24854610291891
27.479569082489963 76.54860836738597 93.2412464843737
2 6 	 # Alloc Shape
0 1 1 1 0 0
1 0 0 0 1 1

2 6 	 # U Shape
15.1354791646083 77.96857115315946 36.70745072039567 12.510074729084685 67.1147121548804 73.70610604919108
38.270868430255675 71.93536534246581 78.85594693686994 51.69800437847903 24.52483002407976 69.57574767540267
2 3 	 # V Shape
17.38735002951892 33.06220894865379 97.2234915939241
24.837697539945214 55.35009515164617 28.596939825661195
2 6 	 # Alloc Shape
0 0 0 0 1 1
1 1 1 1 0 0

2 6 	 # U Shape
39.92675099001517 35.10307265594219 32.43273543749231 84.7674761579604 38.36339510748651 48.46020006072932
2.7920634394469346 12.498032517357816 4.963998669215863 35.93089298353204 78.06962434491588 10.915397628833723
2 3 	 # V Shape
82.35954764435502 18.534142450350053 25.908758340498828
81.53957701031742 1.605009084128528 0.44315005952577646
2 6 	 # Alloc Shape
0 0 1 1 0 1
1 1 0 0 1 0

2 6 	 # U Shape
0.7716472820713749 38.55807243552173 27.272865489917407 74.03370816092279 93.31743865118548 93.67561454984498
0.38870686586055525 6.637855862288944 2.1181951202162153 80.94783498903617 63.57293882924806 7.256092793071645
2 3 	 # V Shape
66.21318071483644 51.54164352650289 31.50049817971128
71.78100404080512 86.15519219185255 0.15305757069687953
2 6 	 # Alloc Shape
1 1 0 0 1 1
0 0 1 1 0 0

2 6 	 # U Shape
22.89677431194469 40.98998285880819 42.63385761073629 74.62634777320461 79.80337227620271 70.54193261138666
57.72304822361366 98.73587145179246 65.33158921740504 15.465128914451409 11.233924060815948 56.74041018991043
2 3 	 # V Shape
17.35188676350069 13.42294362586932 29.10184977963275
30.867034890650448 86.71300327291779 7.83707345766026
2 6 	 # Alloc Shape
0 0 0 1 1 1
1 1 1 0 0 0

2 6 	 # U Shape
34.859772021048045 88.15016608189065 82.680587803321 16.800677524168307 40.48062959423362 59.36574250913008
60.20371552059447 67.06534957643146 84.81624102751216 76.52292638228666 59.79090586383682 18.42442842175519
2 3 	 # V Shape
8.56036751180107 90.27199837468352 53.99700016156201
86.99565431352532 44.742858482680326 24.20234055668965
2 6 	 # Alloc Shape
0 0 1 1 1 1
1 1 0 0 0 0

2 6 	 # U Shape
79.92245236761097 80.99071090557382 38.925466495797956 55.25207968037492 59.19450110692232 21.980997388888433
8.454245952201344 48.32775469939234 40.61495517055577 83.02552123193124 10.308267343659061 84.41824595779683
2 3 	 # V Shape
85.2179476239676 16.456379085694806 5.714726165088835
56.11752871791482 47.706016108674746 49.13962045921877
2 6 	 # Alloc Shape
1 1 0 0 1 0
0 0 1 1 0 1

2 6 	 # U Shape
27.098517538194233 50.91381914412286 58.221445676220384 14.551023397126883 56.278102490467774 21.14112993861156
95.16981752335076 17.359953387709236 24.463685740621376 36.3937749711405 96.90022504173835 6.976131386398343
2 3 	 # V Shape
8.04141022081849 46.65195967353608 50.59188033161938
74.5028749574765 39.30762329502391 67.64943463947796
2 6 	 # Alloc Shape
0 0 1 1 1 1
1 1 0 0 0 0

2 6 	 # U Shape
87.61544194770315 83.02939626724555 38.578552957091304 65.95838145120399 75.48947863489133 65.49573246243791
46.713228611241654 50.34461575730024 40.57563886349919 66.31726629159785 23.741585289806476 5.858067742668249
2 3 	 # V Shape
76.90955271945415 87.98914834405889 16.855078198257367
3.972826431860832 34.58636513964727 81.93723150726011
2 6 	 # Alloc Shape
1 1 0 0 0 0
0 0 1 1 1 1

2 6 	 # U Shape
16.728461908129077 66.852298776765 23.511018925987116 89.4653540656715 62.63041167890431 12.730417876986621
37.10822034856962 51.04215351811674 21.18999098129285 72.76894552473156 92.43204580315333 2.509263981784493
2 3 	 # V Shape
32.42805634911515 59.077444085059604 96.73825587068708
1.8397070558211048 19.112603713744434 9.951726730288268
2 6 	 # Alloc Shape
0 1 0 0 1 1
1 0 1 1 0 0

2 6 	 # U Shape
91.8980834424634 49.78959760043718 42.43688178131381 25.154702472247457 44.767985871807326 62.46179641596436
89.81337163272029 97.48704187817567 15.77602008626674 19.650993000444437 19.296230866742235 75.65207457049765
2 3 	 # V Shape
65.70564629554254 71.8248844726011 64.95994334462753
82.55672492115005 13.645117015344532 28.93781971847964
2 6 	 # Alloc Shape
0 0 1 1 1 1
1 1 0 0 0 0

2 6 	 # U Shape
6.935285266320013 69.26258617614577 60.3106109186574 55.94958707460642 18.233689850442104 19.90777018690172
67.44224999145696 55.145559866808 2.549812999240242 89.75474578588954 33.23401655589936 12.72819823525989
2 3 	 # V Shape
10.26140874451732 57.496947153170375 56.3765072216056
6.754589829654156 30.443877248692676 40.52573635889581
2 6 	 # Alloc Shape
0 0 1 1 0 0
1 1 0 0 1 1

2 6 	 # U Shape
81.8517847772066 15.316080553439892 68.16772153532776 9.671364737445998 33.902986684198545 42.448860842958155
9.572958591461035 87.60185791539055 74.0997567368816 14.993398565645123 57.64802277166372 26.596258447949495
2 3 	 # V Shape
45.55626377539163 73.77391709279334 34.209486990026015
88.89865605569702 40.61521156758615 88.07806714614138
2 6 	 # Alloc Shape
1 0 1 1 0 0
0 1 0 0 1 1

2 6 	 # U Shape
83.46280992758841 63.64023123688819 10.148959515601785 60.65395892189548 40.71382468432885 66.35104607881547
17.633356400321876 12.428754379364992 78.78817311107315 51.48339735099008 17.479969497543536 11.409590041839834
2 3 	 # V Shape
18.41133241996734 49.95686899977942 30.089013198659387
32.50335891436157 3.5882804799251655 6.111428682697717
2 6 	 # Alloc Shape
1 1 0 0 1 1
0 0 1 1 0 0

2 6 	 # U Shape
0.5965467047569395 74.93083023549424 49.562365726635036 81.74355512907705 66.20134393776331 19.020202315987422
13.728248146122613 74.10376405388523 89.83364019741346 91.12288802044003 73.26367971554797 44.655122953735884
2 3 	 # V Shape
1.7038045963652881 40.994987990223095 99.19042428877086
75.62706040664312 49.85414116653887 74.25636194872448
2 6 	 # Alloc Shape
0 0 0 0 1 1
1 1 1 1 0 0

2 6 	 # U Shape
29.12174581149908 17.42381011405194 69.7078490808231 31.214850504491164 31.48927457711147 75.96318101928541
38.89638632290172 78.10447580784553 33.67530347261436 6.715893647546956 3.4278237106563414 92.81072173294864
2 3 	 # V Shape
2.0960457816302847 90.17979550974668 37.45471826359105
75.23970699142461 77.08857961355494 93.17491746136585
2 6 	 # Alloc Shape
0 0 1 1 0 0
1 1 0 0 1 1

2 6 	 # U Shape
98.73762819246853 59.500530429319255 4.323101682473673 79.87942915269433 13.99029436467134 15.127843543905383
40.57843816704533 70.90080606838515 31.033085293631412 42.70696637802599 58.12116127091556 40.60713230501043
2 3 	 # V Shape
0.794045036068225 22.3196793583026 0.08348786419931642
21.65962395253036 74.06663261489925 60.52052321775838
2 6 	 # Alloc Shape
1 1 0 0 0 0
0 0 1 1 1 1

2 6 	 # U Shape
72.68053586865982 88.58380638189965 32.491038112255424 48.40168592361346 38.889039484619644 33.006194216737065
18.55301616784396 86.27257156956396 21.678565552830598 52.22558583701813 62.13395712866724 60.204871483375314
2 3 	 # V Shape
13.026791323409515 22.157910709637786 73.01732597003567
24.626573619796723 49.89111324123531 45.556029187271065
2 6 	 # Alloc Shape
1 1 0 0 0 0
0 0 1 1 1 1

2 6 	 # U Shape
49.97959730849399 38.20253034688806 10.148528037945114 2.6353591636657514 39.37748886565523 27.56742642853982
90.04353620975466 61.82184342139774 8.018375310757353 20.626159307331847 75.262065486928 36.27330205208581
2 3 	 # V Shape
65.20150994542551 17.24431688752749 24.93612224020095
73.69528014432268 91.35668607060052 68.77685821757933
2 6 	 # Alloc Shape
1 1 0 0 0 0
0 0 1 1 1 1

2 6 	 # U Shape
61.31520003976995 32.84547588038702 46.78330098886696 66.56155085568743 75.44200229048418 70.07553473427389
98.39638450510222 25.032802699004776 73.2084051669706 21.725085336561946 60.00269751987267 74.60970820224424
2 3 	 # V Shape
53.56760264657892 21.044101454444085 75.20339841129085
95.163344105902 19.841844942131715 41.970077459871135
2 6 	 # Alloc Shape
0 0 0 1 1 1
1 1 1 0 0 0

2 6 	 # U Shape
56.06131053820314 97.33777564755258 62.428745989587995 73.70270318110558 89.71567287302256 4.377346461115339
22.599507632494177 64.65921040593796 78.48781737147793 50.18246481067736 0.6528755699695021 12.505954433475964
2 3 	 # V Shape
1.7595531923925378 23.060584004087236 70.70171868652852
27.373105132432475 87.1661519223076 31.44155199888752
2 6 	 # Alloc Shape
1 1 0 0 1 1
0 0 1 1 0 0

2 6 	 # U Shape
57.81555446438305 60.01664947137056 31.10382707553153 33.215153152497166 57.56226550538938 51.16500223077507
63.10386051017919 21.848123109979646 43.550765425072846 87.68205717814305 43.37868601360121 67.14433418649323
2 3 	 # V Shape
29.40915623646003 96.92244751316034 76.7218925016448
67.75915946086906 4.158321342810911 69.28990746711936
2 6 	 # Alloc Shape
1 1 1 1 0 0
0 0 0 0 1 1

2 6 	 # U Shape
6.177182214259602 60.071056610737294 48.74571803399243 55.13545075056536 97.23334424284509 77.50987741667987
14.604197415148334 73.11712936624413 4.550697923849434 20.50146542046507 48.1465231225902 35.1016522421724
2 3 	 # V Shape
0.6432107136142062 17.05515084011856 84.51744224969299
25.359161006578933 4.547092917667128 41.39263197502687
2 6 	 # Alloc Shape
0 0 1 1 1 1
1 1 0 0 0 0

2 6 	 # U Shape
72.1143139678245 39.12790098127436 72.20664615324401 59.00905090661721 76.83794445260807 53.34178061666886
10.191906452567089 85.915357094757 30.041465338781205 43.13958408162962 23.492476792315863 43.83028402184064
2 3 	 # V Shape
7.605524763727878 48.459334467953155 2.4656703759595278
52.73512227097239 88.07924932594615 73.86063142548848
2 6 	 # Alloc Shape
1 0 1 1 0 0
0 1 0 0 1 1

2 6 	 # U Shape
27.71465428522252 56.50341642915729 58.8660291251726 75.39884871734859 18.035470536378483 83.20922648174425
44.86956921412476 38.12069969925839 41.18202830655622 71.61720117705025 68.37878201658478 13.856949771388793
2 3 	 # V Shape
10.845855824802786 28.36675966031753 81.6312945232352
43.33834298142807 47.73085382245835 98.74669611837716
2 6 	 # Alloc Shape
0 0 0 0 1 1
1 1 1 1 0 0

2 6 	 # U Shape
75.7723647506156 10.588454015418158 20.499196619507252 91.46370000980417 46.53816581083659 13.784086626337789
99.15860142543788 18.5587078049368 2.178528755004361 55.902935009511914 32.8555675865408 53.90176570591373
2 3 	 # V Shape
40.630989286630616 42.84546302829783 32.34531007282515
19.099450589335788 38.27238073154835 15.561590292837845
2 6 	 # Alloc Shape
0 0 1 1 1 0
1 1 0 0 0 1

2 6 	 # U Shape
62.8944565952659 28.901183139512575 0.3769184472362186 45.2927487855555 33.726594514372145 84.21879326027391
65.0394163163288 27.711885931043913 91.64389023437303 47.27440226672619 64.78889519043695 29.971367638145917
2 3 	 # V Shape
14.104368609636298 28.911586404075496 86.47638364889394
30.12236304348852 21.185962598791075 63.93258020955679
2 6 	 # Alloc Shape
0 0 0 0 1 1
1 1 1 1 0 0

2 6 	 # U Shape
88.03387131973895 50.928379448755834 25.39943128151424 84.48311318017913 82.39441740224177 51.698999673693244
0.9195754348438889 56.92325968250336 44.58515662453325 65.29791485222572 10.874695855040727 58.62656042001916
2 3 	 # V Shape
57.65294308964296 80.28599531338233 31.09243635545791
40.250390835453146 94.65224052808868 5.797428498803692
2 6 	 # Alloc Shape
1 1 0 0 1 1
0 0 1 1 0 0

2 6 	 # U Shape
11.643960067099568 86.22202915116614 8.688794864578108 31.988660712282336 77.54307458036934 68.32406889192009
44.22774198065602 8.118511010456276 58.3828533840156 6.276837283900816 16.968639720185287 59.82455055341999
2 3 	 # V Shape
63.30636586571205 66.00204255128081 59.88997165847193
92.50556681623834 67.05474430074754 92.48360679703619
2 6 	 # Alloc Shape
0 0 0 0 1 1
1 1 1 1 0 0

2 6 	 # U Shape
43.93807045925989 9.233565819105028 39.86355725122282 60.768085232184454 15.596850021866715 30.626209280996896
18.076586542633443 49.395533882791675 31.31917974789742 52.88762442420174 40.177494404067225 79.52895842101843
2 3 	 # V Shape
33.36526466551998 73.49337983341269 92.47169745933779
93.37123253610223 57.11954274727867 4.979565950976827
2 6 	 # Alloc Shape
0 0 1 1 1 1
1 1 0 0 0 0

2 6 	 # U Shape
86.86229004501067 7.404319327448805 39.23765173942086 14.587716320115241 97.06008134213478 4.317363746034397
58.16737584923193 74.08998928405535 20.927561070894875 66.43393253112184 50.42502298198372 50.91199378935656
2 3 	 # V Shape
19.111236074665484 46.00520565932427 25.251960221377445
80.90911926788253 88.60482709326641 21.13332679440664
2 6 	 # Alloc Shape
1 0 0 0 1 0
0 1 1 1 0 1

2 6 	 # U Shape
87.8196096407302 44.13758814851646 47.06096140624552 48.68435803800797 37.475403504762596 32.715299953337286
83.48138520798794 29.04282921992164 16.13365885180007 33.666398892617046 57.701378164490414 65.80796165788821
2 3 	 # V Shape
25.15062871436655 82.12265405683516 79.24023450342419
65.69365404478594 37.64915467704937 30.306945229919148
2 6 	 # Alloc Shape
0 0 1 1 0 0
1 1 0 0 1 1

2 6 	 # U Shape
52.23953050627868 52.263058356891534 33.324762117033245 13.464936419307739 39.459767354245926 36.84825063817002
25.40956160320914 44.38576709386005 12.288360905902307 95.57188772779271 61.32109541255567 35.20499585179462
2 3 	 # V Shape
75.7863290381415 54.92456544194469 13.936748779722308
81.69223687376115 28.49907248027346 12.037678235899262
2 6 	 # Alloc Shape
1 1 0 0 0 0
0 0 1 1 1 1

2 6 	 # U Shape
97.34582380783944 25.073844281335777 70.75290517712084 94.26171626481519 80.20335479790496 97.40499529691171
99.67162864983229 26.249901248294627 20.415413929141778 79.63727810632626 63.29496903599904 63.297312912872286
2 3 	 # V Shape
61.319202411635956 35.50752064126477 30.47287083902529
78.9983506609195 66.08114737413395 17.640096992362142
2 6 	 # Alloc Shape
0 0 1 1 1 1
1 1 0 0 0 0

2 6 	 # U Shape
19.285262652880487 6.377540096643464 98.74980858027153 31.289953684909655 86.29005768760669 40.6285128917333
93.2295135481622 34.523862680159645 97.78709609103511 18.080661418910005 8.043175658170142 58.835435683789385
2 3 	 # V Shape
23.07609289219966 85.6771331947096 75.58782153316146
46.007831369573594 26.579993925091827 41.43244301218124
2 6 	 # Alloc Shape
0 0 1 1 1 1
1 1 0 0 0 0

2 6 	 # U Shape
63.55664825919858 46.816693746524166 95.324879526772 31.368211974502202 69.69196369430492 89.30460822240539
56.92548981754548 66.05831914693121 62.652328953267364 0.9393216061919896 89.43757025881247 16.109321991885405
2 3 	 # V Shape
61.079372319001436 18.195477669267902 96.9280667143075
12.009709380893696 34.575943479992276 61.06383246791503
2 6 	 # Alloc Shape
0 0 0 0 1 1
1 1 1 1 0 0

2 6 	 # U Shape
69.91748234047718 69.51526574709784 93.63004179740622 22.387147723578458 27.588202810505614 32.017455462385115
4.109481376101865 64.02962456789584 87.88747867398995 79.91029791012724 71.99018618057535 48.351278594758526
2 3 	 # V Shape
46.931965813273 41.39165446537984 26.078784008105504
73.62078745128093 27.227767043665164 67.79220747282024
2 6 	 # Alloc Shape
1 1 1 0 0 0
0 0 0 1 1 1

2 6 	 # U Shape
20.669212931796153 49.37574346058149 81.30789604214205 9.091932612097143 11.497744246741593 9.69357699979938
62.10875436111358 60.243976769681986 72.63993910095515 11.684863939445956 80.55385331400305 69.47521711299581
2 3 	 # V Shape
17.16489535627207 6.231075039958012 33.21183749649595
49.03153383091271 3.526820103082995 30.912235220466112
2 6 	 # Alloc Shape
0 1 1 1 0 0
1 0 0 0 1 1

2 6 	 # U Shape
27.460534471794528 36.89159946245426 1.4860897440458376 5.704418852200899 61.3399538526605 58.712224969538326
95.85907829311647 39.46171431883082 70.79411572386714 13.112967261143904 32.60339362482759 90.70738351356718
2 3 	 # V Shape
33.95651583897579 55.75838560640002 18.112877246289237
90.65585038077758 21.768317173024233 79.29413788951456
2 6 	 # Alloc Shape
0 0 0 0 1 1
1 1 1 1 0 0

2 6 	 # U Shape
57.72352789535532 50.580612453598384 18.81474290193762 24.622734382758516 92.38316915714276 86.26244664921849
72.31137216237468 55.48493427996544 96.4586107137452 99.4332250394225 28.31593861783761 57.70576586214102
2 3 	 # V Shape
63.74045650788644 57.430142656860504 15.877067742504437
71.07705470490177 27.143561077977317 6.051555687771226
2 6 	 # Alloc Shape
0 0 0 0 1 1
1 1 1 1 0 0

2 6 	 # U Shape
5.03838533712938 64.63462010631453 26.771963302059987 85.00264372752552 82.58998515665658 42.64474906078512
8.62312711283353 52.90360629493739 97.1033780011743 35.488557111118205 75.63490141819126 78.05011358677882
2 3 	 # V Shape
24.983989106377756 71.1228752688473 72.96863421464069
87.08931550410892 96.56088283209627 95.77595946200344
2 6 	 # Alloc Shape
0 0 0 0 1 1
1 1 1 1 0 0

2 6 	 # U Shape
30.980813394931694 84.14776496312763 70.90698999774585 5.6636235193727185 36.99747439657896 85.14002819274674
49.246057821531295 90.9820122667076 40.618803202514734 35.974388954474165 57.17958517178947 32.9182972525103
2 3 	 # V Shape
58.26218542464907 44.48702889382442 24.286646502281616
82.39320625623834 90.76863633596302 48.087461891312934
2 6 	 # Alloc Shape
0 0 1 1 1 1
1 1 0 0 0 0

2 6 	 # U Shape
39.19732084032634 91.69015103644993 79.37260663700138 32.84114486748256 51.03792360121335 48.53732452164644
73.59994993434967 73.97903482691001 29.282599611216508 34.12078539864684 14.565707362969304 86.68421903478661
2 3 	 # V Shape
0.7559408077023155 30.386886640222833 1.6517153466482304
46.51635958057791 36.83009347080215 16.768888585268694
2 6 	 # Alloc Shape
0 0 1 1 1 0
1 1 0 0 0 1

2 6 	 # U Shape
2.5002257147067386 47.11630635771837 7.211141369077678 87.58339023716643 0.45923144388122505 40.10668021241827
5.922221643653691 33.43888819483265 85.63063349736777 72.04071231453446 57.986274511158534 21.25357741670887
2 3 	 # V Shape
90.85596451747026 96.85419850547711 6.1155399108400506
52.35385067928298 50.38783798497399 30.545763500452306
2 6 	 # Alloc Shape
1 1 0 0 0 1
0 0 1 1 1 0

2 6 	 # U Shape
99.70025741854904 86.64783808124481 5.11510009007734 81.34662369461546 30.456486802761173 83.95896532306423
64.39753241650068 74.37626902222053 52.91764003243168 33.04531754345149 64.01469894622817 36.02659818774685
2 3 	 # V Shape
21.263221430901712 28.16252676850769 98.36186734643599
76.20557478862622 62.77568571379489 71.93519653244638
2 6 	 # Alloc Shape
0 0 0 1 1 1
1 1 1 0 0 0

2 6 	 # U Shape
71.48622365745163 41.61759168506961 89.15031896891433 5.377730908963974 88.1699631857525 81.80962791933253
27.58433322562148 6.714804412381136 10.642395153513407 98.98673963473753 63.56645641709021 47.76843226185612
2 3 	 # V Shape
46.92753523636909 42.0244161932598 75.96106122413833
30.417612903440695 62.2746230629998 44.05498324279182
2 6 	 # Alloc Shape
1 1 0 0 1 1
0 0 1 1 0 0

2 6 	 # U Shape
38.94880743941793 1.52552000927626 86.38806309239375 50.63961650992205 29.60362893954005 88.25800161408506
53.37453808937915 25.844788175962897 47.61098244937284 62.9201270510493 17.34313266789601 54.22749697332987
2 3 	 # V Shape
54.021530576911644 33.64447159930024 12.027665005578347
83.8912903575749 64.97660139656138 32.95788881752133
2 6 	 # Alloc Shape
0 0 1 1 1 1
1 1 0 0 0 0

2 6 	 # U Shape
65.50136877831714 17.73662141831397 82.2470495255013 1.4814736540351592 6.77926090947617 76.66118906160756
58.84364428815934 52.06928938195345 25.74354100265934 35.269831008384955 22.566137526752193 29.408831395328484
2 3 	 # V Shape
97.30270078226593 44.497293298744 78.9309171565734
85.38179843707555 24.979381829533697 16.89245256781574
2 6 	 # Alloc Shape
0 0 1 1 1 1
1 1 0 0 0 0

2 6 	 # U Shape
4.340475960543988 18.3042361452721 60.3496309082464 46.51750377887739 93.80234264729094 87.25309720419946
51.16194277404542 24.868040518671908 38.85111536502954 93.53359370779502 31.967110909522955 84.94659079004612
2 3 	 # V Shape
42.927136935286924 47.55639695854882 51.17942581202297
92.38486071146427 3.3072287559772096 47.376426887928716
2 6 	 # Alloc Shape
0 0 1 0 1 1
1 1 0 1 0 0

2 6 	 # U Shape
85.68059623292926 99.1734173721146 62.84114290298982 33.265090100564954 80.19010347672264 12.303093399439014
46.88096678051012 83.9611633881558 75.14144845739102 7.077063829770647 75.25737983569782 16.364009874487063
2 3 	 # V Shape
15.093431454546824 38.448443337428074 81.5682109586946
62.884642843037085 1.4287754581972623 87.01143148373097
2 6 	 # Alloc Shape
0 0 1 1 1 1
1 1 0 0 0 0

2 6 	 # U Shape
79.35876466667531 1.3514582631941718 58.15096945937105 5.080744934772752 40.52074220883263 76.08785914729303
52.24446380781931 78.48975320017163 52.068903640642525 3.2478905703136163 88.36087828279246 26.013377277901593
2 3 	 # V Shape
97.6120911713593 37.549933043459035 51.66268098437967
98.56745637040301 4.203076808051753 23.800413003944122
2 6 	 # Alloc Shape
0 0 1 1 1 1
1 1 0 0 0 0

2 6 	 # U Shape
75.56136815256743 95.05488347010906 47.55286154197397 88.84495407480055 34.43679475584355 49.628409874885136
5.260706657288994 76.27552254151279 30.838370906828416 40.515233079314804 75.45186460943724 36.6887432919148
2 3 	 # V Shape
17.358436948109322 91.58463673391336 38.070383938220296
14.798259246735878 17.974266422374985 66.71655719117156
2 6 	 # Alloc Shape
1 0 1 1 0 0
0 1 0 0 1 1

2 6 	 # U Shape
27.237542566905937 35.280509740883105 78.85547857306594 16.3815271450777 48.82982229694427 71.61366281357854
41.151746018981605 35.4347735158654 95.74080725040453 23.370409039916606 13.504607852814187 96.35220013621846
2 3 	 # V Shape
67.48881636219095 85.32384136960218 28.66002818764597
90.88606808301944 45.177579902877895 76.8306349591459
2 6 	 # Alloc Shape
0 0 1 1 0 0
1 1 0 0 1 1

2 6 	 # U Shape
33.63093590526469 49.73845013569359 42.21583436320861 61.03729477233622 46.31425766844311 44.58354766721331
81.42997856085252 11.600289489769144 53.790962769030784 22.565263687946356 71.3786872439176 47.198576233055256
2 3 	 # V Shape
38.859933764430764 23.23181707228703 41.10572196464201
84.98331876012068 58.83708079224513 76.21298784002455
2 6 	 # Alloc Shape
0 1 1 1 0 0
1 0 0 0 1 1

2 6 	 # U Shape
84.69365194376365 73.67028189174415 48.866381919093826 75.0131414077412 56.9569050148919 94.94865486275796
75.20583174641308 92.48286570102124 72.93150415983645 40.248625248982876 19.331501685492437 66.47567440696743
2 3 	 # V Shape
95.92243317081991 58.74416961491548 60.08310416675114
3.331471917494777 39.58234858622562 59.48390305021335
2 6 	 # Alloc Shape
1 1 0 0 0 0
0 0 1 1 1 1

2 6 	 # U Shape
82.18221947774275 83.32108880553535 99.31544411002183 22.590170791697638 29.76744023807757 52.40905357724448
10.217029408681267 12.875327059478824 2.024418760664992 62.687949067805505 91.21196105989729 98.15720080134737
2 3 	 # V Shape
68.8330118121259 2.9802367213243586 61.62674543594454
85.83252259487287 78.84217492943256 81.89030951112737
2 6 	 # Alloc Shape
1 1 1 0 0 0
0 0 0 1 1 1

2 6 	 # U Shape
29.835711962263357 93.41211642012723 78.898564049851 8.974866808887539 83.08934580816685 31.490623706657473
18.605678658735325 56.83015747844895 16.9577675667269 4.1253126704495 87.6825403730222 88.00250478190323
2 3 	 # V Shape
96.68907761433229 51.80150706331662 65.61508820113534
56.430147863547354 8.882013540483968 16.3629009031519
2 6 	 # Alloc Shape
1 1 1 1 0 0
0 0 0 0 1 1

2 6 	 # U Shape
53.772677840916614 42.719360865355895 84.79664463416167 77.38660960972406 73.5726274504148 45.93988561368073
42.279306906567 81.69883373747291 32.75822286680555 52.62268486745614 78.05730894296211 58.75063033111718
2 3 	 # V Shape
85.29100133501927 84.06024218153884 76.14349182288235
8.930785715844324 44.195306264993825 27.548514775848297
2 6 	 # Alloc Shape
1 0 1 1 0 0
0 1 0 0 1 1

2 6 	 # U Shape
86.23504917748672 40.268894590989625 57.095443426306346 39.2875252331935 93.46521465735366 17.796170262150845
3.0036651163028782 8.795545768018243 60.519659082750934 56.492903149514575 58.73056260313264 65.72291408935908
2 3 	 # V Shape
99.19850405606678 65.60861372639884 62.80811313054654
57.602240863182274 99.79594470779467 19.662696925620903
2 6 	 # Alloc Shape
1 1 0 0 1 0
0 0 1 1 0 1

2 6 	 # U Shape
44.644361444418394 23.980239590527663 79.9316286220504 61.42478123904871 13.207106430902705 75.43662685541317
25.308860231807838 31.635007008279324 46.16651090414737 40.01672445992392 79.9139715622825 50.267415452989624
2 3 	 # V Shape
30.121296602466018 25.4526124768906 97.04011482328019
27.090520762326587 77.2634658129353 22.389892928701684
2 6 	 # Alloc Shape
1 1 0 0 1 1
0 0 1 1 0 0

2 6 	 # U Shape
13.898764598922986 67.04057361889353 20.310339907541387 84.05503313865957 48.24674600116935 34.12740500795686
54.08761153355559 86.86787712132912 75.59661967584128 25.324879656700627 55.49117978576705 65.72117256440264
2 3 	 # V Shape
85.80668774911912 41.611974575870036 12.716487681701105
38.0033625987893 26.814608893486948 47.78141092596733
2 6 	 # Alloc Shape
1 1 0 1 0 0
0 0 1 0 1 1

2 6 	 # U Shape
90.37459828571657 34.61144572635077 42.97439024931954 24.64256037402508 36.62854894234439 53.41617817198012
81.63794707275814 59.755528686310235 49.75465997392155 27.699380993742285 60.665860888352874 76.32202656950061
2 3 	 # V Shape
7.17764878656777 44.880057994806435 49.78811359756742
75.34107502201446 34.313244746751536 44.791785818932375
2 6 	 # Alloc Shape
0 0 1 1 1 1
1 1 0 0 0 0

2 6 	 # U Shape
94.97984465262498 12.650710678209443 84.57489986039494 37.026837680405066 84.78430227156414 63.150692557912116
27.80854925502033 4.188199190012498 34.65488027255119 23.639591861650054 52.18971684276125 51.420899403759925
2 3 	 # V Shape
77.69233938343112 32.88720193799507 27.093325711856785
68.1978236042521 13.57681784202487 53.31565389461173
2 6 	 # Alloc Shape
1 1 1 1 0 0
0 0 0 0 1 1

2 6 	 # U Shape
19.74462853700125 33.53918687975427 74.18339420767545 28.28141057109972 14.668101384559161 35.26034095204604
72.47766482764646 15.23803926088596 21.807786792335794 65.84926711165234 94.3434972338698 42.28962746097174
2 3 	 # V Shape
80.16795216110802 30.60364407624867 79.51624141626807
43.18149505045952 78.58969996534569 68.13574435812708
2 6 	 # Alloc Shape
1 1 1 0 0 0
0 0 0 1 1 1

2 6 	 # U Shape
16.914933230634333 81.23735436879755 10.501027874645995 17.321541327133026 31.571584882100858 64.39965710118075
8.255941541208156 81.73552624666746 12.071618015212515 89.14601488883027 80.63731345921295 83.02647677768505
2 3 	 # V Shape
36.62579731401634 95.85518066924641 89.84072067466663
97.8539614406682 8.64329748802114 6.179566992051577
2 6 	 # Alloc Shape
0 0 1 1 1 1
1 1 0 0 0 0

2 6 	 # U Shape
66.33885708061153 22.735069478238724 51.30077902001254 17.80709055547809 93.79140977812057 98.22310479019107
36.97648898186367 74.92649796835803 53.3906162792254 66.21528842344128 94.9245564668146 64.64292613158723
2 3 	 # V Shape
18.56858441396775 6.477783986229035 68.34547885736193
23.243530426779035 59.560706691138 91.23313672508104
2 6 	 # Alloc Shape
1 0 0 0 1 1
0 1 1 1 0 0

2 6 	 # U Shape
32.92523417701961 25.413719950769163 57.11478346143104 17.89659964584972 83.76202409444723 99.84026145206849
8.542065914661789 37.86338376856071 3.8378266155869145 36.618283951367545 72.40397336633248 8.311882612527688
2 3 	 # V Shape
2.596028242566595 47.56557720916387 54.60031168476662
76.9127599157768 47.96602001483687 90.94256101209027
2 6 	 # Alloc Shape
0 0 0 0 1 1
1 1 1 1 0 0

2 6 	 # U Shape
29.030352687620077 11.625750689421011 31.119119846093955 26.118682056905442 59.6148585747123 89.57303232477855
87.32068451188397 43.43983963630592 83.84411765232662 45.6656879964887 47.46066924787742 30.27006088852349
2 3 	 # V Shape
73.61529685049014 74.99650848056498 73.20307588704276
69.71754061500397 1.715559898921859 70.10973116106773
2 6 	 # Alloc Shape
0 0 0 0 1 1
1 1 1 1 0 0

2 6 	 # U Shape
1.1199221577550045 45.88581408964062 97.29992955045617 98.40987015379832 88.12190145467889 56.920281558558095
94.39006592421002 36.73377514180009 18.176463727673784 11.856424552375366 69.21145946807476 83.49663105642267
2 3 	 # V Shape
32.6362772110632 79.1477050456103 37.54382738006766
58.176515796558235 22.038246100605363 54.50685993892559
2 6 	 # Alloc Shape
0 0 1 1 0 0
1 1 0 0 1 1

2 6 	 # U Shape
45.025938978604344 9.930874429097136 96.60196479317808 98.70174892101025 62.979352689843616 30.843038121325172
37.37695016989054 48.5312040068187 79.29145690187298 86.17855381598352 67.50208177541266 8.606246298578702
2 3 	 # V Shape
86.63031381667766 95.06689792195358 33.79664985575109
47.902603870643375 71.52847506943263 79.87269871549024
2 6 	 # Alloc Shape
0 0 1 1 0 0
1 1 0 0 1 1

2 6 	 # U Shape
70.54804803939037 27.59012302461823 62.36194848121591 84.38127125267165 73.59769722959571 26.706044711563415
22.770452647201424 89.92891086513262 67.32253996126836 43.29255082681045 46.05809407276856 91.46792819157102
2 3 	 # V Shape
30.755655387505378 71.93236817048971 23.112154173751954
38.60575530502778 95.49229360648363 37.98254025464248
2 6 	 # Alloc Shape
1 0 1 1 0 0
0 1 0 0 1 1

2 6 	 # U Shape
91.80291931247652 34.20195342790579 9.008448734711838 26.31486007005548 13.767268711165814 0.4946237488306471
41.73974706811128 59.43883875047712 11.399999855650977 52.32090898251892 65.7661830201122 43.15153800898875
2 3 	 # V Shape
60.97763541455402 91.7973217784858 31.394121769440662
27.35416960564503 62.2151497518636 35.66882974643206
2 6 	 # Alloc Shape
1 1 0 0 0 0
0 0 1 1 1 1

2 6 	 # U Shape
88.01467506433367 17.17442248074571 14.74908184341076 63.24219683503629 14.215033443926684 56.42846833286412
65.60237736599096 39.584133826992215 69.31954843930393 51.873320631635565 52.68576002030386 55.36002584652563
2 3 	 # V Shape
41.76433715139854 37.511207861300136 47.69502195469444
97.90432579711299 46.66255562068674 10.616254691813086
2 6 	 # Alloc Shape
0 0 0 1 1 1
1 1 1 0 0 0

2 6 	 # U Shape
64.88372532726284 67.63282446794138 83.51527628619091 73.47598131265778 28.05517975287649 83.37820868307318
1.8214604669358425 70.53216032266606 36.29559168705219 46.76259472838772 15.853198589362593 53.49020088145859
2 3 	 # V Shape
74.48004322251187 1.9210920139467125 53.86493614130406
9.867838539304541 20.164031120453807 26.297875871481423
2 6 	 # Alloc Shape
1 1 1 0 0 0
0 0 0 1 1 1

2 6 	 # U Shape
93.57593519111049 33.12643786076131 20.005051707227672 0.44458204875420515 98.04234204249472 98.48854914452001
34.45897362071301 0.37658251910481777 36.84152200540874 74.74817839943707 48.51046490052836 23.98758669227581
2 3 	 # V Shape
9.542614449444953 20.308972968315906 40.914848454679145
56.41540736944679 97.50838049286688 88.39665701212402
2 6 	 # Alloc Shape
1 1 0 0 1 1
0 0 1 1 0 0

2 6 	 # U Shape
82.56132320983463 15.9439872484329 18.418122934568594 91.86604648735532 21.143343661127812 50.92715233097124
83.64712389831296 56.99362178254525 62.088565409582486 32.91334632646379 18.86335263634712 15.280560027008372
2 3 	 # V Shape
29.520667112304178 85.34076522349068 56.26335186510916
43.55859963252748 28.67508244610303 86.39471264392988
2 6 	 # Alloc Shape
0 0 1 1 1 1
1 1 0 0 0 0

2 6 	 # U Shape
45.90874018140918 26.837141727853187 59.05893064062927 14.268043727392964 31.525655009503595 97.0554681136705
68.24528583596413 51.251349576241765 65.04817444712347 29.418894582405052 27.20153175465908 33.474154844148174
2 3 	 # V Shape
4.915404887349517 72.00716001490413 24.163911081820732
91.55723391620383 99.17725962348514 4.095851876895673
2 6 	 # Alloc Shape
0 0 1 1 1 1
1 1 0 0 0 0

2 6 	 # U Shape
82.50591075282956 43.10725344725098 26.224688676666187 15.931276609745792 9.612764862747536 81.90815294701578
0.7356238249852765 69.04206576199243 51.698651532999186 62.151474937858275 9.485187054756006 29.479604177130337
2 3 	 # V Shape
19.117946479098592 37.227961427749975 78.04130321088823
25.764653699490513 6.0242826565942265 18.111225910433106
2 6 	 # Alloc Shape
1 0 0 0 1 1
0 1 1 1 0 0

2 6 	 # U Shape
69.47977340561238 45.01610012440357 45.03439341585727 16.39379339702851 48.76755957474428 33.43061488453265
70.02963713305171 32.58491813199621 47.94940305219944 43.15479874329816 52.089795995699795 22.898111899389974
2 3 	 # V Shape
14.910908861308759 12.975752867052003 97.18849125450578
10.525307672512819 91.7262810219548 70.68337000837994
2 6 	 # Alloc Shape
0 1 0 0 1 1
1 0 1 1 0 0

2 6 	 # U Shape
22.293473058404302 32.047168496602566 65.81803070737747 17.773812239463627 46.28012587650217 53.877960899371836
85.94115311217746 52.28632315955771 81.07409632456975 31.617310319548697 83.01143828546147 8.115842644416693
2 3 	 # V Shape
1.1257928596190792 84.4706679830195 97.59926497492461
76.50424233568 85.1288989487291 43.45793299811243
2 6 	 # Alloc Shape
0 0 0 0 1 1
1 1 1 1 0 0

2 6 	 # U Shape
16.180775099375346 33.408088820256275 48.39567436197248 32.270726616099246 85.69688749377885 45.01955792766906
51.51594113854947 69.63900465335064 53.25462190346292 97.23101817873528 4.176787311732899 19.593134267109992
2 3 	 # V Shape
87.98074670441619 17.109449512530304 97.63142079819993
46.30472984558332 59.86473940071312 93.22718110138103
2 6 	 # Alloc Shape
0 0 0 0 1 1
1 1 1 1 0 0

2 6 	 # U Shape
87.3633949493766 74.75852637207942 72.21049263325183 60.30634133173572 21.09981990734787 8.122819266580361
16.36854869020872 74.68782059961542 48.615067573030004 45.982725466920286 89.17000915486365 21.38456807528414
2 3 	 # V Shape
98.40069031752677 65.19196382267303 83.510063236203
84.22941986943526 50.931950300734655 26.496036826813928
2 6 	 # Alloc Shape
1 1 0 0 0 0
0 0 1 1 1 1

2 6 	 # U Shape
46.0906106497587 90.67176819451228 61.48674421578616 0.31077575615755526 82.27440225100591 49.441645702919914
87.68978946785543 21.84719583113094 65.17428249700103 55.657621025568204 58.31227120390775 21.37967147856663
2 3 	 # V Shape
9.239471819596279 23.72538571306154 20.922687101863126
73.26067733669898 10.140454653281171 82.9683732127147
2 6 	 # Alloc Shape
0 1 0 0 1 1
1 0 1 1 0 0

2 6 	 # U Shape
51.75394385642401 90.4445839744516 70.33343212602448 13.684873666528773 7.004631393404381 9.070681458017027
7.949051471543722 6.418908414712188 82.41881121689933 7.510737257288714 73.36217121153793 8.674020466116772
2 3 	 # V Shape
27.328708303279825 21.730406171376938 55.5834001533984
10.65615893851769 46.798445167573135 78.17526677065369
2 6 	 # Alloc Shape
1 1 0 0 0 0
0 0 1 1 1 1

2 6 	 # U Shape
13.432005966763072 63.95849508376256 26.283544318707097 15.846615520977469 99.56860495740813 55.56347288635576
2.965008140700609 8.122732591936632 16.07585013598688 88.70996860406044 21.636065888154977 94.6082289877019
2 3 	 # V Shape
63.61504173762017 43.45750305910381 11.237468115084436
75.07102956471905 91.22093098036429 34.67878966483243
2 6 	 # Alloc Shape
1 1 0 0 1 0
0 0 1 1 0 1

2 6 	 # U Shape
63.26973220285637 82.83064455004897 33.77780771001264 71.867438678672 10.490813064762195 11.240149506922915
28.542154385331298 72.00484531789189 39.28168078831102 76.0359730796463 47.319098654448986 97.65185084490162
2 3 	 # V Shape
75.09820711690494 64.19953073948064 95.84595776973703
61.75315893867497 21.397908127007202 44.12118233254083
2 6 	 # Alloc Shape
1 1 1 1 0 0
0 0 0 0 1 1

