2 6 	 # U Shape
53.919993742564806 22.12549424277599 80.648135792427 34.22546256146843 53.888884906714466 0.587378555105833
67.31524781805254 21.002426217873815 93.25575928787119 37.42447494814921 75.24189220859463 76.3139001845522
2 3 	 # V Shape
87.04994552717501 11.011117825660167 30.009198039378383
47.49057659504685 67.29367191665858 25.75924329206177
2 6 	 # Alloc Shape
1 1 0 0 0 0
0 0 1 1 1 1

2 6 	 # U Shape
91.52509177586519 88.34720458277415 8.143490856823178 69.67538222028537 68.99806518266894 98.34085717043172
65.45796495052164 18.983453299709897 81.54922601389539 36.250668057515135 3.9864423244588054 99.61429610759363
2 3 	 # V Shape
68.01742634766164 73.53416790201952 66.12096185629673
32.712075072287725 73.04660914495784 18.37651447387142
2 6 	 # Alloc Shape
1 1 0 0 1 0
0 0 1 1 0 1

2 6 	 # U Shape
45.61218152233627 73.44902289458818 62.094354132229945 62.107022668881385 15.01726341960331 53.82745459850139
12.034724351170079 15.30255220213963 45.017855681402544 42.907234720670886 73.36620808382345 7.357155006150706
2 3 	 # V Shape
27.878582976294165 16.52937745810068 50.80881384605884
57.92511525815143 63.86079282274959 21.402570433952185
2 6 	 # Alloc Shape
1 1 0 0 0 1
0 0 1 1 1 0

2 6 	 # U Shape
81.11449700931405 31.21692469318207 39.95868469065446 27.624402569703697 37.18311942563267 83.31637943085234
92.91773396299628 24.656779727351964 1.4597579352609524 94.95067745078377 90.85914914482687 7.6168025688307495
2 3 	 # V Shape
53.40738478240148 65.8684341427057 97.61383431307273
47.05324478297749 80.0795329001442 57.94403550670742
2 6 	 # Alloc Shape
0 0 0 0 1 1
1 1 1 1 0 0

2 6 	 # U Shape
16.399808241071 16.31350503011425 27.796369277115407 0.7062522868663268 74.87555976570333 85.38148940056969
92.570243244667 30.214491180817895 47.41303614194492 74.03154678696606 65.06372227822905 26.761772236847527
2 3 	 # V Shape
38.9271280785603 90.52408789936463 73.0842166642431
7.624613540160274 20.627827017716914 88.83183855816185
2 6 	 # Alloc Shape
0 0 0 0 1 1
1 1 1 1 0 0

2 6 	 # U Shape
41.39895914480699 47.962577251254025 23.117884345467154 51.1657575310747 43.611962307868865 62.29017561253571
5.548960084040921 26.19889121662604 58.288665578267874 56.140135116149914 93.32057791096628 91.53719764805356
2 3 	 # V Shape
86.20793237961112 88.28009628995454 34.822684825654484
27.912171392751016 32.60740831799021 59.529009520763466
2 6 	 # Alloc Shape
1 1 1 1 0 0
0 0 0 0 1 1

2 6 	 # U Shape
20.558061544180852 98.20503575581083 45.29237005286541 95.8684969243783 89.61065597258336 44.090703676897135
40.996198940723616 66.09641720351465 93.3981338353756 80.45369751086035 47.44753025036478 49.39436141326402
2 3 	 # V Shape
25.539501241507867 60.7494158212376 6.3269073011160355
57.14734535112468 9.147924548450192 52.05341493580471
2 6 	 # Alloc Shape
0 0 1 1 0 0
1 1 0 0 1 1

2 6 	 # U Shape
61.7684881710046 13.698660118018713 43.13882184573886 99.40157265430328 30.524216557593586 29.145189074187726
81.83526581085177 42.61591061614419 28.64231037005318 62.41392229074377 16.298230315892138 53.91322878044665
2 3 	 # V Shape
86.22832117344153 71.90960249905002 44.32717741428049
94.43620310531782 84.5103078684708 97.89708573721711
2 6 	 # Alloc Shape
0 0 1 1 0 0
1 1 0 0 1 1

2 6 	 # U Shape
15.568349707615337 51.68498308547548 45.381336946221815 43.99425587260373 85.44771157082116 35.40998674511469
51.99297524382928 96.60030147421982 61.05629462602431 63.482577029101726 55.25027768441883 51.60449356069093
2 3 	 # V Shape
84.01556338113794 10.50565714094155 0.7784874103525574
68.91801790725933 2.0380497727165325 96.02759711124496
2 6 	 # Alloc Shape
1 1 1 0 0 0
0 0 0 1 1 1

2 6 	 # U Shape
6.575948319162361 11.163458806748894 56.43668576875422 97.97467326327107 11.219551751326906 9.232479508424374
14.839980988838274 42.21926105920155 27.201723371826148 3.844023221795656 85.21367024074831 20.943459503416072
2 3 	 # V Shape
43.361930692676765 43.48346890893352 59.7839761616747
84.32921949357537 3.4872358082325583 11.651126479011975
2 6 	 # Alloc Shape
0 0 1 1 0 0
1 1 0 0 1 1

2 6 	 # U Shape
14.54041797685559 96.18148864261607 83.4854705934415 46.56533782530078 45.21380489272211 50.98890581809691
22.80892394112396 62.018312856824394 63.99330419241866 61.8864960876516 97.02113415647177 45.104794919448864
2 3 	 # V Shape
68.03007517418482 38.6032697668678 63.72864879141932
64.2000961897927 49.87127135320487 81.72021691506517
2 6 	 # Alloc Shape
1 1 1 1 0 0
0 0 0 0 1 1

2 6 	 # U Shape
1.5586991089928781 52.379017479128365 58.50694125444779 20.43582195406204 77.78686444690129 2.2395881845572396
37.9175927290308 22.454317331149365 70.21955398795974 89.60769133443134 13.393721232162815 80.17512770771175
2 3 	 # V Shape
25.55147928189899 46.564997778279405 4.612036043977463
77.89916748753055 24.91983188997482 92.43258171667851
2 6 	 # Alloc Shape
0 0 1 1 1 0
1 1 0 0 0 1

2 6 	 # U Shape
73.33638953950413 35.252985606857514 14.450693061446728 69.99599222064485 94.59328010721516 45.8516320528249
55.0509768760073 75.35803085843486 23.32126305254525 23.356802088069095 91.67808032250085 53.16132140956908
2 3 	 # V Shape
88.34212731097442 69.42337094764463 97.95397273416984
48.04140179167715 1.8004910367168447 20.81371173047758
2 6 	 # Alloc Shape
0 0 1 1 1 1
1 1 0 0 0 0

2 6 	 # U Shape
49.66621365816086 70.69836216834729 62.20694724422574 49.24594499380167 97.69283195988953 60.82774599344442
89.90682288561422 28.654116786479435 94.3968988832647 63.417363041868846 26.023298765014335 30.157685688579484
2 3 	 # V Shape
58.35288905377362 26.314959943656223 31.064105197871882
16.60059464329835 20.883200506860188 97.03567394289682
2 6 	 # Alloc Shape
0 1 0 0 1 1
1 0 1 1 0 0

2 6 	 # U Shape
98.72164762916871 23.999308412303932 87.03368651986658 51.47055536017506 67.508024472097 31.86985697831751
56.911174628854155 67.97348041733427 71.03623189144572 89.76154305675628 98.28757758908172 2.175788948890389
2 3 	 # V Shape
21.5649836309144 69.24103771111861 6.912266757012942
94.39752753326349 38.025048334512476 52.67561425460602
2 6 	 # Alloc Shape
0 0 1 1 0 0
1 1 0 0 1 1

2 6 	 # U Shape
62.115212417267685 52.71974275287725 46.851476948902615 99.89584102205143 17.62517070510703 13.01340593724516
71.21075880044282 87.79058737906715 43.46551085684084 80.49690826465527 72.26570854641656 78.75945657487796
2 3 	 # V Shape
89.78869613857773 70.66683112008593 44.13828893933995
97.64203044712157 21.128109552910303 49.40660004479183
2 6 	 # Alloc Shape
0 0 1 1 0 0
1 1 0 0 1 1

2 6 	 # U Shape
2.377935580059498 79.34760404947104 22.873207348186185 8.176320722855534 52.254608764752916 65.18194393535104
81.70383979382132 51.16098067691206 0.7739536436820682 39.40628422433282 76.34647822318956 4.695446960356575
2 3 	 # V Shape
97.38707780600917 54.72082086209588 19.705094753990128
90.91709403391611 21.96121369095273 89.16663687609959
2 6 	 # Alloc Shape
0 0 1 1 1 1
1 1 0 0 0 0

2 6 	 # U Shape
1.7911177963622182 80.7737837340109 27.50874235927775 71.23791012042265 72.83329204915559 50.149933072596156
14.661436550092722 44.132594763771124 66.34832086508274 75.29605083656385 4.236232219165126 91.96131107386819
2 3 	 # V Shape
91.32278473010226 11.131076830279707 49.66378373156627
27.63581036685262 46.505922252219214 24.095747104792864
2 6 	 # Alloc Shape
1 1 0 0 1 0
0 0 1 1 0 1

2 6 	 # U Shape
78.87454181933725 26.12632063543112 1.2873757745329284 54.80452458916941 2.200867747894586 37.96757757044343
42.50220009206001 53.833163595695176 25.142349253794116 65.35222128965104 18.44770768163816 58.15971147012951
2 3 	 # V Shape
91.91259427700007 28.622773714684747 20.914678663454588
52.048697315306434 8.888617579747393 55.042721155822406
2 6 	 # Alloc Shape
1 1 0 0 0 0
0 0 1 1 1 1

2 6 	 # U Shape
29.360494700469975 28.991907004786977 27.1187293049135 17.779366633035952 16.639221880339395 10.137822239537053
66.30668135293202 96.51768112616918 5.53326365151261 24.465630330847954 54.981982769041885 61.85446423655535
2 3 	 # V Shape
58.2170647949532 30.4495946105352 34.8570406309404
4.732142415196683 52.50788921526323 51.74585435572978
2 6 	 # Alloc Shape
1 1 1 1 0 0
0 0 0 0 1 1

2 6 	 # U Shape
12.08196014010059 89.86915893152462 37.086717204746286 27.724526756826616 73.19954531398616 58.97736047670984
28.529281335238522 79.09831281101502 59.890153126855616 45.32159747754686 17.38925381579368 83.67308264563675
2 3 	 # V Shape
93.74034698130119 63.94122756670969 94.5924010750222
27.789768800119873 41.65454779487349 74.56364996359908
2 6 	 # Alloc Shape
0 0 0 0 1 1
1 1 1 1 0 0

2 6 	 # U Shape
99.93972855937682 14.263265248826418 48.94552930451533 98.18857591278982 78.52615333983188 84.32569168345026
12.049452723947118 10.967418613930791 10.236170341905982 8.694186972953844 56.84580721019961 77.35647039482654
2 3 	 # V Shape
70.35103606771776 81.44631102977523 32.13124868479521
16.044302118697008 86.20732009359983 88.43919447934266
2 6 	 # Alloc Shape
1 1 1 1 0 0
0 0 0 0 1 1

2 6 	 # U Shape
69.30472817458013 0.36739528627336426 97.3476983963103 8.14180407071472 99.6769795080102 31.597496220853905
18.38511151215041 80.85689864994067 14.97846215312537 58.66925881398828 80.96547086674335 52.25976657317888
2 3 	 # V Shape
45.87342771262959 53.814607957211905 14.336320060298547
55.064748719614144 94.04244378822378 62.66157769974473
2 6 	 # Alloc Shape
1 0 1 1 0 0
0 1 0 0 1 1

2 6 	 # U Shape
99.3460337906547 51.584584640454025 85.66404534300808 99.2426016260613 78.88142838299234 43.111256967781145
77.50082417712775 87.70389877547574 6.306879441489677 56.01556431648708 34.19965358582435 34.07182098058367
2 3 	 # V Shape
40.90248631835978 60.14692516784641 47.825800146996514
3.3895815445025845 66.59581302502127 24.01907183587858
2 6 	 # Alloc Shape
0 0 1 1 1 1
1 1 0 0 0 0

2 6 	 # U Shape
8.247444707113427 72.21156837606716 5.8737085508797415 40.2871733451554 58.12903434433273 29.41532180266162
77.6510015265695 2.651912104129117 14.351335446848212 41.01967995806726 92.29526088323097 17.77337034070614
2 3 	 # V Shape
14.22945046607591 17.719105167725292 93.13089533798723
63.12113992801665 80.56808069836137 32.87661745147091
2 6 	 # Alloc Shape
0 1 0 0 1 1
1 0 1 1 0 0

2 6 	 # U Shape
32.245157117122204 31.0186875298187 82.11898887349145 46.07834348807904 33.736305639472995 36.6961567910736
28.281814493238933 85.96086542078477 79.29216556120582 42.71896295124938 62.756983712151246 43.36223818027576
2 3 	 # V Shape
44.697235039638464 37.07597426615943 62.08167154272224
33.06614311869902 2.506957385804842 83.48641058787548
2 6 	 # Alloc Shape
0 0 1 1 0 0
1 1 0 0 1 1

2 6 	 # U Shape
0.6749864620427037 41.393975779112566 31.205434622717053 22.05693452283384 94.77070231850287 29.402811000352756
14.169309799849817 74.97468276702031 71.49860987206765 67.4814311381064 67.1214455777249 90.87077631264042
2 3 	 # V Shape
88.46012777716443 49.825776734129356 26.302904227179102
60.48889415597325 61.044892129620884 41.50381121010752
2 6 	 # Alloc Shape
1 1 0 0 1 0
0 0 1 1 0 1

2 6 	 # U Shape
74.08621555063925 12.19635904369113 45.79710929291046 87.7206443387734 90.43813478487007 14.640577793847298
14.483395242311992 11.23374939947903 22.42916404353479 79.93924107424326 10.964051095063908 34.594003829638034
2 3 	 # V Shape
23.96859133851429 95.017939775731 25.449075904248485
75.24680652812053 8.014388538316519 66.66135532942917
2 6 	 # Alloc Shape
0 0 1 1 0 0
1 1 0 0 1 1

2 6 	 # U Shape
90.38956992659863 64.33289306169351 79.92730365526845 90.70533088506924 35.797916804027665 42.61281354684229
61.181155702475465 0.07565083617669943 78.25976611176259 94.2914998875048 99.92580271851142 80.51128403210042
2 3 	 # V Shape
79.80854660103674 63.084812529449806 95.45181174522513
31.57394849356735 16.376904684664005 96.147790205029
2 6 	 # Alloc Shape
1 1 1 1 0 0
0 0 0 0 1 1

2 6 	 # U Shape
57.20333921242825 31.59440605945121 30.201913267178206 52.357994405160554 70.76347950816032 72.9388942075462
73.03157430945906 92.60357965006214 58.05060728678645 27.66924012228903 39.03182119398778 49.17545226377891
2 3 	 # V Shape
74.07295209614153 12.92090179426133 10.747915006572628
81.21492963380436 19.63114670056466 62.885576058817726
2 6 	 # Alloc Shape
0 0 0 1 1 1
1 1 1 0 0 0

2 6 	 # U Shape
81.0871691507556 46.78159200816984 51.54023578344664 79.19158473341594 4.819084332956935 11.582645232789556
81.8426785949478 69.83444841468452 15.363641740015288 80.89945912929531 78.98239814323854 82.95123420876777
2 3 	 # V Shape
75.6570565910256 5.447849460498477 60.01471980978149
12.120286729941032 43.97564439301658 92.9766307402863
2 6 	 # Alloc Shape
1 1 1 1 0 0
0 0 0 0 1 1

2 6 	 # U Shape
47.18255043439083 88.93682356464046 52.15366866623463 45.857737208812225 43.759528790942625 62.52275954440307
54.31326638328516 96.49917255382275 40.19198032539919 62.652529342943865 4.633693988820376 89.64697914030688
2 3 	 # V Shape
67.01124713118122 0.8653775204843783 57.54692492283863
73.01606580057837 37.98703060875113 39.264349271189815
2 6 	 # Alloc Shape
0 0 1 0 1 1
1 1 0 1 0 0

2 6 	 # U Shape
31.088324524070167 22.325469043474467 71.19024400841543 91.62533761419989 45.15164663771537 51.41548089455643
11.444725746029105 48.929576339053845 78.04447588542565 71.50529999918422 71.16052921935866 39.769775626240374
2 3 	 # V Shape
61.17981065314916 59.36814799457236 63.23050376524101
43.8906568351099 86.72330787328345 13.501764837231967
2 6 	 # Alloc Shape
1 1 0 0 1 1
0 0 1 1 0 0

2 6 	 # U Shape
29.95708120086086 8.331835150993182 57.83239146637583 15.112582250282658 19.489754609712527 60.14880457687669
51.916916712851936 82.65045428003492 45.07549666190732 42.88713865115299 40.71036139656544 41.0334512155624
2 3 	 # V Shape
15.711526707949952 82.85639244378147 37.84268293342641
17.977413312148293 14.262702122190706 90.52975936830265
2 6 	 # Alloc Shape
0 0 1 1 0 0
1 1 0 0 1 1

2 6 	 # U Shape
66.63124921441683 28.001205565706233 79.61939548838367 62.095153672069195 12.443021340812644 23.926205887009246
93.6449243722966 60.92767466458163 23.98621064651755 53.53474828977579 13.977913202584347 99.13395077667263
2 3 	 # V Shape
58.06471308440951 89.76738110243011 67.0682210600597
59.27889140526883 35.32709819129961 12.250336658053108
2 6 	 # Alloc Shape
0 0 1 1 0 0
1 1 0 0 1 1

2 6 	 # U Shape
12.772660634470935 52.735373828352586 75.53583659141495 90.1346401197381 94.78799251771828 11.017077503714157
62.02605415943873 21.927313509306856 33.05368145690909 50.39147846259701 69.14828060320856 94.26810565117954
2 3 	 # V Shape
43.02358014580135 31.47142442745855 27.057316151172948
87.77334206170106 11.139863177783194 75.41327953406626
2 6 	 # Alloc Shape
0 0 1 1 0 0
1 1 0 0 1 1

2 6 	 # U Shape
71.31069911889306 44.11232283240945 43.796256319430995 6.858065895028975 63.02821199512431 32.081279798476025
34.66028675152426 24.6008002399862 19.24342393997086 39.788154534694186 27.312032618456517 96.78982565722403
2 3 	 # V Shape
83.43899535201125 37.575304940568564 17.61401090795598
12.109632256769876 9.795769262826381 65.46250733650166
2 6 	 # Alloc Shape
1 1 1 0 0 0
0 0 0 1 1 1

2 6 	 # U Shape
25.45346394058152 7.902025988387051 83.4908317191325 67.8550215751891 9.067446839177107 82.68478172622737
51.19855627168375 58.977355353200736 45.18465170900393 54.718030037554236 14.725643320898673 94.42730289105059
2 3 	 # V Shape
97.91625968178543 51.84442500613411 36.57482236428894
53.365853597564005 75.55169802247181 70.5361257774215
2 6 	 # Alloc Shape
0 0 1 1 0 0
1 1 0 0 1 1

2 6 	 # U Shape
9.666305954926868 48.313237028951804 99.63470075248532 27.57237527227806 99.98670840983925 74.4671039415382
2.7935347917780295 96.07942783409305 41.26518793616689 18.158775751399414 31.18715416830671 16.503882422158213
2 3 	 # V Shape
11.118118785872323 48.01578478747357 85.2216971099245
45.4524302811002 47.78758105110587 75.89471682490004
2 6 	 # Alloc Shape
0 0 0 0 1 1
1 1 1 1 0 0

2 6 	 # U Shape
69.734653221081 16.760126867420087 76.53986753372672 38.28504016968416 99.03564462178147 87.4811634559277
68.24760017182678 41.91474743868609 20.9821551311827 54.10412214272217 13.214074869887504 48.93530032261169
2 3 	 # V Shape
6.534314050730028 18.370712092940465 26.406030143219017
16.794930737258973 58.36935711704939 80.18438618136385
2 6 	 # Alloc Shape
0 0 0 0 1 1
1 1 1 1 0 0

2 6 	 # U Shape
29.59085491703368 8.35040873147782 25.984026585825003 3.8448717179534464 75.76677375722628 35.79032053011185
84.02718216516243 90.96675457335623 87.15867280273285 74.06576716672036 37.989668652159835 3.8050996228807255
2 3 	 # V Shape
50.99502295182747 47.15459478064502 40.54695134854646
30.406751979655667 61.45732988561557 88.33171455835154
2 6 	 # Alloc Shape
0 0 0 0 1 1
1 1 1 1 0 0

2 6 	 # U Shape
1.839566948703364 46.90507328439843 77.80985512836331 29.034717550482924 88.38585852855498 41.80161659121313
87.02897544700315 77.92158058331569 25.735009621865345 17.749500287754884 87.51255392037376 70.15025794162456
2 3 	 # V Shape
17.193213286446284 69.95045160500155 1.495595200711819
20.942775464203088 27.41559190482967 86.04043737402294
2 6 	 # Alloc Shape
0 0 1 1 0 0
1 1 0 0 1 1

2 6 	 # U Shape
89.51729375319469 53.579598107008216 6.010434844113421 70.4900233933812 16.469970122423007 67.15011180733796
43.120183509914554 7.982626885294042 80.31682958152136 77.80250929696754 40.92157828607705 62.11171542007254
2 3 	 # V Shape
74.57185986700196 43.73622080148037 76.17221399869396
36.39499902021661 10.293830746253851 70.65543337282259
2 6 	 # Alloc Shape
1 1 0 0 0 0
0 0 1 1 1 1

2 6 	 # U Shape
12.90308320559701 92.84018983043524 28.890170077204836 45.025122543881565 45.16493958000787 42.69835163122661
73.04737212854921 7.20143178312227 58.577643602381244 77.83171117514826 39.38471186541803 84.70397422469406
2 3 	 # V Shape
81.02302748984023 37.47648179573028 19.16021899837529
49.973860556576 85.44159955970142 15.548369003003737
2 6 	 # Alloc Shape
1 1 0 0 1 0
0 0 1 1 0 1

2 6 	 # U Shape
43.803034726328484 73.9672541894226 77.72218272344963 35.533044677040515 76.52223281638213 41.71202070203106
31.210227079081488 61.98622276981421 60.3181273218374 53.951142789068776 43.594554697011745 58.019854792105775
2 3 	 # V Shape
84.40461686660996 2.9512667640604784 41.41752682939589
25.763973933958162 15.116353137897354 76.78053197744077
2 6 	 # Alloc Shape
1 1 1 0 0 0
0 0 0 1 1 1

2 6 	 # U Shape
45.208241658917856 73.73178661155492 48.49941356508012 0.6016274411499767 95.22613059928482 27.056878656362304
96.0853817193336 73.26169883126646 63.76960223377414 69.76033866097266 64.2762730027598 9.458042756507856
2 3 	 # V Shape
55.518544370125454 59.64950813007726 67.99803722389237
87.8509754708578 38.44632875341761 50.67026988922597
2 6 	 # Alloc Shape
0 0 0 0 1 1
1 1 1 1 0 0

2 6 	 # U Shape
41.75318196975487 85.47203105037863 93.96791251867191 30.988422151775154 91.76473839474937 82.0437122439765
70.2155133610345 80.72057008494048 91.28825581082329 95.67772108513924 20.476315251371492 14.09337565987765
2 3 	 # V Shape
71.32925953545967 82.92890078087748 84.03473967533695
72.94961103342949 67.17266703106766 71.77767032395123
2 6 	 # Alloc Shape
0 0 0 0 1 1
1 1 1 1 0 0

2 6 	 # U Shape
53.77966591995855 20.543022068081264 13.389453349948576 37.00209488693381 57.70091205420918 23.441499000257913
31.63149781300949 79.58438270836739 46.278487919163304 44.3861685607853 50.275737262988926 99.09188842184844
2 3 	 # V Shape
53.538343529418356 31.081363981396937 0.5581719251989692
34.96524604269452 36.82727501029224 18.39106959805099
2 6 	 # Alloc Shape
1 1 0 0 1 0
0 0 1 1 0 1

2 6 	 # U Shape
12.116582566041888 76.48841898485797 27.387015892468792 80.54606095318198 79.439672930389 24.328070067102747
63.61893709642396 84.79100059239755 89.7725900202646 17.65981756342273 29.11273761742742 51.30587185346423
2 3 	 # V Shape
83.65513147347976 32.51597880179437 4.430461932005225
45.12823070663623 95.07526773893727 92.14780594666979
2 6 	 # Alloc Shape
1 1 0 1 0 0
0 0 1 0 1 1

2 6 	 # U Shape
69.25791064903895 22.791391353443856 89.00078725971765 70.46438356265764 85.97189489110465 17.818704847164433
41.850964088949695 39.337190063730475 30.052225898623597 85.34058858845631 56.634374102431615 20.222297502459273
2 3 	 # V Shape
79.9121907947707 96.85685241817717 99.47521148964168
47.970917085819785 63.19889331896644 22.45779834557844
2 6 	 # Alloc Shape
1 1 0 0 1 1
0 0 1 1 0 0

2 6 	 # U Shape
65.92635263694724 98.89883155780736 68.38858761107022 46.314706003825634 78.33608802261841 75.64336160328946
51.1497696515804 68.06785521314342 95.01852568757455 56.10705597868923 33.16960271645425 98.25153648975144
2 3 	 # V Shape
19.468632402511133 96.237058706932 8.078919114779948
74.13117978131186 2.39181506726005 71.89041453303905
2 6 	 # Alloc Shape
0 0 1 1 1 0
1 1 0 0 0 1

2 6 	 # U Shape
13.474285890839145 6.864173614608893 52.53089895084789 0.8306663086004917 15.424005081513126 27.930926806681644
41.38446682753057 77.9404299334132 54.180579770565586 69.08420611720378 71.94055890200846 88.30365162208726
2 3 	 # V Shape
21.316515695125947 60.34802290280259 57.250745458332084
90.85446703147367 32.33080873984934 53.31363822175545
2 6 	 # Alloc Shape
0 0 1 1 0 0
1 1 0 0 1 1

2 6 	 # U Shape
45.487423822412346 26.935004441619448 39.68455116499526 32.54080082368366 24.670418459413334 16.33565785182507
34.797135556851714 61.46503952611787 68.55021669187525 50.971892150987365 60.29225266371101 58.28960956113056
2 3 	 # V Shape
75.92422286049337 21.1379959860998 21.87109154196536
13.889721703200653 64.02720569299814 21.18258523360632
2 6 	 # Alloc Shape
1 1 0 0 0 0
0 0 1 1 1 1

2 6 	 # U Shape
59.353170409302955 47.00933097024746 58.976050607327714 65.25903603166127 33.97878806244034 66.50081582402872
88.47968983456997 95.34887895967816 94.87218202989743 53.57267331870636 84.95628814945924 98.51947285191548
2 3 	 # V Shape
64.73629274355926 46.72982875068479 81.95744757164081
28.658379597110574 33.438577576184116 69.58487844210448
2 6 	 # Alloc Shape
1 1 1 1 0 0
0 0 0 0 1 1

2 6 	 # U Shape
75.79744981034806 41.64473551266907 98.23078984216379 62.39175332741343 13.299085215359629 66.25246230686794
75.2531865884921 46.34976361084697 41.82962087557832 15.311527765159427 25.18442423868357 69.50602815169336
2 3 	 # V Shape
67.09314942610285 49.42431925845556 71.58418202521669
0.3693989559608979 52.00161498754243 20.087167128988526
2 6 	 # Alloc Shape
0 0 1 1 0 0
1 1 0 0 1 1

2 6 	 # U Shape
26.32275774989693 53.53203225626597 6.335387893175126 96.10178774842826 8.666720187980637 57.59313339480517
32.445251924124655 1.0662376112475669 6.452622215205173 35.4046059406545 46.47313195622513 94.69536510945944
2 3 	 # V Shape
48.697986640476344 43.13746962466859 80.10584736379131
21.078552945609708 93.51521614527375 88.01409844703264
2 6 	 # Alloc Shape
1 1 1 1 0 0
0 0 0 0 1 1

2 6 	 # U Shape
86.6239569124685 83.68283119562116 21.843921267457944 77.01744793448974 98.62657596528747 90.04510863205928
53.283135276629615 87.41043586184895 26.428854734557618 99.37451095214516 62.044214263317365 53.84204346091638
2 3 	 # V Shape
84.81787662291201 60.7786133635211 53.78869935452785
12.415827421159264 75.97561243570674 76.37604404441485
2 6 	 # Alloc Shape
1 1 0 0 0 0
0 0 1 1 1 1

2 6 	 # U Shape
93.56304788128689 7.107712698692026 77.06078467238912 83.86315839606523 78.63781766626738 40.20081400856462
17.45993150387357 47.48007606335148 69.7627734946705 69.45483336944403 68.66445001006537 12.2261391256553
2 3 	 # V Shape
81.25112128212987 54.07837857225829 2.8478583377580136
63.9823389382955 44.56751720533706 97.90232208622896
2 6 	 # Alloc Shape
1 1 1 1 0 0
0 0 0 0 1 1

2 6 	 # U Shape
14.919672425573427 60.88986016892526 56.70828751813277 73.54022772300051 36.11722169657613 32.18508792841332
85.09476144358143 99.79190394515024 68.35668716526781 90.63367740173194 12.889135378985216 91.27068024298448
2 3 	 # V Shape
44.456726210443435 72.3202247824228 97.85608036247298
99.32085940465609 56.13029374689735 37.95919824764755
2 6 	 # Alloc Shape
0 0 1 1 1 1
1 1 0 0 0 0

2 6 	 # U Shape
31.17873332423986 84.0205768586996 23.628776596175317 29.96136961770407 83.95512537195006 11.219864133646794
90.28446078223698 20.245257984992904 55.81660917519138 42.678829974036645 20.096686442556834 91.25103837637877
2 3 	 # V Shape
75.23417701039432 64.31389434643557 89.9985393930903
60.18399126072654 14.498971286014594 45.778879813843254
2 6 	 # Alloc Shape
1 1 0 0 1 0
0 0 1 1 0 1

2 6 	 # U Shape
96.99915509464103 19.613061993197224 13.312706155105513 8.367511763520186 94.08308970443947 41.983263792808756
39.032403591415964 58.18129290507138 7.831606157279946 43.97488172471302 44.05704859631826 15.313997598628637
2 3 	 # V Shape
97.12228915349127 55.86877533068234 44.5219062804903
55.94539970299599 4.248629282382222 79.63198446458105
2 6 	 # Alloc Shape
1 1 0 0 0 0
0 0 1 1 1 1

2 6 	 # U Shape
37.34822909612107 37.45483105279762 5.3248059295807 16.950436033789394 98.34307895949831 7.444027918208307
52.05382865701539 6.748590500780072 14.312746657817055 19.404794798462454 87.13957053851938 54.45131213907999
2 3 	 # V Shape
88.72245525481705 62.959863956150244 20.0452703791106
84.92753821271005 22.904390525996774 11.576363078939679
2 6 	 # Alloc Shape
1 1 1 1 0 0
0 0 0 0 1 1

2 6 	 # U Shape
65.50219130688642 98.38819088287998 83.68320106118152 48.91506644665331 55.03019546395036 54.24014373723286
46.1384495851366 45.45229351397616 94.04266150044226 55.1037234297336 70.18302234307481 70.70120266654989
2 3 	 # V Shape
89.08743547574998 34.434212871125666 31.566462278706155
4.796833849000914 30.454531785400242 2.6240102155227207
2 6 	 # Alloc Shape
1 1 0 0 0 0
0 0 1 1 1 1

2 6 	 # U Shape
21.084193706164477 54.75275513070479 45.522147104263254 91.03135631694697 9.020137649943482 35.436002691221255
92.05832050332873 96.73931717118371 74.49376877904244 64.63432140224687 24.16255871690981 34.7441160438762
2 3 	 # V Shape
51.88856593516489 10.443262280340393 46.46000759300604
49.223766934455796 44.18507876852171 47.23616834995208
2 6 	 # Alloc Shape
0 0 0 1 1 1
1 1 1 0 0 0

2 6 	 # U Shape
35.24562978988786 5.4556292121575645 37.05966713926985 34.98714254748154 66.9817230784005 91.6047747406182
61.32399509343935 67.1473579929967 14.355271025305594 49.86546720608579 86.262283948712 24.548411684156267
2 3 	 # V Shape
39.502867543125866 56.66209608870601 4.232400062315889
67.88078185661752 93.85824103365492 17.644908255182724
2 6 	 # Alloc Shape
0 0 1 1 0 1
1 1 0 0 1 0

2 6 	 # U Shape
86.66616204740475 86.20546532283461 12.457926793689655 54.39804755134681 90.30824282210739 71.62410797991853
16.288190147708615 91.56918797087584 64.14321780051328 79.37061865355044 87.4220554486929 8.359873295641574
2 3 	 # V Shape
88.59156743029024 29.874584471115938 23.94724852266562
25.466162240687197 18.21806402140137 62.83324313874302
2 6 	 # Alloc Shape
1 1 0 0 0 0
0 0 1 1 1 1

2 6 	 # U Shape
32.93712476372021 7.346370959603266 39.298996721914015 64.65142380983377 9.288792121446987 37.076822391810246
92.43607503643348 39.041623575009 72.32257775575546 27.11725687294266 14.636436689850562 19.51136952959125
2 3 	 # V Shape
24.880060253239044 51.00930972411793 75.53962188307285
74.42896528348835 80.35878614920848 72.27427912869348
2 6 	 # Alloc Shape
0 0 1 1 1 1
1 1 0 0 0 0

2 6 	 # U Shape
92.1730227416349 44.532860236748775 70.82274543257931 80.81593290351906 91.49152786413399 21.59871452976144
69.995045429156 28.261030123460152 1.598376765753562 68.27112482386615 98.68439365255885 50.527546586662986
2 3 	 # V Shape
72.1646945931789 11.114747124419955 15.719212842146046
95.67165140612028 65.63767303029164 88.82601431899401
2 6 	 # Alloc Shape
1 1 1 1 0 0
0 0 0 0 1 1

2 6 	 # U Shape
92.43625228826772 19.53040936533814 26.528656356279324 75.21388221357242 24.05107191859116 28.3843455319288
62.7041502658177 16.713092410827024 72.82959144935566 20.550380224018195 4.028685802386334 47.01498329680902
2 3 	 # V Shape
56.25617314896808 91.33141809719967 99.30147162507923
38.055916446927604 46.528787146280024 80.42800070896094
2 6 	 # Alloc Shape
1 1 0 1 0 0
0 0 1 0 1 1

2 6 	 # U Shape
61.95038759547029 70.93566022679454 87.74847532203289 54.069199685405536 57.34004351649411 61.5623567901348
77.95134083614066 7.1718568535503735 38.295734039283545 1.676132791327889 25.90986370719639 43.408539796770874
2 3 	 # V Shape
38.398406070023064 37.37448449011534 15.882499556490748
62.957395324237865 73.11868406519582 97.68117323785653
2 6 	 # Alloc Shape
0 1 1 1 0 0
1 0 0 0 1 1

2 6 	 # U Shape
92.02462920427261 9.795157597883996 85.1086376853162 40.30926276461363 40.245156844932716 38.75384622378276
35.83542293333779 31.054475084244395 28.651592671724412 7.530208468652866 31.64993625995879 35.685580183332036
2 3 	 # V Shape
89.20626118655154 27.663221176609675 85.70308962812459
45.89415704790207 86.89469759801744 36.84894355259013
2 6 	 # Alloc Shape
1 1 0 0 1 1
0 0 1 1 0 0

2 6 	 # U Shape
99.95064293868349 85.5606480182704 15.94298921578109 48.770167829432786 57.65508751517102 82.10656651808205
27.36288180168689 44.22730555595938 56.78230095886908 13.41946720964 57.187433666127305 61.11000403412237
2 3 	 # V Shape
27.24896102403448 10.570355147208277 22.672165790585996
51.589876711504346 89.79360340361609 39.8265432016211
2 6 	 # Alloc Shape
1 1 0 0 0 0
0 0 1 1 1 1

2 6 	 # U Shape
21.832109906512354 61.45386642390594 77.42474596944089 32.32823394267748 18.712172559559548 31.378448699941753
60.57734041163365 14.079969744585785 38.18650540297146 88.4176062075546 6.375464164234435 18.460666056952068
2 3 	 # V Shape
79.74855119377436 95.11753833027855 73.48896702251496
28.034728309548672 28.40922988573773 83.44855008655354
2 6 	 # Alloc Shape
1 1 1 0 0 0
0 0 0 1 1 1

2 6 	 # U Shape
67.39726054181936 6.04830032312128 17.82100193904349 74.4092340159722 16.361515008609917 96.56019626467838
81.44589851481683 57.29120946121191 33.56756132558976 72.7274748124293 24.189358531335138 87.3899797350333
2 3 	 # V Shape
3.0058865907546473 26.434599838117478 24.42836030023976
2.6690635411124597 1.777409936067087 57.322878460199476
2 6 	 # Alloc Shape
1 0 1 1 0 0
0 1 0 0 1 1

2 6 	 # U Shape
79.26462948225935 12.942808524064397 25.710338514338616 4.586373465357263 65.87455833441336 94.8369830018095
32.918702602626425 66.94838045035523 5.229177961760945 27.43569328778498 78.59479157923258 17.73393816732596
2 3 	 # V Shape
74.46350785510803 40.99972815234081 54.72586477551141
2.0221882982083383 47.29526112622436 33.23876625805676
2 6 	 # Alloc Shape
1 0 0 0 1 1
0 1 1 1 0 0

2 6 	 # U Shape
64.46880823422715 7.796176053655457 23.515539213609948 56.748280636351645 39.60124944803975 44.98704714421209
9.275912403642273 29.07864159053739 74.77065580181086 5.125299620252499 19.954968608053502 65.22441318099793
2 3 	 # V Shape
29.966315289099864 63.09257341346483 65.41764892262792
83.01350296710109 92.3250635238868 95.02252929776155
2 6 	 # Alloc Shape
1 1 1 1 0 0
0 0 0 0 1 1

2 6 	 # U Shape
8.068907909907663 19.722751132035 60.386407890320314 80.79722549929154 43.667244441345055 24.349890498645934
19.505092877051077 89.28459989095292 57.32635390550771 13.723499305513087 9.33487702483352 62.08494853765956
2 3 	 # V Shape
28.958617875725334 99.09941823500318 35.323744997569094
78.93300703821522 28.58904175334279 55.81662328698114
2 6 	 # Alloc Shape
0 0 1 1 0 0
1 1 0 0 1 1

2 6 	 # U Shape
69.56535638719508 32.65601122060784 7.1159778512489 88.74535116524875 81.00780154413371 27.66842835389354
30.221497614890282 50.92541461351892 26.75933134290337 68.40996070994386 94.07292677082569 65.30703252393069
2 3 	 # V Shape
53.95375780532496 17.459626645919833 74.77255700756676
88.78904802915972 69.15875627864992 8.792312963333016
2 6 	 # Alloc Shape
0 0 0 0 1 1
1 1 1 1 0 0

2 6 	 # U Shape
15.406274490772741 31.160566569488957 73.24579236934208 75.4275647053546 7.162396873373888 57.48829598983117
56.135618098841654 77.43997835640232 96.32047154133127 66.16396874488406 60.54377140625489 79.07349792092995
2 3 	 # V Shape
64.42546576257904 42.50396114186492 23.18327404144075
48.37752868052599 22.114928600752727 75.74353830834552
2 6 	 # Alloc Shape
0 0 1 1 0 0
1 1 0 0 1 1

2 6 	 # U Shape
49.76895613413852 65.71147642653877 78.25058106331669 12.640215401135013 76.35774978134668 33.046460524355666
9.278346006237658 54.666580514208526 36.66250022402947 57.36898741216597 78.82258801367199 28.752708454143082
2 3 	 # V Shape
31.91302156881861 6.384316743309815 99.18728294338383
48.56749471944967 2.982277147351975 72.57856080824658
2 6 	 # Alloc Shape
1 1 1 0 0 0
0 0 0 1 1 1

2 6 	 # U Shape
87.89377299899225 46.69860014474646 76.33866865143196 81.73434538581536 80.49628149112704 11.816473615512047
33.95824926316809 72.20424449643289 68.32975414369115 78.42025113535091 97.34856669595835 81.23460236320238
2 3 	 # V Shape
64.49385607650991 82.64312514485601 28.45167258480735
53.96382596966571 81.90722654678528 59.423406668494415
2 6 	 # Alloc Shape
1 1 1 1 0 0
0 0 0 0 1 1

2 6 	 # U Shape
65.67902396045562 69.89145712158519 65.09329850951299 20.994364327295976 77.01193454442082 17.6030973050359
33.836344645093696 67.05260329232264 58.49685976561475 6.455728272300377 58.256633786112154 63.115094550116154
2 3 	 # V Shape
98.92826126750394 12.756517276730461 95.00606515314138
74.2505769545083 47.23549270036068 80.54556087095396
2 6 	 # Alloc Shape
1 1 0 0 0 0
0 0 1 1 1 1

2 6 	 # U Shape
88.0286655364254 58.09227571413012 77.9118564977909 98.47679975651891 2.5374864827247934 73.24093382169838
17.9365021023291 34.3752236996732 86.15583241436826 85.88637368362323 96.2010734862136 90.22108437185122
2 3 	 # V Shape
66.60571576177709 55.533146733194414 52.27126572396883
88.04645181541278 9.267411885488963 70.78529464328466
2 6 	 # Alloc Shape
1 1 1 1 0 0
0 0 0 0 1 1

2 6 	 # U Shape
28.961603281037895 64.95103531928775 88.72017226982113 9.67031280679793 49.12879488851015 3.6462317291215074
87.65102989618691 15.523010014354844 85.03220231803863 92.41861207571112 65.49299772328145 95.89635358554862
2 3 	 # V Shape
51.71685409990461 29.65818068796584 49.18800645730671
11.423012371297459 18.349360581356756 51.67527033111173
2 6 	 # Alloc Shape
1 1 1 0 0 0
0 0 0 1 1 1

2 6 	 # U Shape
82.97345513522639 61.56565685922828 54.67771731525944 9.13898564637905 58.07765680143707 23.313259101998398
70.3534448054535 0.32895284792535673 47.06613056272217 27.085228671512183 4.604794346359798 97.44045848373854
2 3 	 # V Shape
66.0920103345329 81.97927745553457 23.02251372292311
98.27424894504634 71.4057071779241 5.490046094359913
2 6 	 # Alloc Shape
1 1 0 0 1 0
0 0 1 1 0 1

2 6 	 # U Shape
19.86252242426102 31.087491214365436 77.20857079256311 5.031760228124826 68.8890826156082 15.02851690246343
41.75932587170862 90.71675791195997 34.83777439210418 71.16093599661583 61.95522508716914 60.18132146884382
2 3 	 # V Shape
10.260569961323473 40.82789651901425 4.503652377628531
67.97731716688027 36.12447810300715 71.2281768748431
2 6 	 # Alloc Shape
0 0 1 1 1 0
1 1 0 0 0 1

2 6 	 # U Shape
41.946206081722124 16.709820048163483 19.32010252507733 57.35114805655036 41.964131346864434 36.44710914438918
25.809651534508006 88.87015821044 22.63187266326546 45.78643272330608 13.003783025228744 51.21380631149744
2 3 	 # V Shape
29.39739795020192 61.07933890937919 89.69408769455067
23.734599235201447 30.044308313730028 3.825482246517642
2 6 	 # Alloc Shape
0 0 1 1 1 1
1 1 0 0 0 0

2 6 	 # U Shape
18.81040769652067 73.5080411205346 84.29698334803174 63.6739575096052 7.306616586161796 51.80006072625459
9.68574341241737 13.837681614882225 7.524160687709003 92.49997939403701 22.95579899535537 72.4596154301106
2 3 	 # V Shape
25.27106015191031 38.1696147726456 30.070409768744288
65.91480964987 84.47772007556215 19.487799263973237
2 6 	 # Alloc Shape
1 1 1 0 0 0
0 0 0 1 1 1

2 6 	 # U Shape
32.3184672955287 82.85096068246024 99.2496558144557 28.009201092160694 99.42338192016462 20.751863463047616
17.273550173587914 63.70640069582627 54.56145978483541 80.47747858719264 96.56625669318159 73.46265896888023
2 3 	 # V Shape
12.116245757709699 95.4254985752154 92.32254241860582
1.1158038203617937 23.260291157038004 6.408723094973945
2 6 	 # Alloc Shape
1 1 1 1 0 0
0 0 0 0 1 1

2 6 	 # U Shape
58.015709238408455 54.96214359038887 25.45732538397004 6.01682296877798 47.1811715393301 40.03807114310457
46.30851917896155 52.80087840074278 62.7554131051255 74.62819363872593 57.50750274699815 63.310674343760795
2 3 	 # V Shape
88.36910732627136 46.84357784620487 94.98538043846125
68.42133800110773 36.908415387067215 16.018593776064115
2 6 	 # Alloc Shape
1 1 0 0 1 1
0 0 1 1 0 0

2 6 	 # U Shape
23.12650200664137 16.433260079110234 12.74802935542313 39.99138327062446 58.70683851030248 97.70106096761664
82.30778452787729 72.43644285668921 92.5495703084373 56.74663639950399 8.67620124273084 94.14491668102269
2 3 	 # V Shape
68.49211701736573 95.331846315946 25.816824720964892
73.17176262007993 31.226806327650504 20.69590047463299
2 6 	 # Alloc Shape
0 0 1 1 1 1
1 1 0 0 0 0

2 6 	 # U Shape
12.1871048842358 56.84382331165675 30.925519973578663 51.010031003555355 63.30235370158274 98.27200697107277
48.788566396990106 29.62644375714757 37.34412481860417 78.95533561840237 81.03014477904254 93.49657958748423
2 3 	 # V Shape
68.00948890777309 91.3625327988872 43.0318931402707
58.67330781620361 41.98235185217928 69.9103885405169
2 6 	 # Alloc Shape
1 1 1 1 0 0
0 0 0 0 1 1

2 6 	 # U Shape
33.628810370035026 57.870581316083594 59.44450786293503 62.84729173765453 80.29160898321149 80.54790455093203
0.30523426167694545 62.49579173731081 1.0409980842609023 22.394900406205743 32.254041195093954 22.092187435978683
2 3 	 # V Shape
88.16648437212893 45.65144308072087 64.58327249156338
61.67693296820104 23.896038881255333 46.97136680923971
2 6 	 # Alloc Shape
0 0 1 1 1 1
1 1 0 0 0 0

2 6 	 # U Shape
88.76852478724464 86.85104934255192 62.67823791967208 55.592499633492174 92.35582819499528 43.25909094887962
9.102825433871352 93.05918281314347 66.47868951340564 77.6504266806682 87.67979759707598 39.831457457167595
2 3 	 # V Shape
37.599315674143554 30.021448496840907 57.85285718613945
72.38157241907562 70.45000432633569 59.65786644849239
2 6 	 # Alloc Shape
1 1 0 0 1 1
0 0 1 1 0 0

2 6 	 # U Shape
45.62861034700671 56.67136580809024 87.4120603830585 54.612372006812784 6.351456629524154 89.93549399961059
4.180639131862618 88.47106751681741 98.17357341159209 57.90196276636708 98.85789258781399 68.38469584136668
2 3 	 # V Shape
37.31834579771455 8.898531307120638 93.2201617880528
6.1503073253362235 75.16452636506615 75.96958137350649
2 6 	 # Alloc Shape
1 1 0 0 1 1
0 0 1 1 0 0

2 6 	 # U Shape
14.655266714052285 11.184323660451012 63.662696605170545 71.4324688568789 52.46077515512159 51.15609564938322
64.98675434730512 97.97063364201331 73.85375713038293 90.34059851802925 66.35407347812823 81.30022669322744
2 3 	 # V Shape
25.738228180475463 5.105176604655004 57.04523425242336
36.95613249298226 4.197926022789877 17.469653189348055
2 6 	 # Alloc Shape
0 0 1 0 1 1
1 1 0 1 0 0

2 6 	 # U Shape
21.40144807907578 5.654047616485524 68.68061190250539 1.246580526720542 89.6971069338031 18.710259351734393
30.16122783774583 5.534987131412428 77.21364875145392 37.30253365027898 14.458099479942632 31.173201696435605
2 3 	 # V Shape
69.87589682924306 59.25924750441089 75.06913120838392
73.42752922321162 43.759485895816155 92.49943292088784
2 6 	 # Alloc Shape
0 0 0 0 1 1
1 1 1 1 0 0

2 6 	 # U Shape
91.14358314538903 14.523858607700946 88.8949795115892 89.9374039693182 93.3022911782375 35.39164908148054
69.74832825877368 39.699936506741295 53.135485143515695 18.43206353547968 41.515500117927694 89.90758644576242
2 3 	 # V Shape
79.68071571471377 8.951270722275096 74.53950275942037
14.232364693255883 46.38301426373058 60.3331728444837
2 6 	 # Alloc Shape
1 1 1 1 0 0
0 0 0 0 1 1

2 6 	 # U Shape
51.14765671366467 87.99558718612424 84.3856238999553 30.2746794041266 33.12797008045879 81.30427018608441
82.92919256115663 32.43788339445862 91.2682629491127 20.83378465436705 55.89369282392853 96.75208292895896
2 3 	 # V Shape
22.562345541082397 34.82849576278816 14.265069733429636
73.73113223503034 93.4477872995655 92.07013534656616
2 6 	 # Alloc Shape
0 1 1 1 0 0
1 0 0 0 1 1

2 6 	 # U Shape
85.93921330518327 46.29856749718807 69.86343647631584 99.26197087601254 22.12270923756795 42.766252953975304
62.92869753530043 78.19840715868645 25.455319704182024 62.40143073879453 69.63951835511824 1.0271709199129342
2 3 	 # V Shape
69.37589512808464 22.66708122120035 0.7709108943109055
18.539082676689656 70.38443100476263 47.464584203304696
2 6 	 # Alloc Shape
1 1 0 0 0 0
0 0 1 1 1 1

