2 6 	 # U Shape
67.19770812804666 80.65937981616575 98.2741914544214 63.56607347968526 21.59232560471803 54.902743208427964
54.55599580092261 23.40760731470016 11.372584300707944 49.965926704895466 15.210842242178801 53.268608055726965
2 3 	 # V Shape
38.7006768446549 68.83273834221643 37.29271564083929
94.61600449633926 77.73579181067069 60.80343030674544
2 6 	 # Alloc Shape
0 0 1 1 0 0
1 1 0 0 1 1

2 6 	 # U Shape
77.9033750778338 80.82665107388681 72.50253897321808 8.298246975113798 89.35202013442563 37.744615355590696
32.58557061995017 34.277815410322724 33.43115286943138 20.42154424717051 20.03034431052746 27.789370772642307
2 3 	 # V Shape
39.82442692692868 10.03674938850464 18.29048588830522
93.18153573553174 74.05185875622809 24.415841597196998
2 6 	 # Alloc Shape
1 1 0 0 1 0
0 0 1 1 0 1

2 6 	 # U Shape
44.89217570018435 3.127758666552116 85.91044903080123 18.252879402305165 72.83094463286277 96.73682786626925
89.83157458733268 83.43715027909192 59.05078040283765 36.14592485935443 16.483069676401783 44.02117604413666
2 3 	 # V Shape
76.01865212686305 44.22738328726695 13.052339190334605
18.204234531958974 99.743733244964 26.88519014047038
2 6 	 # Alloc Shape
0 0 0 0 1 1
1 1 1 1 0 0

2 6 	 # U Shape
66.90624907683382 95.78432732211525 70.22516656958899 32.740784060362095 69.34995744350451 16.052483281843998
31.547908291880912 68.11911118116751 8.927461229817634 74.7194856213263 32.435363100594614 57.98082207386922
2 3 	 # V Shape
19.778543769260505 85.58017924865054 78.24837512338267
90.07239593674959 33.598178502311804 92.46746456777734
2 6 	 # Alloc Shape
0 0 1 1 0 0
1 1 0 0 1 1

2 6 	 # U Shape
66.99439053354557 89.29616473916475 34.75577283238365 63.16655437677292 18.84931951882429 34.82845613823618
98.47770719590596 75.16312390912312 83.30600433851461 14.20305629591706 1.4979197663230304 85.72744718510954
2 3 	 # V Shape
71.19454425744 85.65401868284167 86.16043304298478
79.58041137284613 47.710410991583444 9.318029011083084
2 6 	 # Alloc Shape
0 0 1 1 1 1
1 1 0 0 0 0

2 6 	 # U Shape
30.33046825081763 33.142930215218634 5.6686266327217405 2.9364493641441447 12.613087143994761 9.960114391646325
16.2180741260738 15.088139339611384 31.239040116674577 55.98006166047904 34.80439103883216 34.941538274791654
2 3 	 # V Shape
61.37055535512614 7.022964247308394 59.75705765753162
31.18984598798553 25.215345299998027 52.546590847057
2 6 	 # Alloc Shape
1 1 0 0 0 0
0 0 1 1 1 1

2 6 	 # U Shape
20.73784250938192 37.98911969876221 18.36164144725356 48.636239703774564 6.0526567455402525 4.2419133629680195
66.71035088709226 7.007925347440236 59.371493098051516 74.47905627836555 84.69962489307773 51.21036801743922
2 3 	 # V Shape
12.489571073937256 23.37106733572256 27.274570667578026
83.30606568301508 75.83082384989844 25.963477779218614
2 6 	 # Alloc Shape
0 1 1 1 0 0
1 0 0 0 1 1

2 6 	 # U Shape
84.70515087557428 8.203183389714397 10.632956221260637 78.4312915867613 86.44172191561195 36.487598048204276
9.833603119427892 85.86359397906354 11.010505217052724 11.659282648731484 42.50028772481438 2.7473008201872595
2 3 	 # V Shape
12.359902522121269 1.7534314743064883 41.160931606723594
47.24597893914806 8.268172460873968 21.580772998355958
2 6 	 # Alloc Shape
0 0 0 1 1 1
1 1 1 0 0 0

2 6 	 # U Shape
64.17193905198543 52.643768843088054 19.26123361340779 98.0328347703074 15.401655534776438 85.27445826207841
66.40850174178757 23.212703741814522 74.63002634900829 5.71361284285018 49.02589209577363 48.41880968973011
2 3 	 # V Shape
59.54151258307911 9.243052796434458 93.91915186366177
95.35701855415188 52.37772878351951 65.96387129554249
2 6 	 # Alloc Shape
0 0 0 1 1 1
1 1 1 0 0 0

2 6 	 # U Shape
9.126212613680684 42.97912425720938 10.295325343922846 34.63125746312026 69.44834491879061 41.72053638608515
15.282440000454978 74.32985398212696 45.77500920520032 12.78628031348774 39.830299483347154 20.38676940658898
2 3 	 # V Shape
59.70352296789297 94.07708554803533 42.255596965201846
80.45330911968098 79.75720367743023 28.65322895218563
2 6 	 # Alloc Shape
0 0 1 1 1 1
1 1 0 0 0 0

2 6 	 # U Shape
89.6899061088446 73.2361862940488 61.49198892672592 83.787946609322 67.93946260325609 72.01669376618976
77.49984858573738 72.42834324397249 34.57105941923246 23.14300747464855 20.099338300343494 85.58314238699519
2 3 	 # V Shape
73.1741914751158 54.28409212598123 20.264181019874606
53.03706067571673 30.493130619838627 82.27976594500295
2 6 	 # Alloc Shape
1 1 1 1 0 0
0 0 0 0 1 1

2 6 	 # U Shape
3.868298120726754 85.78662007173622 31.587092085253722 76.81318820327756 46.41811569966483 86.7039179933782
98.75364091488161 71.75912165394719 77.20540388991715 48.98743190881294 48.818924654364004 85.69142863339384
2 3 	 # V Shape
33.93671912409479 29.56681399884179 0.72993718474893
71.4867138769824 1.575982147697974 63.20322100257191
2 6 	 # Alloc Shape
0 0 0 1 1 1
1 1 1 0 0 0

2 6 	 # U Shape
79.43365640947773 12.074559325072265 2.3251633557041074 10.117916502015534 83.55923926055615 67.21389956550617
67.26525953156872 11.91770675391467 76.5748551582324 43.84211714787843 28.53041058506832 79.64808960053527
2 3 	 # V Shape
47.93963959576904 73.56461235988567 41.46567098168502
10.995634705797519 20.27172757825173 0.5217706553757528
2 6 	 # Alloc Shape
1 1 0 0 1 0
0 0 1 1 0 1

2 6 	 # U Shape
15.937568085119958 92.94748028203662 62.7059638262372 85.96008386557212 13.43566036345819 81.8458092755456
60.71513282276902 83.03070796838867 83.07191004919153 38.88340751949772 92.03323669738758 46.066238983791784
2 3 	 # V Shape
48.80676101343096 50.68877945388002 0.6544831683600094
32.076492780588126 42.36764571202764 7.381865143546895
2 6 	 # Alloc Shape
0 0 1 1 0 1
1 1 0 0 1 0

2 6 	 # U Shape
82.97276340531977 19.855646934806657 28.34868065251638 89.41344998544075 72.87877097592421 6.336080100595554
66.23879647019024 18.83946226423251 40.23139349665954 19.114261496647835 38.199446403330874 58.352509543974385
2 3 	 # V Shape
37.14440217786077 45.361641419781954 95.88396505980911
57.19638592015093 36.63402756818953 5.504899198332868
2 6 	 # Alloc Shape
0 0 0 1 1 1
1 1 1 0 0 0

2 6 	 # U Shape
96.38473240177946 77.49644455007515 15.346813083653677 88.76333174360931 13.252633853040885 74.59069953528311
86.25294351647898 69.54657234043782 40.34046829351043 72.23059360820744 38.0003450984854 99.41288242804912
2 3 	 # V Shape
47.42594376998458 97.93645576830703 15.32144419672683
49.53316263478571 97.26786471675513 15.3403332244335
2 6 	 # Alloc Shape
1 1 0 0 0 0
0 0 1 1 1 1

2 6 	 # U Shape
63.44559693751205 8.91404032268931 63.43565006749879 21.7257902543882 67.73717104534356 45.700212871632694
43.764560524207766 63.912427431695306 88.34387295450777 36.20968695773541 81.63247421661988 83.05530687908154
2 3 	 # V Shape
57.91637497235428 54.59625550428176 10.179076462800552
45.34320641786288 81.85266682804456 45.8145329774488
2 6 	 # Alloc Shape
1 1 0 0 1 0
0 0 1 1 0 1

2 6 	 # U Shape
46.790903407130045 40.92499611935676 56.10350512322172 74.3333268497659 30.255828755394177 39.45303889932485
24.828343079164206 79.1456546285054 53.82491531091088 8.695106746576787 5.163051653824013 37.02530431212172
2 3 	 # V Shape
91.24014188975035 60.401828881918306 60.74147558709227
35.46058917377045 65.88476927089474 75.23100661703064
2 6 	 # Alloc Shape
0 0 1 1 0 0
1 1 0 0 1 1

2 6 	 # U Shape
62.52876099944962 1.0649195240721943 63.48538904664461 38.48050374145483 23.620239810273404 1.4911714483096028
43.430067206226454 26.153177591436883 35.12247332167949 94.48013973674563 8.937897132779538 21.684660784992438
2 3 	 # V Shape
95.89420361281296 50.01905132929537 25.453178863534397
28.22272847541446 73.67869627245871 98.59006499521118
2 6 	 # Alloc Shape
1 1 0 0 0 0
0 0 1 1 1 1

2 6 	 # U Shape
20.88357362363239 19.00556514299334 47.80045527150825 78.0131541882551 68.60484009937741 44.797600310135735
59.4665788868578 29.963572953258044 82.13248259341285 38.27510862423392 80.55744036651943 69.67384625970024
2 3 	 # V Shape
12.627840936046386 2.432802156691949 0.8191371776415379
36.87691956004515 91.84983561120941 30.64651602661327
2 6 	 # Alloc Shape
0 0 0 1 1 0
1 1 1 0 0 1

2 6 	 # U Shape
60.367787825036515 47.64445836582516 49.52623357507554 86.50713425760196 81.28340440206516 98.08159685451777
70.71324852404784 5.248495359258087 8.112635320772366 1.197635742207459 19.634817491186197 64.48679599442261
2 3 	 # V Shape
28.665964257466413 77.62920242617206 79.57919324513179
42.670195156171516 29.408689065847927 74.40414955950655
2 6 	 # Alloc Shape
0 1 1 1 0 0
1 0 0 0 1 1

2 6 	 # U Shape
38.264139229061435 25.49466040659918 19.429718755939195 85.52515748533425 14.026637455174173 23.40678558662561
87.41740906036736 25.29186056004773 93.22867338541705 43.17300865919056 69.76427597551736 25.64432131415656
2 3 	 # V Shape
95.91704240093179 25.893483459035316 98.29571864645122
27.412198022942558 90.2324616414406 45.49365900385762
2 6 	 # Alloc Shape
1 1 0 0 1 1
0 0 1 1 0 0

2 6 	 # U Shape
82.48487995276035 14.179179214165904 78.49533941585301 78.50904701400188 67.22657966231444 95.48323035854213
54.190307427204374 69.7968743086611 20.17337478378547 91.5296466814015 13.437851341443519 65.0472160731303
2 3 	 # V Shape
66.75183100605693 88.70887396852152 48.21350600681152
9.486074098456731 48.05519080350389 97.33311170781349
2 6 	 # Alloc Shape
1 0 1 1 0 0
0 1 0 0 1 1

2 6 	 # U Shape
63.4514527342242 60.26223841510583 18.23408524645499 9.584423436427924 6.344104241893844 42.14045443113107
33.40260261121505 49.131239021708154 34.2572111194416 45.37055801458004 77.71952027084976 80.66822888726432
2 3 	 # V Shape
58.521108245154466 33.33655777590522 76.62927434753097
44.19999400678382 3.4541928855217563 35.89507615478161
2 6 	 # Alloc Shape
1 1 0 0 0 0
0 0 1 1 1 1

2 6 	 # U Shape
7.236750781159884 77.93824552079698 77.25357092641812 13.823085759362918 21.340258010933123 47.67747007986082
62.34947315558015 69.75293346552235 88.10212597932527 52.949897443896695 37.08553890021299 15.978750425922517
2 3 	 # V Shape
15.138792244414379 85.92894994657941 27.627048260828147
62.539269863091604 82.3862467746831 25.07023493342907
2 6 	 # Alloc Shape
0 0 1 1 1 1
1 1 0 0 0 0

2 6 	 # U Shape
42.88170230599643 88.17976402192848 64.1866460742373 1.515632175397219 27.116203355784762 75.65571618925887
0.7684009086915689 84.92952584694878 20.183724147313807 42.25796477177962 53.99839576185861 49.69164447542534
2 3 	 # V Shape
59.360257028519136 70.39829484587264 74.04625435819887
30.063915552353958 35.58385274438404 52.454928528254484
2 6 	 # Alloc Shape
1 1 1 1 0 0
0 0 0 0 1 1

2 6 	 # U Shape
11.378751815194965 61.29261900697319 71.56344739977271 47.00683709970988 49.75529503771517 83.31246001870973
49.59182835389279 95.59957156456927 38.38289962600096 55.0533484051394 84.10530330547644 46.76195412642985
2 3 	 # V Shape
79.5645254352722 15.019510642477396 27.799494163045992
31.030601626708652 54.49971307155295 0.3117269325926153
2 6 	 # Alloc Shape
0 0 1 1 0 1
1 1 0 0 1 0

2 6 	 # U Shape
63.456776559548686 54.42625224688674 89.50485801127543 42.00836398421781 79.9606408154763 12.110468232992645
14.38651179853131 4.5684515878942396 59.70758890615953 26.32435827171985 95.72147400365911 3.121834912166521
2 3 	 # V Shape
38.696487664032574 36.91847677103753 26.38084487934701
36.48829640312159 80.80731480781157 11.243301781922199
2 6 	 # Alloc Shape
1 1 0 0 1 1
0 0 1 1 0 0

2 6 	 # U Shape
47.85110496633107 9.081644417920554 63.93464717638583 63.98840461457138 57.81605731701344 3.34960488748407
40.52588277022049 55.52271619860575 10.708868627248712 79.40807569219565 6.706589474910595 41.65555879757906
2 3 	 # V Shape
77.63780450067095 33.64979130746802 76.2853329113533
52.21622089900239 15.713646200427334 30.574168784708
2 6 	 # Alloc Shape
0 0 1 0 1 1
1 1 0 1 0 0

2 6 	 # U Shape
1.1424995386404846 34.857436065611836 4.4553220295096345 64.17205906884469 22.271618192650944 60.315178502956535
71.04591577505813 36.95848394242203 7.901712981146347 45.435141661619774 69.67556468812795 81.27187003953944
2 3 	 # V Shape
99.67710214204595 96.60308087589983 91.07707864330646
26.943432558005387 59.070163832422104 70.28587108033953
2 6 	 # Alloc Shape
1 1 1 1 0 0
0 0 0 0 1 1

2 6 	 # U Shape
88.43087815767882 59.98489243622266 48.89290978920625 5.9869674107508875 45.2437991230357 95.37130731060297
73.12890448028146 11.212013321338732 65.1872974025015 77.02134809051034 69.50292184544354 74.66547512332717
2 3 	 # V Shape
34.86848038741286 66.23829122712577 16.21912806543215
81.91810602303504 23.367497785059754 73.93855327063108
2 6 	 # Alloc Shape
1 1 0 0 0 0
0 0 1 1 1 1

2 6 	 # U Shape
88.15418697028623 49.38854822245319 57.07217125893458 99.38361713204301 33.17372939374121 32.69012965461966
3.4823409982681186 86.72313649020107 29.69462141610396 73.67321217835573 50.314855423700614 48.90694052434592
2 3 	 # V Shape
58.24068189477224 35.06031927512162 32.640581955896664
88.40558166470011 60.600832605111506 17.800526806748696
2 6 	 # Alloc Shape
1 0 1 1 0 0
0 1 0 0 1 1

2 6 	 # U Shape
68.05986692109774 10.7948304938427 98.1821002004254 84.53422365803715 45.36161678088415 68.788750582986
70.80201232479362 50.84987313093784 90.70380742645112 21.21946950274548 23.962278377278302 2.5453707408201187
2 3 	 # V Shape
70.07692443100723 83.6607182417073 61.64223789065644
31.730456116210902 56.81573600240706 6.359619543009709
2 6 	 # Alloc Shape
0 0 1 1 1 1
1 1 0 0 0 0

2 6 	 # U Shape
61.88043434337154 35.61868211275032 72.73177996963285 83.2561348239665 43.909229063252496 97.22642158404699
49.50066185753806 60.46720964909136 24.15299217413426 85.14869157164519 18.81650103159249 46.07335757785128
2 3 	 # V Shape
53.70550095492759 62.54751131822693 9.040441812966781
71.89827254432049 46.4357135095556 37.57108931470473
2 6 	 # Alloc Shape
0 0 1 1 1 1
1 1 0 0 0 0

2 6 	 # U Shape
57.35355963491394 21.277422716321027 8.378531660192856 81.45193979756287 19.04829643368827 30.839408693522984
3.535970211202666 0.8741636598340374 62.98662501930475 37.89982978396908 40.442296617451646 17.392591412175573
2 3 	 # V Shape
84.7193219200835 93.98861679049708 10.503400520234695
62.453113049332586 8.632476151109536 23.548248233757896
2 6 	 # Alloc Shape
1 1 0 1 0 0
0 0 1 0 1 1

2 6 	 # U Shape
38.42951372278759 40.08176069551267 97.5728618913409 50.28330659320594 30.507456677135593 81.6735276303397
96.45236472672022 35.36616749372082 51.53986270240307 36.49352228433823 42.31999230966213 66.3710156303991
2 3 	 # V Shape
98.19777608039075 68.47616691575782 37.251074219533685
69.34265342057681 84.08720020562545 70.64709275576615
2 6 	 # Alloc Shape
0 0 1 1 0 0
1 1 0 0 1 1

2 6 	 # U Shape
91.73236272337961 44.737256481738186 34.81442636167085 69.01244709460612 38.391322948971954 86.30626843034177
77.88460799616722 25.150743330955507 73.89329794911511 11.471310836124848 82.0073967827611 89.59038419424562
2 3 	 # V Shape
74.3997095447359 64.24402796962111 16.49701793213383
61.40854642004201 6.810791364012337 65.28494901453386
2 6 	 # Alloc Shape
1 1 1 1 0 0
0 0 0 0 1 1

2 6 	 # U Shape
93.6091520686005 58.05941064936045 66.91421282712759 44.58424934487593 20.375158247138568 47.36171519315189
21.95193682067741 26.972239215736483 51.56272367738407 32.920509043230474 29.311078375912423 88.04057123876102
2 3 	 # V Shape
30.00251940455245 5.48243982356289 23.09165710697847
28.56971854603927 32.8066643957138 45.979618933997116
2 6 	 # Alloc Shape
1 1 0 0 0 0
0 0 1 1 1 1

2 6 	 # U Shape
64.27336998669242 98.85659238096916 63.15724193362413 57.63099016433999 32.441768516680845 88.6875551871066
2.929148101909096 12.760083216384043 63.796724606065865 61.138613768642855 53.43818154669155 55.880143120233484
2 3 	 # V Shape
67.66175027959675 60.76307770245237 11.656657982747575
9.084896202500936 26.90163129019242 68.207817997348
2 6 	 # Alloc Shape
1 1 0 0 0 0
0 0 1 1 1 1

2 6 	 # U Shape
27.583859711188417 21.533795172540373 96.47872408519443 98.83601761365537 1.3524612499422384 75.58188609217491
89.84194068896166 24.180134835190913 49.71624436734709 78.4934077368109 82.33786410728182 28.131554496612544
2 3 	 # V Shape
83.25135721914036 46.32896316696184 4.305285740019538
24.20432422003309 85.96445842222826 23.590881620959138
2 6 	 # Alloc Shape
0 0 1 1 0 1
1 1 0 0 1 0

2 6 	 # U Shape
62.34426532954879 88.37039122169737 9.824661201878893 83.15572286385874 66.76949286513059 0.189806194564901
95.35971709762407 50.15097774142397 94.53527464338718 33.4663352330741 15.21183499497668 25.082166878121757
2 3 	 # V Shape
29.299866765249472 58.31508348016865 60.011897697709635
77.45831020166044 17.461429831316178 74.23888305367247
2 6 	 # Alloc Shape
0 0 0 1 1 1
1 1 1 0 0 0

2 6 	 # U Shape
18.116759912718837 9.38242231724644 72.24509200804235 61.115292735691426 31.2613915287147 61.465442785554266
46.06002057949055 46.95126425038018 40.92002556331244 99.19636574167255 77.6202005372875 10.112437801915375
2 3 	 # V Shape
97.9886601181617 22.307954280735952 95.87863745783862
84.25701551940897 40.797530888895594 51.674002039164435
2 6 	 # Alloc Shape
0 0 1 0 1 1
1 1 0 1 0 0

2 6 	 # U Shape
8.212880746097284 52.58423648845647 57.64784811632266 43.46847857264524 27.722901198172313 42.728868439432745
78.89072243280054 60.3739754458658 86.33219981308933 53.26490253202319 53.946121083717294 38.710356474210364
2 3 	 # V Shape
57.85742937520722 45.90435383298663 68.66042521292563
53.192242344243866 39.475619085959934 57.93378724937982
2 6 	 # Alloc Shape
0 0 1 1 1 1
1 1 0 0 0 0

2 6 	 # U Shape
78.1278257721499 53.599710874006945 9.626284931337892 14.255260690815753 13.791310291309522 78.78662084133636
17.74888406589944 85.74522763988995 44.70480620236461 27.343554313763253 32.7378217979175 60.718033810425176
2 3 	 # V Shape
1.8571688057159252 12.88442972563918 90.47826083891889
93.09572132271484 46.17415922376629 14.35527838066517
2 6 	 # Alloc Shape
0 0 0 0 1 1
1 1 1 1 0 0

2 6 	 # U Shape
25.5151832306345 51.27835980560585 88.47728690854568 36.51117983611246 99.5616813814052 37.87258826339508
96.70488294095698 71.14000056651722 10.420512816093353 37.08075261138375 20.807353764294202 72.59459454866834
2 3 	 # V Shape
40.28294109138771 22.62590927303776 37.08114372466274
71.40234762868728 49.74827193204542 43.734373754473964
2 6 	 # Alloc Shape
0 0 1 1 1 0
1 1 0 0 0 1

2 6 	 # U Shape
26.260342662831547 73.60657802840139 68.59898621097061 72.7000557012741 95.14314132336314 50.75135748531531
5.744645341240384 50.12540112678175 35.43285900044118 70.87265532813677 65.0358673987578 52.28570317616571
2 3 	 # V Shape
46.56244129211774 76.92178221289106 10.153326645774818
24.22034450205738 52.64732166685189 20.10983007121694
2 6 	 # Alloc Shape
1 1 0 0 1 0
0 0 1 1 0 1

2 6 	 # U Shape
82.15539889481063 48.67577894199595 90.25399667674087 58.07793596267534 21.684236294971015 44.6539588851793
73.72834431914231 80.51212419820017 78.0232250686981 12.994309071266253 88.60660860482821 44.27972022416545
2 3 	 # V Shape
31.13517964882564 29.692186589878 11.55726979961581
68.3860593807759 77.46337022379045 95.87275803740707
2 6 	 # Alloc Shape
1 0 1 1 0 0
0 1 0 0 1 1

2 6 	 # U Shape
59.974400071479 16.75279066564913 2.6770833867751365 25.956595029073792 86.57592960637457 63.65835971654915
96.30063847419572 62.64905899411251 72.00227428096922 10.523846946047321 20.813372317078503 35.8521789621982
2 3 	 # V Shape
85.04594593454013 29.818958369351922 59.51966151911658
41.97989891440944 97.81006042824374 10.358698021188372
2 6 	 # Alloc Shape
0 0 0 0 1 1
1 1 1 1 0 0

2 6 	 # U Shape
6.525884334555765 45.59801779594353 50.284382949839156 82.63407279808031 8.097241199762239 7.247690105963733
13.668072883035986 91.8818735085959 74.63415505692512 62.47834713194861 23.203073076758507 38.38425944098083
2 3 	 # V Shape
18.358079440762054 84.41903090305375 5.428515008165036
22.13037022138432 22.810439058904276 64.37663138972856
2 6 	 # Alloc Shape
0 0 1 1 0 0
1 1 0 0 1 1

2 6 	 # U Shape
3.1510595129461416 27.421222384943977 47.648534419719454 86.8302779996439 2.461965265125332 71.137259832991
61.94080589306803 54.695772538380496 90.10915878674035 42.43945700180149 89.82323680453344 55.94781164541334
2 3 	 # V Shape
31.72619542089583 94.11186165281107 80.344858692208
58.2548095411792 35.33882535828942 93.72535626951282
2 6 	 # Alloc Shape
0 0 1 1 0 0
1 1 0 0 1 1

2 6 	 # U Shape
22.045236043363793 74.4570351252405 89.49739790107625 49.674941729880295 12.957711451815367 88.14805277443587
5.95396297438956 71.9002855193687 18.02766810780112 58.22338697344579 14.599182117633713 94.7910507957497
2 3 	 # V Shape
60.07798825349089 36.276467483894336 85.1098798840401
96.33904234191766 57.9862383167995 26.558367425319673
2 6 	 # Alloc Shape
0 0 1 0 1 1
1 1 0 1 0 0

2 6 	 # U Shape
71.15141999707181 96.28738010647896 1.1248852689311084 11.34208925824024 3.540960377453295 63.7019886497282
27.7772260872544 6.212485612535357 18.72806469441084 27.419893298161735 44.86065535542271 4.587326443457085
2 3 	 # V Shape
25.01783130530194 44.234935374423436 90.81962921030129
73.35964760801677 55.804638630458584 27.374879903924388
2 6 	 # Alloc Shape
1 1 0 0 0 1
0 0 1 1 1 0

2 6 	 # U Shape
76.23992804920152 87.01580120911672 88.45646334612404 26.679915844535852 64.812748216369 67.50573462741174
4.301110634921146 21.676762367767854 74.71398145971274 92.2655419727096 11.51411093733824 25.180889464212797
2 3 	 # V Shape
94.87289369194511 3.623365937191647 35.755773556775836
48.331940161616416 90.61141474574276 17.052830980906286
2 6 	 # Alloc Shape
1 1 0 0 1 1
0 0 1 1 0 0

2 6 	 # U Shape
22.30437679595989 35.14955052955595 40.37613334555063 33.49933888117721 47.19054054634294 62.558386298251776
20.958553942661652 90.90757712696522 17.039795197125873 63.66088852910007 84.14352649802814 10.135827463255309
2 3 	 # V Shape
23.019212322801263 72.36167669515 54.70644538136491
62.69889491579686 31.70049982161185 64.93647844091204
2 6 	 # Alloc Shape
0 0 1 1 1 1
1 1 0 0 0 0

2 6 	 # U Shape
95.94523952844956 27.857732834516213 26.825093727073067 44.29625640088065 14.512688494539605 63.89922892738233
48.584820214899025 96.16381816187112 36.968734532081626 50.386600532382744 23.137709333818535 63.93755608867059
2 3 	 # V Shape
49.37400367789482 14.519070761436259 20.417637950913146
65.91929352614179 71.42017622531573 74.19667380724574
2 6 	 # Alloc Shape
1 1 0 0 0 0
0 0 1 1 1 1

2 6 	 # U Shape
16.559278697057202 60.93566815573175 95.76266987276392 47.38602239916304 96.8519360310525 30.601206534326998
44.27952630667764 50.4202301001622 26.857679146168355 33.91056073224389 29.27448536688557 70.79253587408797
2 3 	 # V Shape
8.059831825472074 83.80512038141458 48.62261375941025
31.87159409933408 64.21567943556688 18.18340484923151
2 6 	 # Alloc Shape
0 0 1 1 1 0
1 1 0 0 0 1

2 6 	 # U Shape
0.4197894240567934 0.2473581379849321 70.97995243783988 99.26989044566396 79.70040698511231 67.81474462451543
28.382738170831622 9.204015676446298 89.14111549935244 13.58323783943527 12.352589555846105 1.3228198240969213
2 3 	 # V Shape
81.86801194191045 96.38034861032348 8.372454289955567
91.43331528544589 80.4373431087685 14.109297733623427
2 6 	 # Alloc Shape
0 0 0 1 1 1
1 1 1 0 0 0

2 6 	 # U Shape
76.92458635920332 89.21678670142988 92.38018586147606 5.718019528580931 40.839927823294516 32.59056162721983
60.73846653190421 81.81977312456509 79.98540104488346 27.85018488199934 65.35546759060577 51.72394675466971
2 3 	 # V Shape
63.252865334714215 91.03343494767316 38.11986090606734
58.71399644734877 8.365624639696001 61.82130418183582
2 6 	 # Alloc Shape
1 1 1 1 0 0
0 0 0 0 1 1

2 6 	 # U Shape
8.112941364114512 88.43981518544103 53.882902852309186 30.387343680758672 31.612913774783348 32.637963747760836
77.27633763270146 67.20166694531848 88.27476831719103 26.201082154085743 65.32129553199182 2.8133358239365025
2 3 	 # V Shape
43.98509850284792 30.44918085229169 32.87613428113787
29.17123053608425 76.98375617630666 68.3085095970423
2 6 	 # Alloc Shape
0 1 0 0 1 1
1 0 1 1 0 0

2 6 	 # U Shape
51.09477925490946 42.56814408978655 96.59188529308092 89.40979951021197 83.833980189419 44.69911562199271
75.07734543355684 37.9044694554877 63.30753712000951 19.924713098881064 55.496583453169166 1.3338124788368155
2 3 	 # V Shape
81.9377410658008 28.66884982228568 86.90408623486412
49.93354629409426 60.12638175320196 14.790583257394985
2 6 	 # Alloc Shape
0 0 1 1 1 1
1 1 0 0 0 0

2 6 	 # U Shape
13.058815359039466 24.87125846809719 28.66758813616577 86.76110699032155 26.851694688248195 42.14923014652988
47.2900936232148 40.391940211767995 72.59079936959156 81.81470463454194 30.48310281959139 94.26565375298303
2 3 	 # V Shape
21.750773015177284 68.20398563520736 55.68675241350647
19.244054578604718 56.601284880866345 34.44935857228082
2 6 	 # Alloc Shape
0 0 1 1 0 0
1 1 0 0 1 1

2 6 	 # U Shape
42.578450341369546 91.07430397227655 24.153629129339482 29.4741557447197 78.39476231208002 80.08862163617079
11.994879961357341 53.90801268183585 52.9198932301437 5.210592551099092 80.72290900931516 35.13592370367897
2 3 	 # V Shape
33.94446049262802 65.33797801239292 33.48063335153631
65.75301852678996 13.673228247025682 79.19970191046609
2 6 	 # Alloc Shape
1 1 1 1 0 0
0 0 0 0 1 1

2 6 	 # U Shape
84.62468562224836 37.5556920264602 28.62764968405308 91.46893296176303 24.688471176414673 38.842681862067465
92.43919852863903 12.719107015667985 44.82401983763299 40.10495849719492 56.475455284457475 40.66402457082855
2 3 	 # V Shape
35.74254607240428 89.33899132903052 69.054065845112
52.43546749534161 2.70718035776073 87.89072693772899
2 6 	 # Alloc Shape
0 0 1 1 0 0
1 1 0 0 1 1

2 6 	 # U Shape
24.247616069659205 12.797486321901063 93.4530260443351 70.62171299110496 7.372776036891038 71.06437528667269
52.77558081214807 75.30065570865452 16.278572555708337 76.02336452320307 63.922272176821735 45.96509328508088
2 3 	 # V Shape
47.642001081438 13.063817246406373 14.278055661876742
79.58259590576873 90.55827862844721 88.63149474347156
2 6 	 # Alloc Shape
0 0 1 1 0 0
1 1 0 0 1 1

2 6 	 # U Shape
30.009353022744488 44.26917988476179 18.584135024998783 86.99131391407 77.96973964624574 24.75970800156466
64.11107685546642 61.42335427291461 71.40835008894847 21.36299599772252 37.62001435624077 95.71668552383635
2 3 	 # V Shape
15.37385393354188 92.94246085722448 21.13718079714131
14.842979297433478 28.342414185207808 21.093992749409608
2 6 	 # Alloc Shape
0 0 1 1 1 0
1 1 0 0 0 1

2 6 	 # U Shape
57.47806352400096 28.623877917834385 10.257597275434138 1.562572958471864 67.63890967729697 9.184636629622545
59.797914234215895 11.17518464985009 21.71767172041381 95.10738920079258 63.426856508445184 6.724189263222846
2 3 	 # V Shape
29.894834636680056 91.34332738018733 4.735658574400004
35.09891774048809 92.41883991724839 90.54918946274462
2 6 	 # Alloc Shape
1 1 0 0 0 0
0 0 1 1 1 1

2 6 	 # U Shape
82.75741939962323 97.48627313623027 44.905653421774204 89.65372239786558 44.1150221583827 60.14097422400019
56.61736383551169 85.55021308869982 94.19530781314836 61.385813044574924 63.70592920883661 19.460840352862853
2 3 	 # V Shape
49.04713185082312 15.971684877275571 9.127691214167655
71.6336329886943 71.83940534890941 25.932484541286616
2 6 	 # Alloc Shape
1 1 0 0 0 1
0 0 1 1 1 0

2 6 	 # U Shape
51.83674661247962 79.00351531738423 39.89277275466843 11.897232208000508 4.356605642194189 15.78438476563495
17.978309736890907 19.193461820220215 19.23430855174625 99.622908145151 55.78640762555105 69.57846683141173
2 3 	 # V Shape
42.03929582857292 95.66385661837026 16.726232834035283
66.51178632036061 21.99803733387823 53.46119075476938
2 6 	 # Alloc Shape
1 1 1 0 0 0
0 0 0 1 1 1

2 6 	 # U Shape
17.216309833133568 51.90959192173777 95.00121556731816 4.29285197424476 65.79979063476603 87.10584972548088
43.08351822469583 39.582366803493215 83.22888433583292 47.524242550194984 5.671207147933077 49.34550869091973
2 3 	 # V Shape
99.74617709808055 26.6831322136049 45.53189504405248
81.41772885621806 81.33474470409267 3.012004246658373
2 6 	 # Alloc Shape
1 1 0 0 1 1
0 0 1 1 0 0

2 6 	 # U Shape
60.687131426111186 71.50527234075165 29.819994824984786 97.62048937863257 73.8819432578008 4.020040478529252
42.237657388600155 6.8333684604968585 43.824360899792914 22.02517262567466 67.8622184929197 32.66776378067403
2 3 	 # V Shape
17.734075110060864 93.24984745343903 55.23896670463192
91.70692415434377 93.66993307447474 24.584983685523742
2 6 	 # Alloc Shape
0 0 1 1 0 0
1 1 0 0 1 1

2 6 	 # U Shape
45.84847762249985 8.849971204614537 83.30796218879375 14.891067711385197 46.52654511619598 28.800680575363145
24.73092076921524 31.9929272258621 41.53003349922846 15.698971697217301 49.46756037670863 40.3364090936972
2 3 	 # V Shape
68.45750391101258 61.76849298809588 16.356544606015188
64.36089395943202 98.36305858667312 72.44284554850492
2 6 	 # Alloc Shape
1 1 1 1 0 0
0 0 0 0 1 1

2 6 	 # U Shape
86.52167818162923 26.735143855355926 39.71146060567936 39.944807878280905 42.16322913288998 36.027341332529026
63.28958754008206 61.652792922682934 97.17478278521129 85.70764663459457 55.68413765039206 86.92092982214031
2 3 	 # V Shape
61.939644391351344 35.39542651577937 71.60705793386175
9.191720975516017 44.795203216095835 31.698439690568115
2 6 	 # Alloc Shape
1 1 0 0 1 1
0 0 1 1 0 0

2 6 	 # U Shape
51.082578703005375 7.9140488943046154 36.72355912839467 5.078113817220331 34.90974328573827 10.240353850931594
53.104912270792624 50.44893565385671 56.242637339718996 51.35934035773971 53.50935811106196 41.06099006623787
2 3 	 # V Shape
58.63104265702865 13.520835053315473 90.15490113097381
46.721004415827935 50.947946773735055 41.46421987846852
2 6 	 # Alloc Shape
0 0 0 0 1 1
1 1 1 1 0 0

2 6 	 # U Shape
52.56449162540983 47.10164011388866 40.28599620243888 64.41845591587536 22.70184042511505 36.68114050767106
85.18574690000703 68.83747068984346 81.30050246511709 25.745847144428346 54.99480782363852 59.81638230621618
2 3 	 # V Shape
34.10849689035324 36.500024540073184 29.035995185644904
12.058492475427018 97.88006800210547 91.55602396378463
2 6 	 # Alloc Shape
1 1 0 1 0 0
0 0 1 0 1 1

2 6 	 # U Shape
12.314310071896395 64.20640505598534 59.89963597533319 69.05783383590777 80.14488181641892 83.22359888170995
96.46483234950097 8.678514086275612 44.332859875306596 9.077844664686785 81.41092064421694 25.06344083951346
2 3 	 # V Shape
17.454414785970673 26.97006869365789 54.97037415190452
97.49280882512366 57.28526669124581 47.13542877725138
2 6 	 # Alloc Shape
0 0 1 1 1 1
1 1 0 0 0 0

2 6 	 # U Shape
7.051503420110872 40.72887692189787 82.94729502815417 33.15260290206358 86.78798202148562 87.06585872234862
99.68614994469799 80.4028669398816 26.856954835463586 46.210733646784874 4.549163818869328 69.84464346409774
2 3 	 # V Shape
79.33528612004343 12.161374851865093 68.83013519780128
47.73925692889788 2.468275220847782 35.310124104137884
2 6 	 # Alloc Shape
0 0 1 0 1 1
1 1 0 1 0 0

2 6 	 # U Shape
1.682104651693983 89.67482224258791 12.16993640681794 0.11577013979463535 60.02955586611447 9.733823661512453
58.82422555196922 19.319962914434917 0.8880067809071024 2.1109564556567095 38.54969224576151 96.37268506192534
2 3 	 # V Shape
38.297736997781925 13.163087002366957 5.271312524782479
83.4734242613726 11.965764298470006 90.57869718230685
2 6 	 # Alloc Shape
1 1 1 1 0 0
0 0 0 0 1 1

2 6 	 # U Shape
22.8809807957535 90.8637277255911 86.59537718995138 46.86181142234943 85.05948384835207 88.23551450163092
23.68154699305275 11.760137308197226 72.08462404887155 55.53637031933799 35.34961765115933 49.482892335140825
2 3 	 # V Shape
84.03784793258147 3.791210928783517 73.57280316558568
65.50916351787833 16.386375420201148 0.06603825955816545
2 6 	 # Alloc Shape
1 1 0 0 1 1
0 0 1 1 0 0

2 6 	 # U Shape
95.81976335793969 52.48018812867148 42.205138277823096 25.60098932905558 69.93834633584542 65.60462448188946
22.963721318940266 69.3969882785731 34.56500901747172 43.575073213106506 83.5026921544012 20.178021967008476
2 3 	 # V Shape
60.20978598008679 18.33531588472296 72.06483614363562
12.096193275551903 94.35846597542681 34.471347749524064
2 6 	 # Alloc Shape
1 0 0 0 1 1
0 1 1 1 0 0

2 6 	 # U Shape
36.24521857059084 51.87620324353727 84.2425320400143 29.32766081276579 52.57718124462587 59.532867932641686
11.157582844951019 5.857562745293176 51.156534821952974 35.99149028829073 0.3840565132622098 22.45551649854204
2 3 	 # V Shape
38.62837112004072 46.361662667721305 46.40025959178289
48.87494723699074 9.714196691797172 65.05499324318487
2 6 	 # Alloc Shape
1 1 0 0 1 1
0 0 1 1 0 0

2 6 	 # U Shape
15.96440020777682 64.4637959205512 74.28199881865312 86.2741233017344 33.45145386563272 33.73773332487339
1.6695007753458335 39.95065896509067 14.666731430645996 48.965100275949055 3.9532471890842302 76.53757183961639
2 3 	 # V Shape
44.29842335459825 13.393407269941859 13.305362670869735
9.591002738291742 98.8924968465283 69.24717467083482
2 6 	 # Alloc Shape
1 1 1 1 0 0
0 0 0 0 1 1

2 6 	 # U Shape
16.058502876399317 46.80748851557907 89.19537056134551 57.45652716214769 46.66929003411361 73.4975207014991
11.035466114116566 74.6800430925103 68.58024323061564 51.413330210689324 98.59473308228073 88.518159709119
2 3 	 # V Shape
60.72628164914641 28.998800408586312 37.45312855440247
82.23860452592928 48.616809230643064 20.762046053956574
2 6 	 # Alloc Shape
0 0 1 1 0 1
1 1 0 0 1 0

2 6 	 # U Shape
14.519879122850154 86.37347233236389 6.455063207708312 62.056098143653415 69.65242725938519 87.34628145082011
68.68862148440635 15.774233398968363 30.763468749266178 38.693374950671235 34.00799406534766 70.193453559924
2 3 	 # V Shape
30.666649142950554 76.48379904137752 4.032698522360134
33.15432439403562 37.68856092708079 10.11673459587772
2 6 	 # Alloc Shape
0 1 0 0 1 1
1 0 1 1 0 0

2 6 	 # U Shape
31.820371803322033 40.08939130051349 46.29405524630056 51.50542864451935 17.965238849981514 67.78674016004992
65.8988148150373 86.54427690573311 7.064005728080158 4.254387872868259 69.64039767613008 56.68438795851806
2 3 	 # V Shape
27.449304529353004 59.230902038236955 17.466980922436814
70.87301256356528 74.2226088291249 16.42705385920603
2 6 	 # Alloc Shape
0 0 1 1 0 1
1 1 0 0 1 0

2 6 	 # U Shape
50.31983855374942 20.404458296212734 11.800987450476807 63.67818500146644 43.98756124855585 42.56276157508553
29.571628688714156 75.15531736217874 9.086055083750777 60.37595862077316 95.95899411750574 92.91094225619072
2 3 	 # V Shape
0.06578101170741091 2.706933726266969 12.574965119696092
37.733420498490766 60.927784169942036 65.50171419631009
2 6 	 # Alloc Shape
1 0 1 1 0 0
0 1 0 0 1 1

2 6 	 # U Shape
78.89742953600516 32.548947803728446 14.50705352608006 61.84814193347178 67.135613285751 16.270339998151872
75.95910036995556 91.74800747719051 15.078689410560475 8.381958339298167 47.67025246683594 85.93753175029174
2 3 	 # V Shape
77.8014953346725 83.46064000127996 30.785309905033152
42.16882769640058 47.213250007863905 53.500454463156366
2 6 	 # Alloc Shape
0 0 1 1 1 0
1 1 0 0 0 1

2 6 	 # U Shape
25.83152168656878 37.80687551212723 72.7079616344879 80.59429115231771 42.18116473953537 98.93041970722447
40.88721306025109 0.5509128777750116 26.793179806472388 46.51685382553349 65.73089198804874 43.72686773854883
2 3 	 # V Shape
14.135988515313036 41.10961167019417 10.178657845862382
85.82795243242407 3.3314390265001492 48.28432997793596
2 6 	 # Alloc Shape
0 0 1 1 0 1
1 1 0 0 1 0

2 6 	 # U Shape
73.30683722966621 39.73034938691048 71.61811591233975 65.53559356880886 56.35681060481248 53.22650604445114
51.22897581746497 35.06291854064829 93.94142751363087 74.6955604094105 92.64244723002105 84.29151076648441
2 3 	 # V Shape
24.71826999210631 74.75641142917144 7.9325757429448025
54.135385562485624 63.73683363838671 0.5263262970982452
2 6 	 # Alloc Shape
0 0 1 1 0 0
1 1 0 0 1 1

2 6 	 # U Shape
89.05225835998968 6.684795275158262 83.65747226974077 77.18583521781882 98.62988979005065 57.98922172496888
80.86294161346972 77.58057547583965 94.85936950139437 88.28180698228546 19.649560645088073 63.57030303390463
2 3 	 # V Shape
25.163634299064697 75.49576240357013 88.00037242282409
60.823654020213425 0.8925079360379562 39.27956519889547
2 6 	 # Alloc Shape
0 0 1 1 1 1
1 1 0 0 0 0

2 6 	 # U Shape
16.208352342724343 29.851935042008428 93.5816699437819 10.529282530321426 66.80794039542732 83.81424996501016
44.99379485152073 10.269836978329005 23.670702502472018 5.3362344262236405 18.69372522513254 52.65401330930759
2 3 	 # V Shape
5.077572511197614 46.043736796361 90.62749789144485
61.10390483002243 89.39878702873207 50.40295845913403
2 6 	 # Alloc Shape
0 0 0 0 1 1
1 1 1 1 0 0

2 6 	 # U Shape
45.442502119742386 57.00592932290803 71.46653466867605 6.167266915959402 47.670567643740924 12.993239148174297
55.55224284616889 60.77232909057816 5.67289705123838 50.440775070174595 6.203558840905076 75.91842178995061
2 3 	 # V Shape
16.94347375552634 18.66340368245767 54.061554641272856
38.36654461769583 66.71467459373211 30.436562419483536
2 6 	 # Alloc Shape
0 0 1 0 1 1
1 1 0 1 0 0

2 6 	 # U Shape
42.04672036962385 27.605160600539048 81.03170245000113 28.390501666660974 59.697534969140676 63.35570049813295
59.367623105185395 33.89639178621301 57.916474948438704 53.6175820201985 71.70754785122611 86.70567386648491
2 3 	 # V Shape
38.202224235771354 57.194095666898214 7.738103719857337
65.93154188027125 44.19092258401852 97.83706269816244
2 6 	 # Alloc Shape
1 1 1 1 0 0
0 0 0 0 1 1

2 6 	 # U Shape
42.64189723711531 93.85331605679774 93.85623488154914 48.43812484051623 48.7586966884908 83.59485455770731
80.47883244046655 29.977129599487775 1.7810964135235419 52.119617451160735 41.70964232392873 77.84770892814052
2 3 	 # V Shape
82.03630420418754 12.254695414406347 39.34631417502852
36.68121431363866 80.97150796584 13.94352933498194
2 6 	 # Alloc Shape
1 1 0 0 0 0
0 0 1 1 1 1

2 6 	 # U Shape
77.92951858577351 69.00884371691205 56.34495576246683 41.60147471000767 38.126997279929974 90.12328382274855
21.300278435947483 46.38401158897379 41.218622412436225 69.5160013980883 83.67890328607382 66.7074556607576
2 3 	 # V Shape
91.00327028373583 67.33532183223029 58.49549102854949
17.010113771269896 55.95981803377343 95.62930448123188
2 6 	 # Alloc Shape
1 1 1 1 0 0
0 0 0 0 1 1

2 6 	 # U Shape
23.3856510289571 51.96942710337365 58.54203445290338 25.65149366613858 26.491901514389138 90.13985961990288
52.96591507187832 25.645903059151255 11.286641911209816 33.055453770298534 68.29392293049159 64.19356689164796
2 3 	 # V Shape
40.86080838489822 62.25011566667028 66.32513960564565
11.496400945907858 56.36778670899156 50.37610083826745
2 6 	 # Alloc Shape
1 1 1 1 0 0
0 0 0 0 1 1

2 6 	 # U Shape
33.671948789741904 98.65403969547172 46.36326511373711 63.14050001913778 68.1058328780614 24.896105203329565
46.59092921748724 78.47295231702968 14.986459886648396 64.06225729388973 19.327985367476884 56.7819524860365
2 3 	 # V Shape
95.48197728427809 5.345879158271538 39.704799353514694
57.566060628878326 70.03358488931995 77.00173693680453
2 6 	 # Alloc Shape
1 1 0 0 0 0
0 0 1 1 1 1

2 6 	 # U Shape
83.61826321515328 78.11690095944127 3.1163303944757526 39.21873541631518 33.329507445742465 94.04664824656238
42.714019703655914 50.80026142607282 63.504822359467795 82.98601389879374 69.8614711237972 37.02007176371212
2 3 	 # V Shape
39.653967834030745 74.41133577038343 9.54549237029675
85.58623719420018 37.02500448779623 99.52676625492626
2 6 	 # Alloc Shape
1 1 0 0 0 0
0 0 1 1 1 1

2 6 	 # U Shape
52.3923457537616 66.63071053199448 15.247573223993516 1.9740757015414 82.45934976596638 5.8839113105911505
95.95912227171034 56.24226549441913 94.03271408081342 23.48338789045732 68.35127969579942 37.10917532953238
2 3 	 # V Shape
4.6038214554946055 4.100803405811493 49.85946146295903
58.44468499762904 56.60797556162426 61.346277441284144
2 6 	 # Alloc Shape
0 1 0 0 1 1
1 0 1 1 0 0

2 6 	 # U Shape
62.27351819751712 51.62360308112911 33.4032880663913 50.91413245823151 17.678181145551097 71.13187924779105
56.34768849751814 8.751817384833348 70.22383821352693 20.985600194792685 70.76569453101862 71.89319736710209
2 3 	 # V Shape
18.941795721420984 58.12034115585614 37.33615955381707
12.12679069090109 12.705089344265675 1.855595702374646
2 6 	 # Alloc Shape
1 1 1 1 0 0
0 0 0 0 1 1

2 6 	 # U Shape
20.18187620355042 13.434271190223146 39.01642745759126 26.556688910485036 5.176272640291457 9.927881434066965
61.41414897835712 51.068788110925226 22.9040197599505 8.861347997836367 54.61873342626041 72.14785229192343
2 3 	 # V Shape
6.019859636695523 80.50106947933037 86.99110672497562
49.82975417361698 58.12004834711618 92.38933067363783
2 6 	 # Alloc Shape
0 0 1 1 0 0
1 1 0 0 1 1

