2 6 	 # U Shape
79.40213504553834 38.80429843218492 34.03471859919765 66.19121603552212 90.5547798115853 72.00305227716338
47.159228006641584 49.70053336012955 44.62661911270018 53.05754270224363 99.32466448054669 61.445410071562065
2 3 	 # V Shape
18.03067471764548 72.28686304233894 93.91065487220239
53.83881324363677 47.013785713839276 62.443252701375286
2 6 	 # Alloc Shape
0 0 0 0 1 1
1 1 1 1 0 0

2 6 	 # U Shape
95.55741449310663 0.00120335694850926 24.697870099191633 71.22326779115835 32.45820497867131 27.699635638380947
69.54454525534746 91.85517481459487 24.44757021979903 45.80858172767637 25.299268282150646 37.93332914830662
2 3 	 # V Shape
60.4538828631711 77.2378759680558 6.79174967944145
68.60850791873135 54.826009739582524 13.798605275825725
2 6 	 # Alloc Shape
0 0 1 1 1 1
1 1 0 0 0 0

2 6 	 # U Shape
9.084774223440917 27.55046715791315 18.595404803535722 45.03093764582238 42.40557934706731 0.29106526890401163
50.385691591084104 46.24944903852371 79.2423605806667 1.2453421017426969 74.79457296359664 99.0472175976485
2 3 	 # V Shape
18.96892556042433 13.465241614666546 18.10940371944597
2.978497648560896 39.881216836242636 16.694972840234755
2 6 	 # Alloc Shape
1 1 0 1 0 0
0 0 1 0 1 1

2 6 	 # U Shape
98.22240206384511 52.58671219666361 88.56893477384233 63.19369758891021 11.144672218381258 43.625063202832735
21.745453856367547 42.16854578871543 63.068621580646955 37.84935488872042 2.140332819446955 97.87259345455817
2 3 	 # V Shape
75.84356267014928 3.1185847124287736 59.22589204961422
58.31381154291188 83.0454552752685 73.72357266666477
2 6 	 # Alloc Shape
1 1 0 0 0 0
0 0 1 1 1 1

2 6 	 # U Shape
91.47858452013558 20.978228136956233 31.26196497996204 20.941107142573046 54.19123417098787 35.861244822905746
89.77244515299736 62.130506835024576 5.797074556290416 46.476475317786935 17.811610260493737 75.7007188441277
2 3 	 # V Shape
99.1421487492402 98.839598427672 31.967351595461825
97.14995386400646 74.88498376053685 2.192547976762138
2 6 	 # Alloc Shape
0 0 1 1 1 1
1 1 0 0 0 0

2 6 	 # U Shape
9.85190759170267 56.01814183160807 71.00658900630637 95.08710326261453 74.80513321261874 37.2246012424118
75.84773055982038 7.107351246240812 62.18453689509784 72.07140306231447 4.180861912122957 39.52418182636325
2 3 	 # V Shape
16.13388234551917 27.608308497765854 22.65033233131446
30.4683930305082 13.623338112195126 69.42500575985521
2 6 	 # Alloc Shape
0 1 1 1 0 0
1 0 0 0 1 1

2 6 	 # U Shape
50.45289129748704 12.23312112911773 13.06641990394306 84.44142564877197 39.21985467480693 16.956247865888308
80.11790684205008 91.0128630061549 82.95774770865356 71.40509260335566 9.936765398837332 91.33012440268774
2 3 	 # V Shape
57.79793461657664 90.02754517505583 56.3570171869058
0.9845440799688521 99.42393627965922 13.239783638207125
2 6 	 # Alloc Shape
0 0 1 1 1 0
1 1 0 0 0 1

2 6 	 # U Shape
14.247406731288525 31.6715619978304 81.0735547564215 72.35500895947973 6.2776546122064065 71.89862258325459
0.6813212819151815 22.21488145245797 19.39643134080864 69.79056766544547 27.835789475292017 8.034528276574626
2 3 	 # V Shape
40.72112500340459 91.56769446495623 45.632374934121344
67.8655466688539 24.81133690610047 67.67637379155624
2 6 	 # Alloc Shape
0 0 1 1 0 0
1 1 0 0 1 1

2 6 	 # U Shape
15.973108250577628 96.79157592963496 21.895147852694286 71.17804063827496 87.90754936966432 66.89037930967858
14.352054836853013 79.28879809301641 21.5512697151754 95.59500306879225 8.285801012063597 64.10300846501192
2 3 	 # V Shape
61.344624540601785 48.00718160393663 16.519309664977357
25.198515520957564 73.04173325598778 95.87006814026302
2 6 	 # Alloc Shape
1 1 0 0 1 0
0 0 1 1 0 1

2 6 	 # U Shape
42.96788221083131 85.75377550984403 29.369345384028822 84.16111580236372 19.111275548550978 0.47323131803920226
67.8607937663347 65.66085605445606 35.46367907653705 86.48717455216773 69.44640763220397 61.28123989003983
2 3 	 # V Shape
31.951077154398398 73.72777186166773 52.55433472178436
52.50502798198185 7.706168196491092 47.43696291039694
2 6 	 # Alloc Shape
0 0 1 1 0 0
1 1 0 0 1 1

2 6 	 # U Shape
69.28740692598264 54.54341911075541 77.50267917120574 13.95551024554429 76.02106188003187 10.876248078980577
61.69547023546008 7.727076088308871 57.05718339737573 5.4336741179771275 54.56692281594621 15.275763636954864
2 3 	 # V Shape
35.28836635151593 69.7170747982277 59.15385222570217
34.794034996190724 21.311636152941105 87.67299081456366
2 6 	 # Alloc Shape
1 1 1 1 0 0
0 0 0 0 1 1

2 6 	 # U Shape
4.553264565460491 89.9968761358813 56.57116570169368 1.6159036133088112 51.99093970834808 49.37542115365871
21.29019704722085 61.81170879664932 0.1573158600998159 23.394042119999682 52.69614300271338 19.914291926856254
2 3 	 # V Shape
24.370252799298008 43.64032376894692 5.564220864270886
20.81983805383275 7.364112750960905 79.84257526281475
2 6 	 # Alloc Shape
1 1 1 1 0 0
0 0 0 0 1 1

2 6 	 # U Shape
16.23861011992784 99.92218338865509 37.54562455645186 19.21472346535662 62.59621781105059 73.64400071648683
25.593508802910712 5.3990441454608735 93.02788923770721 99.03714703756548 94.52596147999076 95.9969213401075
2 3 	 # V Shape
17.899698012598584 67.8053456663582 85.7279741873188
29.631844849800004 30.590669672554416 55.745308037026206
2 6 	 # Alloc Shape
0 1 0 0 1 1
1 0 1 1 0 0

2 6 	 # U Shape
72.48824410420183 63.72697753917475 33.92015213500088 22.416302568145984 46.77107630620194 74.87217639408884
18.34242420995823 2.415895711516358 10.50294917167729 12.895518751127511 46.45057594316507 35.63053330516287
2 3 	 # V Shape
91.94596229083115 20.813803036265067 38.07532479202847
2.1397673413144136 5.98442103691773 83.77743224956902
2 6 	 # Alloc Shape
1 1 1 1 0 0
0 0 0 0 1 1

2 6 	 # U Shape
72.7540444007251 6.912932506394953 62.14300291700716 43.298992533864414 88.73809450857725 61.80099123132202
66.08104815038442 47.444999064221605 0.5121589598552689 38.43382541840078 29.63455063012703 54.95425987058356
2 3 	 # V Shape
48.04742076785221 88.94051801682468 14.754400921956146
7.0021245433038 47.9160465729263 12.476713313080301
2 6 	 # Alloc Shape
0 0 1 1 1 0
1 1 0 0 0 1

2 6 	 # U Shape
53.18950606383241 43.89721204161413 98.91802777531345 62.283220103819595 91.8691651109597 14.937217431965621
79.50694058795146 73.71050566004084 15.40247086101515 92.44036582990948 99.41317250227038 21.67609228661389
2 3 	 # V Shape
19.504242767752967 4.798022560182991 48.975245634104546
80.02291364720891 65.75396497051277 13.199269011440096
2 6 	 # Alloc Shape
0 0 1 0 1 1
1 1 0 1 0 0

2 6 	 # U Shape
62.15951688718421 85.83884005911736 95.01726778033009 80.55285729393307 87.50499437542855 34.47877569916551
31.892309597346546 88.16542352080909 92.5783964604015 37.9349377902327 24.110821056056764 25.49019755462392
2 3 	 # V Shape
67.84464693624413 68.20515791306043 76.61430149769978
46.70761509467687 67.19104719587664 85.99202225500619
2 6 	 # Alloc Shape
1 1 0 0 1 1
0 0 1 1 0 0

2 6 	 # U Shape
42.1134062402317 88.7741489560507 78.77465289603855 26.996283657613308 91.26130565448163 85.31503050867954
50.49774685867091 92.63332584981566 29.625609233278738 23.895536358748725 69.7891619533744 33.85338400514285
2 3 	 # V Shape
91.46519814960016 78.07632236534118 4.354047247221482
65.91782061913052 5.219049241219553 64.5568408255403
2 6 	 # Alloc Shape
0 0 1 1 1 1
1 1 0 0 0 0

2 6 	 # U Shape
34.80220520151972 70.21002932531964 69.96181523826856 2.0083012383308008 0.2962888900535421 35.400147057039476
28.720602009957354 81.68945918276839 8.9612011957093 17.344594203633324 62.03436302407209 93.33292008405246
2 3 	 # V Shape
54.58342550752081 65.3324917004406 75.57247743136945
1.4534676824874415 25.115049505121345 90.23829118139983
2 6 	 # Alloc Shape
1 1 1 1 0 0
0 0 0 0 1 1

2 6 	 # U Shape
8.955772440347065 23.555529011988607 75.87456457715554 36.90517597923038 32.76494386897413 51.94014923252208
30.456532795428814 80.76213715583056 32.970479225482066 24.290253785443795 27.818572843666068 71.96914609630558
2 3 	 # V Shape
66.37332787765109 57.343137263405666 94.86124916070513
80.0735049697734 48.163882547746795 40.6037942558783
2 6 	 # Alloc Shape
0 0 1 1 1 1
1 1 0 0 0 0

2 6 	 # U Shape
65.75045759473215 65.9799890799103 54.092915357900765 25.49108044212455 21.898332161468616 70.26618234804864
6.094814236073976 51.063816692752006 89.0399077341954 79.9079268280742 1.729441087635275 21.23887303740194
2 3 	 # V Shape
34.190655117656796 4.089382835731237 57.15556564493757
6.1438889160829735 1.4489660516908476 5.666669193835949
2 6 	 # Alloc Shape
1 1 0 0 1 1
0 0 1 1 0 0

2 6 	 # U Shape
35.74598846072694 22.67533271739618 21.852084314786325 93.41409790636058 46.218566054710685 55.073779823596105
19.834599054937605 22.8435789598181 60.54214557797615 79.32645612175614 53.01571201620374 0.3433022762148963
2 3 	 # V Shape
48.40121198602888 39.7332282073596 75.45078905941257
81.49444297558229 46.180569116224255 41.03296009564381
2 6 	 # Alloc Shape
0 0 0 0 1 1
1 1 1 1 0 0

2 6 	 # U Shape
50.90775667467017 35.727561276715356 76.60834739962971 67.76492327221007 91.01295133782237 86.36140350064365
22.811320208789542 58.54908052659679 10.157897472267607 83.18204674950293 31.595698549031436 82.41501738055362
2 3 	 # V Shape
81.63099273423717 37.39277080895428 66.20888393125868
99.69984166059362 54.027791887975155 46.44221677348563
2 6 	 # Alloc Shape
0 0 1 0 1 1
1 1 0 1 0 0

2 6 	 # U Shape
24.221232186873753 0.5604089899198694 70.73048394992638 88.08237982988786 60.25018362665696 75.50654114298185
89.48655555762267 31.542944532309157 1.7017292696770547 21.65972811009421 53.211390737909916 48.74851737769421
2 3 	 # V Shape
28.95397261148198 96.44794862040864 94.94326906184543
10.583251413327144 19.144290757823924 72.75902968249709
2 6 	 # Alloc Shape
0 0 1 1 0 0
1 1 0 0 1 1

2 6 	 # U Shape
43.90240438686646 64.290601892299 0.9913257757741878 4.717604197176217 56.841857087376354 48.454026575682384
77.1148135022127 96.93325167382714 0.5133704164726471 69.63235602534144 86.64472581866123 76.7015863099692
2 3 	 # V Shape
52.227515539834634 97.03083253510546 3.0874142641842184
92.54017433758354 4.34294452337689 51.48722903636616
2 6 	 # Alloc Shape
1 1 1 1 0 0
0 0 0 0 1 1

2 6 	 # U Shape
56.63258772193075 73.00054194819377 59.115372108506456 96.68487385571561 59.667315593611605 43.045113726351126
27.295971905379556 20.753952047836222 55.58717503748291 86.31395084731788 93.25450225473203 85.65120193232055
2 3 	 # V Shape
17.803427685992148 70.63767365052345 29.054388214447513
93.81386696507433 58.241829275425786 48.94849843709771
2 6 	 # Alloc Shape
1 1 1 1 0 0
0 0 0 0 1 1

2 6 	 # U Shape
67.57767176844848 97.37625190750352 13.582770286553403 58.02600170207421 33.67752527939148 15.839083422981714
25.30313709866099 59.31419577783564 12.243333219944152 43.06492468064743 72.51504004865626 74.22597520049557
2 3 	 # V Shape
41.68669441878146 92.11431438340824 56.050145716434066
50.75247907577456 80.04019206152392 75.69616461967593
2 6 	 # Alloc Shape
1 1 1 1 0 0
0 0 0 0 1 1

2 6 	 # U Shape
17.003047470784736 62.230051368479835 39.862118445516884 76.25113165476695 54.14415113749689 10.527567762060253
20.04108058737809 22.738965355925046 20.68138756707494 49.706137698717136 29.482946887032046 60.40759527552062
2 3 	 # V Shape
73.67238044020448 25.40469502436484 56.192639469663284
89.94511347204248 6.085367530631003 3.0302444078074697
2 6 	 # Alloc Shape
0 0 1 1 1 0
1 1 0 0 0 1

2 6 	 # U Shape
44.285349184358424 12.828544326714276 94.35845475586915 53.53112135693203 25.668973906579918 20.341753981323407
26.569061888161492 35.053067037511134 8.204474933921812 61.54230188965111 76.22246836774553 78.98015838646215
2 3 	 # V Shape
73.43819374007845 6.2241299463624555 54.649200366366166
3.7702052730020807 88.82648796439356 48.61872499755644
2 6 	 # Alloc Shape
1 1 1 0 0 0
0 0 0 1 1 1

2 6 	 # U Shape
31.101333072849723 72.57270916817144 15.433864291356214 37.29884999999392 87.41745802153189 75.26027385678854
21.210916450714667 98.09220037405412 51.054094348534576 12.483304250719451 60.09724026409169 43.1694403831531
2 3 	 # V Shape
52.40798163765504 53.437766073716276 6.56972061737574
30.794684029635455 52.32791489021865 89.34629321663265
2 6 	 # Alloc Shape
1 1 1 1 0 0
0 0 0 0 1 1

2 6 	 # U Shape
83.75242108155805 41.65079579681915 84.36096994776048 8.290049917655562 80.73598239484441 68.99541790362187
21.372610906631518 74.38268737079244 34.15796749984696 36.59156598396838 14.072273986702132 85.82340886055349
2 3 	 # V Shape
73.8297503771947 14.598947960122555 66.04753566905896
46.06862342332975 46.04120634876344 23.459235311536585
2 6 	 # Alloc Shape
1 0 0 0 1 1
0 1 1 1 0 0

2 6 	 # U Shape
11.471621624875272 98.73731795703725 61.5858997098886 72.4899195636612 56.511214044533475 16.42858638004503
11.984433055687083 4.479521087326088 50.650496437418234 12.439433768470366 61.199958530963585 8.340113435399276
2 3 	 # V Shape
93.08658756665169 51.998760029838294 93.24885066881315
53.00641587005692 74.08652846872171 49.058752890853164
2 6 	 # Alloc Shape
1 1 0 0 0 0
0 0 1 1 1 1

2 6 	 # U Shape
46.98910486441087 25.11037515293133 92.96476447885176 73.58435784502224 52.77969036379577 58.30303394538273
41.28800770632398 79.51565509935791 66.00276742336608 57.45492274932948 13.47726602972552 24.8544264212765
2 3 	 # V Shape
36.98751657807221 34.86638739190445 10.377589231163121
95.48160043177636 40.87713312354694 61.02135334486728
2 6 	 # Alloc Shape
0 0 1 1 1 1
1 1 0 0 0 0

2 6 	 # U Shape
78.32485179204603 87.87344958309089 48.84902318051066 87.05818822588431 90.68351772161733 42.96844927242637
20.20263758703067 28.433342516474504 49.88975176149655 95.58985505175114 18.102779769809775 95.55786601226286
2 3 	 # V Shape
7.276397353935815 94.93479290338699 18.58322431033922
40.483578964239605 6.824287646914318 41.011255047563246
2 6 	 # Alloc Shape
1 1 0 0 1 0
0 0 1 1 0 1

2 6 	 # U Shape
53.8841769629281 51.417459659677576 91.95401264406627 11.896664871721418 68.21042734543961 62.4794258532507
3.360488430387798 9.133202336323798 67.82920284219051 19.855156716296097 41.50647827556432 92.03924096472427
2 3 	 # V Shape
39.98771772743525 99.34059310280608 14.738282131963077
60.12417294305694 19.056305047933407 38.688026420729294
2 6 	 # Alloc Shape
1 1 1 1 0 0
0 0 0 0 1 1

2 6 	 # U Shape
1.2777725872922585 28.230533065574992 57.436861478301196 98.57822660265938 52.08341047430886 6.238237037109428
79.97603683412039 56.28284930255304 97.05751107774935 75.28132304320674 96.40963300429404 7.292432940108585
2 3 	 # V Shape
89.42405015776866 18.30410029252354 24.55636812589287
4.119141796085845 10.03213355116509 64.99366530453065
2 6 	 # Alloc Shape
1 1 0 1 0 0
0 0 1 0 1 1

2 6 	 # U Shape
97.79069163507916 86.6103090925836 70.3271585059793 27.383256349141416 34.76856239982017 39.52503828947339
33.58989139015676 14.628391547625363 83.44025993951813 64.42131196284402 41.321892877928256 26.130721054162787
2 3 	 # V Shape
50.692446837025415 79.02597397864733 6.661958970536386
44.15206439870008 28.589944551475877 13.728196289335436
2 6 	 # Alloc Shape
1 1 0 0 0 0
0 0 1 1 1 1

2 6 	 # U Shape
30.28439422691658 99.13733974519042 2.5509304384833786 25.716486061195454 13.329083249219586 13.204683368581726
57.29460823072748 82.45535551065343 33.142727323246326 15.05168747452168 74.89759982104228 1.2850925833873594
2 3 	 # V Shape
48.748181406293156 7.696051878857057 9.111505046027856
14.078935470916443 82.28709128801134 89.59883715183271
2 6 	 # Alloc Shape
1 1 0 0 0 0
0 0 1 1 1 1

2 6 	 # U Shape
60.11787813419842 27.03517269798902 8.762612256809899 18.59547883712881 71.47066912898086 73.85401940916633
47.19534348846993 18.855272932044876 61.201235877879846 89.25114857370087 72.22147181912179 92.84256824801419
2 3 	 # V Shape
98.79351995970454 13.593988799990752 43.71765581689455
91.55936365522567 55.14538279600324 24.6761227421472
2 6 	 # Alloc Shape
1 1 0 0 1 1
0 0 1 1 0 0

2 6 	 # U Shape
77.64344902316233 39.53445873325985 98.04777940360461 7.837055800972692 96.24310104566688 96.97842346820221
44.385241553620666 26.812318341252062 73.46825975869511 83.13375345254366 67.18142690381413 84.73639252033335
2 3 	 # V Shape
75.42461461229216 21.032533385789343 31.9476404054308
28.565077061061363 49.145426187168226 91.72122355803141
2 6 	 # Alloc Shape
1 1 1 0 0 0
0 0 0 1 1 1

2 6 	 # U Shape
67.59945541051295 99.73455779082343 46.08575300349161 36.8640829040052 56.45281343797118 43.30869207966202
47.46587524160213 25.997757565093384 22.99168827456751 20.404299826136064 33.41097770680543 74.71534251186307
2 3 	 # V Shape
74.29319402218317 64.98274607415196 9.808999764045346
86.37941398881887 41.23196879150988 63.60194267149293
2 6 	 # Alloc Shape
1 1 1 1 0 0
0 0 0 0 1 1

2 6 	 # U Shape
97.48719943295544 0.5519991690502879 4.602458769723594 70.2941870620185 96.96674292692205 85.77844696076167
35.27774161953363 62.49183517697681 47.774946676291194 80.10264408385456 44.32237978882376 63.75344516565322
2 3 	 # V Shape
80.22479877027942 84.75371962455736 48.48469200278937
9.213031857988874 60.23038251047688 93.69770575419716
2 6 	 # Alloc Shape
1 0 0 0 1 1
0 1 1 1 0 0

2 6 	 # U Shape
19.86514431023817 52.33399633184652 57.1386091682077 27.42740924266789 84.54046717966479 18.920263647815773
78.29106749306348 53.27708665442178 6.60903863229133 33.17780429302771 87.23510386728131 20.81695507366468
2 3 	 # V Shape
2.3905126323195414 5.153984522427946 61.49021989875744
23.730397145414774 11.271544367756125 55.525569857363635
2 6 	 # Alloc Shape
0 0 1 0 1 1
1 1 0 1 0 0

2 6 	 # U Shape
18.75333291753116 90.87376309659896 3.367213472280972 26.399688738305073 52.651933790348856 33.37412814661661
83.83514490215339 11.84198054816602 11.698655328794306 44.343484066266626 51.25608725812315 61.756453482025776
2 3 	 # V Shape
63.78164014267481 63.34361351995261 38.3529620673591
91.39143256043599 68.50542720572014 87.02548061937873
2 6 	 # Alloc Shape
1 1 0 0 0 0
0 0 1 1 1 1

2 6 	 # U Shape
72.92506779161822 99.95722656883437 95.86417846273794 59.912544384297995 10.06938637716923 14.972955259972165
7.493173730377444 37.53598831837106 26.71826184289089 27.916761402586097 57.931706241259796 8.374863077758388
2 3 	 # V Shape
86.24224069736485 39.699767761246704 74.30716909206296
17.27191120399243 13.020677964002758 28.52584066099295
2 6 	 # Alloc Shape
1 1 1 0 0 0
0 0 0 1 1 1

2 6 	 # U Shape
25.916760418734942 36.64700557794301 6.637471658853434 97.40669627786325 56.24191015300086 65.58148919678092
19.256121568539765 0.7918509189419942 18.289408267121022 29.170599095639815 29.948980768747536 29.35530538370864
2 3 	 # V Shape
54.46841056034108 5.874041420604781 76.58598686990818
32.815965377894685 48.48531161010657 79.83855924747051
2 6 	 # Alloc Shape
1 1 0 1 0 0
0 0 1 0 1 1

2 6 	 # U Shape
96.85334422866387 63.94857104282959 14.185376311194918 42.03703297467071 70.11768192427917 20.315378442097774
75.11643094716347 13.586200731080334 10.909019341771476 79.4048437373356 34.699858119237526 15.304123297658013
2 3 	 # V Shape
65.61713575983977 66.81949087088817 32.604341367908305
22.950602049958736 7.680752580760542 71.66572462699786
2 6 	 # Alloc Shape
1 1 0 0 0 0
0 0 1 1 1 1

2 6 	 # U Shape
96.01348753269502 23.28126154124076 2.613723831823833 99.5647846923807 0.4630868324585369 62.29595669962799
44.01426436334515 7.918361157927745 77.7555983128011 56.81781203694185 47.67510763397232 51.616037773494085
2 3 	 # V Shape
92.02288433620518 51.86791222619668 12.060827170209453
12.07512888375093 17.15248931439629 72.37811062298387
2 6 	 # Alloc Shape
1 1 0 1 0 0
0 0 1 0 1 1

2 6 	 # U Shape
64.38899559188542 19.91409067776262 11.640646078758943 23.635208060095415 21.25088392615413 56.502187282844176
20.653251677435712 9.338699436824582 89.14871130659296 24.97232363499302 74.10307833711357 26.11730652667773
2 3 	 # V Shape
82.27214042431132 51.90350118859821 7.203223957610483
74.11774864864977 43.94256174185324 11.012327718437076
2 6 	 # Alloc Shape
1 1 0 0 0 1
0 0 1 1 1 0

2 6 	 # U Shape
0.2217574163876357 56.203425230051415 38.45306151725829 6.238975221597299 41.2501878916683 67.70084181049236
38.840710251950675 56.57643174271367 21.924017406650297 14.596349844041667 69.87614887473134 71.73554306827295
2 3 	 # V Shape
10.720782983797793 14.33848814546661 96.17001960528151
61.39369405177996 8.664453400653771 10.424785742648224
2 6 	 # Alloc Shape
0 0 1 0 1 1
1 1 0 1 0 0

2 6 	 # U Shape
3.079361532614855 1.1021772419600562 63.362695165449104 84.46047602931802 80.01420093124716 12.245542409404209
13.824602442030432 43.75723648390534 66.35312817941845 3.453270623572968 23.841380053550708 1.802457783891176
2 3 	 # V Shape
10.449547966913798 36.3523914573754 98.38215211336696
63.14375289882482 92.24205349414231 78.33312877674497
2 6 	 # Alloc Shape
0 0 0 0 1 1
1 1 1 1 0 0

2 6 	 # U Shape
27.596696120670728 98.35592118524833 70.28254289158583 99.6617530586488 32.84320962695758 41.10436606251569
28.259170272910083 12.306016006039789 81.46786197170512 39.98296429421189 21.044612107620473 44.42158577983724
2 3 	 # V Shape
32.0745747416188 33.47476178703048 82.60187737447606
37.66014943049591 27.721652284553866 42.78341347508404
2 6 	 # Alloc Shape
1 1 0 1 0 0
0 0 1 0 1 1

2 6 	 # U Shape
47.26464612370186 24.45844318054169 84.07817500909648 98.73942127462234 17.418377694006683 96.53256957735019
13.527052963438956 15.057608061009276 33.19737280058687 68.40592184225544 75.85317659760116 84.47412214539433
2 3 	 # V Shape
13.299882348045877 27.22845148537294 7.192274710031333
4.998125633609563 92.0692652378904 8.825032783192043
2 6 	 # Alloc Shape
1 1 1 1 0 0
0 0 0 0 1 1

2 6 	 # U Shape
45.89257973310087 39.48785704237751 27.29744809207686 90.48397957517241 94.03730930362471 22.705927909764146
25.123259349495118 47.607251656390744 36.209501776288754 1.4738190392487138 71.13664347034363 33.994649282999156
2 3 	 # V Shape
8.264194905260657 58.284232178836334 22.851998859669052
84.59413821942647 87.05678714266767 92.58680717326077
2 6 	 # Alloc Shape
0 0 1 1 0 0
1 1 0 0 1 1

2 6 	 # U Shape
9.3344520891248 21.865244179919774 97.61905799265126 49.26272201485651 46.85416525813611 97.40453716320458
81.25614074707782 43.69906247230294 20.10634624609724 80.71086795073792 88.23754611703578 84.43567976208664
2 3 	 # V Shape
49.518669283891 71.7763322456442 17.552332219640565
63.85902584354193 39.309155520922545 28.138951179336836
2 6 	 # Alloc Shape
0 0 1 1 0 1
1 1 0 0 1 0

2 6 	 # U Shape
2.764425925719005 69.45691168731568 17.637333699120827 41.981264343081804 12.151916439578835 63.4209928159509
44.58447500109949 42.54134020011416 71.63647337745495 17.02766024192376 89.92540627139222 69.01243316130716
2 3 	 # V Shape
5.5031570170248845 25.753044665769366 8.77207553364131
61.665144485763626 41.52500437701434 68.9253986689514
2 6 	 # Alloc Shape
0 1 1 1 0 0
1 0 0 0 1 1

2 6 	 # U Shape
30.060668803582335 76.86769830803712 9.267603504352518 40.414377281197545 77.83388577112592 13.80009414494433
0.6632483776426334 25.782852936247814 94.01620375996693 58.056932532477525 21.183727665237107 46.83421771675301
2 3 	 # V Shape
75.56036707892406 56.276465284819125 89.29145039309493
32.94600917229115 15.331586422237454 32.63749451025654
2 6 	 # Alloc Shape
1 1 0 0 1 1
0 0 1 1 0 0

2 6 	 # U Shape
93.9039484593386 60.84894192384985 8.52118417569172 10.158807821038994 11.841536546798414 45.32994200862033
65.01577792943158 56.30560139650288 21.91989845226593 8.095874076929 36.76985554383685 60.599251166807875
2 3 	 # V Shape
41.88635908161007 69.7970724660742 48.37459793777019
79.3798076106721 76.68770355612794 60.797666238868665
2 6 	 # Alloc Shape
1 1 0 0 0 0
0 0 1 1 1 1

2 6 	 # U Shape
6.870246562534154 27.24285494830504 44.0028504345504 21.299538472151937 24.0403156461659 71.4499649157515
62.40038339231695 76.64705830744431 48.358658393019915 21.55769649556577 99.4171253709413 18.465234142834873
2 3 	 # V Shape
28.603575885059108 92.87728437182543 86.74963508970576
63.464060040813905 81.74922285146934 17.20569618271346
2 6 	 # Alloc Shape
0 0 1 1 0 1
1 1 0 0 1 0

2 6 	 # U Shape
53.61061601291023 35.081310572807034 60.85584696591106 97.59533886692492 94.69621368946093 16.58151387284079
70.81111445466829 91.67063337811344 26.223780495158955 55.37264425350366 63.274814723147266 5.55083664135042
2 3 	 # V Shape
60.78637342700447 1.9412031665269835 2.7955653096193855
89.68374022553797 67.35161650983056 40.622990095243075
2 6 	 # Alloc Shape
0 0 1 1 1 1
1 1 0 0 0 0

2 6 	 # U Shape
56.86784520753421 46.732081168907236 41.453257393727185 92.40308747708369 33.41784455453695 72.82751850012025
30.11449445655182 18.020921600184902 97.12918582766687 39.103637893476794 13.985169789672014 40.584967383126745
2 3 	 # V Shape
64.55491673289525 82.36538562330294 63.34578965235498
6.458518386829382 72.68744761559178 1.0900890130094765
2 6 	 # Alloc Shape
1 1 0 0 1 1
0 0 1 1 0 0

2 6 	 # U Shape
54.68186228664331 57.519695796353865 80.70974623251824 73.43402967030599 41.91276432731392 40.95470727333315
8.774389103592629 81.90756678488901 51.481601779313024 71.0774700570552 9.930372310848012 81.34672341062138
2 3 	 # V Shape
17.360670966657864 61.28616704280393 63.25213957780231
85.08483635164974 84.25898899385959 64.75852390817533
2 6 	 # Alloc Shape
0 0 1 1 0 0
1 1 0 0 1 1

2 6 	 # U Shape
89.80774688536006 19.63854645987787 52.003949143906645 71.20647823881782 72.01959158839266 84.33121258779647
25.085257947180317 12.966210061326244 78.73707760144173 22.40170929210753 35.33557718194553 73.57346323625983
2 3 	 # V Shape
34.41902116324521 58.98098750572031 87.58149746865536
58.356012658055946 82.16532353885066 22.807159524463927
2 6 	 # Alloc Shape
1 1 0 0 1 1
0 0 1 1 0 0

2 6 	 # U Shape
44.934806673329874 17.077138837699657 30.569433310028916 37.09752210554475 53.77065264497766 93.32678865733456
9.335597545869579 91.07409885981228 61.98580928051351 36.55746865830037 55.75810535600196 33.442781374400276
2 3 	 # V Shape
46.74337173320426 4.845119744900172 55.52478538308817
1.0753691952424038 37.69048864164696 26.895176527625065
2 6 	 # Alloc Shape
1 0 0 0 1 1
0 1 1 1 0 0

2 6 	 # U Shape
94.26666402673838 86.1858485282229 94.40228189547717 23.352970945286565 84.04175520556534 92.99022336478303
52.15322735089415 52.4065660212561 45.28732413972825 52.6450303808314 78.64390815210832 32.48643165667925
2 3 	 # V Shape
32.8549661209417 60.079198021711086 77.3905681479402
31.584661533621993 52.78894435734408 96.35548270194532
2 6 	 # Alloc Shape
1 1 1 1 0 0
0 0 0 0 1 1

2 6 	 # U Shape
27.455143451904984 63.99052313279865 16.06264974226004 11.246832760701453 74.14789924762395 0.7518691542566347
30.586507326938207 18.16857592593264 14.329099723870808 78.23937890008871 85.46899876203337 54.27065649573801
2 3 	 # V Shape
68.05622567917179 75.18751279789063 81.45084596499798
99.7305153800388 23.7591166443201 2.4740592620210777
2 6 	 # Alloc Shape
0 0 0 0 1 1
1 1 1 1 0 0

2 6 	 # U Shape
14.853381647502262 42.43612552717958 3.7778206204533427 38.94084526135727 36.084752867029835 64.94898183407265
85.63345506672289 44.171447738398214 92.04462232517469 76.50396785255009 22.4694059777907 32.882171260346915
2 3 	 # V Shape
73.72419699750327 46.852032972688384 34.47646809818181
22.32948678090869 50.15784513190833 63.74713047192538
2 6 	 # Alloc Shape
1 1 0 0 1 1
0 0 1 1 0 0

2 6 	 # U Shape
78.569750095337 56.68339568934796 70.57434341387605 96.42600887506855 19.048148539794507 61.78708290184519
25.91420930087327 82.02607635609117 43.21929625253203 22.260684072646896 13.749378288544689 34.47165234353944
2 3 	 # V Shape
72.47725711149985 18.56056304379311 90.0714101111693
29.066458824881803 87.04605633422514 68.03095850178775
2 6 	 # Alloc Shape
1 0 0 0 1 1
0 1 1 1 0 0

2 6 	 # U Shape
39.79893258187912 7.666776415095933 2.977604256901878 8.04484870146618 55.207184440444266 91.27898683032306
49.69466784279789 11.649810916046132 85.39208722636529 7.96050273590212 52.59759057327356 32.80119977378594
2 3 	 # V Shape
13.476741169973906 98.91255680674116 21.47848164241187
82.49987638741891 33.59366523185194 46.89076921980596
2 6 	 # Alloc Shape
0 0 0 0 1 1
1 1 1 1 0 0

2 6 	 # U Shape
15.467921156767783 25.569845596614236 65.1915173349097 78.901971240237 30.066683650276104 80.15768126332244
69.94678639184097 16.223016177889814 87.9846905642108 38.851891325148756 13.604251997397142 70.22769849668657
2 3 	 # V Shape
0.8348428059793078 39.83917942365761 59.13468425020286
82.57552894600762 65.83829424291713 48.19004270683455
2 6 	 # Alloc Shape
0 0 0 1 1 1
1 1 1 0 0 0

2 6 	 # U Shape
42.04310479872937 68.85551855575702 9.61499970786317 76.29056610253791 76.18593566131754 4.358078516906783
26.227183506105078 76.30403609477837 71.8767690796372 80.63098887996254 3.349717114139217 63.246155052544616
2 3 	 # V Shape
52.62549279647393 83.5488420356969 87.9058422465047
86.90603373674777 1.5987790179165406 56.51978466583453
2 6 	 # Alloc Shape
0 0 1 1 1 1
1 1 0 0 0 0

2 6 	 # U Shape
29.24571375338141 26.341824946223625 10.34709718031407 64.32570262543908 5.723164362959876 99.27183076334134
78.969825396999 80.46403556625404 95.02192351363826 94.8117557821573 26.473707143190662 52.53390490981864
2 3 	 # V Shape
92.72758871695555 24.97829387347743 0.3625848108631313
45.91531669223629 27.424557168619714 14.326432096127517
2 6 	 # Alloc Shape
1 1 0 0 0 1
0 0 1 1 1 0

2 6 	 # U Shape
63.039957504793506 97.82342439802333 10.31685071812336 86.3814812116919 26.087043135450738 14.076318038621881
57.06386816749502 69.68084870029817 59.16401519799669 98.92325224616833 24.146362426734303 48.40665493390577
2 3 	 # V Shape
64.52090899142314 56.681430209697936 69.75311355456239
90.00923120469936 46.50467624351033 69.34010184595387
2 6 	 # Alloc Shape
1 1 0 0 0 0
0 0 1 1 1 1

2 6 	 # U Shape
84.00635660459317 19.500513919336026 70.21188244912975 98.28287549530167 1.927894436517108 86.91721405025251
72.49439032215031 60.9680931109173 81.34157805437577 28.76900164527677 84.28121784653912 44.69899072529794
2 3 	 # V Shape
83.28175832543873 2.117956091362583 15.314308755016414
95.37379772395983 69.27013583809223 31.93275732843818
2 6 	 # Alloc Shape
0 0 1 1 0 1
1 1 0 0 1 0

2 6 	 # U Shape
21.16609228877059 96.79016264381598 28.53669992546144 20.880513982552074 49.554184159653225 32.065872852909806
19.318551601933297 76.84515285190902 75.19924915355224 54.984767861493836 94.1447821187238 19.402010268518023
2 3 	 # V Shape
89.13396775472647 41.83933644883155 61.944163394753296
74.98847427185305 70.28751995933945 35.12899512158298
2 6 	 # Alloc Shape
1 1 0 0 0 0
0 0 1 1 1 1

2 6 	 # U Shape
27.89289467148408 74.06650836417701 14.193309826931666 62.40959650594977 43.38345649098346 85.94982076989754
1.2685472270946185 47.76172286513616 21.91010724752718 31.13628600207974 30.767876311790054 81.96385040676996
2 3 	 # V Shape
58.587673271859586 67.02096740060574 12.05411400062748
82.59191768630768 26.46290668664686 95.61831682270143
2 6 	 # Alloc Shape
1 1 1 1 0 0
0 0 0 0 1 1

2 6 	 # U Shape
25.026231258992627 6.595301924179364 23.625191014674265 93.06147579900488 75.45100598719347 98.78686556930607
98.43021268455887 20.50809362239454 27.37832078170579 44.28176127193952 66.30440342145954 88.04022399708363
2 3 	 # V Shape
92.46234987314511 7.501407359245116 32.16974364195949
16.114139373314305 32.89442965110146 46.32964829724747
2 6 	 # Alloc Shape
1 1 1 1 0 0
0 0 0 0 1 1

2 6 	 # U Shape
64.94486656046527 21.658385221317655 28.7412431114626 22.656011104440076 75.37777798570013 77.01570483192175
39.73917673950654 82.17009999288628 49.33218345031233 74.13256686773059 29.04887830044678 27.874941828200704
2 3 	 # V Shape
42.22500209170512 15.774866668375742 12.729252915281108
2.9413561554697987 37.59380265097799 14.707591406078746
2 6 	 # Alloc Shape
1 0 0 0 1 1
0 1 1 1 0 0

2 6 	 # U Shape
55.93825455633421 88.93021932604505 56.99629913051878 57.14005839809535 87.93240948305355 7.004398994963434
81.44744383576436 55.788129008726806 88.62535481368467 29.61516934381586 29.473717288593416 71.66616754313459
2 3 	 # V Shape
31.698122306469923 53.453114534935686 31.9175113869578
35.01804089431497 24.756607457707812 72.91796152005524
2 6 	 # Alloc Shape
0 1 1 1 0 0
1 0 0 0 1 1

2 6 	 # U Shape
57.58135545092282 29.805727738858135 34.18315645425738 64.67508476934982 63.824957656266456 29.094682989317665
17.856128910416878 84.53542825262535 43.219651302901205 85.85317125755593 72.7618378309196 15.773018170031872
2 3 	 # V Shape
57.92568107010085 84.85429259249703 90.58549673048023
37.414236274879386 18.256336621643353 95.37019144698807
2 6 	 # Alloc Shape
1 0 1 1 0 0
0 1 0 0 1 1

2 6 	 # U Shape
58.408092002900084 18.864158298694853 62.4095287509198 18.284192098244734 64.94944275807934 25.362030879779095
77.5363431321688 3.3848246057781806 81.4665198396333 7.948057099836358 11.100066885369575 19.382851204667794
2 3 	 # V Shape
80.26929226892162 6.358948945621878 60.49105600827128
95.05148060150871 43.323090123301164 8.567267774361353
2 6 	 # Alloc Shape
0 0 0 0 1 1
1 1 1 1 0 0

2 6 	 # U Shape
38.27442628562785 1.7959877919629164 32.934108688264494 28.30288468149449 88.48918238369784 77.29812819069883
49.73418436113255 25.621382406229454 12.70362439754309 96.84270556185625 91.02685847386124 0.2567666541848146
2 3 	 # V Shape
14.217381981390687 18.466164344531457 34.42584089703554
99.19422897863414 42.00278423971999 19.944755195961438
2 6 	 # Alloc Shape
0 0 0 0 1 1
1 1 1 1 0 0

2 6 	 # U Shape
81.00579200115263 17.661823784575525 98.16823360285821 79.33574275444445 41.18598127054257 55.24947134463125
65.98163476641197 43.77593784840125 16.96568074008653 5.682619970840907 57.17499228274778 69.99185975405459
2 3 	 # V Shape
37.72851083970167 10.01405474899384 22.009835527241563
21.68130065538294 74.23796134497051 51.779531101559904
2 6 	 # Alloc Shape
1 0 1 1 0 0
0 1 0 0 1 1

2 6 	 # U Shape
49.941155513562165 89.56459580054523 65.39829627901625 35.16041539939814 98.80537294099686 98.72758239283871
66.0044078292795 73.11447526937795 22.05052843546881 19.415410554794832 21.681031492422044 93.33363857496599
2 3 	 # V Shape
5.324154265119773 50.11566986561758 43.78031697010124
79.61125248189755 10.94988540389934 82.06308245168833
2 6 	 # Alloc Shape
0 0 1 1 1 1
1 1 0 0 0 0

2 6 	 # U Shape
59.42320882672816 54.957829455883726 5.1748676040274555 47.409882586981645 94.01655923308196 57.879726658777784
14.189625155227926 77.6828590264316 95.71273610219937 62.10257367992729 30.11238402561044 87.71199419763491
2 3 	 # V Shape
21.282963067058414 48.54256658822077 28.47482060354193
92.77819683257297 85.75068691566351 73.4860102471659
2 6 	 # Alloc Shape
0 0 0 0 1 1
1 1 1 1 0 0

2 6 	 # U Shape
71.34208361687362 66.97646572512575 30.702083738488362 57.50391408308618 69.58218963910177 74.67005456384965
7.208182767065086 25.71379809699653 45.60702517405913 39.42216731346455 69.50476814968202 59.79591293887363
2 3 	 # V Shape
21.302923166453315 97.79606433152279 8.935033358347333
52.331971320590334 27.48905208039463 5.092776829602741
2 6 	 # Alloc Shape
1 1 1 1 0 0
0 0 0 0 1 1

2 6 	 # U Shape
10.08275401355474 72.66684549359138 18.056386299803208 78.38701463771008 48.619943337816416 40.56321088192504
40.069536515928625 77.27811063809675 96.61567727754608 92.22524963797264 11.877753149348925 93.38220101077276
2 3 	 # V Shape
23.22031778357726 5.99825016120591 87.32589020044456
41.0443909370612 97.88103057728888 83.28289340175166
2 6 	 # Alloc Shape
0 1 0 0 1 1
1 0 1 1 0 0

2 6 	 # U Shape
9.828840627262213 33.74290694496842 87.5007168128222 53.42040258546066 40.35088331995846 77.00173423811094
44.09398234099186 38.37888867101535 96.2104540163308 40.28424567754574 60.9439421605632 7.253978952997942
2 3 	 # V Shape
4.954586035995967 81.87409095472776 2.646995926855422
26.89598837548366 86.04238666102374 72.40322401789042
2 6 	 # Alloc Shape
0 0 1 1 0 0
1 1 0 0 1 1

2 6 	 # U Shape
53.224638262323666 67.02459361959713 14.351686595087587 70.08631015670656 97.3680479079196 51.889317522976896
63.143376299290225 49.36738125199221 33.81803068965624 99.63226568902014 45.653861939494035 47.585171907933166
2 3 	 # V Shape
50.40545190868898 52.47656916494054 56.007721137455704
70.9733005205203 84.50079071086654 44.1186287228992
2 6 	 # Alloc Shape
0 0 0 0 1 1
1 1 1 1 0 0

2 6 	 # U Shape
27.5320605978272 24.31352664773746 3.1279545588461244 65.04206751727573 64.77741426709203 31.019384668009465
70.7845083312039 98.10447323230466 28.612179152517005 55.086216867806705 0.6087919439078826 74.17542857668774
2 3 	 # V Shape
23.62898331762089 58.401457692745915 47.35715836445108
79.92799140475063 91.15455801934054 61.96618611182223
2 6 	 # Alloc Shape
0 0 1 1 1 1
1 1 0 0 0 0

2 6 	 # U Shape
59.88779922898326 81.00550478940596 38.193428726277524 49.951491500689 42.70093592774187 71.10437184597713
27.42465694971544 33.48361096359108 38.374495868971294 73.81346552505225 45.65012820177241 62.57619908649583
2 3 	 # V Shape
4.468311135637593 91.77558866031565 6.082426652409712
10.02465240090662 60.04782169580499 27.409303853679624
2 6 	 # Alloc Shape
1 1 0 0 0 1
0 0 1 1 1 0

2 6 	 # U Shape
46.84711064343748 48.726932241960355 68.2375251042351 90.92091900651636 39.790524150702936 52.95554257054499
74.55438521497211 15.405699803281458 64.08796920371948 93.90929054132633 67.6569970055941 80.18706969765816
2 3 	 # V Shape
22.146731931671184 64.41121048392779 40.022725284131376
64.38577166702295 30.551907616079166 71.89046003241766
2 6 	 # Alloc Shape
0 0 1 1 0 0
1 1 0 0 1 1

2 6 	 # U Shape
83.3185093259143 65.5184815331154 41.56299656061579 77.71428021509604 68.57887761769011 87.00085029520034
12.52791224087515 45.89525038361194 49.00020557817357 65.66510109309247 20.522749294515453 38.282542326562805
2 3 	 # V Shape
60.22619182181461 98.25657930290866 56.11442801188292
40.8921572168621 5.761812112374587 59.40471436858162
2 6 	 # Alloc Shape
1 1 0 0 1 1
0 0 1 1 0 0

2 6 	 # U Shape
15.84587468549814 91.37497967728575 40.26362938383582 66.61918073383679 54.53649606279667 32.7119573197153
12.592125856482895 92.12976638049693 14.659638986514178 0.7832513161732169 82.60260849217535 64.59145401200094
2 3 	 # V Shape
92.86723392896339 94.18643757831678 9.37530217130249
85.56067047511475 74.16698493251224 68.73929200622408
2 6 	 # Alloc Shape
1 1 1 1 0 0
0 0 0 0 1 1

2 6 	 # U Shape
1.808051647203135 47.250971014513055 15.432204276939343 87.9849305925228 56.18213651646058 39.14207979961325
47.14688322482721 98.24807570778883 7.652697309891687 67.92457134588106 40.1246866880177 6.41728636213924
2 3 	 # V Shape
59.14035782483441 48.30519552444704 47.15980019345126
60.371517339082494 91.33472482550934 73.36341296029852
2 6 	 # Alloc Shape
0 0 1 1 1 1
1 1 0 0 0 0

2 6 	 # U Shape
49.733717856842084 40.37941151896693 30.343674961317035 50.94626236932476 51.56521444459451 98.11005010200874
31.983319612033522 47.34448179490411 90.03567085998473 52.79769706919383 80.86884033993148 96.55960812493406
2 3 	 # V Shape
88.82043638863915 42.81742025025126 55.30256617202423
86.776696616326 40.22339135234332 51.138992243179175
2 6 	 # Alloc Shape
1 1 0 0 0 0
0 0 1 1 1 1

2 6 	 # U Shape
1.8166591477606908 41.68929529348341 36.73036218143726 85.61177110062812 37.88330500993202 94.4618874304309
30.878071598511635 33.014814046740696 61.26803521079862 3.275379802796663 66.39804034329198 29.570864869128165
2 3 	 # V Shape
80.47790763458188 72.75007017761824 93.80650944663587
57.500310561149824 29.719803531461466 55.45540784809289
2 6 	 # Alloc Shape
0 0 0 1 1 1
1 1 1 0 0 0

2 6 	 # U Shape
91.68819560971991 2.9162170032022927 22.28728255295451 61.02241454919236 52.39252367985252 40.85723849251311
37.290140671913285 59.45981159347482 64.88682024024186 70.75579758194775 43.792427858615156 98.5242516833775
2 3 	 # V Shape
89.45053830832165 10.055876723674784 18.405407369632044
24.556208401352453 24.525726933583293 2.7788421773145777
2 6 	 # Alloc Shape
1 1 0 0 1 0
0 0 1 1 0 1

2 6 	 # U Shape
24.684058613790473 71.97430804221358 67.77179950462097 19.78802496121347 67.60690671376405 46.89594007977913
43.653362245784955 65.86589432186261 44.22927500854846 40.16943135012544 9.691449838726774 63.26587337288478
2 3 	 # V Shape
29.40302563322058 66.06243146590975 54.22371115906537
4.651771863529309 36.282999988353495 68.353405500317
2 6 	 # Alloc Shape
0 1 1 1 0 0
1 0 0 0 1 1

2 6 	 # U Shape
2.123899087515524 15.81948541791961 52.85836226022261 84.60134119134838 14.26775717218477 31.687605260807373
84.29190880339803 41.45938450215316 57.3544323059815 40.43912743247626 31.743355974121258 84.49794108969387
2 3 	 # V Shape
45.93541181620991 82.92971774692391 81.45556268184579
17.357633324299016 96.23394834743974 11.918228228495842
2 6 	 # Alloc Shape
0 0 1 1 0 0
1 1 0 0 1 1

