2 6 	 # U Shape
26.360284602895234 15.037786726176595 68.38184293612342 81.66018352206666 33.60715844645519 89.08165306793224
19.812181303297027 3.061665387269341 87.76149398973291 72.74355137182333 54.08809312773927 13.14581524025229
2 3 	 # V Shape
41.36673744184527 77.8728808263993 58.39013656536759
18.263143630201494 82.60822477490753 10.540183348780108
2 6 	 # Alloc Shape
1 1 0 0 1 1
0 0 1 1 0 0

2 6 	 # U Shape
90.86488808086682 31.92360889885453 9.045934927090737 30.070005663620336 11.398436186354976 82.86813263076766
4.689631938924976 62.628714831139256 54.758615591924354 81.92869956700687 19.89475396788123 85.68503024577332
2 3 	 # V Shape
35.16526394320879 75.46476915298572 29.59617068796787
88.39364795611863 32.55116378322488 16.501589771914848
2 6 	 # Alloc Shape
1 0 0 0 1 1
0 1 1 1 0 0

2 6 	 # U Shape
82.61228438427398 25.137413420705933 59.73716482308843 90.28317603316273 53.45579488018151 59.02013629854229
3.9281767225387343 35.718175863453624 7.961309015596418 30.54599183428183 33.0719311982132 77.38302962105959
2 3 	 # V Shape
3.9959208689977266 42.94921784316384 31.49268718426883
63.64911430675446 34.634715008003305 4.309735620499444
2 6 	 # Alloc Shape
0 0 1 1 1 0
1 1 0 0 0 1

2 6 	 # U Shape
60.47261600361441 28.31482760673113 50.64078198775632 3.84604282905352 33.244409592506194 0.02725314913554211
66.46554661207423 37.74406647319514 74.75819684028474 14.057578194328435 38.80494533391232 86.64916406550097
2 3 	 # V Shape
95.68533263731645 48.65536688050681 10.593305856565994
34.003728865290284 83.55707937463893 46.54416261474522
2 6 	 # Alloc Shape
1 1 0 0 0 0
0 0 1 1 1 1

2 6 	 # U Shape
3.7094413234407875 35.0656391283133 56.3190684492745 29.972987242456284 51.233415327354926 67.34669252847205
15.91937333780935 5.047767015399762 33.78158870646794 10.806377277945256 17.89028085710904 88.58270961677057
2 3 	 # V Shape
36.536497121411585 21.876934917953673 75.24961702186029
10.687958439356915 74.46032407755607 46.97852934404945
2 6 	 # Alloc Shape
1 1 0 0 1 1
0 0 1 1 0 0

2 6 	 # U Shape
38.14115349046321 92.22327869035463 92.53568728677767 56.6749924575 53.34708849890026 1.4860024633228108
97.7899263402005 57.302890403318585 79.1756996276624 56.15573602763689 87.73352415649347 58.41958285306755
2 3 	 # V Shape
70.88498263689551 14.853345135645856 42.84507389678964
69.38900663424117 10.461974452285316 43.960523777459045
2 6 	 # Alloc Shape
0 1 1 1 0 0
1 0 0 0 1 1

2 6 	 # U Shape
12.687442031590823 37.09022126786691 67.19330328520958 93.38522406718495 55.88995326541736 67.24491100375658
7.705526469122914 24.988623250360487 35.55813891297041 2.343208967343946 93.51290211010857 20.95977126264186
2 3 	 # V Shape
57.677297926328464 58.10473308202846 23.392116115287397
48.29791904668277 54.70433236745386 87.18123119359062
2 6 	 # Alloc Shape
1 1 1 1 0 0
0 0 0 0 1 1

2 6 	 # U Shape
1.46348751032499 84.87640718112321 74.2674577299434 45.66975353201722 41.68984070493777 11.672951094696327
33.86791329893397 9.465904074365305 71.58308727513142 7.708540441603862 20.59502583689725 57.37762314512022
2 3 	 # V Shape
29.383155520376803 65.57267427145982 80.35683477432197
35.12135029964087 9.344037694376706 81.3316083670804
2 6 	 # Alloc Shape
0 1 1 1 0 0
1 0 0 0 1 1

2 6 	 # U Shape
73.63827038385634 50.76009080549594 64.43266150414169 21.31865653786481 89.57089487035581 96.59462515078151
31.700156230578813 86.55526182272831 31.028370694011898 2.526394543181709 4.919515777372863 18.46268380142655
2 3 	 # V Shape
6.903334161725406 25.74754234045431 91.35817315706745
45.784951197441046 13.021178947959488 80.98916654001786
2 6 	 # Alloc Shape
0 0 1 1 1 1
1 1 0 0 0 0

2 6 	 # U Shape
84.46188611438505 53.81475171399585 55.908651640325836 12.250998143741986 37.76419185740802 42.874732912904264
51.120864628546535 89.17625699356942 30.021061159401306 39.64418788784505 79.32732330276141 41.227607735340065
2 3 	 # V Shape
18.486754999091236 84.02473160883905 56.92713997012885
6.0050205550819635 98.89169741962012 22.87823332019653
2 6 	 # Alloc Shape
1 0 0 0 1 1
0 1 1 1 0 0

2 6 	 # U Shape
27.47951315927687 60.105189113251 93.85141972093375 70.72963093414373 26.340316495675754 12.233592111500503
45.872422918986366 97.48124993966691 68.05743744444447 19.325373228646104 4.673922716139501 95.26439367706239
2 3 	 # V Shape
85.86490154684266 82.79031757485711 96.39005228382828
59.893644907267486 93.09158358477515 14.67688142787268
2 6 	 # Alloc Shape
0 0 1 1 1 0
1 1 0 0 0 1

2 6 	 # U Shape
54.346503847491604 33.775464688518355 89.80243088495153 94.07070384832232 38.41218491535694 39.611779234059696
89.7279944819348 5.882236810184704 40.5379288429569 13.017554063091241 8.696940892461757 78.39642869589878
2 3 	 # V Shape
30.45733553466201 58.4055872555269 87.8466178426663
88.07920606135406 60.09542072456764 64.52277456840332
2 6 	 # Alloc Shape
0 0 1 1 0 0
1 1 0 0 1 1

2 6 	 # U Shape
17.77887486170979 8.262029129549276 48.20719697228585 52.88538793621262 69.6308271808997 20.47616140301962
67.13723299573634 79.32693253264206 4.1737812516961075 96.3357505721491 97.53927171733328 55.066078422181505
2 3 	 # V Shape
6.490698240660963 34.52367898618574 2.042996881149528
80.0851809783616 20.792709813215136 14.325251090518199
2 6 	 # Alloc Shape
0 0 1 1 1 0
1 1 0 0 0 1

2 6 	 # U Shape
59.42777205222456 15.171964914679803 81.87215707992948 16.034803009580724 66.0695342129468 17.663504593674883
48.419865845573696 71.3554558011378 48.120128500887546 14.075845193491954 73.07873881381384 81.22958951949273
2 3 	 # V Shape
72.38205196421121 67.17322953422301 26.411314241336715
27.60733247794557 84.16991944273465 51.57516549724572
2 6 	 # Alloc Shape
1 1 1 1 0 0
0 0 0 0 1 1

2 6 	 # U Shape
90.03573954833297 13.161620665947138 12.62512365881735 15.31969301964562 34.38098945485848 0.8466911174788372
13.208192652086204 72.55432465439992 82.95890150299017 1.3528181111777338 6.701847975796726 11.185484645860788
2 3 	 # V Shape
29.526480118342946 13.478392460548571 66.48510436552199
31.65906947458056 32.70386552253826 16.205831294146922
2 6 	 # Alloc Shape
1 0 0 0 1 1
0 1 1 1 0 0

2 6 	 # U Shape
3.7322009011339086 67.88353968929813 47.72208009079344 10.017138767093215 61.41962337146904 83.79145089661961
73.38940376588334 32.156558271190725 6.785531108690035 3.733023706427252 55.91253039604821 16.085269926854785
2 3 	 # V Shape
26.788818570209184 23.571195643599697 1.93474616178273
15.168642439497916 3.3902513132561762 98.18348580878782
2 6 	 # Alloc Shape
0 1 1 1 0 0
1 0 0 0 1 1

2 6 	 # U Shape
67.12569051256317 70.6330885200667 85.31554131904021 52.20495668360079 44.276965332145124 55.37484412555037
65.199484840611 78.85538744752402 89.22694516926879 30.910515867905374 13.560977226706928 75.09266518441873
2 3 	 # V Shape
52.68332215370758 78.4738580760474 42.99261028565723
83.8846587613526 53.735402542362955 25.04239331501743
2 6 	 # Alloc Shape
0 0 1 1 1 1
1 1 0 0 0 0

2 6 	 # U Shape
91.04021236063346 57.609071201198766 29.11544297803492 65.17863717812156 63.79207007555681 50.35747397173306
96.55527156217963 80.66911496104903 92.85193564036172 61.3935126664438 98.20039163431012 71.49879558453262
2 3 	 # V Shape
0.8659271417291059 28.814558099381117 84.13986575018212
44.317708702734734 17.304972347660364 11.452711222626355
2 6 	 # Alloc Shape
0 0 0 1 1 1
1 1 1 0 0 0

2 6 	 # U Shape
76.20668019798758 83.98874811543806 10.495741202168796 51.063130834591576 64.54886627441758 15.30668142526591
0.17596491043597728 96.70457532300503 80.78665332650922 27.406758936347153 27.908960707212593 12.067964142197818
2 3 	 # V Shape
48.0688264990857 93.23019787625626 91.49274257682686
24.387509597581104 39.48582964158739 97.0239530226589
2 6 	 # Alloc Shape
1 0 0 0 1 1
0 1 1 1 0 0

2 6 	 # U Shape
78.91887879251763 90.92222456715098 83.8170548530705 71.20311863871623 30.73794185374644 35.37845547709894
23.63533952237783 8.981163906322553 19.447817432203816 61.58078753671168 93.20836755651094 69.10839497831097
2 3 	 # V Shape
56.28470467042563 26.375579541254226 52.71468808849665
80.43829147090844 29.507589390599865 18.33385505595009
2 6 	 # Alloc Shape
1 1 1 0 0 0
0 0 0 1 1 1

2 6 	 # U Shape
47.954870014125284 2.9654940797728235 1.1428526824066254 33.184400023449435 6.143107860529495 59.81735080564744
88.59202535226233 41.21337753639407 3.8272198902195687 8.084240379080565 8.191454230184858 80.93673338215349
2 3 	 # V Shape
80.06940028849979 1.6909811354707704 86.12943252306178
91.13002243524484 40.08766846351621 28.689069833770773
2 6 	 # Alloc Shape
0 0 0 1 1 1
1 1 1 0 0 0

2 6 	 # U Shape
22.014599338063867 81.1137639752162 53.59535338891156 61.04284489824332 52.38698831262817 63.96291484955626
0.5156348033917069 2.4738783415619525 69.00263853157124 17.15930195622134 69.39306736886564 28.52656231218128
2 3 	 # V Shape
5.510592078168841 58.22229025860094 29.58187265655955
32.28161355753046 96.69893878549965 19.493466478308676
2 6 	 # Alloc Shape
1 1 0 0 1 1
0 0 1 1 0 0

2 6 	 # U Shape
12.067774005354314 23.620308232444508 26.79960048520986 34.913554031838366 42.88792946947715 46.803712992681135
58.7491958836826 41.728870313315234 60.546363735043805 35.29773467124676 90.119749149838 37.77194644123072
2 3 	 # V Shape
66.722632283906 39.038066495071334 21.56980708556169
7.436690534281631 85.42226488313925 30.41098411541425
2 6 	 # Alloc Shape
1 1 0 0 0 1
0 0 1 1 1 0

2 6 	 # U Shape
99.37431041017915 77.51534599873838 93.84494887846627 28.94018776403081 27.81459679064524 9.560687567341141
35.13013627714847 77.52843084717034 58.80644127742356 47.05171564438664 19.186676571047734 70.73084455177042
2 3 	 # V Shape
13.746904641735258 90.83436026742724 42.254787892789736
3.820220189129997 19.42027680488466 39.93323427255204
2 6 	 # Alloc Shape
1 0 1 1 0 0
0 1 0 0 1 1

2 6 	 # U Shape
48.467990304227584 63.93403927232835 16.769630743472273 92.46826037822882 71.73399513633042 15.481361149816685
72.36336058193933 18.64099258251244 82.96645652434765 19.664176333975437 96.13006691117158 54.75975848164579
2 3 	 # V Shape
22.286359973606018 21.272669051414418 62.79879624064401
63.3276129149952 30.32790372858618 81.63677514534665
2 6 	 # Alloc Shape
1 1 0 1 0 0
0 0 1 0 1 1

2 6 	 # U Shape
44.85245893649456 33.53845098473835 2.9706053983398317 99.09367486495766 68.09495248305892 18.915818640159344
4.50455494971731 1.313954536249906 66.18106166295956 10.751234469652783 30.9957639304688 30.794744829381003
2 3 	 # V Shape
11.747222616483842 94.69314207950003 97.7390549235605
90.4479254268709 79.61801494650354 6.542942286782805
2 6 	 # Alloc Shape
0 0 0 0 1 1
1 1 1 1 0 0

2 6 	 # U Shape
28.833058720400807 14.54486014581552 96.5677657072228 23.963398504775558 83.40618373032922 43.40179134078716
9.17287412971004 89.0676887022233 79.00748571459647 21.62353130333896 55.29925767959788 58.704621618201614
2 3 	 # V Shape
28.772349915873697 93.27945585030002 79.30047460151255
3.511130299513998 37.83836906420079 35.794133618693515
2 6 	 # Alloc Shape
1 0 1 1 0 0
0 1 0 0 1 1

2 6 	 # U Shape
11.143517283136028 81.15981436332996 77.95523385965585 88.50801550976391 32.242105182328714 10.716543173998428
16.12497572680799 67.2786361462869 71.41498933545607 23.723420298054943 80.57173684799352 91.8296297398204
2 3 	 # V Shape
98.46218462188033 99.70471450204329 51.59239606629441
70.00843086171844 7.655877521919541 90.11414967516501
2 6 	 # Alloc Shape
1 1 1 1 0 0
0 0 0 0 1 1

2 6 	 # U Shape
36.8304514558738 42.03205079109033 40.54039612521759 99.80776646486923 15.667537544190058 43.69589067938195
27.023265430982445 96.8963436599663 58.98090415158255 70.41864241408338 64.99366722126736 75.54070833545397
2 3 	 # V Shape
88.53142710276725 25.30527347954249 22.799380651608903
60.26417082776404 23.616416042627662 73.09863003941184
2 6 	 # Alloc Shape
1 1 0 1 0 0
0 0 1 0 1 1

2 6 	 # U Shape
52.417000623308695 7.916192339377204 72.16642542468836 12.006624986679014 74.17686262268323 77.13428993319802
6.811643131249667 47.68252782722475 44.243096136594986 22.410925267462765 64.18249309983912 20.6067510547447
2 3 	 # V Shape
59.11059348014961 20.53903103889653 23.649362147998975
46.99634060531236 9.843193158940089 20.091195344582967
2 6 	 # Alloc Shape
0 0 0 0 1 1
1 1 1 1 0 0

2 6 	 # U Shape
11.457443808560841 77.3050694280877 48.30605180582771 94.97097563140352 54.97037162982481 52.442620917032976
87.35848104416326 64.6725820158072 32.923076971827626 1.0449319729087692 13.709540824039445 77.03179123849691
2 3 	 # V Shape
83.30666167054225 66.46796550735621 57.55562044271939
90.84481053516957 71.4375151521008 48.19000188772987
2 6 	 # Alloc Shape
0 0 1 1 1 1
1 1 0 0 0 0

2 6 	 # U Shape
23.635683552876973 98.86302119030287 58.87823304656115 19.90778845146344 99.01677425951613 85.31013937258002
34.41210337303031 65.7041038386832 93.30603851526195 55.90763503622822 61.71050774113157 46.89892047477561
2 3 	 # V Shape
99.48297662211691 93.34737092152959 2.825541238821039
44.83929398895393 33.9975911825939 15.57623452305914
2 6 	 # Alloc Shape
1 1 0 0 0 1
0 0 1 1 1 0

2 6 	 # U Shape
79.31538941794459 99.86391120657998 70.43004302256007 47.48291257933798 79.54633498396203 53.25061124397573
57.463291169247896 96.62299802235343 94.26874804292174 58.926528947792676 22.95584237041064 49.53548691923427
2 3 	 # V Shape
43.565498286437546 33.09705201761817 60.37500670232953
9.468638146306974 11.575757718898316 96.96883321348268
2 6 	 # Alloc Shape
1 1 0 0 0 0
0 0 1 1 1 1

2 6 	 # U Shape
33.18044812709412 84.26055292261412 60.49224057992506 84.18139823787438 8.78369290597415 35.04948614782295
42.91959821144445 80.26482835613491 24.20697548611681 0.33322772919091026 38.86563451073852 92.15931319496566
2 3 	 # V Shape
15.262387580774138 74.9994459623443 94.74836190516686
25.07770155656568 15.74392594796008 34.305533571646805
2 6 	 # Alloc Shape
0 0 1 1 0 0
1 1 0 0 1 1

2 6 	 # U Shape
13.603392792337743 76.24420374753139 8.243690470409959 76.3761153364984 36.33931936773135 24.174586211048698
75.8625483039149 5.581914953661638 44.877361511359204 90.08256383327532 90.72852358789412 46.8881293183638
2 3 	 # V Shape
83.10449656508918 66.78914318545452 26.171405060874708
35.755840569708596 92.76189989088249 88.21012380772483
2 6 	 # Alloc Shape
1 1 0 0 0 0
0 0 1 1 1 1

2 6 	 # U Shape
40.79400188546065 84.33784449166895 61.96409538107533 31.27371477733385 49.45188315321827 37.49102429680643
83.58378221966056 71.68379995080801 79.64879952784443 51.70874537502047 96.1079699806403 65.92616342986216
2 3 	 # V Shape
85.48968878417271 35.23419330368339 40.29035928848863
91.5125702278739 77.19443193226483 68.29119824678837
2 6 	 # Alloc Shape
1 1 0 0 0 0
0 0 1 1 1 1

2 6 	 # U Shape
42.33846638908619 73.79784022664586 99.01201285264503 6.883631042351935 85.24458513130413 78.47495669454642
47.93364790425151 29.753982480459317 48.32935210264835 39.28910553212097 89.96944797582809 28.001251957542937
2 3 	 # V Shape
9.461643872180725 50.45095661759922 17.77668022757236
23.14241690996395 69.77504707515315 88.51907855493334
2 6 	 # Alloc Shape
0 1 1 1 0 0
1 0 0 0 1 1

2 6 	 # U Shape
76.3872645481208 73.01066611155372 44.60436259912971 71.2182594310135 63.92523938198028 22.942030313207397
95.93009800692543 59.505450301528796 46.61395579234032 92.63817177818152 20.907644286927194 68.35423168632275
2 3 	 # V Shape
99.92868504856399 55.250404485931604 71.12415725656606
15.47054999725399 87.69705245127783 96.04000584486478
2 6 	 # Alloc Shape
1 1 0 0 0 0
0 0 1 1 1 1

2 6 	 # U Shape
70.11729025692875 55.308641716702056 62.274559406906185 20.527674341921575 64.3186558812475 49.61184413263576
65.69378460971377 29.300880113941584 14.126333075681263 83.67461790502267 11.316803917667118 11.198336549529097
2 3 	 # V Shape
45.89126058015414 41.496439996393775 94.54265373802791
41.21363282951893 32.58093138039479 32.146510552065735
2 6 	 # Alloc Shape
0 0 1 0 1 1
1 1 0 1 0 0

2 6 	 # U Shape
9.044661841120538 76.09648782115683 21.5326974913587 68.05099195535821 47.48674293207318 93.08159224933445
15.796901892179882 48.12337217192933 9.10931050802526 17.64576874748117 7.362796696187168 34.39932939580566
2 3 	 # V Shape
67.69927850435899 27.763892690350545 31.04671690237111
5.446100051600277 30.25826095486641 85.52415488703949
2 6 	 # Alloc Shape
1 1 1 1 0 0
0 0 0 0 1 1

2 6 	 # U Shape
57.614850272985606 9.116891942241267 79.391017855673 42.70675742297524 60.14689371746276 5.660504970783419
8.454409755727632 1.8154562228838156 65.10911907876277 43.69341865849707 11.21532057198672 5.423778016957859
2 3 	 # V Shape
63.84092286500843 95.12936703389539 99.84309373462644
93.14635125349747 3.3981931032865953 86.01557407225077
2 6 	 # Alloc Shape
0 0 1 1 0 0
1 1 0 0 1 1

2 6 	 # U Shape
49.35655841140425 76.86310384422733 37.07877682545938 33.4485899167046 38.941280660658094 48.804936168610965
79.33563093096603 16.63297283689782 21.445861166683812 88.19787443725363 7.873525830867322 27.96958568996084
2 3 	 # V Shape
68.02311492323723 34.3997712158293 13.533827076889205
58.71528339990938 71.88262131378784 41.64541714577881
2 6 	 # Alloc Shape
1 1 0 0 1 1
0 0 1 1 0 0

2 6 	 # U Shape
64.34538328828394 71.40364433110099 87.62844383950313 10.413205930885095 66.87135206968982 17.417948781763336
40.08208383468471 57.71155839490098 43.37939238458628 5.463899507340897 68.53405147490163 58.42194781036532
2 3 	 # V Shape
83.19989655561177 35.221356300070326 38.097395689272716
46.17327683846568 7.7788882701450905 5.379957269842295
2 6 	 # Alloc Shape
1 1 1 1 0 0
0 0 0 0 1 1

2 6 	 # U Shape
99.25319133165988 12.493108260697728 51.67221149865642 35.603600906937594 79.47122116581752 88.74317067891731
86.29141040544316 85.036887937482 43.218591823205145 75.98078427099402 6.020717180756585 24.706180389118437
2 3 	 # V Shape
59.5619512914205 26.833623249532934 93.975335256828
61.34037984800385 93.6261856959035 94.61730649557765
2 6 	 # Alloc Shape
0 0 0 0 1 1
1 1 1 1 0 0

2 6 	 # U Shape
12.91145438365372 51.65825697753307 98.70237591362022 99.161293632274 15.777466997333677 41.47413555517131
68.6495322941087 35.66202389317096 65.68617129363271 17.153049419266033 48.49372906420839 25.506073540648934
2 3 	 # V Shape
85.75420733763673 5.794096717936348 69.63834542660223
76.09481818724295 13.177566048555022 15.55768061272621
2 6 	 # Alloc Shape
0 0 1 1 1 1
1 1 0 0 0 0

2 6 	 # U Shape
84.2206104109887 1.842569697153018 14.329902951849604 36.267189589575196 39.140510783272894 43.46870860640871
84.8281238753235 71.08113585559413 45.03853279314575 73.60477761463673 11.164434140016633 27.22881457701162
2 3 	 # V Shape
71.75303100603432 93.34488090248162 58.10270676213134
24.44220555419532 68.43516467349062 91.43203585585495
2 6 	 # Alloc Shape
1 0 0 0 1 1
0 1 1 1 0 0

2 6 	 # U Shape
59.1937855111794 63.08336324475695 18.314822773329386 30.774657437362286 8.479294929004055 9.152800621372814
15.586142529755008 78.0291097710866 28.43594426874447 29.60239682177843 96.54803796310318 73.10311334920459
2 3 	 # V Shape
3.883748361393946 1.5524690587036316 87.12234607833867
85.37783664660846 31.067778196409478 74.73480048614148
2 6 	 # Alloc Shape
1 1 1 1 0 0
0 0 0 0 1 1

2 6 	 # U Shape
49.247410220051556 87.66072913120419 19.97387179767336 8.657260852568339 72.9068866207079 10.701545300146353
81.33094795587648 77.27568754312601 5.806614058145287 14.06388640685593 63.69940029688143 37.91565812460828
2 3 	 # V Shape
28.40350156111312 36.249068359756386 28.42751827925457
88.52568677946027 93.92662970818118 72.32943243389232
2 6 	 # Alloc Shape
1 1 0 0 0 0
0 0 1 1 1 1

2 6 	 # U Shape
58.9634360602288 60.055498683949914 32.28375225059015 53.39118932772553 88.38213961957216 73.10938683329141
59.1505339227943 39.30296867058841 27.046020836139697 96.95271560912553 89.9423569201475 84.11506420718241
2 3 	 # V Shape
37.22480632739109 48.24979721765536 58.20075840726694
12.173900162762719 35.39321652146755 18.50050587355847
2 6 	 # Alloc Shape
0 1 0 0 1 1
1 0 1 1 0 0

2 6 	 # U Shape
90.07817202363154 60.781604717514256 71.83481082263836 25.51675763406952 70.50368126301127 29.166289041821113
47.94694270188199 0.5253323457689696 35.831289072666685 4.449429447446274 22.079731250616607 43.903991223835035
2 3 	 # V Shape
14.053586271519968 95.67430081451863 26.989012057050243
19.51463072195714 90.87828287867478 70.73279384566467
2 6 	 # Alloc Shape
1 1 1 1 0 0
0 0 0 0 1 1

2 6 	 # U Shape
64.71381439743946 53.41249063951524 28.869978157308175 98.5346095517915 30.184597356525423 60.06961438104853
75.42501871004225 48.057267890333264 58.44832321191438 45.03348688179716 13.646171935781249 80.44103204618683
2 3 	 # V Shape
1.4390653665222297 21.913133045984388 61.378794565612196
96.73146277449449 90.94277994690535 92.3587539666623
2 6 	 # Alloc Shape
0 0 0 1 1 1
1 1 1 0 0 0

2 6 	 # U Shape
78.21202495865916 43.502082593671666 87.10523086890986 27.462666577600935 47.371986285166514 77.9403312554097
84.97818487077969 45.85144543444213 65.66950512254239 77.14250944269658 62.9090962649588 20.490665514239403
2 3 	 # V Shape
84.72739199350465 83.82349609471311 41.05866007045332
66.27993636988255 42.72446641429759 57.90230468688655
2 6 	 # Alloc Shape
0 0 1 1 1 1
1 1 0 0 0 0

2 6 	 # U Shape
36.402967341894445 91.09766250185906 10.373705014221946 98.81734583614181 97.97375141568149 92.80547200402556
29.05424497249497 49.52203395121227 58.40771897427389 8.88135586166806 34.82742107746283 22.55423958732169
2 3 	 # V Shape
80.84480316481408 12.840363882164496 42.082013917496816
17.900065623660545 46.31742262394659 78.05910724956045
2 6 	 # Alloc Shape
1 1 0 1 0 0
0 0 1 0 1 1

2 6 	 # U Shape
82.06113642862755 30.86874205021116 96.0663260549781 16.657301503492395 91.40353443052483 49.63266437733746
37.19845767674499 37.05351230758627 30.63503408877194 42.22632051696087 0.2859722817052046 1.5738426296590946
2 3 	 # V Shape
25.795762010214553 51.87867882127396 19.431182767596933
48.53530731493949 58.00636798501165 59.35396495668448
2 6 	 # Alloc Shape
0 0 1 0 1 1
1 1 0 1 0 0

2 6 	 # U Shape
31.122900279665856 20.292493867277106 92.74678124444134 38.535204417383774 96.07964125205336 54.015564295750096
34.207894330170596 21.825993702327096 50.70528476815821 59.88027945752935 68.92806366108394 4.262924641106169
2 3 	 # V Shape
1.251372625434588 51.26045728189236 95.2886173527022
34.227223632043305 54.101655038750316 18.29515154069188
2 6 	 # Alloc Shape
0 0 0 0 1 1
1 1 1 1 0 0

2 6 	 # U Shape
31.640344698209688 27.43705391968253 96.2883694829081 6.722879256588332 2.4428974616479193 16.902531786491448
32.47497306424366 45.828291446630566 17.31351627197969 33.673205006423636 61.7905371619579 49.8818913208889
2 3 	 # V Shape
30.560318438476497 59.898926787001514 4.1799198887011
56.66201105748265 46.70356062895507 26.70496119397445
2 6 	 # Alloc Shape
0 0 1 1 0 0
1 1 0 0 1 1

2 6 	 # U Shape
33.02812009351821 64.24149581009345 70.06204805735523 6.190230415003251 13.803559152972934 34.42386295139299
19.841689104524583 3.070006458375363 90.33796569089796 27.42084248717139 51.10210625290373 35.087968040039094
2 3 	 # V Shape
90.58443310889324 93.1526619904902 28.768586515767545
74.14423543862344 40.62206036800229 25.57090044121624
2 6 	 # Alloc Shape
1 1 0 0 0 0
0 0 1 1 1 1

2 6 	 # U Shape
34.088167406451085 87.24011928262189 21.824297123715976 36.2475892681537 50.949959013542255 31.64855076233284
98.09070513914135 90.99815125364033 58.01035468574906 50.17907532767999 53.25898387732819 8.281101068951436
2 3 	 # V Shape
18.33309043592046 84.72132231084105 19.088768573132853
42.241586358589736 14.603601159421453 95.05251748944184
2 6 	 # Alloc Shape
0 1 1 1 0 0
1 0 0 0 1 1

2 6 	 # U Shape
62.11277966332598 34.025327585085584 79.77161831745701 29.715686603486525 4.5924417571815646 97.47165612855709
19.00644618028483 20.868550871724178 56.05127695203469 33.9804058118506 72.56905381163948 66.11417510563221
2 3 	 # V Shape
96.9019548886142 84.71190899730158 43.805131259928906
86.46212553805456 64.87929773201981 69.37440457173739
2 6 	 # Alloc Shape
1 1 1 1 0 0
0 0 0 0 1 1

2 6 	 # U Shape
24.193565670870743 19.192848816712036 91.39689469651408 98.51381134839198 56.359267318830284 55.41951109925041
99.07408332260948 98.53844178526424 87.8528522334355 67.08626291153531 88.5086568337961 50.87310574754118
2 3 	 # V Shape
68.43917114623372 85.80894722824426 88.43525222369706
10.378333326771072 9.114824732003768 40.24019451511519
2 6 	 # Alloc Shape
0 0 1 1 0 0
1 1 0 0 1 1

2 6 	 # U Shape
21.092182435321448 49.92243681349486 44.797554928519624 60.02271015901961 48.77984460212511 30.70228499336204
84.62740453125296 29.209076588895964 32.26395270243365 62.41306412669799 30.148628677769594 29.060428858414156
2 3 	 # V Shape
49.30375177192826 64.55425315756676 51.34681783862396
76.92522950992429 20.069411312312813 50.81362217442616
2 6 	 # Alloc Shape
0 0 1 1 1 1
1 1 0 0 0 0

2 6 	 # U Shape
41.75369032871704 0.7357565751473949 25.856346067012225 48.568301481860686 44.635668971104046 78.58464824844015
64.67893697616064 54.95223995873665 34.5648607571703 52.21792914660306 36.67944432751214 74.72032802964068
2 3 	 # V Shape
64.82217391489421 90.57491450099383 55.969171965264444
42.50836435908241 11.469759818143688 56.8542616286835
2 6 	 # Alloc Shape
0 0 1 1 1 1
1 1 0 0 0 0

2 6 	 # U Shape
27.389181319324905 12.651791810062907 42.46466939120509 16.477691618608294 65.24994556134426 5.259622033148692
48.44956557152217 1.1321239232434555 74.56891036841873 7.16888443915491 48.69531320658139 20.318946760490263
2 3 	 # V Shape
12.944777257538798 29.03058367102247 42.05056852823201
6.524280086462342 27.9032584767834 66.1247845828568
2 6 	 # Alloc Shape
0 1 0 0 1 1
1 0 1 1 0 0

2 6 	 # U Shape
55.964955199045264 44.85370611544647 58.272648120499845 43.17454997180723 64.066736465904 3.728142071869567
85.79371529476289 61.71188866116344 52.32003602724022 26.352030884203536 53.28790292223157 33.55130527964783
2 3 	 # V Shape
30.73471457584256 9.859015258325021 37.73165596884256
58.367287565519 96.74106150793918 43.82350150053752
2 6 	 # Alloc Shape
0 0 1 1 1 1
1 1 0 0 0 0

2 6 	 # U Shape
57.44293231689495 5.935511975094299 78.42416618915637 36.982688835052556 69.87867634920802 98.50152274624763
79.4244913511597 2.5396092650194824 1.084474325417173 0.22690198050676624 29.21005452564077 77.79608346761091
2 3 	 # V Shape
70.22235820264277 33.85762854115952 21.168576739457567
51.276332583429365 71.48059326047405 2.933047462391103
2 6 	 # Alloc Shape
0 0 1 1 1 0
1 1 0 0 0 1

2 6 	 # U Shape
21.510808673920188 83.03267871607025 77.14293498978753 86.71475385987615 19.604362591241387 23.362800124306805
39.868284715016756 93.83426142167221 98.93371207718899 56.98376515928503 93.17185760349204 31.00803758760079
2 3 	 # V Shape
97.69138810755751 36.28253529358919 37.45104591485661
60.77757626294387 16.76678409149912 86.13834050276759
2 6 	 # Alloc Shape
1 1 0 1 0 0
0 0 1 0 1 1

2 6 	 # U Shape
19.34531424111071 70.07664618641016 94.17172845208111 55.48011051484435 45.89148897055439 20.12924633517431
99.58931377038652 36.78106032600512 91.77846520753015 70.63829900311207 13.420500263139923 9.380833093393104
2 3 	 # V Shape
80.15041392130044 49.06692723787079 54.168547785294344
78.29450154651477 36.1143942874207 92.71188622105015
2 6 	 # Alloc Shape
0 0 1 1 1 1
1 1 0 0 0 0

2 6 	 # U Shape
48.02403347336455 16.69245810689408 68.01699678508741 94.90436766686265 44.904300995572164 23.258694099688615
72.20265418019423 14.200835687922774 10.019118536548222 63.12223198556238 9.417371194068568 13.715955368621513
2 3 	 # V Shape
95.05754201392807 63.87252873419664 99.96498787040119
77.80565108493451 1.6974953804198112 20.79781316192134
2 6 	 # Alloc Shape
0 0 1 1 1 1
1 1 0 0 0 0

2 6 	 # U Shape
23.041037789889142 94.77147799579431 4.830228168121298 23.860575739602574 49.24570255163495 84.33460131727743
84.42192494803355 12.819970398980928 75.85933989589557 29.088432020241584 76.43341872939214 83.67752180014641
2 3 	 # V Shape
37.69148476585228 69.77319782273234 91.99661944212296
46.86776725666314 73.16101282371349 1.0247040539513863
2 6 	 # Alloc Shape
0 1 0 0 1 1
1 0 1 1 0 0

2 6 	 # U Shape
29.377021478284217 72.8609074576266 12.980871138479078 62.87927742441822 19.289919634888232 62.488931748904456
5.556981331668897 41.93956556537305 75.59108857573679 23.272758704023733 91.34030871532262 22.787066670444787
2 3 	 # V Shape
96.89881107806262 31.472375648862783 62.197218783676
14.674543088775016 78.25943647079508 17.62646530395112
2 6 	 # Alloc Shape
1 1 0 0 0 1
0 0 1 1 1 0

2 6 	 # U Shape
63.305280871994526 5.729903201260578 89.50982415656692 63.37288687754038 46.27684850321812 9.078810453420317
98.21533348159726 75.16318919626816 92.63977611806433 57.721937729441855 44.45622069886797 11.84305364666509
2 3 	 # V Shape
0.3392119753210632 42.989727068529604 44.562152349764574
22.54006325494674 31.591948653799218 25.67577950321599
2 6 	 # Alloc Shape
0 0 1 1 1 1
1 1 0 0 0 0

2 6 	 # U Shape
22.0714202251722 4.219956835797611 48.66561244238768 75.75461347311592 22.419192871566974 70.97752684375214
19.250088940007572 47.93369314749943 12.753850011229629 28.43434588211813 10.319057485057492 32.44434547346708
2 3 	 # V Shape
62.95224472317583 61.65680202130383 23.85542680818219
12.9278413055962 91.59942040797456 49.442243513535345
2 6 	 # Alloc Shape
0 0 1 1 0 0
1 1 0 0 1 1

2 6 	 # U Shape
4.48569910081652 15.855114104871248 95.14234005377553 42.671958367097105 50.68355074640134 2.535993464082398
1.5614477870282917 55.211590140238066 80.69985935631249 93.57414590085504 10.72995501118884 8.131638632810823
2 3 	 # V Shape
8.966618631809665 35.00910051367021 53.295944525534146
73.08248591967785 3.820162517097503 61.84481475616367
2 6 	 # Alloc Shape
0 0 1 0 1 1
1 1 0 1 0 0

2 6 	 # U Shape
69.3300810381015 9.490417219152448 40.23164711209856 65.04580450304506 18.41189351970256 23.532524546449206
12.558399890569339 40.57496935951406 90.95842849538074 9.350880344921341 39.75831119770131 98.82467919904468
2 3 	 # V Shape
37.867434083741294 44.15418274134133 13.615604296153238
88.79689873076298 13.196672989031422 93.56676013297408
2 6 	 # Alloc Shape
1 1 1 1 0 0
0 0 0 0 1 1

2 6 	 # U Shape
52.24381236816471 6.735827556768936 91.2326430496139 91.82013378973745 93.88849921242716 54.908650804684164
46.81106050264714 86.96358174378072 98.09946801858267 74.91782709821655 57.701066055163565 2.573069722647492
2 3 	 # V Shape
99.6612204499 94.29686133491812 83.58333441720264
33.79821692424528 79.30204735387773 69.55254885973183
2 6 	 # Alloc Shape
1 1 0 0 1 1
0 0 1 1 0 0

2 6 	 # U Shape
88.44240405514329 96.50000826603609 74.71085942277188 4.437659695359574 3.1420588493271118 78.50723083607821
19.77810237406752 75.48795305059024 75.1888920061685 27.871768216393022 12.039548001913158 40.258765614931946
2 3 	 # V Shape
86.4848027184398 67.08914564572481 6.757502395018489
44.13393834989374 8.968535802444089 82.13416852040862
2 6 	 # Alloc Shape
1 1 0 0 0 0
0 0 1 1 1 1

2 6 	 # U Shape
51.950596030224816 7.2401145681043495 13.496393429333542 65.24081661677742 19.682195354400235 31.233320457917678
14.175838548949372 30.253474201710475 14.426754981621649 41.98293801237738 21.670058225506338 90.6638278794464
2 3 	 # V Shape
56.94337549617544 15.828881647292636 42.756919218852204
86.47850199560105 83.55455467883878 59.3547550904266
2 6 	 # Alloc Shape
1 1 0 0 0 0
0 0 1 1 1 1

2 6 	 # U Shape
7.0659396265218 26.985036311047107 55.0972867950663 70.24776013412988 50.619773649345454 16.355751453480693
47.297429811219274 32.99071851596427 27.83037801741014 64.5687819916957 45.2377534168417 21.575867159167384
2 3 	 # V Shape
65.79124460650021 12.954168815543976 84.39164631971947
8.671217185003055 2.2400709740372005 8.373013826774
2 6 	 # Alloc Shape
0 0 1 0 1 1
1 1 0 1 0 0

2 6 	 # U Shape
53.33567294333063 19.161889619859586 30.77088257802847 48.34987565749098 6.852574841950753 11.928926586825039
43.00715923968694 32.82545648946177 51.10900867376373 8.93401873975077 92.99012591151423 37.488767338574135
2 3 	 # V Shape
23.61102674642521 5.4950457278528875 65.18248631493363
53.55241360087219 49.51874535936551 49.72130146550142
2 6 	 # Alloc Shape
1 1 0 1 0 0
0 0 1 0 1 1

2 6 	 # U Shape
93.51393446362502 24.00557819675987 37.92869864795422 92.25777043217592 54.5230699913136 74.09605397583647
26.969485347922305 64.18545486584503 69.8072460973478 49.230788425305846 47.437858537223775 74.35934406874709
2 3 	 # V Shape
32.49771529388036 32.818511835012245 59.104389035954675
37.20178374963049 53.1756600623048 68.65050583004425
2 6 	 # Alloc Shape
1 0 0 0 1 1
0 1 1 1 0 0

2 6 	 # U Shape
1.8309552466142298 32.57350522268495 85.0934470636639 22.509466747508434 65.55978035842108 90.83379520007345
7.708483439215463 55.47893429316535 15.475517943407235 7.901294426777017 59.463684999345865 59.478469604827666
2 3 	 # V Shape
37.01398301363194 9.393562236677322 63.06799911019423
46.72537233950159 16.913633136605966 93.10466555111374
2 6 	 # Alloc Shape
1 1 1 1 0 0
0 0 0 0 1 1

2 6 	 # U Shape
34.57379080127957 70.43055031914984 78.0613906286335 80.04757913795267 96.84537916613934 83.12932086993526
15.550826906018633 71.59705846400783 2.7144844587495776 28.271971412014263 5.818161199355021 94.54653140092296
2 3 	 # V Shape
56.454900034452514 31.377544356494823 88.98483489758901
21.730413117308135 90.27714132980103 23.669542165835765
2 6 	 # Alloc Shape
0 0 0 0 1 1
1 1 1 1 0 0

2 6 	 # U Shape
49.1532843254729 70.06624453094808 0.26875257677486664 6.724269723561838 25.68266140250952 28.10589790630953
4.715918090954996 10.514844793562627 24.2573228869017 97.213722338445 99.46992841538493 64.26478563161105
2 3 	 # V Shape
94.43973780862966 97.39710964682843 87.44662062692684
96.49642352641744 38.467388736776364 34.402557805298116
2 6 	 # Alloc Shape
1 1 0 0 0 0
0 0 1 1 1 1

2 6 	 # U Shape
18.798891744341272 4.5404077846178055 45.814828292811136 27.24082086472911 89.18185928452237 68.80417300418054
98.09742862124754 45.87686355968695 89.21192752561767 44.96693736012606 85.48674608930824 64.99230764988503
2 3 	 # V Shape
8.914519817649024 97.42340082767662 53.38487366766448
63.625170507289155 61.15858045680821 12.115233025304695
2 6 	 # Alloc Shape
0 0 0 0 1 1
1 1 1 1 0 0

2 6 	 # U Shape
42.80966945226107 87.94173123165211 90.2268128957932 62.44287695863071 77.25628746724948 82.49898742919798
56.49971977229534 20.853929444925377 30.116914573351682 42.03852538851671 23.832912013195685 5.977141776833916
2 3 	 # V Shape
82.21844266795411 32.60034510457982 48.78557324300192
32.35258553988004 68.84945501031505 48.14438859696138
2 6 	 # Alloc Shape
1 1 0 0 1 1
0 0 1 1 0 0

2 6 	 # U Shape
36.239152439432665 44.02414915187948 44.396773449968386 24.29694031521269 93.21179241793749 74.9862043110935
86.15156210253515 0.02734266745958447 51.09176556349699 77.32697225620628 4.579321708009976 99.31324883531597
2 3 	 # V Shape
6.772954439271461 76.70567693562633 78.06116771942163
72.28187765847592 43.00715442546041 16.253574685246342
2 6 	 # Alloc Shape
0 0 0 0 1 1
1 1 1 1 0 0

2 6 	 # U Shape
19.962502963620466 72.22048225287095 38.15619575580605 6.388072451634419 21.45921979438138 46.986905666160496
43.59724620028569 67.61247374630346 78.17905297679897 57.24638243073898 73.06214231067652 80.34977391607832
2 3 	 # V Shape
33.27528376971386 74.73018037656469 53.42787537083562
96.42799365706598 93.93284325065456 4.231331894218049
2 6 	 # Alloc Shape
1 1 0 0 1 1
0 0 1 1 0 0

2 6 	 # U Shape
76.40599959593166 11.993952155522425 48.90483635703355 19.434384831359697 71.10842723974923 19.64270703797918
52.20967775178495 27.452311141039274 11.802729527221844 61.93983291344439 32.221108860602634 24.653494237631136
2 3 	 # V Shape
37.59830907325977 51.11336488000984 78.08030889980022
46.512743555991534 26.69365114641019 6.723502953599658
2 6 	 # Alloc Shape
0 0 1 0 1 1
1 1 0 1 0 0

2 6 	 # U Shape
3.772298900490234 36.8702464489868 87.51940474245478 72.00327656901061 80.25573700139233 87.02428712065159
42.23003750624127 29.64625971077186 37.685168011066075 79.66622926398341 81.51088765493301 53.79149571200327
2 3 	 # V Shape
10.74410804224426 39.028875767024864 76.86278406178224
40.18098819435899 97.02119168942322 39.07208521869035
2 6 	 # Alloc Shape
0 0 0 0 1 1
1 1 1 1 0 0

2 6 	 # U Shape
20.524927151389637 48.31361445504271 85.0625569079787 61.91225604535967 32.75738860471874 48.381049866511475
28.280300156137272 0.7590044728818857 10.022792540738646 3.2612620207901233 3.175016010133269 70.86886948854097
2 3 	 # V Shape
59.507894604488385 5.84024516252396 61.124875849171545
4.875127944585067 56.27476663978399 26.620022902308584
2 6 	 # Alloc Shape
1 1 1 1 0 0
0 0 0 0 1 1

2 6 	 # U Shape
75.59937233842072 37.03688552825152 69.27608868779818 85.88182185276226 54.95547890714592 4.386863719528522
63.68252068254145 97.9271984396945 35.95198470090985 18.11683077412788 27.77450745358132 82.97811584318653
2 3 	 # V Shape
17.470270334649896 1.2520009250067021 21.35427622628202
29.235109653072445 19.404193271503743 8.603167901962683
2 6 	 # Alloc Shape
0 0 1 1 1 0
1 1 0 0 0 1

2 6 	 # U Shape
86.92236116355211 31.620102786648484 69.31521245521863 35.65043704556232 88.72542452859055 17.075038536202747
15.137544654013613 60.30505611785056 81.77427654236438 59.74607914090539 35.81479321259403 7.627780545228557
2 3 	 # V Shape
35.41166533645583 7.602814647337752 77.62887162132071
53.45440354660662 14.341311323845696 44.36998994855561
2 6 	 # Alloc Shape
1 0 0 0 1 1
0 1 1 1 0 0

2 6 	 # U Shape
29.51249345919067 27.383907373613457 25.284853004659013 49.36907903068515 20.194296368602416 38.29007797075089
56.40015695389897 77.8032931813845 20.997168576500403 19.074236652852996 31.859275161178545 83.22147123017149
2 3 	 # V Shape
10.833255200826375 63.76210754736466 22.856424898298545
31.940267402449873 88.87093921856028 19.072686256910675
2 6 	 # Alloc Shape
0 0 1 1 0 0
1 1 0 0 1 1

2 6 	 # U Shape
29.434844092220438 62.15422774329456 52.19960345285411 77.08275698486842 44.19562251202169 39.06872878942785
13.258105409544562 30.402991058803842 98.25093348500192 7.3970950317039925 21.91224668465821 9.91227544020602
2 3 	 # V Shape
72.9112859723853 47.54476559486288 32.79309784159696
27.629040421082273 70.6465240966045 54.68971846408381
2 6 	 # Alloc Shape
1 1 0 0 1 1
0 0 1 1 0 0

2 6 	 # U Shape
54.529155316215714 22.25597469879661 22.627687420567476 82.44121157197006 71.68578520701071 1.3532698239445473
61.8764103068728 98.25947128549811 20.340099854729466 71.391401342581 8.460947389780616 3.6086376573881918
2 3 	 # V Shape
51.04941388176617 0.881800196126814 60.5370416602657
43.58145792478285 32.61741860935068 79.47650235907372
2 6 	 # Alloc Shape
0 0 1 1 1 1
1 1 0 0 0 0

2 6 	 # U Shape
28.650988950571886 21.815751156801255 78.26745264570876 17.038364525240944 6.202106613576774 99.06331195105295
54.85570782025137 24.20580854983867 93.90056600770083 65.41885366261604 79.9614052171315 98.00787484776166
2 3 	 # V Shape
93.932227147062 11.958854816235354 31.95276603529893
57.72480931209603 47.80658475181511 61.00133634995554
2 6 	 # Alloc Shape
1 1 0 0 0 1
0 0 1 1 1 0

2 6 	 # U Shape
68.39374514393498 58.6392419398405 97.9320803088292 77.42451562791469 27.299922113324303 46.61990548081975
33.79281819239063 58.43396420706164 60.490750273238845 12.847778710502523 52.33119668492488 28.81037484089838
2 3 	 # V Shape
58.161988878890526 34.991830255913136 38.73961954125227
4.134237914114458 53.3454565211224 6.912653775710131
2 6 	 # Alloc Shape
1 1 0 0 0 1
0 0 1 1 1 0

2 6 	 # U Shape
39.30473898349045 48.0400105973432 37.066173872846484 92.22001630431737 63.87630783253512 29.481544677593675
13.8993780405415 40.526404628224334 89.00318040218458 12.354416853955586 18.34729776532734 4.838319573611916
2 3 	 # V Shape
72.55706215180251 40.886837478074334 66.7936042739548
57.50723434624986 43.01264176137959 43.27040969831479
2 6 	 # Alloc Shape
0 0 0 1 1 1
1 1 1 0 0 0

2 6 	 # U Shape
38.494710552778265 24.05553425204674 43.505035475564654 45.577216951250655 35.00071863552816 44.84554188635463
84.02537017145359 83.80513354975876 45.533315507777516 1.8237255654438789 52.59951641359074 93.16871781742284
2 3 	 # V Shape
96.05882157757877 4.843707069017311 75.84795309163317
52.721681560820755 70.36476259040369 7.70587560211834
2 6 	 # Alloc Shape
0 0 1 1 1 1
1 1 0 0 0 0

2 6 	 # U Shape
40.48280567204961 5.251049025957533 55.20571953870373 2.4234330544996685 93.71264819462378 38.71065053718359
60.23738389993859 41.91855284848276 38.976817512649575 52.957260302688304 2.759798631740329 84.14849021852066
2 3 	 # V Shape
45.06447780038211 38.640241887503734 27.67371732031019
57.14286844965489 54.50559026541721 99.17249918774654
2 6 	 # Alloc Shape
0 0 0 0 1 1
1 1 1 1 0 0

