2 6 	 # U Shape
48.54270981677824 1.2780814590608647 48.73716073198716 94.18066523433662 85.07950893767787 72.99644702208185
10.873607186897495 89.39041702850812 85.71542470728296 16.508661759522713 63.233401382349605 2.0483612791232675
2 3 	 # V Shape
11.673726878001622 31.63673116125404 15.791230667493695
75.89795881605053 81.82753578641436 34.46244909592174
2 6 	 # Alloc Shape
0 0 0 1 1 1
1 1 1 0 0 0

2 6 	 # U Shape
47.97972816594304 40.16764806306522 84.79789975469745 71.78491793398788 60.20640512488246 55.238382150549725
94.91023977466375 98.66733303584687 33.80540496495278 23.98746790524734 79.64357539879462 6.368643077465541
2 3 	 # V Shape
36.46156429960411 7.0022802624502445 31.936770705091
7.0382595106956884 29.026366713531203 79.01011234337895
2 6 	 # Alloc Shape
0 0 1 1 1 1
1 1 0 0 0 0

2 6 	 # U Shape
43.62409336651609 73.28253363481761 6.2887623860700455 2.0732978881171316 77.0548066415019 29.995200943055433
70.11642750435169 73.46677209045018 93.29046271873459 40.03284329218084 35.84379283481562 80.65667909277211
2 3 	 # V Shape
76.44910965444714 65.26147399155839 81.09665739550674
64.22148587410551 95.74440528259551 33.38744214510923
2 6 	 # Alloc Shape
1 1 0 0 1 1
0 0 1 1 0 0

2 6 	 # U Shape
11.05234847913933 13.955098956562173 61.12624589559373 38.929420428599414 42.83188860114776 54.89849926431732
39.56933048935058 40.93358305769325 92.40331336399346 74.04159444051788 31.920955132106677 2.4217336440790938
2 3 	 # V Shape
86.14929068688782 25.77575273518724 51.53685375527894
19.63043791624325 51.311616103412874 3.692410467534657
2 6 	 # Alloc Shape
0 0 0 0 1 1
1 1 1 1 0 0

2 6 	 # U Shape
91.33212886911979 87.66824635730734 80.77928505198254 16.32192753328321 35.1376273376456 16.451751696849836
14.357864640132345 7.336974124586771 43.293599505144975 52.35359763302172 30.512094986966844 92.42345886453823
2 3 	 # V Shape
75.28125332717018 30.421297649811187 69.74016942912463
78.11311439834809 45.90215853306998 64.61552792713621
2 6 	 # Alloc Shape
1 1 0 0 0 0
0 0 1 1 1 1

2 6 	 # U Shape
73.83489532111227 32.128947922895634 91.19745034030484 42.94660696912427 95.27227771022999 41.415296022912266
74.33645420655272 30.018096650897817 25.04963795152747 41.23073163505353 18.60869558184651 67.19429117438393
2 3 	 # V Shape
49.09047156236074 64.81904233407127 15.877451404072552
90.89517088833217 8.083322430374407 30.192316712121283
2 6 	 # Alloc Shape
0 0 1 1 1 1
1 1 0 0 0 0

2 6 	 # U Shape
4.587020519081331 55.392727282158596 73.63094717820712 64.8046473172597 5.293284911473728 23.288283262928864
70.5884258625311 5.508483210578596 84.64969771473588 98.9081161579356 24.77996424832022 5.411530447521384
2 3 	 # V Shape
97.96933083190055 76.72162846141741 45.4197800127103
47.825664023283686 91.550300409866 35.5830079862602
2 6 	 # Alloc Shape
1 1 0 0 1 1
0 0 1 1 0 0

2 6 	 # U Shape
5.295186810844732 83.16599395304785 7.837980771565989 95.21754802942424 70.61476278277338 91.15328467690831
81.44408709150505 19.0721612852886 17.59034817259575 96.13877717570742 29.103797580332834 79.06135259730081
2 3 	 # V Shape
17.079014782816504 29.909023029198533 67.34901437201955
24.84196822431457 75.18671691628543 87.92560630523988
2 6 	 # Alloc Shape
0 0 0 0 1 1
1 1 1 1 0 0

2 6 	 # U Shape
6.3931454481972905 43.62958714643608 52.43408277604736 58.688597308581635 10.797479399315568 36.295872078383475
42.043329292514606 65.43327133404156 81.67108835419795 5.40423675871049 5.805899373951339 57.14026076535712
2 3 	 # V Shape
25.272821562615654 41.833640295555576 96.57082195820112
15.266940462214196 53.17537514827936 40.76287665102477
2 6 	 # Alloc Shape
0 0 1 1 0 0
1 1 0 0 1 1

2 6 	 # U Shape
52.42097636350992 98.41126580515484 17.26247475691699 16.688143026686863 87.0484482106602 22.811659443259092
33.00343399792342 31.77219178558235 73.20870673880485 24.86131186836137 66.51225966132439 50.99283861666326
2 3 	 # V Shape
61.05034719221605 61.70056112159868 29.037757659864315
88.76190825360582 86.75053674038796 28.788176365471042
2 6 	 # Alloc Shape
1 1 0 0 0 0
0 0 1 1 1 1

2 6 	 # U Shape
96.4969574127571 43.18103309406737 64.83304576454303 49.397735850199034 92.61487089259161 34.93010310746224
90.01400358569892 50.649329506484975 98.24229839391143 60.77158463995532 10.350068120864453 95.00780216168454
2 3 	 # V Shape
81.29069496681629 95.3208648526758 81.15250866017377
99.36646858769667 59.0020631837469 58.64190839618002
2 6 	 # Alloc Shape
1 1 0 0 1 1
0 0 1 1 0 0

2 6 	 # U Shape
89.05046207888844 99.3776469388842 17.521486475504 21.15011781361238 66.70340941713064 76.45628984466875
82.29658059287821 30.244553822412502 20.91003056378511 7.256924416241772 37.63322669294579 56.248473578616576
2 3 	 # V Shape
87.25513490307833 3.304441704947503 8.965531399991189
65.3145124864115 67.13210588271136 12.413149197003836
2 6 	 # Alloc Shape
1 1 0 0 0 0
0 0 1 1 1 1

2 6 	 # U Shape
9.092484166469161 6.574940877546687 66.85331729938397 79.16144787696052 46.242776805153284 40.214605823925694
70.15487985287336 7.604137792672061 27.8282875182854 90.5267408738359 94.89558069066827 3.839609224862206
2 3 	 # V Shape
0.30641225222766133 76.78841222754801 45.187827619777124
76.24304561663773 64.29830595925348 44.79663902269472
2 6 	 # Alloc Shape
0 0 1 1 0 0
1 1 0 0 1 1

2 6 	 # U Shape
65.49281206138899 62.157872341972784 81.6612358880182 29.13424595463794 39.41051418095679 63.06562657571645
82.0955782119158 32.13886772078395 16.847811351592178 27.225627931772056 43.89763536721386 9.846297786639624
2 3 	 # V Shape
62.83355101588168 89.64800274276426 34.219781219585364
95.63789416359198 41.96281071311628 53.57437938546939
2 6 	 # Alloc Shape
0 0 1 1 1 1
1 1 0 0 0 0

2 6 	 # U Shape
37.647595422229976 4.082307276796948 93.8233298056999 59.28953627026381 95.59070576778511 43.073095468787415
61.91608751903769 43.773416513009686 98.25334695537758 22.47647517779402 82.2790445997044 55.49198161064774
2 3 	 # V Shape
67.53220853253727 80.40347673048183 71.19044732692468
90.01985130829965 28.723952812434472 40.06859557196404
2 6 	 # Alloc Shape
0 0 1 1 0 0
1 1 0 0 1 1

2 6 	 # U Shape
45.19012065206377 93.96662808339397 59.46659183033961 68.3342026402251 6.028444541662714 40.20721580943673
35.042886545498384 15.235435033827526 60.117442496544385 50.06590143375216 55.540316979199474 68.1783178133401
2 3 	 # V Shape
62.620545097832505 26.29371741053412 80.56333180302276
3.037576351273963 3.598614140742451 77.77263574213558
2 6 	 # Alloc Shape
1 1 0 0 0 0
0 0 1 1 1 1

2 6 	 # U Shape
87.28197456685284 69.7575525903039 3.6900658417940324 34.5527801300605 89.38272516290294 46.88005606416107
43.39699285171342 30.492016208911366 15.973648714811528 66.88732701919983 39.53409671256616 88.21058642385889
2 3 	 # V Shape
4.319015972113338 87.43493304247222 9.236932347605842
82.35181243394845 45.802506525259126 74.01749397325857
2 6 	 # Alloc Shape
1 1 0 0 0 0
0 0 1 1 1 1

2 6 	 # U Shape
20.962951610600676 40.19369310441364 59.5224983967658 61.02680245512897 10.79376491401961 19.256691051904095
45.824795884600256 51.61575064656704 85.72442769312532 57.673197499743424 81.1518435427909 36.97072025391894
2 3 	 # V Shape
18.77256941974219 27.96914968876747 2.497454194548221
36.413103867482185 63.550037854073324 84.19721853830143
2 6 	 # Alloc Shape
0 0 1 1 0 0
1 1 0 0 1 1

2 6 	 # U Shape
44.35560510489397 53.67987725149025 0.47618371226565426 0.6722747082761438 49.360075502985666 37.65930011298833
13.498110501715333 35.428742184314245 64.1454658706931 52.27852740465856 39.640675687477966 77.00442759071208
2 3 	 # V Shape
5.335398595119944 88.61403755906514 67.91323644686999
41.94870328283461 69.17316564148106 93.92429163477107
2 6 	 # Alloc Shape
1 1 0 0 0 0
0 0 1 1 1 1

2 6 	 # U Shape
2.2428446464295204 27.78151630901844 36.402668507854926 24.74544495511266 45.73033454333329 93.79876976049715
18.935390407689802 38.149975472524474 83.30417036754945 13.106252186121681 35.23777778022874 55.08927450314998
2 3 	 # V Shape
76.93629573321974 86.18424205107225 25.598011759129314
95.23502491163815 43.48522665777267 13.097068310080173
2 6 	 # Alloc Shape
0 0 0 0 1 1
1 1 1 1 0 0

2 6 	 # U Shape
50.678495186094416 81.03264585139243 19.218684029749113 34.69310302587839 11.638754452722011 1.9110881162944349
93.52971726850386 57.78256143765669 40.84251642291484 78.07107278141497 48.92466525121396 77.4765726481008
2 3 	 # V Shape
42.95787136777896 32.37637730583951 92.23480232015278
74.53850150254328 45.461907099703744 89.51334822199162
2 6 	 # Alloc Shape
1 1 0 0 0 0
0 0 1 1 1 1

2 6 	 # U Shape
49.95867314903164 44.58569078146528 80.50906714454958 19.989604772001655 50.43946730936415 13.102575864259913
87.13419867534361 42.49588186747519 99.80367764168001 66.32798868693475 20.407692876607598 92.4843056130119
2 3 	 # V Shape
29.359520854479904 63.840042026324504 76.51890409169717
10.32936627923059 18.412867360505558 42.667865537675894
2 6 	 # Alloc Shape
0 0 1 1 0 0
1 1 0 0 1 1

2 6 	 # U Shape
45.28154823966764 34.39878462976152 43.8714446555344 88.16428697530044 67.46231532561883 59.570765622517655
54.620328841075384 69.68256352874313 15.65136205664911 22.144056261639534 28.147473977304372 65.92353418218573
2 3 	 # V Shape
56.81169787781872 1.4546211045279978 8.860979797161006
7.605619494096549 4.034368998071813 95.7396222645827
2 6 	 # Alloc Shape
0 0 1 1 1 1
1 1 0 0 0 0

2 6 	 # U Shape
82.2132332414339 66.46400998193462 62.86869387410713 35.89355005264664 11.639658730854407 58.89340173876628
51.010839892521375 25.228638649800573 49.06662124263654 19.52141928908849 38.041720456782826 71.50952647394907
2 3 	 # V Shape
18.675635280383872 50.18161332475087 92.95674160345887
97.33520632610939 53.14114465381622 66.27071745401682
2 6 	 # Alloc Shape
1 1 1 1 0 0
0 0 0 0 1 1

2 6 	 # U Shape
71.09976288108786 41.2012067377455 10.743822288272042 76.75514270498843 48.66285503883711 18.44960385310326
5.130677276779694 52.06808778903525 29.23072831306166 81.3293916183285 15.754387619283417 1.6389577194591554
2 3 	 # V Shape
90.76733746613318 41.77250335508427 85.36599380006538
57.02946987654368 88.08897149819403 93.83425738128064
2 6 	 # Alloc Shape
1 1 0 0 1 1
0 0 1 1 0 0

2 6 	 # U Shape
59.58144216631223 8.526389890747277 21.055469568192752 61.89541216254126 54.46589112979172 1.9001773146367973
80.62297252900488 48.68116860946452 7.133438599650033 84.96739466890503 72.08687443690174 68.34288486049498
2 3 	 # V Shape
11.166679394805046 27.430647466259884 20.65732555386457
5.279661954738691 81.5331655045315 98.77450739037226
2 6 	 # Alloc Shape
0 0 1 1 0 0
1 1 0 0 1 1

2 6 	 # U Shape
89.05037971817667 60.23576972742446 26.82215130220169 53.872893570325346 40.485021395092126 3.6844351152854005
69.67572074805037 86.7915993983834 60.873462006334975 14.770033046013154 41.94912817706329 20.36091113761036
2 3 	 # V Shape
17.03278369159429 29.427293403981924 89.59615333494608
84.30116626352047 79.36338005148885 92.80694859615531
2 6 	 # Alloc Shape
1 1 0 0 0 0
0 0 1 1 1 1

2 6 	 # U Shape
75.88638579009607 6.832287674113136 29.259207281918933 62.74441094794072 91.75549672903837 93.60880846230603
23.8181005023434 94.70673354970083 57.920943362168295 4.959327042761563 16.25377151726176 42.247338634385166
2 3 	 # V Shape
45.51276643084755 27.410437624880934 32.52916277197926
72.99367735874908 77.91375650936315 63.19697530970652
2 6 	 # Alloc Shape
0 0 0 0 1 1
1 1 1 1 0 0

2 6 	 # U Shape
28.6867805410458 40.88253614087177 85.58106684798396 62.46872372058887 21.63497395373569 72.08687187792704
11.607829106747502 99.37966893938855 83.0219236042611 53.74401895398091 25.827962410436577 8.926153177985585
2 3 	 # V Shape
25.484858787554067 10.98526245167225 13.660590479098289
0.8280900685606274 90.98167769461723 68.4369274677246
2 6 	 # Alloc Shape
0 0 1 1 1 1
1 1 0 0 0 0

2 6 	 # U Shape
5.433712303984972 48.586805644723995 62.07712562365914 83.66171179121102 20.216627688074006 46.57122163655689
64.11291237789148 68.82073117838671 4.634966877073444 87.59150408438742 11.364737817251413 85.4111583395624
2 3 	 # V Shape
86.37586029541694 61.264496724763205 54.10602082054429
34.960773729247066 38.86621326568302 92.15631833851313
2 6 	 # Alloc Shape
0 0 1 1 0 0
1 1 0 0 1 1

2 6 	 # U Shape
89.36886253497923 42.949965364018404 72.0810464865966 43.877990346823516 78.2553030796784 82.17184826747815
96.48995815113909 1.3515038017535397 72.35740056307046 70.79187213230122 29.09020617954764 11.910138348443844
2 3 	 # V Shape
34.39404094970928 64.78738533429194 69.87323421995512
91.50249292875912 30.349961795698576 64.61755831990618
2 6 	 # Alloc Shape
1 1 0 0 1 1
0 0 1 1 0 0

2 6 	 # U Shape
30.28793895493649 35.81376347163516 41.06086127540232 97.45515465849671 96.83085601682907 5.3279026889905605
70.42709694452206 12.112304006654828 44.453790008977855 92.41266138965793 33.716469964112505 47.8156008089111
2 3 	 # V Shape
50.16557469530311 33.257744671332304 86.59320697479822
97.04873523738074 3.3634341867895268 30.735260589958514
2 6 	 # Alloc Shape
0 0 0 0 1 1
1 1 1 1 0 0

2 6 	 # U Shape
17.108259929498637 76.0023239704424 44.80285998801264 0.44100585324073904 51.009738598411545 67.74724676271215
0.6069793754192587 45.58631606089985 41.75886785134121 70.32815875348935 1.7283377962413415 75.63081239363805
2 3 	 # V Shape
31.437236735368913 4.450254710342271 76.10103653040431
80.06953268856198 42.03097332408795 41.57927634495145
2 6 	 # Alloc Shape
1 1 0 0 1 1
0 0 1 1 0 0

2 6 	 # U Shape
24.8732120640939 3.095534239905229 33.50032581611128 92.04418698480612 9.11218908901219 78.62448527931475
51.71709821394413 77.1559221824789 72.70565811137683 18.7102859833841 33.693006902219395 97.19585252177201
2 3 	 # V Shape
71.09335623881891 69.9128645704309 41.986702691659104
56.45106159464306 2.4261278450691814 22.013595829753196
2 6 	 # Alloc Shape
0 0 1 1 0 0
1 1 0 0 1 1

2 6 	 # U Shape
36.04567101472252 33.43496520374296 61.29303162280625 0.4033238117851501 27.684159874089886 76.13943984676821
75.88451293694843 78.96783967942352 57.686629607023775 75.4254270126936 43.48095570047153 31.532063146231703
2 3 	 # V Shape
81.17280739809796 39.69418972815052 13.251962208529278
95.52167961457813 12.857094319574047 76.68570066940048
2 6 	 # Alloc Shape
0 0 0 0 1 1
1 1 1 1 0 0

2 6 	 # U Shape
35.89825025960789 93.62897754372106 82.92541200543961 54.08203873510741 85.57101482185207 7.962165804868537
35.35004061828615 4.633635954330895 12.19111402915718 50.348478960675955 53.79458920620862 18.461255736647374
2 3 	 # V Shape
26.723165840895536 1.583128787765764 95.19139630968712
56.992654418712604 3.4244599396190067 11.237351713911925
2 6 	 # Alloc Shape
1 1 1 1 0 0
0 0 0 0 1 1

2 6 	 # U Shape
51.94955312553344 62.1040114113252 74.31382508823397 5.606730975854656 93.81454496248548 87.50787330183616
46.69380045202206 33.758477399635844 53.044222086620316 50.38548544801387 31.761059301010587 12.47970326599992
2 3 	 # V Shape
72.54548992187837 88.99960020974406 65.00022193259552
29.032773403010825 43.676087827164004 18.77722391505918
2 6 	 # Alloc Shape
0 0 0 0 1 1
1 1 1 1 0 0

2 6 	 # U Shape
13.760031995738764 40.99444518909864 81.6544505518224 27.96932361962319 40.851149984501575 27.338467029743917
36.94303737500879 33.55653922438107 47.84072242187468 82.91171565417044 81.64818567114298 17.26280937679665
2 3 	 # V Shape
23.702199840804283 34.39049991961998 68.03947580997368
73.56484876773345 73.5666212163048 21.6141145631623
2 6 	 # Alloc Shape
0 0 1 1 0 0
1 1 0 0 1 1

2 6 	 # U Shape
29.392667553115672 48.51772748416925 44.37015837207675 85.92482458426454 35.98229082204087 73.88376858432945
30.839781087576633 60.53815310534843 85.62438232834657 23.33243152017852 41.78467148195366 97.69540907158766
2 3 	 # V Shape
82.70615796249878 88.33996755908983 60.117700252806884
37.37139463317224 14.213217985237348 86.53949766281046
2 6 	 # Alloc Shape
0 0 1 1 0 0
1 1 0 0 1 1

2 6 	 # U Shape
38.84274139316669 83.18679889466871 58.08499853034472 51.19237590298668 13.510271554157905 11.905296453117886
67.44566964419231 13.883456546095541 70.21786257754893 43.49664183759512 12.846980919403773 56.12435885236603
2 3 	 # V Shape
79.06184760505192 98.98512621425064 24.79744645142059
39.15568537417825 48.4498192375703 48.697449161538664
2 6 	 # Alloc Shape
1 1 0 0 0 0
0 0 1 1 1 1

2 6 	 # U Shape
0.7910561021871376 43.826391047111876 86.31341780189197 8.335177590145449 70.28359778858389 74.09062876450861
36.732390178051034 78.66080250119242 38.958466204569184 69.09047367395941 62.65098369585837 52.66559073703539
2 3 	 # V Shape
67.25529090266946 50.422861516372244 51.428064872460524
59.801956434523994 77.1453571927984 49.4641945769829
2 6 	 # Alloc Shape
0 0 0 0 1 1
1 1 1 1 0 0

2 6 	 # U Shape
84.19251093162825 77.86318590178352 70.20306696671574 39.63258511404221 66.78994762165249 83.99890169174539
71.85622826896694 88.33768477185315 77.79969360368182 73.18930834422993 91.14248010823353 79.4602570302008
2 3 	 # V Shape
33.22339059954672 50.5217784791402 9.407149393441362
41.90730459458144 64.00134989092857 21.6611257018863
2 6 	 # Alloc Shape
1 1 0 0 0 0
0 0 1 1 1 1

2 6 	 # U Shape
19.867164973271123 32.26182742061635 17.516731949396714 92.27916492894744 19.94730242684023 23.436202123635695
34.931686053243574 42.54924142447072 84.2562173704088 1.9429138718932148 23.409285945721457 96.04542512003245
2 3 	 # V Shape
15.042752650885905 25.14596038682877 60.16244480108437
16.12178057821849 74.14177371686984 35.41551010311539
2 6 	 # Alloc Shape
0 0 1 1 0 0
1 1 0 0 1 1

2 6 	 # U Shape
79.49531048374577 23.76583407177275 56.414680581169506 80.43345413637545 94.7622233749209 41.294923384300155
15.244670902600454 72.79627831155851 61.41355247329845 49.279475057268094 39.12469281842872 2.8027457610231177
2 3 	 # V Shape
92.0465020319048 38.18005090737498 4.50426458020895
10.342179232202287 59.001275323917405 3.5562092442320004
2 6 	 # Alloc Shape
0 0 0 0 1 1
1 1 1 1 0 0

2 6 	 # U Shape
39.56310083828301 33.61740366891998 33.28972380964353 74.76577169196413 27.44275823788277 7.4338013364739215
66.86062531895558 81.02014238937636 1.8256475870390476 93.16990555732005 32.33336859554565 40.61342620787289
2 3 	 # V Shape
43.56113367739226 87.46697048532488 82.53378067634635
23.422954702111333 58.26849646299449 60.05306492917427
2 6 	 # Alloc Shape
0 0 1 1 0 0
1 1 0 0 1 1

2 6 	 # U Shape
53.06517757446431 85.8980150971784 49.88875124093391 97.50227875252595 5.121317844826489 60.735050737019755
42.43182272648084 30.402520938040723 48.7480653261101 99.7293296577192 39.785901992811645 94.01463106970749
2 3 	 # V Shape
53.21813337789201 39.200650725798106 7.232924557683451
8.8737660955439 86.50016105839458 13.346631216307625
2 6 	 # Alloc Shape
1 1 0 0 0 0
0 0 1 1 1 1

2 6 	 # U Shape
46.75867000887804 69.25584781822405 20.132406946888793 24.21387131082132 45.75034435941331 39.925045665041715
32.48863558894961 13.94155469171986 49.82445826770079 37.219157659918935 37.90597358327038 79.54978729020554
2 3 	 # V Shape
5.289168936621113 19.13056384548145 95.65925520117477
34.681097035722615 6.249212666605775 23.008818581996415
2 6 	 # Alloc Shape
1 1 0 0 0 0
0 0 1 1 1 1

2 6 	 # U Shape
66.3392629915648 36.46770782800039 89.74358021351777 98.53409262157935 56.889713200166355 69.02013914972122
72.68676349317317 5.325581320114859 67.19041657237422 46.43045212736524 16.550023524594558 31.733122793973056
2 3 	 # V Shape
0.6137975100373949 23.44869523102342 64.04831485551016
15.42255655462924 72.91065926434763 93.87157404606302
2 6 	 # Alloc Shape
0 0 1 1 1 1
1 1 0 0 0 0

2 6 	 # U Shape
75.32913959580313 55.65921635131594 62.05300809814543 74.60618742070223 14.981693678731588 3.9682576761483124
69.66517579937376 89.01190559046836 97.68279327735291 91.21363822851455 13.6293563301215 51.29719045218973
2 3 	 # V Shape
45.29726341244151 7.630609546649813 36.452606152689135
26.20822751896048 79.18726180472468 52.753570774203205
2 6 	 # Alloc Shape
1 1 0 0 0 0
0 0 1 1 1 1

2 6 	 # U Shape
99.10115792881781 82.85089800224232 72.8597314121177 42.21110693709916 61.29392267398127 66.98242627776337
89.76478187008541 83.0324932434575 24.15962662505319 93.64915828523769 9.65273672006518 52.14691566340562
2 3 	 # V Shape
35.62619665481772 16.21982196706515 70.65806900155226
81.15747657029439 22.9209793798818 99.92893550484881
2 6 	 # Alloc Shape
1 1 0 0 1 1
0 0 1 1 0 0

2 6 	 # U Shape
31.109446462397106 16.886886746497677 63.59220202882566 2.430385219321629 60.04454889941378 42.885606419293296
95.12629411831523 29.24125159751336 48.52189743020833 2.142310758737298 43.49436735589246 63.76394933786702
2 3 	 # V Shape
17.488161755991005 34.13793456082463 73.80791740783091
41.917846758868905 24.74543716970935 14.782017873995457
2 6 	 # Alloc Shape
0 0 1 1 1 1
1 1 0 0 0 0

2 6 	 # U Shape
86.86719770538713 32.902535419180246 42.985481536026015 95.71393063369825 28.131562197414027 38.764199415149825
41.155029485239055 59.85337266212108 38.62544303368397 92.82895972885517 78.03579622920641 27.914276830316574
2 3 	 # V Shape
8.342481919203115 89.72396239859755 75.19012323367362
35.857916714567494 66.4645872224567 17.8322385381971
2 6 	 # Alloc Shape
1 1 0 0 0 0
0 0 1 1 1 1

2 6 	 # U Shape
47.66215189238269 68.99771875996107 98.72690122827622 22.508601302296928 93.82947672260624 31.153839021130413
51.92986309144888 29.734922447364585 96.46029790750423 69.00807813052596 32.17314079857183 82.38214695011999
2 3 	 # V Shape
59.13693855004135 54.654721191839606 44.15668497972896
43.66238890222775 77.53426193278426 21.19141908591411
2 6 	 # Alloc Shape
1 1 0 0 1 1
0 0 1 1 0 0

2 6 	 # U Shape
99.83121757028901 3.5538421723389724 36.79568329831739 66.21613905110605 82.08575623570536 66.361827961608
72.83829716410095 69.05306411974304 48.439016128864274 95.10006449235804 58.13581518362654 92.83290812360634
2 3 	 # V Shape
10.22988063922632 37.663213061740144 79.10136198814796
16.753693385201075 25.38762193501909 53.75324903638471
2 6 	 # Alloc Shape
0 0 0 0 1 1
1 1 1 1 0 0

2 6 	 # U Shape
59.813417042144536 83.10711444423104 59.02043549776725 80.39543564512869 68.34060005763907 81.56793448200001
63.89121831994967 73.00070521425872 91.93359691705275 46.191120100963715 87.87400289034109 74.78205941851179
2 3 	 # V Shape
2.974205707916422 19.479667245830147 70.42685025239584
18.964771218997555 16.18360858084985 29.76163448983219
2 6 	 # Alloc Shape
1 1 1 1 0 0
0 0 0 0 1 1

2 6 	 # U Shape
45.12990844100662 48.7830096737492 3.9633273829572713 88.55002490576716 63.6292728346718 38.91438873652604
7.0854176515325 25.56566047240728 35.45495154910853 63.80816910503321 80.6817180926812 37.17835159028857
2 3 	 # V Shape
29.887187118901103 5.008647580806159 86.61774745433131
21.66659098550744 81.18949933760135 70.11040756308566
2 6 	 # Alloc Shape
1 1 1 1 0 0
0 0 0 0 1 1

2 6 	 # U Shape
56.58712435814669 9.626385010442796 47.96311988206864 57.184762219206696 4.268748932656674 97.33562806977305
85.85699700441951 99.87562685208674 0.0013367743634251639 46.19927710587491 97.96704789267184 37.78890707347185
2 3 	 # V Shape
87.52183104324006 58.217986600483385 22.97975233663504
92.81054524443644 64.31148504060508 85.77804124535298
2 6 	 # Alloc Shape
0 0 1 1 1 1
1 1 0 0 0 0

2 6 	 # U Shape
7.51412939505991 78.04363802982616 52.544650046777654 32.11535638175877 64.8654325403918 30.86160673384326
85.42251404335978 98.40342418331497 58.602568837324434 88.88061663136533 90.30494773881736 84.57783893511461
2 3 	 # V Shape
52.51759784324168 14.260767128121676 62.57527388606873
21.231193698996776 37.53317699517162 29.748940679139036
2 6 	 # Alloc Shape
0 0 1 1 1 1
1 1 0 0 0 0

2 6 	 # U Shape
12.08337200403118 44.3834178298081 77.65944007016576 16.484063328183275 13.20482892316167 33.632674357399836
18.28350546286883 17.15122593977202 9.124440447532356 38.565755508603104 15.5118290792722 91.97694127312373
2 3 	 # V Shape
2.131347681700191 2.8757393708519707 26.016565329286976
87.14702444712056 85.68144158276343 26.615453516217833
2 6 	 # Alloc Shape
1 1 1 1 0 0
0 0 0 0 1 1

2 6 	 # U Shape
80.91034862984921 91.54207274221284 83.03359932578101 76.7407542540548 39.07033639482801 7.499892815404607
2.3520876803642565 53.89425733608695 80.08460187195747 16.981966269758043 38.79721323536515 42.51638134017689
2 3 	 # V Shape
66.08312291177023 7.337563602048425 5.159963711277138
17.50834656173772 53.817864778897885 42.9678748380695
2 6 	 # Alloc Shape
1 1 0 0 0 0
0 0 1 1 1 1

2 6 	 # U Shape
84.88143402950351 45.16366061906846 9.85756235915437 57.168733442719656 57.0017934799321 26.933206117480413
88.39293098116929 82.83469731195113 45.57688123584621 23.634565872987533 29.505856320523925 90.16409511152497
2 3 	 # V Shape
40.45961435393154 58.57199919059261 15.881494797221585
59.53157904740548 97.86965056078355 89.61156472443238
2 6 	 # Alloc Shape
1 1 1 1 0 0
0 0 0 0 1 1

2 6 	 # U Shape
98.85983209859286 17.27675213171951 41.73989322675218 48.77713773450042 87.26074418900119 14.055620958172755
1.9650791963790715 33.27610914919015 87.71936007657047 24.1334589088382 16.41081689296663 71.63274993276866
2 3 	 # V Shape
3.5779172592617425 69.5639476080881 46.82770721722993
43.69549469268509 81.69270590932301 38.386042815956436
2 6 	 # Alloc Shape
1 1 0 0 1 0
0 0 1 1 0 1

2 6 	 # U Shape
72.91426100881347 0.35659370572673765 40.32832992624213 2.9096861438899335 61.53765824123675 70.91406389491334
38.17119841437018 12.571979364201491 47.82747383771455 47.5637520317561 62.622303836143814 14.763055966746707
2 3 	 # V Shape
4.5634145554740435 52.730121429566914 32.21361910025886
79.36305469145033 59.5116879309675 69.85919609398373
2 6 	 # Alloc Shape
1 1 0 0 1 1
0 0 1 1 0 0

2 6 	 # U Shape
24.686140049550996 91.55022698405494 36.6172840425406 50.45363312131973 11.634230314159655 31.545440504393053
28.316558424319616 48.064019641402346 92.74023779689901 81.8903004635115 31.13918264331096 83.25080043699639
2 3 	 # V Shape
46.4496003719991 69.93782580473177 26.578427226777624
16.691626069444943 19.79005864168818 93.30186533894502
2 6 	 # Alloc Shape
1 1 0 0 0 0
0 0 1 1 1 1

2 6 	 # U Shape
67.73547572060978 42.05187823863648 26.665615853303315 15.833455877123303 18.299544601362104 6.963372399542855
98.630656266063 87.43599825191002 87.99789974338431 85.6173913881973 60.35968696740159 52.38540175731388
2 3 	 # V Shape
8.411967223611839 60.35747124302987 95.73543678129897
36.48344084055354 66.34105244014182 57.038911821796304
2 6 	 # Alloc Shape
1 1 0 0 0 0
0 0 1 1 1 1

2 6 	 # U Shape
76.40516717735586 74.63663289297087 83.43702278028631 14.610121436291124 14.226093869184698 4.529469392975627
25.586784004719355 74.0867982665622 14.557512052415245 95.42856257909074 47.59614648413528 83.66161074970748
2 3 	 # V Shape
57.956186940846365 54.44618486414592 38.70567072919818
66.19456202966995 41.40372177225245 82.25345621243747
2 6 	 # Alloc Shape
1 1 1 0 0 0
0 0 0 1 1 1

2 6 	 # U Shape
41.50180107021056 51.03716982493604 28.311941020215038 29.352640171484634 22.8435899768891 21.782405631829693
17.244887093511764 86.6372353885222 76.00934784721379 98.31857931626658 62.44844074864307 17.436744865889008
2 3 	 # V Shape
49.831168402226076 90.67990062520843 61.35843319362551
81.73352956190166 24.41983953414408 14.137993132240222
2 6 	 # Alloc Shape
1 1 0 0 0 0
0 0 1 1 1 1

2 6 	 # U Shape
4.273125875939543 27.61194717224282 89.59138302529493 77.36245691506237 53.53412020736123 60.222040616857264
73.93192930767192 61.54135450505611 47.41798117932592 88.05592574800679 65.69265501967233 81.68211882416459
2 3 	 # V Shape
40.1888248619578 30.04713590480581 63.166746317625744
14.910719533653028 9.492004458692538 7.196235011907448
2 6 	 # Alloc Shape
0 0 1 1 0 0
1 1 0 0 1 1

2 6 	 # U Shape
30.20189835346696 78.40177782847243 19.839618290446705 26.539823111650595 51.448915347924384 44.46528265780805
44.82644562956254 4.242806810657518 46.42816222650801 80.8724675546398 90.42468045530998 78.55948383836687
2 3 	 # V Shape
34.819573743273544 64.13228004976969 36.88314483894345
46.54633313079967 95.12794228430957 51.137700010586606
2 6 	 # Alloc Shape
1 1 0 0 0 0
0 0 1 1 1 1

2 6 	 # U Shape
1.8966917098361513 48.94561007159015 62.88032171345856 45.989495555558555 31.23143886715424 66.0081107875129
56.716764433553536 19.168294067943137 15.636651398164968 16.11698264948935 92.58454061001194 81.2742910562562
2 3 	 # V Shape
10.605451300843583 22.374551195610472 44.28339366235588
44.68879025321911 90.94203632779296 7.7697313503897085
2 6 	 # Alloc Shape
1 1 1 1 0 0
0 0 0 0 1 1

2 6 	 # U Shape
95.10188080902336 26.835157812947898 22.53365326653607 22.367947801602927 32.893645216970256 63.88641091390518
17.282120743339767 65.96059722510577 56.245884866351105 30.31289573866599 50.98806807391346 68.05429857008266
2 3 	 # V Shape
95.56720029887265 28.06676497612467 4.866556887318218
38.52422727511868 27.087815031425965 34.592488011168754
2 6 	 # Alloc Shape
1 1 0 0 0 0
0 0 1 1 1 1

2 6 	 # U Shape
56.238317289979335 45.04185522502582 63.28163041667343 35.804045258776284 99.643465656233 97.45753797517796
8.107390280311321 99.84342564384664 68.37008728309405 24.0066993063601 36.37658760662168 46.48035519140507
2 3 	 # V Shape
55.24121337890225 23.734983447940174 56.40125567769586
44.15599133715587 68.01396207675523 19.59208782884896
2 6 	 # Alloc Shape
0 0 0 0 1 1
1 1 1 1 0 0

2 6 	 # U Shape
37.28329919881808 26.35768658690121 89.25618078023838 52.80186497248284 42.68849625716522 63.5009277405757
42.91979450736263 71.6829298174311 48.148966844096734 49.86141360235504 81.27853172068293 56.73100101802532
2 3 	 # V Shape
52.66906229382211 4.465097634233361 41.44680813957415
56.17494488916064 90.7610245928577 30.510622910472275
2 6 	 # Alloc Shape
0 0 1 1 0 0
1 1 0 0 1 1

2 6 	 # U Shape
47.33603475279563 11.90953872882714 44.466881003755866 12.537495585566806 72.58696928343163 41.83746755596188
35.13155745536538 31.203388638790173 40.844032612292644 55.731351448606134 29.286244273953898 55.94413101473532
2 3 	 # V Shape
55.09436183031497 18.805068468035778 93.82535209437471
57.58398521973588 28.135532873145674 60.29973972118877
2 6 	 # Alloc Shape
0 0 0 0 1 1
1 1 1 1 0 0

2 6 	 # U Shape
55.16459057005385 53.83880383313229 39.31444936927646 91.66382140948647 90.3881650690739 63.829483760956606
88.24730574266636 90.22361603929146 3.0245244580594965 56.69499044429188 45.396155563345594 12.79639690008132
2 3 	 # V Shape
9.027319090375075 7.219782900842054 81.4421986770413
46.20370330337729 86.46425636889776 77.74569490982576
2 6 	 # Alloc Shape
0 0 1 1 1 1
1 1 0 0 0 0

2 6 	 # U Shape
9.935114777455178 73.11663114910039 89.95386306555794 92.81316809818783 59.02326102039611 40.09703486014702
84.47498124053651 31.79594491258493 22.833139676060565 21.85772620444818 6.841557957911871 14.106119839749931
2 3 	 # V Shape
89.54506173212745 43.92097014081408 3.716553592948335
39.18864836353841 28.929301985145027 2.3870814354820302
2 6 	 # Alloc Shape
0 0 1 1 1 1
1 1 0 0 0 0

2 6 	 # U Shape
57.63630730218382 90.43052592731982 86.65092097460189 57.57174428863128 69.22858492849493 94.49701585037748
24.77014748337031 81.9990902650436 86.61268300230628 6.501973663102268 33.69367784686732 50.27530842334554
2 3 	 # V Shape
75.50615580740039 42.89334279800616 49.06706370243265
1.6682906729686753 16.250492432504203 36.00063253149438
2 6 	 # Alloc Shape
0 0 0 0 1 1
1 1 1 1 0 0

2 6 	 # U Shape
79.98532902586626 33.58786303235627 23.105688785126908 22.698909022775393 49.715297414713 60.05370597299565
92.8828850491818 31.063022336823497 62.50659094036407 14.50398449268696 37.559263364818676 18.987981425541435
2 3 	 # V Shape
76.8682126545284 38.66235256458134 68.12947269928713
56.23547374628991 41.74935579988882 70.34385985591413
2 6 	 # Alloc Shape
0 0 0 0 1 1
1 1 1 1 0 0

2 6 	 # U Shape
13.676172389317943 75.6185075990247 5.085401847209903 8.584521476174356 87.40399494748362 86.801239845813
85.58142416659776 93.07787062870683 44.7064745007985 56.78908899973022 82.71112387051697 82.26925204504293
2 3 	 # V Shape
42.439577194128034 24.26028152293297 59.35623784870647
35.386138484160625 34.771036863051144 35.96430623802345
2 6 	 # Alloc Shape
0 0 0 0 1 1
1 1 1 1 0 0

2 6 	 # U Shape
56.14073242116115 93.98830718795122 87.7316599796795 38.5047092131903 39.9437181097185 21.167676959381552
90.0844031955638 29.289532416867193 98.30469323805862 0.8692518702667851 99.19594017083723 30.02823748172415
2 3 	 # V Shape
22.983017671986396 6.511234867537075 78.80001782602002
43.64303588242048 58.257643120366744 40.68055280958095
2 6 	 # Alloc Shape
1 1 1 1 0 0
0 0 0 0 1 1

2 6 	 # U Shape
92.49614744675355 5.87146747807219 33.202041907328784 56.117911273573895 59.62356480935222 43.85127376465911
34.61483363607327 19.531220784544413 77.70441161474857 2.375060727178324 37.21254591232237 73.83032696480227
2 3 	 # V Shape
78.0957774485632 52.11517501091984 12.807305447566131
34.2409159355782 97.27024657648191 13.243632006690277
2 6 	 # Alloc Shape
1 1 0 0 0 0
0 0 1 1 1 1

2 6 	 # U Shape
57.76391134621569 82.42810028371743 70.92902323335682 90.24822555495713 32.55196595245876 52.44080211929018
11.251772630865142 11.305720355056149 3.800134133150601 64.69323744797914 21.565804477035833 57.76738907605182
2 3 	 # V Shape
0.4998173853939414 84.50382101322715 75.37094814871682
99.79348502192308 98.06149924740225 52.63898496618613
2 6 	 # Alloc Shape
1 1 1 1 0 0
0 0 0 0 1 1

2 6 	 # U Shape
45.19770794047372 79.8925215664701 51.60148183949641 9.78872381329946 66.40686436024507 68.90647650651074
94.14385632530082 17.62211087871165 9.693428287673589 96.23042379955257 29.5742554059112 34.213327758128955
2 3 	 # V Shape
7.871313410780401 33.299985378499386 25.940779388617162
31.948663302462975 56.41280907495505 14.408273757176005
2 6 	 # Alloc Shape
0 1 0 0 1 1
1 0 1 1 0 0

2 6 	 # U Shape
81.12775251788709 88.80097206691737 58.90790478205621 53.79282012726571 23.647865020860927 90.77391624071639
26.019760889295508 45.7859503642746 63.902914629693385 92.0046444193929 21.076350203974393 89.43872016561765
2 3 	 # V Shape
81.07423813706414 17.237743112378922 40.85768108750572
91.98921792032212 65.18197628285662 25.98684293578948
2 6 	 # Alloc Shape
1 1 0 0 0 0
0 0 1 1 1 1

2 6 	 # U Shape
52.25095427948544 83.07034906656226 8.614539997999604 58.15404768085216 24.675783161405505 84.7504689089352
53.11045774958871 81.16073252074906 43.681608289311356 59.3418061288169 21.319323895008502 16.42545252559062
2 3 	 # V Shape
19.097946367506125 45.2536859376882 28.114655859282244
38.9063098801683 75.25970930334739 1.9210322014773906
2 6 	 # Alloc Shape
0 0 0 0 1 1
1 1 1 1 0 0

2 6 	 # U Shape
62.07267177050843 12.691204172374182 35.6324001215488 92.87119097333377 57.581838228290515 41.22128024944174
9.230147016241474 18.350353827534793 86.60370347572083 6.828376598090169 61.311988516539685 98.58515331274074
2 3 	 # V Shape
5.991971793237383 36.52071375373724 49.939969149650175
24.227761278789796 99.6258114320302 95.92908995080313
2 6 	 # Alloc Shape
1 1 1 1 0 0
0 0 0 0 1 1

2 6 	 # U Shape
74.26755690587466 52.94415037919045 34.6279628734338 83.07629581079429 51.539474131085385 56.27771965804398
51.74567982848281 11.16269523660296 84.87997438053631 41.86859478029504 77.07917708127817 20.45656640619111
2 3 	 # V Shape
53.95219477416007 41.000175935119096 81.58520965364637
39.261811877952915 87.71498734065473 66.14046325185754
2 6 	 # Alloc Shape
1 1 0 0 0 0
0 0 1 1 1 1

2 6 	 # U Shape
61.61107397687078 5.857813238973575 17.975267895206137 11.628087604582138 92.47392417651172 0.18391105850105172
32.65438891480718 58.65374499920908 38.022123089180894 59.49077456687949 62.73298671582819 76.0952794377786
2 3 	 # V Shape
58.64061777532497 22.474986782613094 14.331865163284673
42.49735714783816 65.28081557063908 66.38893210384639
2 6 	 # Alloc Shape
0 0 0 0 1 1
1 1 1 1 0 0

2 6 	 # U Shape
57.19411199096881 6.674685899343647 98.8738953316473 29.78707913916412 2.2955454458127633 21.479254013675387
40.80258449611796 59.04581247363916 99.92624472703453 59.495853243994745 66.13461859256137 32.97787696692049
2 3 	 # V Shape
2.2763717288931673 48.84207278321306 32.16068658364454
25.64729144128529 0.09758744556419563 84.4909424540889
2 6 	 # Alloc Shape
0 0 1 1 0 0
1 1 0 0 1 1

2 6 	 # U Shape
66.64510862721694 83.81341431742284 8.200590930696293 37.3157594766018 59.09604696194391 93.28645144167976
10.507802294345902 75.53850019535473 47.02807611902471 65.64000454712814 78.597324154939 10.299511494108849
2 3 	 # V Shape
15.982647304378162 21.694382052399376 71.24435877629641
33.32852349998073 76.32955582103286 5.24774251307899
2 6 	 # Alloc Shape
1 1 0 0 1 1
0 0 1 1 0 0

2 6 	 # U Shape
72.3041910207037 70.16986848345097 85.39732331071808 96.3277369066842 87.98084564750198 28.137743738071062
67.60101627968912 28.407155182059252 18.82457471587119 55.303325831597625 34.59634893802486 52.260817911522054
2 3 	 # V Shape
64.98678966306076 56.619256748292756 30.515389544597017
25.60923853998257 67.3946877449142 8.123991676118425
2 6 	 # Alloc Shape
0 0 1 1 0 0
1 1 0 0 1 1

2 6 	 # U Shape
62.70517423520201 93.94524885026347 15.400120032915666 35.85794781425275 21.75609055544394 91.19482335138368
12.380461209029637 44.14319533972934 7.381473996774668 92.47511494799059 59.42324470703165 19.93556502030084
2 3 	 # V Shape
88.8085710654911 81.38468479071939 66.49456035488743
61.642995860379266 55.358109983701965 65.14657966916955
2 6 	 # Alloc Shape
1 1 0 0 1 1
0 0 1 1 0 0

2 6 	 # U Shape
17.73563675070805 96.12562088131035 57.26936649261217 7.7417443130838866 69.68512029463737 45.67866220388209
43.52328775726255 39.68205226557123 96.92252021326094 50.39362619586958 66.47766358663958 98.74004073055228
2 3 	 # V Shape
89.43431924933085 27.66510788182448 67.38663161459453
54.379184862854714 20.145214312706027 81.243115073578
2 6 	 # Alloc Shape
1 1 0 0 0 0
0 0 1 1 1 1

2 6 	 # U Shape
36.51592415088988 73.29432282398137 30.593109222408078 37.16226779657941 92.39065748576168 23.527643228201832
45.49991948887615 91.02798809779729 0.33037855019515394 22.175624015383644 83.31701519454674 48.7093413423502
2 3 	 # V Shape
47.41023220949599 14.133284694418013 91.2241920287012
1.4577581278107155 94.5481515432331 45.60643775848483
2 6 	 # Alloc Shape
0 0 1 1 1 1
1 1 0 0 0 0

2 6 	 # U Shape
12.876644928622206 50.382186670753306 74.56055365541044 5.992189608593046 94.60862309222045 20.216651457633084
1.7502355054491714 84.0736948746723 3.5389153029802056 62.95658681601357 88.30645901313781 43.3919473824526
2 3 	 # V Shape
22.270312743397202 61.85769173011204 43.70452869249216
65.62562358095983 13.403752587818762 55.35351693968814
2 6 	 # Alloc Shape
0 0 1 0 1 1
1 1 0 1 0 0

2 6 	 # U Shape
6.948586580544269 30.990331874054455 12.275273694369293 32.126916042284 86.3768796534328 19.99633563993791
54.506365122414955 59.32704704352164 61.37726794351598 60.593066766804725 65.84395652604852 11.19278833434173
2 3 	 # V Shape
49.92827145296786 87.75032398997492 12.7842361723993
30.886691490515638 32.79791901682455 54.8655657319163
2 6 	 # Alloc Shape
0 0 0 0 1 1
1 1 1 1 0 0

2 6 	 # U Shape
53.63242396990474 13.282983065841236 2.8166583179960236 75.31221915715886 68.75404067572627 78.27874666336537
43.225165517699836 40.252796091960555 65.55084642226771 4.987664379963707 16.91630224278623 53.727197327207946
2 3 	 # V Shape
67.48785060256509 84.17011237629872 39.01551543940857
32.03658928564628 22.38838285220297 47.86377284469133
2 6 	 # Alloc Shape
0 0 0 0 1 1
1 1 1 1 0 0

2 6 	 # U Shape
15.413029361344199 30.27466656097215 1.4573616118559563 21.60581807634666 57.76104551975499 49.143163139119814
71.34376318121866 95.122519914367 56.325059756398275 44.37811930944464 59.104638492053006 56.854640939584314
2 3 	 # V Shape
11.893099020635145 84.92940638279717 8.261401570420068
39.00718739552494 13.892311335499652 13.726412284018242
2 6 	 # Alloc Shape
0 0 0 0 1 1
1 1 1 1 0 0

2 6 	 # U Shape
79.53615487587393 78.6153580933721 79.01520572401823 84.26356674875548 35.87805498183278 99.51981778409818
4.217415539214353 77.00004219435078 50.74149076135136 39.96916336689298 64.46402878404155 29.586442618284526
2 3 	 # V Shape
80.87773494817286 98.45011517743913 28.488707712199325
9.458096733878252 32.54754403176623 49.52492312001097
2 6 	 # Alloc Shape
0 0 1 1 0 0
1 1 0 0 1 1

2 6 	 # U Shape
24.311600168436343 47.64800592544627 42.4693689161036 46.35333051348219 8.117359327156182 25.115040039580492
10.285604435516294 26.435589496092472 57.41234261656882 57.887224918076626 61.87687801317849 97.56562603845697
2 3 	 # V Shape
41.85091534706078 13.077758041790588 14.568739606630832
8.064087986719603 15.222710403633577 87.55232428496835
2 6 	 # Alloc Shape
1 1 1 1 0 0
0 0 0 0 1 1

