2 6 	 # U Shape
16.37314250008992 7.032486680550032 94.10108602458361 56.36813802348253 7.799233938998706 72.26405111248398
15.845217352316643 25.028130674402338 29.348725610219752 69.66107142085949 46.426408804015175 21.506214371433952
2 3 	 # V Shape
44.68262620796576 12.087875153895688 91.7687007744725
56.644632871919555 47.20193157419273 31.456642464721153
2 6 	 # Alloc Shape
0 0 1 1 0 0
1 1 0 0 1 1

2 6 	 # U Shape
5.329933834424705 68.50244527227008 44.335096201326486 46.79961473799611 66.10593347649595 68.99666319266119
26.33294844455638 1.1478933760174836 77.12944466247652 81.61423262888493 13.964160374829582 57.80067455748411
2 3 	 # V Shape
34.06742720441993 23.22154874690665 19.864375358510465
27.149077328868067 97.6852764010693 21.542897828136155
2 6 	 # Alloc Shape
1 1 0 0 1 1
0 0 1 1 0 0

2 6 	 # U Shape
99.93154094371133 96.30845742721496 76.56233531067416 70.73141563516712 82.38934184073045 43.54307925378266
70.8376031570175 26.55903962775129 59.48202216844651 82.2344986219729 78.43700185068896 97.25174614254051
2 3 	 # V Shape
60.489832013221545 99.25411173799577 7.54347621937641
15.708903475988956 17.723788435344158 35.59342332227081
2 6 	 # Alloc Shape
1 1 0 0 0 0
0 0 1 1 1 1

2 6 	 # U Shape
17.43474177937182 7.706757506996443 12.418971143544589 67.70210397700717 88.9702648433408 13.942505870779243
61.89002837182292 39.5484098062982 45.442457480385535 92.67890405408198 18.87622598870632 42.12222108452447
2 3 	 # V Shape
52.78031450610771 20.778753348575098 67.07717399051621
51.20320611359723 5.829360661661475 54.20978287850391
2 6 	 # Alloc Shape
0 0 0 0 1 1
1 1 1 1 0 0

2 6 	 # U Shape
37.12873952550867 67.56214735118489 17.06741249683961 14.2332602949508 36.01499729733869 83.11497291141919
39.63099047689467 79.98064003628743 7.260298677032773 73.81394754367616 13.829430507556385 54.18377047046747
2 3 	 # V Shape
17.53466323855414 1.9772169447861643 26.547491928236777
50.68564685804638 61.98142849522922 85.35760562956386
2 6 	 # Alloc Shape
0 0 0 0 1 1
1 1 1 1 0 0

2 6 	 # U Shape
64.43820755989285 19.747718556896253 77.33226619848897 34.46042209716953 85.04102337554754 34.129814514380676
97.17666350170647 22.342957388458096 63.83999327947865 13.735714139920507 12.939907959777418 65.12757306060938
2 3 	 # V Shape
71.74164126056583 9.948797138799058 57.75256641423204
41.45328279822637 13.518598057433406 51.76138587519762
2 6 	 # Alloc Shape
0 0 1 1 1 1
1 1 0 0 0 0

2 6 	 # U Shape
86.12971867821182 75.62415746610661 5.314331685809215 96.68622804688346 11.856109327104026 64.12533472589591
24.58968990871806 82.63106610216471 63.704149848122114 1.6563355285970527 38.76483785092877 86.52564696641556
2 3 	 # V Shape
43.64236234534123 75.4010859048211 70.56170148603937
65.56579822845153 9.7873054353397 72.06246196611866
2 6 	 # Alloc Shape
1 1 0 1 0 0
0 0 1 0 1 1

2 6 	 # U Shape
4.581175870934306 35.634256423348255 22.042364138234117 64.88442694110604 8.640734624365187 33.9080399380093
65.85747763718442 83.04147370246498 18.89586584229377 1.4632868903693086 22.127113193785597 78.00433424910275
2 3 	 # V Shape
0.40843597807442844 68.99208215013513 20.979241153998586
82.87415038352452 80.79189538321656 94.15007052426935
2 6 	 # Alloc Shape
0 0 1 1 0 0
1 1 0 0 1 1

2 6 	 # U Shape
78.98824351069337 58.113972193719995 69.84641963412034 5.974170895963615 18.926509698373163 39.81860334246862
73.7052762111031 55.2216901543784 24.070623413629832 90.95092418328923 2.5207974983498915 29.06698962447649
2 3 	 # V Shape
20.06158085697981 36.47569240182082 88.46354387701332
68.61240443411343 13.973900617708445 18.7554301839723
2 6 	 # Alloc Shape
1 1 0 0 1 1
0 0 1 1 0 0

2 6 	 # U Shape
31.96489329725435 61.98869558843523 21.105105700907956 68.16352945599145 67.40683728649185 84.6801046791486
18.63655738745692 41.81643894052355 26.95019356994367 30.934898555282086 25.642422618079518 45.09251290227907
2 3 	 # V Shape
94.73105862165494 1.3426490333517727 58.43743338341575
81.20190707704722 37.54422665049522 27.688124651069323
2 6 	 # Alloc Shape
0 0 0 0 1 1
1 1 1 1 0 0

2 6 	 # U Shape
69.79606577267849 79.67834573931283 30.601259991510965 20.447838187687694 16.9507203286691 82.28746811034218
90.17375139891838 32.03599035561945 38.16377361188492 16.452824256285858 96.54985926472078 22.68949192407116
2 3 	 # V Shape
24.51163459089214 4.180086529544413 35.5204966997963
31.937072028306844 51.763801327683936 51.50318004451471
2 6 	 # Alloc Shape
1 1 0 0 0 0
0 0 1 1 1 1

2 6 	 # U Shape
7.301441479661285 6.997075234332096 15.881278316213487 58.073303643088394 29.768647465324683 62.55582747280126
7.559165657106148 64.84964651219227 27.867089136572552 14.881708896939582 96.11975481021516 84.03580131688044
2 3 	 # V Shape
11.251242781965964 39.89680705695663 7.12828045355457
93.62665013725234 81.71738099817371 57.861715760293684
2 6 	 # Alloc Shape
0 0 1 1 0 0
1 1 0 0 1 1

2 6 	 # U Shape
97.04768554959816 87.48014132298701 62.699930414152604 58.72809753174862 86.70523998882533 4.6795128164002335
46.81818333648127 52.577152945913866 97.90716040133208 3.2350250816627457 41.95755614440223 70.08298267882857
2 3 	 # V Shape
72.84890953499695 57.668542084958915 92.75918975067347
3.0064065663492845 71.371824113526 83.71528003408643
2 6 	 # Alloc Shape
1 1 0 0 0 0
0 0 1 1 1 1

2 6 	 # U Shape
10.188526885095172 47.56768207583345 56.86770524614606 43.199470715278984 4.848321735438866 83.54013582110427
4.9202496435669545 7.512048662896564 60.204562043736566 25.086398421701194 37.86033735662711 17.124926530710404
2 3 	 # V Shape
10.766236865772804 30.647066090680973 80.52271229402344
77.50883155154784 78.76295485561229 77.49703094965572
2 6 	 # Alloc Shape
1 1 0 0 1 1
0 0 1 1 0 0

2 6 	 # U Shape
52.752194901975834 36.91220660793954 8.53791750493903 74.2428707705723 41.42074370359566 25.61508425657032
95.05669551544148 87.42484574273728 41.81272003485789 71.99974696144741 57.050937339642594 23.584240184036677
2 3 	 # V Shape
6.795815224067326 52.80017447690577 16.239864165330953
74.0815636438628 13.520669054945289 36.34209141676711
2 6 	 # Alloc Shape
0 0 1 1 1 1
1 1 0 0 0 0

2 6 	 # U Shape
73.77402315482004 12.474573133117318 20.921967040745116 36.509042484703535 88.9900493352216 65.2853712293533
95.05404990347651 5.428856641544854 55.12983271237364 32.05805389634201 53.97693344484152 31.509665116713403
2 3 	 # V Shape
41.89024748963315 79.03032696635724 6.708534540732359
78.99066632897609 75.70715613528945 59.34242357234902
2 6 	 # Alloc Shape
0 0 0 0 1 1
1 1 1 1 0 0

2 6 	 # U Shape
64.16753358883815 16.62984512338732 88.39221778913866 79.3009775502652 77.60849898514148 98.18179912590989
5.937839543882162 61.13652081580272 61.85897906182116 11.581120982841064 49.44869254623324 10.403749677171225
2 3 	 # V Shape
30.65635598377949 24.269658042509633 36.69768943763327
49.68308387957312 65.56753733320465 43.279766433029735
2 6 	 # Alloc Shape
0 0 0 0 1 1
1 1 1 1 0 0

2 6 	 # U Shape
44.89490511009262 44.98789546045283 83.94436201612874 68.13288613871971 28.1837757823289 5.976852616557737
29.590241800401817 72.35865132659762 57.00754267541882 65.64274588300782 98.07413484087175 89.01447877835983
2 3 	 # V Shape
82.70782950717198 44.647936077536 40.855204851477936
71.32450774411426 35.31714060913068 83.94949978424276
2 6 	 # Alloc Shape
0 0 1 1 0 0
1 1 0 0 1 1

2 6 	 # U Shape
52.441457890776164 24.668292352101595 77.02866704215906 35.44449203681659 96.33771348537856 41.107578841086564
86.59424132010432 73.82270307283136 53.89771787517411 77.89711513874926 23.85589459499249 99.88405899449741
2 3 	 # V Shape
23.781152883000324 4.297208108867201 25.692358610098452
2.094079346839983 38.00949634009741 3.6732302219407265
2 6 	 # Alloc Shape
0 0 0 0 1 1
1 1 1 1 0 0

2 6 	 # U Shape
71.05638775445685 96.77277882405633 84.31629918294603 19.27960197416606 57.55686346863187 56.97754707430881
87.82739223696726 95.78213141141009 42.37130830420494 76.74788605586228 30.510586707732767 16.934556443951866
2 3 	 # V Shape
17.63871316125534 42.37290751901624 20.014686170302397
12.290137738930461 40.09515518747185 65.26001452610892
2 6 	 # Alloc Shape
0 0 1 1 1 1
1 1 0 0 0 0

2 6 	 # U Shape
24.18712495829196 83.60653337460623 98.16542408659168 9.12217882123324 53.794481192339475 15.308502249942935
34.393514190762154 12.64350406270297 39.203235763170376 33.24225025146584 50.81558251250263 82.1534768586349
2 3 	 # V Shape
85.31993577334767 89.8387826767536 90.6823957635936
69.78270927774717 47.76433386499529 81.82784199137653
2 6 	 # Alloc Shape
1 1 1 1 0 0
0 0 0 0 1 1

2 6 	 # U Shape
47.89270545487749 87.73963426420444 17.295341953498287 58.92767949727805 10.406194088491095 72.09101718186963
39.18025721739482 59.11058721300019 10.274217359850779 43.64613818389165 48.88204523072993 1.522738009614577
2 3 	 # V Shape
95.84605346519388 40.128751394191895 21.36981433651418
71.88165490779322 36.61243687345349 75.9037229025937
2 6 	 # Alloc Shape
0 0 1 1 1 1
1 1 0 0 0 0

2 6 	 # U Shape
4.398027406817439 34.23215682936912 53.821997811305124 21.68506610294727 76.80335672092014 57.500670865631854
86.041042620201 0.2791830269024853 11.903987841530494 79.44184557267688 23.785975277541716 87.89754563639914
2 3 	 # V Shape
9.366084876217407 31.75989675477149 80.92677260058714
29.253385429759327 28.503631727803903 53.29662003061829
2 6 	 # Alloc Shape
0 0 0 0 1 1
1 1 1 1 0 0

2 6 	 # U Shape
99.2585007561125 48.5974923784545 64.18188624167837 69.35510751652754 72.37204168490553 95.85669141790409
51.9347947782179 33.07501575494389 37.260660435028036 80.99367752842053 95.97306237700259 75.10749780427791
2 3 	 # V Shape
48.19416027268015 52.23700105364224 99.65817237825847
85.73613138767206 47.441898801973096 64.44737612176503
2 6 	 # Alloc Shape
1 1 1 1 0 0
0 0 0 0 1 1

2 6 	 # U Shape
59.68465277914121 2.482940315254545 8.118626325159184 50.096175857161484 40.4206186407159 85.97072201585614
58.45731528350674 17.38399211148436 52.09417236576079 21.224655421603856 0.2520600553144736 52.03936440760539
2 3 	 # V Shape
14.800888953382362 70.45318608425687 24.00865037010943
22.370879799324538 27.394624314968187 49.57156349159615
2 6 	 # Alloc Shape
0 0 0 0 1 1
1 1 1 1 0 0

2 6 	 # U Shape
63.022749737935634 77.66952300965379 57.38513336737401 44.69311794180895 93.35336698318578 48.12670067573255
37.16206482002059 22.309025606455613 13.549526102730013 48.00187924636232 71.57464027212602 89.69506706707993
2 3 	 # V Shape
10.200801542960614 26.306511155045477 54.679977110766785
54.962173208796315 12.812689099782515 91.08739439724508
2 6 	 # Alloc Shape
1 1 1 1 0 0
0 0 0 0 1 1

2 6 	 # U Shape
66.22629783741971 76.98638068314403 58.671755073547814 28.55805383512944 28.784934661731743 96.18161197664786
8.559265242118796 35.861856978254224 77.01796973179759 6.034576748936837 30.246641513504024 49.89511266728035
2 3 	 # V Shape
95.6338473240083 5.623664583718635 14.793025852058028
1.2249577172819492 51.475412309117644 95.38817030572889
2 6 	 # Alloc Shape
1 1 0 0 1 1
0 0 1 1 0 0

2 6 	 # U Shape
52.16321846837301 77.5880447251456 12.398391422105682 57.295549842860524 92.68141165568224 22.891051432414432
10.206091025864694 37.471804568429235 71.59735282425869 30.191617261557056 88.4795018585439 44.60491360003888
2 3 	 # V Shape
97.3846006478825 28.322918719737444 63.56286907889375
79.89380160775583 35.821864808478345 11.323864138056916
2 6 	 # Alloc Shape
1 1 0 0 0 0
0 0 1 1 1 1

2 6 	 # U Shape
95.30998217512649 23.074752137967536 36.51752007325172 71.82601800816664 64.3444839196832 31.196822479885768
50.55223864029836 55.21693481069856 50.707727053679854 38.60784863647287 41.09342793920002 92.12896443068087
2 3 	 # V Shape
75.78827128610355 87.79998712486214 20.55130965870058
90.74038500450078 85.45690623795426 37.78632721447407
2 6 	 # Alloc Shape
1 1 1 1 0 0
0 0 0 0 1 1

2 6 	 # U Shape
18.788550028451535 34.98176171200773 47.27640845645443 28.573574901017473 4.030596770471329 95.69546084102447
12.322652456334904 78.40191924226676 66.32973703276703 7.735933901665981 79.7235264138782 35.77958614637199
2 3 	 # V Shape
53.97880151467085 47.934924242661594 12.767291892882405
10.373596504059535 63.55903921925672 54.99260361379604
2 6 	 # Alloc Shape
0 0 0 0 1 1
1 1 1 1 0 0

2 6 	 # U Shape
99.23089331267737 62.992562697847134 49.88763831847606 56.08119433210136 81.00708733014851 51.46542000757323
47.507027593904695 56.97912964320938 88.94665004779606 71.02118182456336 29.412888535340198 45.07037762247366
2 3 	 # V Shape
56.44073979956471 49.65728381806696 90.19575874054942
96.03102457293791 70.16524296432392 27.268865491372583
2 6 	 # Alloc Shape
1 1 0 0 1 1
0 0 1 1 0 0

2 6 	 # U Shape
62.5756847241481 30.36229639524821 3.9364023282979277 21.966818866126715 40.98715369936568 46.96698408038918
34.61204722416922 49.95166856024987 22.67788279735762 87.15405951183561 99.35225864792147 2.5137159473392345
2 3 	 # V Shape
90.53651543276352 83.08034415615055 80.10879840717755
45.09862790166957 25.254860963588722 90.12212140482706
2 6 	 # Alloc Shape
1 1 0 0 0 0
0 0 1 1 1 1

2 6 	 # U Shape
69.24463957980356 71.80393026367227 31.255428410395357 9.011015547156376 64.05765435993068 48.071848379774465
9.044714141806654 4.241770323817661 37.334124853279235 94.774936028336 21.341866686086707 48.91093084961933
2 3 	 # V Shape
6.551482857227731 26.879167081381595 46.78450781094073
4.460767184153558 15.106744145811623 64.19106606563436
2 6 	 # Alloc Shape
1 1 0 0 1 1
0 0 1 1 0 0

2 6 	 # U Shape
47.6401948502954 84.4836912707415 54.59618204446113 68.44414884488182 54.530776689996394 17.804637785401447
72.17093393412561 98.53532764408172 0.8372136004584085 5.633964336059883 63.82455589045686 7.666351186874209
2 3 	 # V Shape
34.36936710106805 74.2166484714181 48.27084512682573
33.42449238876417 99.18550983477932 38.25386524885786
2 6 	 # Alloc Shape
0 0 1 1 1 1
1 1 0 0 0 0

2 6 	 # U Shape
97.50709188585041 80.8879434946523 81.702037845609 71.74870266307319 10.062787670013984 75.24884467656223
53.02286561024335 86.77734819537113 58.22964841517333 69.75121452534707 50.52798128945194 56.333723213015475
2 3 	 # V Shape
55.87575147229937 8.80419493857798 14.568106013051274
5.222702011690695 84.50971697496921 84.6462080311728
2 6 	 # Alloc Shape
1 1 0 0 0 0
0 0 1 1 1 1

2 6 	 # U Shape
66.39347678350612 75.02986628549175 40.40894223817399 87.49518687949501 92.61065539605342 89.18309633626515
3.855914405704308 8.210258265547587 34.23757997403919 15.072350529079802 51.93275241100592 56.305761891262904
2 3 	 # V Shape
69.15821809413859 24.101617629893436 82.76997549669409
32.723546839878225 33.11987762262941 86.04334614459087
2 6 	 # Alloc Shape
1 1 1 1 0 0
0 0 0 0 1 1

2 6 	 # U Shape
88.83050740071859 69.40521915935149 18.779870737672198 48.075682015233355 5.843617968278503 87.68309741587717
78.05858902233473 16.591673045575682 17.69598079561485 57.347442649960755 11.901217664950003 0.8119708474689902
2 3 	 # V Shape
18.834116467507844 55.28601196779559 23.848102269985205
11.195714794700917 30.87443210432782 80.0465885106156
2 6 	 # Alloc Shape
1 1 0 0 1 1
0 0 1 1 0 0

2 6 	 # U Shape
43.92015903451956 82.73495257799806 53.168576112852776 72.9547651920155 94.65512610649665 2.5985450377742025
83.49480086910394 15.941617598940205 67.90794424217728 50.02701617447125 27.06163204506813 67.11773732779164
2 3 	 # V Shape
82.89852886293994 59.71717894741463 71.52624056282447
3.6837670031816483 93.35391446279564 76.25078554159631
2 6 	 # Alloc Shape
1 1 0 0 1 0
0 0 1 1 0 1

2 6 	 # U Shape
30.57660596328029 94.51130061374869 57.050948406285926 38.9369198401006 25.209110611191687 12.770602654014318
72.61336748699394 22.886487983512037 87.04797994898009 33.32879921225105 94.22543852750512 73.26009139277896
2 3 	 # V Shape
19.99005812218675 39.54463030943156 93.11899254200272
77.21017849358168 50.07636827182726 86.55772318862125
2 6 	 # Alloc Shape
1 1 0 0 0 0
0 0 1 1 1 1

2 6 	 # U Shape
73.51162934082114 6.144773353762856 60.44244616672933 67.37313625383496 5.304090976239905 13.781694843929982
22.236797161394794 3.9226643736854694 0.11862747628267334 56.3441002513793 42.126386372702875 13.429693313218982
2 3 	 # V Shape
36.791047491845276 76.9725849330674 55.21639528449295
78.95640445321305 56.238564371069224 95.51892764873384
2 6 	 # Alloc Shape
1 1 1 1 0 0
0 0 0 0 1 1

2 6 	 # U Shape
25.32298559565016 30.47075681394884 14.886042143609313 42.87750718359508 49.5619238363317 59.17094059440052
75.47434195635194 49.92514692137856 43.86818483176119 77.42337879996253 99.39019325825356 60.640216067454055
2 3 	 # V Shape
23.77661218931789 45.60476955391353 28.462639636529595
54.415103375003596 11.136492003143527 7.365983290165968
2 6 	 # Alloc Shape
0 0 0 0 1 1
1 1 1 1 0 0

2 6 	 # U Shape
12.760553611939384 43.51560407404915 29.17511015876656 88.04935000133636 32.6663643748066 7.2481266104237
77.00460573938142 1.8024434613187479 98.06903438111479 6.503214324469154 42.39388970557963 13.439601162227854
2 3 	 # V Shape
91.9451880911932 69.44138683335579 80.53043221406465
19.73756660425263 71.2964204340235 88.42985512326274
2 6 	 # Alloc Shape
0 0 1 1 0 0
1 1 0 0 1 1

2 6 	 # U Shape
73.38271063636623 40.4771863733634 6.939151663820264 66.99778021981211 50.632035716660106 10.789367500111135
21.88412288878705 88.15128638503657 28.95674359940752 17.78662937273826 61.340053549216535 33.33539491781631
2 3 	 # V Shape
59.60562791952992 17.554104784082803 88.60824943743366
82.336530759821 62.59677625543036 48.258620732276505
2 6 	 # Alloc Shape
1 0 1 1 0 0
0 1 0 0 1 1

2 6 	 # U Shape
28.996361925212444 93.88827478178275 40.36765886630014 13.777645672388362 33.22868169836539 58.24095923671837
27.704178346699926 15.593294967575776 4.509599953828247 11.82723227777126 29.513725621619358 51.16453785678928
2 3 	 # V Shape
36.58646329961469 83.74704774363889 4.908645383781806
43.79333798010339 92.4859469703453 33.98569327262759
2 6 	 # Alloc Shape
1 1 1 1 0 0
0 0 0 0 1 1

2 6 	 # U Shape
36.418442166793085 37.38462158780249 46.8138743884528 88.00917142435819 51.192490125994375 98.22236829587521
95.87797218573775 25.71571330376685 18.898982645998807 44.42935074605803 64.00708996078501 10.443613172308087
2 3 	 # V Shape
99.20415223866459 18.558318698261512 87.21209521335894
49.49903649221471 88.33495552196882 93.53382869993861
2 6 	 # Alloc Shape
0 0 1 1 1 1
1 1 0 0 0 0

2 6 	 # U Shape
77.85062037520443 10.337385775714559 12.996928813455877 64.66995560444516 32.23458854163578 12.984803079747753
79.98520295194793 18.75441240625284 61.28418995894172 92.95553444877724 78.81385096047798 91.89619207341391
2 3 	 # V Shape
65.31375905463327 6.016258304892352 30.363784142736115
42.84611510952383 39.54495949417963 65.77951205272231
2 6 	 # Alloc Shape
1 1 0 0 0 0
0 0 1 1 1 1

2 6 	 # U Shape
23.194557920249515 43.57361690404233 21.834090959441333 89.04174335139776 98.29747785441593 96.51501654282572
76.4869833659676 45.17129712919352 56.14447980796622 69.05182266265436 15.786779744144697 79.14323239603061
2 3 	 # V Shape
13.063725348392808 95.04900401698372 93.25054599185472
34.08339540857007 99.97431653219911 81.48590260041993
2 6 	 # Alloc Shape
0 0 0 0 1 1
1 1 1 1 0 0

2 6 	 # U Shape
5.245175935843793 12.277015919452195 74.61009172690736 76.0183590389469 54.022859514062105 30.816197593191006
60.16738223472914 61.73292773840217 33.84394155606265 45.74290163489996 46.71488570003878 46.16781304306237
2 3 	 # V Shape
93.86439708601365 31.11569180701592 58.71583397798541
44.20936616356457 82.12445407640877 54.40597319119701
2 6 	 # Alloc Shape
0 0 1 1 0 0
1 1 0 0 1 1

2 6 	 # U Shape
36.2577166239884 76.02020993096535 99.66196851565215 84.91876843150041 30.46548720319825 95.50972140926855
28.114405836866908 49.823277213166826 12.28177432710017 97.25725626854697 72.31502735346515 62.920392035630016
2 3 	 # V Shape
79.30644456493678 58.162728069849365 99.83643900718016
30.9749985909611 47.24107134885487 78.36843545113497
2 6 	 # Alloc Shape
1 1 1 1 0 0
0 0 0 0 1 1

2 6 	 # U Shape
60.426474574446665 57.41068441582395 53.9214046345306 82.58612932706501 18.656887993450187 27.619686193541103
87.47490369062866 12.232952300526023 38.342266893689 65.63782426352208 20.16405238933735 37.92577865008574
2 3 	 # V Shape
88.27596832057631 30.50912399527652 53.04561800396754
16.38019711961537 38.35640116701127 27.8500023796012
2 6 	 # Alloc Shape
0 0 1 1 0 0
1 1 0 0 1 1

2 6 	 # U Shape
50.99674257794135 16.485200739092054 49.784287754137004 98.84700541862495 19.23599890683454 74.04841704825745
74.53192656220418 17.71074133213225 92.00293584974996 84.43771846177015 94.17492612113631 95.48998094314834
2 3 	 # V Shape
98.62043347416439 92.96607244062476 28.709381654327615
22.742422522567274 96.04649787692856 76.56212333851565
2 6 	 # Alloc Shape
0 0 1 1 0 0
1 1 0 0 1 1

2 6 	 # U Shape
93.04296062572368 85.73166163418392 69.15841464359247 96.54625097671496 90.22796711719234 24.891295869286832
9.036625526028086 87.88860274588555 31.597016673039533 63.77915327910541 6.897331732280465 38.99076187957872
2 3 	 # V Shape
73.17842899776524 26.71598516331468 1.632952755067496
51.362403312419794 87.96843552152609 10.665177387228741
2 6 	 # Alloc Shape
0 0 1 1 1 1
1 1 0 0 0 0

2 6 	 # U Shape
51.37814362890125 22.384603254451974 32.92513323271553 38.75130418034598 85.38345047018353 36.22931879817599
18.03696330470952 98.68726737663643 39.11291683362983 20.38197891021167 24.88564588394908 10.48066869643478
2 3 	 # V Shape
9.651295216661337 76.87206242732123 13.960067061032744
54.09332671048897 50.830768173443495 92.28381298567135
2 6 	 # Alloc Shape
0 0 1 1 1 1
1 1 0 0 0 0

2 6 	 # U Shape
4.393394101976577 12.847820626200468 27.62393612070203 22.433969260982177 41.86957682351636 41.51534528072701
81.67426735148277 51.68547532952567 3.6361867040209273 53.9509939411263 40.72762510040284 28.372527801249824
2 3 	 # V Shape
7.005813377874759 50.68524978251472 49.934725173116746
96.60804688728632 58.74758953067262 81.15105991120764
2 6 	 # Alloc Shape
0 0 1 1 1 1
1 1 0 0 0 0

2 6 	 # U Shape
87.08763210038202 10.339442560834033 17.014726658399447 18.601626612673673 82.29096322979143 23.1143491599753
71.45545052417623 29.322581208022346 70.38448723164579 78.8090254290294 85.21060789254108 15.862762329689362
2 3 	 # V Shape
21.931818808350044 86.87618410117528 9.22812236806736
71.31599264164538 13.509910659636104 69.97075316662043
2 6 	 # Alloc Shape
1 1 0 0 1 1
0 0 1 1 0 0

2 6 	 # U Shape
85.35540266010365 17.28779052069718 7.140036346639245 2.7374918728419684 80.05587279936357 17.515425654428228
1.8712589945427904 74.60232332031359 19.637396392840067 90.35099764257453 79.33491725833277 93.08195759343954
2 3 	 # V Shape
67.78076817858233 51.5841358312247 25.569027747197847
39.253724773503976 96.18516676533447 38.41728428250262
2 6 	 # Alloc Shape
1 1 0 0 0 0
0 0 1 1 1 1

2 6 	 # U Shape
79.58320538002333 55.735864752372734 94.90550522825431 99.78934532204515 39.106275899076124 94.02680528937579
61.369374031249144 31.010556422870206 69.86208291936325 18.871841243806653 86.27893798290965 78.09078398465823
2 3 	 # V Shape
97.56974065894178 9.39057772541304 13.287870034256134
42.30630457595075 93.81746378780721 61.02061280113749
2 6 	 # Alloc Shape
1 1 1 1 0 0
0 0 0 0 1 1

2 6 	 # U Shape
85.17427404063864 2.366920061941169 68.45440219713191 97.2480520006749 42.65229949056648 24.32023681999772
38.06014602804463 78.37838040594498 4.924454245287246 44.65590376707096 8.807364075660228 41.33845413739022
2 3 	 # V Shape
41.97252454835837 25.734270607244625 6.847243635104528
43.81329512801695 65.20820378748553 11.632427449216598
2 6 	 # Alloc Shape
0 0 1 1 0 0
1 1 0 0 1 1

2 6 	 # U Shape
3.6191409551604714 28.61806211998269 60.61038287520408 36.640297793964514 72.2423421695313 62.32451903686408
31.912604010639868 86.00695798145165 3.2941637967671022 1.6562046520031015 89.63011499491273 21.54939700741718
2 3 	 # V Shape
88.97606058160517 27.911256770139502 60.914037507295845
61.64597355331731 78.27575149451341 69.76059239317355
2 6 	 # Alloc Shape
0 0 1 1 1 1
1 1 0 0 0 0

2 6 	 # U Shape
75.36818765441237 82.82861082072046 31.49284293557476 46.562916291478494 92.29217153183004 45.52806774168888
4.921694679047139 54.533573742579165 81.96871891191626 9.942236326476195 28.18519476615099 24.414117615689335
2 3 	 # V Shape
36.78224102940526 70.15798418826728 60.89798975342373
27.389537438138024 93.80040912532128 65.49935331376363
2 6 	 # Alloc Shape
1 1 0 0 1 1
0 0 1 1 0 0

2 6 	 # U Shape
32.29934231226975 85.99004393564555 85.89178081223147 46.41780850134786 91.93723696849278 42.52439704750264
27.35067546814204 65.86341970017163 46.83615715120332 0.1951078498383274 72.12346919238725 78.18792344512741
2 3 	 # V Shape
65.70433006073027 94.32008534685131 99.04649015339379
2.9773965117692813 40.792941603470965 53.18592178499873
2 6 	 # Alloc Shape
1 1 1 1 0 0
0 0 0 0 1 1

2 6 	 # U Shape
89.24510025919436 51.0132439664334 34.3316312636775 32.95254575032748 41.60422829608375 77.10919928611776
19.920004496429023 15.848447255176424 12.061450535376562 11.3704200982505 78.49742892868768 74.83694596729904
2 3 	 # V Shape
17.225104609527598 73.13256239988134 92.52240161333137
65.81200338587286 25.37125938650593 76.81098329512689
2 6 	 # Alloc Shape
1 1 1 1 0 0
0 0 0 0 1 1

2 6 	 # U Shape
20.95169890154176 43.49032366808242 60.55029242713946 33.913728768048955 6.14695733504832 68.15662613980155
13.258332316524047 84.5055100551304 47.63561122298066 90.81966421591218 91.42149829423239 45.77007333801405
2 3 	 # V Shape
90.6790796217249 55.45041521016375 83.43198861610833
71.38449539890107 93.4933743798533 90.42910597271778
2 6 	 # Alloc Shape
0 0 1 1 0 0
1 1 0 0 1 1

2 6 	 # U Shape
40.14746577138314 81.55548051080534 10.173822926198428 31.42779027839948 11.851804472764915 88.94080292364949
46.11345941518417 39.07829024042763 18.76541240356423 1.0388701141530454 53.932825006095165 21.981168801192208
2 3 	 # V Shape
28.977101628212353 10.216282616655192 48.79360743420148
25.717490187159918 52.00934906917192 51.18356171917574
2 6 	 # Alloc Shape
1 1 1 1 0 0
0 0 0 0 1 1

2 6 	 # U Shape
29.723962218627907 63.77165945198971 22.09282019441845 48.86569190412825 83.16698386459232 3.4813640551762615
45.32095256518481 7.1693328012092605 46.74653840500132 36.075430415992535 75.56407201686072 30.074821203463987
2 3 	 # V Shape
44.26647096675765 94.27298336887604 10.544919924847129
29.91246313684148 42.64627652728817 23.671059046481314
2 6 	 # Alloc Shape
1 1 1 1 0 0
0 0 0 0 1 1

2 6 	 # U Shape
97.62270350775096 99.40969256570185 7.384333699789359 10.402026577446232 42.73473334637289 9.480049394938817
94.30202949942743 88.3712110603815 99.60091946292484 63.93093712373834 72.27975538506813 86.36603764983461
2 3 	 # V Shape
46.469459307899974 56.546198612276775 55.240291972044865
73.91867625909909 41.56355831357003 16.175071572440626
2 6 	 # Alloc Shape
1 1 0 0 0 0
0 0 1 1 1 1

2 6 	 # U Shape
77.90096829554895 96.24420089757471 34.01651707779263 30.9414233031139 43.39057215732461 81.23983407728296
63.948987012013646 68.98887104327291 28.2244384442913 67.22710644538114 39.41750715038774 71.85446510771446
2 3 	 # V Shape
57.10435810422892 22.39149362283801 1.1727126305130287
98.89656767366482 66.2921063624947 21.129286897707754
2 6 	 # Alloc Shape
1 1 0 0 0 0
0 0 1 1 1 1

2 6 	 # U Shape
41.94878766637697 99.96549778935385 42.32805303743517 79.17034462941717 45.003477628163566 83.6635382041477
79.10300426680253 96.08043917551498 36.99811022792978 70.18325091114855 20.00690953407632 14.129428571800585
2 3 	 # V Shape
0.9975194212573979 54.63725015470741 18.477553899641897
80.13221431193011 50.86442115328299 96.03687715047865
2 6 	 # Alloc Shape
0 0 1 1 1 1
1 1 0 0 0 0

2 6 	 # U Shape
49.998169053056486 15.756483326040238 98.15172054375729 52.40695239258722 43.36670933432336 4.307611837208136
96.24326385086087 5.491256517782506 32.985875671525356 81.27167708373027 34.49521837759897 62.84939024546825
2 3 	 # V Shape
55.57371139781697 53.885134841704726 89.83139497106339
49.07976609036409 80.15484931671669 84.78925482877371
2 6 	 # Alloc Shape
0 0 1 1 0 0
1 1 0 0 1 1

2 6 	 # U Shape
18.7273461753822 82.9413208743058 76.26467205590681 84.61388286897942 95.75864175457203 65.53681679146777
33.162447405310544 71.5071918112393 26.56134313358065 75.52088129865271 61.18015241377576 58.18490204745063
2 3 	 # V Shape
86.74088810401976 73.48623175399806 58.01614231528814
0.8233980423485665 94.5988426399604 80.87580586109195
2 6 	 # Alloc Shape
0 0 0 0 1 1
1 1 1 1 0 0

2 6 	 # U Shape
99.04890733176549 60.42706221486917 12.10657776164864 71.28189229094609 77.30253426031382 9.442525142685698
98.4251702780108 2.8663596659304513 21.121756511255853 56.115052943846834 99.553813215463 71.55457685459866
2 3 	 # V Shape
26.046956808922484 50.049681409347755 44.786404012667234
46.78032634555588 65.34209867916817 77.14888881839853
2 6 	 # Alloc Shape
1 1 1 1 0 0
0 0 0 0 1 1

2 6 	 # U Shape
60.08261990049161 91.41035191462925 19.240236054337256 88.2871287709745 34.66742123603785 98.67426303567605
29.811318744284076 36.75029883493248 8.64754278752754 33.73459502840848 77.13057959097267 79.42767721090989
2 3 	 # V Shape
46.11157872401308 26.348736200244836 79.7111122534446
83.0677076069412 42.45685587952897 59.88389339647758
2 6 	 # Alloc Shape
1 1 1 1 0 0
0 0 0 0 1 1

2 6 	 # U Shape
29.586082215926478 92.47928606808901 92.32941484729709 51.11548333086444 5.78660596881353 57.20063485791099
10.013419314052296 92.25231997474924 84.61382961213718 73.6501824641618 74.76331402841429 52.384489745880124
2 3 	 # V Shape
32.39570167873187 81.80075710132022 18.81400891751801
16.53755043255407 19.916262103085323 37.298248864514406
2 6 	 # Alloc Shape
1 1 0 0 0 0
0 0 1 1 1 1

2 6 	 # U Shape
52.46459163244247 33.95022438651799 1.6626065155228575 88.81855144516793 46.175554855656465 78.11078136675633
20.83950474729179 90.30624165526584 58.629350586154374 32.709109086877774 9.87224695089175 73.90136143404877
2 3 	 # V Shape
59.70778374639456 76.82510451303067 22.23210608008418
51.86526837177834 65.35150778849784 84.35236052796196
2 6 	 # Alloc Shape
0 0 1 1 1 1
1 1 0 0 0 0

2 6 	 # U Shape
98.14655133646558 99.54968020720251 98.71284019579262 40.40055098903691 12.189228858710987 96.23072292694036
28.10046224451789 0.4669868045816816 80.17205029223588 65.16720654893268 49.09030959730233 47.560217258624405
2 3 	 # V Shape
4.444388859738691 89.31868210335858 11.415805418652504
33.548256353715814 2.394990874690006 17.98909451743439
2 6 	 # Alloc Shape
1 1 0 0 1 1
0 0 1 1 0 0

2 6 	 # U Shape
95.56186150453587 42.7870478728756 70.70436595029777 72.82608421532083 81.26426757699166 71.22983348888354
64.84910741681715 43.59323076341431 91.29586094031653 81.08561961382338 77.43527788463939 69.48456738859923
2 3 	 # V Shape
52.35040973511336 23.561244940607363 66.26654376416782
91.56735102423198 61.31237146792267 73.11955102864523
2 6 	 # Alloc Shape
1 1 0 0 1 1
0 0 1 1 0 0

2 6 	 # U Shape
82.2231085323925 44.551637386867384 37.677302456112095 47.15196820366161 83.81176204629823 4.3984548327809625
65.49670351563047 90.75010854910121 95.47535186590792 45.75153745067403 65.0396926698751 73.52543806646298
2 3 	 # V Shape
62.59960438120352 56.842285963774906 86.4376621211846
89.91802672788737 58.48819422574074 12.826046660403644
2 6 	 # Alloc Shape
1 1 0 0 0 0
0 0 1 1 1 1

2 6 	 # U Shape
91.09358451906245 87.9081435843427 34.687244560926324 80.488513876399 5.3307049859611215 27.76109351194239
13.542538838228246 38.21580573430735 73.10876346159394 3.1783176569080362 88.70012465671418 65.3470298569634
2 3 	 # V Shape
69.76192257066516 35.11645487205103 16.031593815902834
99.94963386783746 76.3660952832118 72.38986879641703
2 6 	 # Alloc Shape
1 1 1 1 0 0
0 0 0 0 1 1

2 6 	 # U Shape
24.319054398614625 17.606290528329637 48.08368135453955 73.91140828711535 37.99677765636276 30.08473558049314
76.81105217648116 97.83847276365006 37.72330684965589 72.79655273477204 95.27380596722739 37.82941851489756
2 3 	 # V Shape
99.8573834156672 31.340514878897686 76.854944383463
44.53695047338423 60.65241454574376 72.22072687076862
2 6 	 # Alloc Shape
0 0 1 1 0 0
1 1 0 0 1 1

2 6 	 # U Shape
60.09272914802529 84.34344679958853 41.81235934825056 41.514295462282206 70.80457743678193 61.95429035028711
89.95151844388111 90.81735337002438 70.78293770878763 66.14454124751596 2.7526565528694924 76.52878447392243
2 3 	 # V Shape
87.28376619076728 68.62750900250781 70.11699020778151
2.597123446350902 46.51384467436635 71.77925534194802
2 6 	 # Alloc Shape
0 0 0 0 1 1
1 1 1 1 0 0

2 6 	 # U Shape
62.57833421203402 3.296149029026252 54.0534391026675 61.38005331994566 42.025029147984974 41.29492918075739
46.493732119543715 6.135818658431525 8.510092031321935 68.31335802636512 33.34544927019911 41.2998384902606
2 3 	 # V Shape
36.281959784621876 16.24340524558804 97.67955247827018
78.14231973329817 17.527143039421244 43.82937399400976
2 6 	 # Alloc Shape
0 0 1 1 0 0
1 1 0 0 1 1

2 6 	 # U Shape
7.023203165290582 15.534787921760485 88.95761815817697 54.47677985858198 61.161710406007984 19.441399266692937
43.962063117255866 41.87974847269863 31.39781088517618 59.524919132721536 98.19144168320058 1.7292881129610138
2 3 	 # V Shape
15.278331165272686 11.241296236672005 30.098703124123716
17.074126710995674 32.94197077687811 10.907984225894108
2 6 	 # Alloc Shape
0 0 1 1 0 0
1 1 0 0 1 1

2 6 	 # U Shape
20.98972174443198 11.528266905320528 20.311264478062206 35.09503056579919 6.78822213355258 44.79212523442082
37.89380287992348 63.516218271530676 61.85710118624358 36.71701086301309 54.03379999764013 63.844494828788726
2 3 	 # V Shape
5.679804339836803 6.1269253706919375 90.0684841325977
31.514977151961844 97.55971007748674 84.1256828078011
2 6 	 # Alloc Shape
0 0 1 1 0 0
1 1 0 0 1 1

2 6 	 # U Shape
60.510707924870964 9.056422787159358 34.38218725347366 87.42279230768814 47.428731688636525 39.055866305033994
64.46342064075301 53.43833998080741 58.65330854970245 6.853217967438619 90.45160177947368 36.23046276924975
2 3 	 # V Shape
98.89515096329797 58.49424340926542 86.14210005921818
99.49423485933765 39.19022307202591 25.877341104724593
2 6 	 # Alloc Shape
0 0 1 1 0 0
1 1 0 0 1 1

2 6 	 # U Shape
49.92020458924596 59.65485550017237 41.03295186948374 13.540031995453594 68.04838390569509 67.9365880403492
42.73903126401301 2.358735936038958 54.91479778153916 76.27948987283081 68.40981627354297 80.07073081881421
2 3 	 # V Shape
34.52809254708286 83.32305995283059 61.60004180111365
87.86499123642645 72.97588458450478 23.61754303146829
2 6 	 # Alloc Shape
1 1 0 0 1 1
0 0 1 1 0 0

2 6 	 # U Shape
20.30399252075229 91.0006788708234 21.8029277047776 14.95307764423317 15.824831955602603 36.69845604768403
87.81268356968678 56.03351161595583 33.01808891874687 30.389977468415385 39.80772617153755 88.15387577365857
2 3 	 # V Shape
68.14854529381344 84.12060440190918 28.482648427461644
51.38756020482249 86.84686845519946 22.380652064988162
2 6 	 # Alloc Shape
1 1 0 0 0 0
0 0 1 1 1 1

2 6 	 # U Shape
66.45477876977158 4.887273814845106 23.35533724834984 23.045639730200296 48.81159215583567 63.67369292260896
29.911633547111414 21.690416977931903 74.89122967648308 76.52083887177112 10.901200767629193 11.614615611217282
2 3 	 # V Shape
84.11829708759406 60.32395851209199 49.11561998052147
12.874559750820813 56.91294007468354 39.52763523502546
2 6 	 # Alloc Shape
1 1 0 0 1 1
0 0 1 1 0 0

2 6 	 # U Shape
26.834913932638095 19.70173077006796 89.44464343213 67.44393716735655 96.81429267879264 99.85706014170316
97.68474519214035 30.51954197440434 45.32759937724061 11.862498294371381 92.66352081873146 55.47114865448848
2 3 	 # V Shape
3.696840960959402 92.84341724978711 65.28335295768363
53.9514725044132 94.46067033327967 41.75967587484833
2 6 	 # Alloc Shape
0 0 1 1 1 1
1 1 0 0 0 0

2 6 	 # U Shape
0.3374812620976275 94.62061795364991 48.161544613611696 44.038942866613255 22.84732060667768 36.818643525426744
48.942096993842156 53.49748763162746 34.843496306064225 52.96328503962631 16.71661692994264 9.185822441297276
2 3 	 # V Shape
64.45405524685947 67.30186086682538 45.759851954282524
58.72643868147427 51.890476793925124 66.1223860057018
2 6 	 # Alloc Shape
1 1 0 0 1 1
0 0 1 1 0 0

2 6 	 # U Shape
15.244638846810787 89.85903014076952 4.849367188567655 51.10115822528931 84.48231104963206 12.97352082378066
63.47519904109888 97.43892145688115 76.31109940338148 27.804586137104458 17.457695859186316 44.73079096470419
2 3 	 # V Shape
39.17527537684169 64.52301007284036 40.827225438630165
72.53054012973699 13.648454005435163 0.3890336222522439
2 6 	 # Alloc Shape
0 0 0 0 1 1
1 1 1 1 0 0

2 6 	 # U Shape
42.07285133237618 99.92666753039016 23.482112994262337 91.68105147833352 65.11242168049542 11.017489501452715
14.937858038622043 50.11902913130526 80.06146956988084 42.049626862925585 38.177936568683265 21.587663711103154
2 3 	 # V Shape
94.31686396015063 59.8491963781906 57.4233722957004
84.33659847981303 46.61570598406117 33.98649836496028
2 6 	 # Alloc Shape
1 1 0 0 1 1
0 0 1 1 0 0

2 6 	 # U Shape
46.31048039015161 46.057733364100464 6.195010844413518 51.20086080904227 55.98432503415294 97.18706934916878
38.989617165841274 14.812206339412448 33.31530381282434 51.383939278618364 45.58850310632603 67.58310408991149
2 3 	 # V Shape
62.461053999185104 90.31659993806723 52.950403352623674
58.888158187597774 33.56529538264456 97.04054272073111
2 6 	 # Alloc Shape
0 0 0 0 1 1
1 1 1 1 0 0

2 6 	 # U Shape
19.92905099464679 71.01111529028923 51.886639587665805 55.84353740317521 26.391210525872545 69.82248370623444
48.963083753192336 49.82593067736422 55.881403759743144 37.22794807611488 50.98340089390957 89.06600639479659
2 3 	 # V Shape
62.621885416286226 41.347362375032745 17.442118308899236
52.09749357409997 82.37126308066574 85.24102095212712
2 6 	 # Alloc Shape
1 1 1 1 0 0
0 0 0 0 1 1

2 6 	 # U Shape
20.893179561981334 40.42495521406412 63.29566558398613 28.50902705000131 33.83778521593499 93.12852507160999
49.881773261252214 76.48988474846584 55.71062538050755 52.94690971332929 97.32346395395996 76.02051942141757
2 3 	 # V Shape
60.090261868345486 58.5829104175035 92.26596331110909
53.765849273609014 18.663128683755424 77.95146917195024
2 6 	 # Alloc Shape
0 0 0 0 1 1
1 1 1 1 0 0

2 6 	 # U Shape
66.59165328048348 25.251877000762935 33.19117814869823 96.16384687829994 88.96847171887894 78.88607828770844
18.302002673186692 65.3664019343557 52.81976580579377 53.89872794036326 52.59702498830878 27.20164371025866
2 3 	 # V Shape
68.06053738904444 14.095685216371944 98.61935173782508
55.398167339021875 48.86147720730961 64.47653279268495
2 6 	 # Alloc Shape
0 0 0 0 1 1
1 1 1 1 0 0

2 6 	 # U Shape
2.37669996780564 59.23274100789765 76.02958968235149 71.03114413600066 67.26418237764742 75.18094497396764
24.2776151857771 17.260522715008964 84.59036454284019 12.418090874890463 4.44595220741294 39.20248311763721
2 3 	 # V Shape
81.47231233889894 0.7788949212006124 86.27053025021641
0.5337760388339441 90.75556319242466 8.877641824057836
2 6 	 # Alloc Shape
1 1 0 0 1 1
0 0 1 1 0 0

2 6 	 # U Shape
74.20776711425353 9.229406086094205 80.32410088840084 90.6940576974904 33.39274766361206 34.71731166381215
95.24533410505394 79.84456952342944 10.437057739972888 73.6850366044901 30.8633360741672 28.48832707210873
2 3 	 # V Shape
97.04251305048152 53.062723204405145 36.19351398592803
66.6026015790864 52.84129340977463 31.986121555568015
2 6 	 # Alloc Shape
0 0 1 1 1 1
1 1 0 0 0 0

2 6 	 # U Shape
40.757572685225554 66.26957868143117 29.403409667144174 32.827284457582174 12.350288950972155 36.599381686845334
38.502908206408314 3.1083959953020934 56.73201113621103 4.370962874230044 66.62755418675935 92.59323862388456
2 3 	 # V Shape
89.46275833463645 43.45403114643863 36.85639993265401
21.259268281666767 68.809631198022 20.085618822279994
2 6 	 # Alloc Shape
1 1 1 1 0 0
0 0 0 0 1 1

2 6 	 # U Shape
26.87413978864589 71.19786808603021 61.10380405603023 42.40937149454847 99.45678948399002 52.55187467014226
67.30417663801371 6.604065831900852 20.69031840450234 57.6550330366382 93.70306307812865 63.10516175762767
2 3 	 # V Shape
76.92711878595392 22.10411304328107 20.11346298252952
54.47194029352319 1.6948565162571816 23.240813374638016
2 6 	 # Alloc Shape
1 1 1 1 0 0
0 0 0 0 1 1

2 6 	 # U Shape
98.4565159309791 19.916902822406847 37.56181482312044 59.00950975932903 97.13607843306342 6.336204396586642
62.288285513096156 82.18237254686358 83.57088189735632 6.582491331510076 20.48160744259637 42.63118599408625
2 3 	 # V Shape
96.39048470936415 11.362497525616854 42.28920531110817
72.84894796400151 35.413738963981615 22.336564918662706
2 6 	 # Alloc Shape
0 0 1 1 1 1
1 1 0 0 0 0

