2 8 	 # U Shape
1.2780814590608647 48.73716073198716 94.18066523433662 85.07950893767787 72.99644702208185 10.873607186897495 89.39041702850812 85.71542470728296
16.508661759522713 63.233401382349605 2.0483612791232675 11.673726878001622 31.63673116125404 15.791230667493695 75.89795881605053 81.82753578641436
2 4 	 # V Shape
49.57478401881476 152.13692908503612 82.65589383426439 167.9097624004296
67.97591174234587 12.494006679076652 46.54880591231163 121.30986027902445
2 8 	 # Alloc Shape
0 0 1 1 1 1 0 0
1 1 0 0 0 0 1 1

2 8 	 # U Shape
33.80540496495278 23.98746790524734 79.64357539879462 6.368643077465541 36.46156429960411 7.0022802624502445 31.936770705091 7.0382595106956884
29.026366713531203 79.01011234337895 90.54003208000718 79.26213850799262 56.18187101448784 61.601838507265136 36.14835422032018 16.88172985854528
2 4 	 # V Shape
47.328557474951936 81.34511547093499 43.023487794742174 38.82910612999123
85.67026831074541 146.0273328707645 78.39098866129123 40.62762207876252
2 8 	 # Alloc Shape
0 0 1 1 0 0 1 1
1 1 0 0 1 1 0 0

2 8 	 # U Shape
33.38744214510923 73.82526228486729 94.98333057371812 33.436415416124 61.16319967348144 36.56701675771531 46.154029138730046 7.500199310871569
1.9343362298242628 75.96494675521735 45.27591644919976 62.28340076529896 73.99515177978947 41.86634301818408 36.761762506764995 16.902881059075238
2 4 	 # V Shape
80.70733538285828 100.56596113924178 70.88223782066967 47.089344643698375
76.64572393035681 76.04428324246837 107.78053364082078 40.689447201549015
2 8 	 # Alloc Shape
1 1 1 1 0 0 0 0
0 0 0 0 1 1 1 1

2 8 	 # U Shape
84.49385308721757 30.216468778761076 43.822067087734375 9.141458692565019 30.097916984093388 8.569480601338675 34.371330696030434 70.93010177714358
97.39682557652591 62.52248400713203 26.93035401785444 65.67088061886622 62.69978191913107 82.56522290722502 53.36939818963534 91.11216648007269
2 4 	 # V Shape
102.15526821738558 50.3486602498807 34.219770811952024 73.59559028293387
114.65857924394037 79.2999826621744 114.07209200347694 109.85965135499629
2 8 	 # Alloc Shape
1 1 0 0 0 0 1 1
0 0 1 1 1 1 0 0

2 8 	 # U Shape
41.415296022912266 74.33645420655272 30.018096650897817 25.04963795152747 41.23073163505353 18.60869558184651 67.19429117438393 49.09047156236074
64.81904233407127 15.877451404072552 90.89517088833217 8.083322430374407 30.192316712121283 0.01722537388888501 25.707972896460074 27.634497839897463
2 4 	 # V Shape
77.65771418106812 45.41685986292634 59.16606817346948 98.61292986401025
79.59192479379084 93.12936262928585 30.20893317904703 42.8672501033829
2 8 	 # Alloc Shape
0 0 0 0 1 1 1 1
1 1 1 1 0 0 0 0

2 8 	 # U Shape
21.669144168267618 97.93804270566723 60.55158112510875 79.5657876716976 65.2964770164363 18.729683276884312 87.32169945029901 79.41458196488792
64.77718898098524 48.90300682303238 24.907659700475648 25.086649030879048 4.092973654715825 87.83258576166023 43.08714705084259 55.239820538744176
2 4 	 # V Shape
104.16417836756462 102.42994433967806 79.53800358349594 111.88316044862168
99.76438696649703 36.10554937297859 89.20558384301455 78.84222432630992
2 8 	 # Alloc Shape
0 0 1 1 0 0 1 1
1 1 0 0 1 1 0 0

2 8 	 # U Shape
29.87078763658917 2.773266075835501 42.265997464635085 6.544658271019488 57.46559438006095 68.79362468714375 56.83058309279075 60.372654739276186
59.96501042461839 90.26474290190248 53.102940591393946 86.13926874133443 35.19715939039939 14.062588525348064 22.18770910355624 79.3282062247835
2 4 	 # V Shape
32.007079632947914 43.75466017733833 74.37716385703874 86.26539632346041
141.64140496878775 106.13270624040027 43.92303510894111 81.35953663642601
2 8 	 # Alloc Shape
0 0 0 0 1 1 1 1
1 1 1 1 0 0 0 0

2 8 	 # U Shape
41.53075156128513 41.580955587688436 44.7604777128373 2.383980400885888 27.399239180774913 95.04112655824949 88.30067682907962 94.07089923703863
75.88901036227374 43.39920625873168 93.75041843727648 30.066107429845314 59.32158595891228 58.743422379721224 44.0753983615948 25.036821423134437
2 4 	 # V Shape
69.386536790202 45.61175117031272 114.65839034483542 151.8022602085229
103.92044344153689 114.05087767409552 69.3943104176127 55.44748981530628
2 8 	 # Alloc Shape
0 0 0 0 1 1 1 1
1 1 1 1 0 0 0 0

2 8 	 # U Shape
81.29069496681629 95.3208648526758 81.15250866017377 99.36646858769667 59.0020631837469 58.64190839618002 97.23514300233396 17.97943603763066
11.931394425887165 31.648918525033043 2.7951257785015615 58.563931949812634 97.57856428159509 86.1231924408785 5.924875446782385 59.87538148986853
2 4 	 # V Shape
126.35677439473957 168.94588834727608 76.97873547479247 97.5195916567356
32.28345436270634 61.15177964174811 111.32715159055599 64.18928645323972
2 8 	 # Alloc Shape
1 1 1 1 0 0 0 0
0 0 0 0 1 1 1 1

2 8 	 # U Shape
37.748480022693386 46.43215810101403 95.55376106575166 73.62569461495671 41.400581666026135 66.69946541320488 26.318642995158704 57.18641340107804
79.23606519581956 39.198772908856014 26.102875695786466 81.96563726368649 97.93138003221368 24.835026193609387 83.33099182617352 37.54216584443755
2 4 	 # V Shape
74.15130244556306 127.70951742976088 97.37360637112779 68.66604373577516
95.51708891066082 97.60129548894926 119.87008935533451 116.47800731466165
2 8 	 # Alloc Shape
0 0 1 1 1 1 0 0
1 1 0 0 0 0 1 1

2 8 	 # U Shape
81.6612358880182 29.13424595463794 39.41051418095679 63.06562657571645 82.0955782119158 32.13886772078395 16.847811351592178 27.225627931772056
43.89763536721386 9.846297786639624 62.83355101588168 89.64800274276426 34.219781219585364 95.63789416359198 41.96281071311628 53.57437938546939
2 4 	 # V Shape
82.33916403556563 74.4933556985958 97.98795020157017 31.36078816546057
49.0836082620189 107.14249818237772 122.24893858760356 92.31043671304002
2 8 	 # Alloc Shape
1 1 0 0 1 1 0 0
0 0 1 1 0 0 1 1

2 8 	 # U Shape
31.81191073565963 28.182995732813932 93.9989221657232 96.05936691465583 70.06614037745034 95.52350409343727 17.497807210117223 85.66416606358138
61.8198746747257 29.55592488465927 59.64326108890619 10.92914422752198 79.1989800807611 64.1877324256918 10.704076626823245 21.965878411878847
2 4 	 # V Shape
51.772761365183925 145.52954718094526 149.43056017114398 97.95533068058512
75.07621514847767 68.9659781793978 95.03285212261349 27.84703679459651
2 8 	 # Alloc Shape
0 0 1 1 0 0 1 1
1 1 0 0 1 1 0 0

2 8 	 # U Shape
13.919124586676324 69.88103112095466 97.51956094037246 99.58282939543165 34.773721164898085 62.57633388317952 94.23759623025943 62.45378976215248
87.28197456685284 69.7575525903039 3.6900658417940324 34.5527801300605 89.38272516290294 46.88005606416107 43.39699285171342 30.492016208911366
2 4 	 # V Shape
81.57676364197835 131.87416270192932 83.60257849218871 101.60053179929326
154.02668731902614 35.01643937385878 131.93250216389777 48.77828106493294
2 8 	 # Alloc Shape
0 0 1 1 0 0 1 1
1 1 0 0 1 1 0 0

2 8 	 # U Shape
59.65142517586245 20.962951610600676 40.19369310441364 59.5224983967658 61.02680245512897 10.79376491401961 19.256691051904095 45.824795884600256
51.61575064656704 85.72442769312532 57.673197499743424 81.1518435427909 36.97072025391894 18.77256941974219 27.96914968876747 2.497454194548221
2 4 	 # V Shape
72.98111544280508 74.1730843183745 62.73251753598098 60.5601439995666
100.91149979325021 95.42944653362039 42.76733343033658 28.06060989302857
2 8 	 # Alloc Shape
0 0 0 0 1 1 1 1
1 1 1 1 0 0 0 0

2 8 	 # U Shape
64.1454658706931 52.27852740465856 39.640675687477966 77.00442759071208 5.335398595119944 88.61403755906514 67.91323644686999 41.94870328283461
69.17316564148106 93.92429163477107 65.4838804571006 66.83436483460108 70.209715928845 91.56819164973004 88.93257613102556 27.936291880518993
2 4 	 # V Shape
115.25146712222408 105.63232249706826 92.00720869003082 99.48154644946723
131.46433721418876 70.89517103150668 148.48342376331826 106.2111795111937
2 8 	 # Alloc Shape
0 0 1 1 0 0 1 1
1 1 0 0 1 1 0 0

2 8 	 # U Shape
79.6276211383568 69.6634735426696 23.57128197772106 52.03976121468744 37.706570653146144 62.48342753338507 12.298925272363626 59.6503535043488
3.8622631145561748 50.678495186094416 81.03264585139243 19.218684029749113 34.69310302587839 11.638754452722011 1.9110881162944349 93.52971726850386
2 4 	 # V Shape
109.03775528162762 65.9839384795662 70.75207396853783 65.93207075771156
51.54840921284068 91.99539231706204 42.56365042328693 93.67811703857019
2 8 	 # Alloc Shape
1 1 0 0 1 1 0 0
0 0 1 1 0 0 1 1

2 8 	 # U Shape
28.026792153324433 47.17202229865482 47.496519815270524 49.95867314903164 44.58569078146528 80.50906714454958 19.989604772001655 50.43946730936415
13.102575864259913 87.13419867534361 42.49588186747519 99.80367764168001 66.32798868693475 20.407692876607598 92.4843056130119 29.359520854479904
2 4 	 # V Shape
57.306498562666306 61.111376519961375 120.48933861707216 66.74841266880784
94.64618508786913 127.0616498956097 80.28922109165191 113.9107430088009
2 8 	 # Alloc Shape
1 1 0 0 1 1 0 0
0 0 1 1 0 0 1 1

2 8 	 # U Shape
59.570765622517655 54.620328841075384 69.68256352874313 15.65136205664911 22.144056261639534 28.147473977304372 65.92353418218573 56.81169787781872
1.4546211045279978 8.860979797161006 7.605619494096549 4.034368998071813 95.7396222645827 32.51347541306554 20.09132316705139 81.95702797544516
2 4 	 # V Shape
96.66833081503088 76.40986447494204 39.7323110060969 76.02849837529459
9.348801385576188 9.103633397018712 116.5828571064046 99.70978969133867
2 8 	 # Alloc Shape
1 1 1 1 0 0 0 0
0 0 0 0 1 1 1 1

2 8 	 # U Shape
73.6892954906496 36.28976680473694 27.82258982179121 60.299327949696824 47.501629986920534 98.75456069611546 29.608083567587904 92.08062912251056
23.453398826262127 80.13581077849304 86.53841270077572 18.891198765058594 44.38355282580988 71.09976288108786 41.2012067377455 10.743822288272042
2 4 	 # V Shape
82.12479999710318 74.58265121845952 137.49232812668225 120.1696174744063
91.37747331438445 99.90757647973957 79.38644221506712 50.2524056175962
2 8 	 # Alloc Shape
0 0 0 0 1 1 1 1
1 1 1 1 0 0 0 0

2 8 	 # U Shape
34.28271717156461 42.929623483899505 70.82189037140742 62.55999427782043 61.45950682068692 48.17202532714238 59.58144216631223 8.526389890747277
21.055469568192752 61.89541216254126 54.46589112979172 1.9001773146367973 80.62297252900488 48.68116860946452 7.133438599650033 84.96739466890503
2 4 	 # V Shape
52.499001374440184 90.62657979120479 104.25231652156302 65.76898810452981
78.60138483513755 56.26574550567506 89.61284336657465 85.05481443175607
2 8 	 # Alloc Shape
0 0 1 1 1 1 0 0
1 1 0 0 0 0 1 1

2 8 	 # U Shape
60.23576972742446 26.82215130220169 53.872893570325346 40.485021395092126 3.6844351152854005 69.67572074805037 86.7915993983834 60.873462006334975
14.770033046013154 41.94912817706329 20.36091113761036 17.03278369159429 29.427293403981924 89.59615333494608 84.30116626352047 79.36338005148885
2 4 	 # V Shape
62.16510085820883 89.99129326853611 72.5533101276889 145.0239850751492
56.657868524256116 26.472154814151843 107.00171798424529 118.78115751874758
2 8 	 # Alloc Shape
1 1 1 1 0 0 0 0
0 0 0 0 1 1 1 1

2 8 	 # U Shape
8.08841598222979 84.4779874551843 5.5538002067265335 5.343027617115059 61.49723628557594 20.997239448083015 33.456344737960066 78.63193424937856
42.540905523891006 72.93805453539383 28.182826376202406 13.108359297364292 6.802750988734529 83.84229943926029 12.209844802966563 7.853778756279761
2 4 	 # V Shape
91.29606120002161 8.110303752305498 68.04057554105023 95.5576388135436
89.0685188276907 34.77371981931672 85.5812932817925 15.323593369085433
2 8 	 # Alloc Shape
0 0 0 0 1 1 1 1
1 1 1 1 0 0 0 0

2 8 	 # U Shape
35.55591061286791 51.4610494271902 71.53841829146089 29.919413417742824 99.97816371786115 38.55554875883389 91.34436924333656 20.04650867422525
64.41243113634827 61.97811427460395 77.20715418619385 36.11518626340643 58.24310901845181 34.82367149606891 78.06182656165187 23.596053478058455
2 4 	 # V Shape
62.017883391401725 74.7855229931296 131.52264877117642 106.80097483407904
90.77720241518004 82.38818428983137 86.42882144325597 92.10538649630665
2 8 	 # Alloc Shape
0 0 0 0 1 1 1 1
1 1 1 1 0 0 0 0

2 8 	 # U Shape
42.949965364018404 72.0810464865966 43.877990346823516 78.2553030796784 82.17184826747815 96.48995815113909 1.3515038017535397 72.35740056307046
70.79187213230122 29.09020617954764 11.910138348443844 34.39404094970928 64.78738533429194 69.87323421995512 91.50249292875912 30.349961795698576
2 4 	 # V Shape
87.27779293314092 121.46132945103089 99.20264323074534 73.10302938486053
94.3756271688263 42.69275140382588 77.6204094528106 112.66007682292997
2 8 	 # Alloc Shape
0 0 1 1 1 1 0 0
1 1 0 0 0 0 1 1

2 8 	 # U Shape
92.41266138965793 33.716469964112505 47.8156008089111 50.16557469530311 33.257744671332304 86.59320697479822 97.04873523738074 3.3634341867895268
30.735260589958514 55.606453279809344 39.71540979969894 70.98983665982321 72.42710870485386 6.99842590849189 84.4441017346374 17.108259929498637
2 4 	 # V Shape
100.50383062024875 76.55841882137072 119.70428304547409 98.69649043755932
65.51942103472604 110.46418211317474 76.23521005941275 94.40814600851274
2 8 	 # Alloc Shape
1 1 0 0 1 1 0 0
0 0 1 1 0 0 1 1

2 8 	 # U Shape
42.03097332408795 41.57927634495145 9.580600114258752 11.168210464854988 76.79455848603186 10.17958806506628 15.52621419029716 64.12098894011525
46.408911383477744 19.95461881887025 24.8732120640939 3.095534239905229 33.50032581611128 92.04418698480612 9.11218908901219 78.62448527931475
2 4 	 # V Shape
62.10665448507362 13.356810210341774 79.57301005536453 76.74220405301504
59.64021910639447 24.960015409419885 101.7280068273044 81.36608195112427
2 8 	 # Alloc Shape
1 1 0 0 0 0 1 1
0 0 1 1 1 1 0 0

2 8 	 # U Shape
59.44809706989973 10.547501839912865 36.04567101472252 33.43496520374296 61.29303162280625 0.4033238117851501 27.684159874089886 76.13943984676821
75.88451293694843 78.96783967942352 57.686629607023775 75.4254270126936 43.48095570047153 31.532063146231703 81.17280739809796 39.69418972815052
2 4 	 # V Shape
68.59784795204342 37.542995877300456 61.64449971169688 82.59380774697526
139.01115694486586 83.59344137435826 55.332731784190386 83.40080841970553
2 8 	 # Alloc Shape
0 0 0 0 1 1 1 1
1 1 1 1 0 0 0 0

2 8 	 # U Shape
35.35004061828615 4.633635954330895 12.19111402915718 50.348478960675955 53.79458920620862 18.461255736647374 26.723165840895536 1.583128787765764
95.19139630968712 56.992654418712604 3.4244599396190067 11.237351713911925 1.8894896803433814 11.177113213536426 89.80402796328323 96.7182859014398
2 4 	 # V Shape
35.86345359963229 59.15983375408117 55.43313679347956 28.127177172962394
116.65929560157866 11.4741039316846 11.58866960256431 153.57832715726843
2 8 	 # Alloc Shape
0 0 1 1 1 1 0 0
1 1 0 0 0 0 1 1

2 8 	 # U Shape
33.96141371875703 33.06017193943427 7.288741536682641 83.69094165918295 76.09040900153833 32.026509893733426 73.60547203616157 99.14317604358305
5.027860140746632 37.71633039169407 72.80489090918725 30.179917914867637 31.67536363746557 93.90135095756091 34.15395116783174 69.92256075777969
2 4 	 # V Shape
54.75393535444082 88.6665910559091 94.70012861685905 132.82554797250785
39.257737669129256 72.90002091221525 101.47082331266125 85.8209714194771
2 8 	 # Alloc Shape
1 1 0 0 0 0 1 1
0 0 1 1 1 1 0 0

2 8 	 # U Shape
11.536022843309379 62.88735136694361 61.99886621455531 47.96605430090924 58.838504914326414 50.64835357941805 47.70032156947869 34.49853089438595
22.369579031197485 55.466474822459965 49.59190607471877 67.11601082700776 57.51402693489515 47.35394821900629 71.53421489667451 41.6190861367148
2 4 	 # V Shape
72.8849652132813 92.03773074283309 88.96578336868912 54.649784215758345
72.12123151647637 87.66504645452935 65.81723285262584 104.10732669119392
2 8 	 # Alloc Shape
0 0 1 1 1 1 0 0
1 1 0 0 0 0 1 1

2 8 	 # U Shape
13.510271554157905 11.905296453117886 67.44566964419231 13.883456546095541 70.21786257754893 43.49664183759512 12.846980919403773 56.12435885236603
79.06184760505192 98.98512621425064 24.79744645142059 39.15568537417825 48.4498192375703 48.697449161538664 23.577556977402903 32.9804740329767
2 4 	 # V Shape
24.352600600430822 73.38451638883744 70.37094223791941 67.37483714942309
121.09818863590431 50.87096772337675 81.26401321810593 48.710313137752486
2 8 	 # Alloc Shape
0 0 1 1 1 1 1 1
1 1 0 0 0 0 0 0

2 8 	 # U Shape
50.422861516372244 51.428064872460524 59.801956434523994 77.1453571927984 49.4641945769829 44.98900561837736 77.40087241063077 55.24263709881924
13.86057216588008 52.6982121157359 79.61518678212546 31.8583084483682 6.579017417155697 46.90443828428227 28.77336641244551 23.01720219849721
2 4 	 # V Shape
81.90292462891658 136.4030456220796 73.37210385666103 124.5878587429933
55.49056521547934 110.06781156581073 49.21435901232062 51.16272400692753
2 8 	 # Alloc Shape
0 0 0 0 1 1 1 1
1 1 1 1 0 0 0 0

2 8 	 # U Shape
23.215902881161455 35.9799118620243 59.42639750328106 46.44209161301824 44.51363110737373 77.52322791156718 64.23303926199053 58.5006074603446
11.45938205298932 1.9831585506475347 37.275640238443316 12.115944059611984 65.33040480273152 85.5851905301905 73.73706620965469 44.40488230468893
2 4 	 # V Shape
39.77156000242057 72.6632486015183 98.8332577386989 87.32731656180769
13.082232726055391 49.14912076604441 90.84991648568686 75.21040572137235
2 8 	 # Alloc Shape
1 1 1 1 0 0 0 0
0 0 0 0 1 1 1 1

2 8 	 # U Shape
94.7622233749209 41.294923384300155 15.244670902600454 72.79627831155851 61.41355247329845 49.279475057268094 39.12469281842872 2.8027457610231177
92.0465020319048 38.18005090737498 4.50426458020895 10.342179232202287 59.001275323917405 3.5562092442320004 76.40466770536634 74.25234024961641
2 4 	 # V Shape
135.8564476649317 78.21902197918051 95.59444548733144 41.11244446515447
97.53538819291629 14.524423032065137 61.07449895205458 79.76246231177241
2 8 	 # Alloc Shape
0 0 1 1 1 1 0 0
1 1 0 0 0 0 1 1

2 8 	 # U Shape
40.61342620787289 43.56113367739226 87.46697048532488 82.53378067634635 23.422954702111333 58.26849646299449 60.05306492917427 48.48832510634603
14.802760595999043 91.29065987480266 69.60665165784886 9.130580933789222 49.8743605086732 3.4881424387185 69.96115137560676 26.052985712056987
2 4 	 # V Shape
66.17658606922036 146.0769250624241 71.03436533906445 98.89826543204016
99.98772227456129 70.90536214818177 50.834782939083965 85.17033995529403
2 8 	 # Alloc Shape
0 0 1 1 1 1 0 0
1 1 0 0 0 0 1 1

2 8 	 # U Shape
18.306686199289356 79.16785580650661 0.17608856440638476 62.82677367679669 19.83971314501335 83.16564815274653 12.685140324452526 23.116857267845646
83.18229128985605 52.89335227948313 44.87578883865778 19.582830549879894 93.42282001488167 75.13807073179666 19.458148125474416 54.56875945584143
2 4 	 # V Shape
79.98975625257194 62.84874668290448 87.29466605544293 29.208950378805675
129.2129085109852 57.07952253377454 157.51599633473867 55.4883784765597
2 8 	 # Alloc Shape
1 1 1 1 0 0 0 0
0 0 0 0 1 1 1 1

2 8 	 # U Shape
41.85633944171412 66.3392629915648 36.46770782800039 89.74358021351777 98.53409262157935 56.889713200166355 69.02013914972122 72.68676349317317
5.325581320114859 67.19041657237422 46.43045212736524 16.550023524594558 31.733122793973056 0.6137975100373949 23.44869523102342 64.04831485551016
2 4 	 # V Shape
101.74028481118296 99.62244184552698 102.02053657045866 141.25163901135278
69.49408263076131 48.81370598459643 31.760841679407577 83.85516873193181
2 8 	 # Alloc Shape
0 0 1 1 1 1 0 0
1 1 0 0 0 0 1 1

2 8 	 # U Shape
29.411187541970428 16.51253021517325 33.30316243829423 78.37998189936309 85.64516986630377 40.73132687283449 55.27619976771818 79.8354276093141
76.60644826630208 77.49275733685663 52.50195398321197 65.97132796610572 13.200756325460006 52.50277986494887 1.5547125172259202 45.57276741480616
2 4 	 # V Shape
44.188803924737215 82.32029984547165 92.24528783944328 102.29132164776944
83.14577324617818 111.74007971514185 56.53396217518403 46.482127294178476
2 8 	 # Alloc Shape
0 0 0 0 1 1 1 1
1 1 1 1 0 0 0 0

2 8 	 # U Shape
16.21982196706515 70.65806900155226 81.15747657029439 22.9209793798818 99.92893550484881 39.08142799200876 42.96153050918377 79.13999530892924
78.9010128587845 96.76490513579127 92.27327106565635 97.20240333012823 23.5205778247631 72.10823121363075 74.825971591699 82.30213195118716
2 4 	 # V Shape
81.67713158834938 90.89894705308151 111.8018604998056 99.20534350764942
150.9449680408026 113.15859507274618 79.79822440970815 150.81607189058246
2 8 	 # Alloc Shape
0 0 0 0 1 1 1 1
1 1 1 1 0 0 0 0

2 8 	 # U Shape
89.26670334324236 83.84924360813633 9.743909439945197 13.743873930741357 49.401901237558434 68.75136267925747 7.604580582168408 63.227599402995395
73.24033931758277 53.28179716954657 91.8472039597142 6.974490678526157 67.41043685403314 72.55505195196179 14.928133102822905 69.07652310821385
2 4 	 # V Shape
105.7873556961138 22.663089449471908 112.10524855661923 64.0294286222012
104.27653007534173 95.68156096839522 101.19375361927642 80.15620403527521
2 8 	 # Alloc Shape
1 1 0 0 1 1 0 0
0 0 1 1 0 0 1 1

2 8 	 # U Shape
91.8938685352345 39.485325140766214 33.141475144477916 27.348372109294516 60.3256824029471 60.60841740952541 91.40723540735944 33.06216489266396
2.842165113662809 33.990946737396634 37.509423326956195 78.77519146495624 22.80722941684017 86.97047953351316 71.0476780884889 69.57332136436843
2 4 	 # V Shape
102.7220002198112 41.35786412560262 62.38426557245732 95.9936263370661
35.34603370845684 112.38924992644857 87.00897412947266 138.1484734175135
2 8 	 # Alloc Shape
1 1 0 0 1 1 0 0
0 0 1 1 0 0 1 1

2 8 	 # U Shape
88.81777121227842 29.374257421738715 11.983188317938742 37.10814444469819 86.32668613717975 87.75478166903326 61.770317147579945 35.44122616762853
58.281745825357746 24.489467821184107 11.253889551093366 2.2813263469359857 3.2254367105587822 91.55814687308983 57.14926391700965 39.313120269083335
2 4 	 # V Shape
94.29880966303458 42.13139258319286 162.11711807325372 72.44061234226666
72.03823921887853 12.11952463023978 91.67892143435152 94.46739073250517
2 8 	 # Alloc Shape
0 0 1 1 1 1 0 0
1 1 0 0 0 0 1 1

2 8 	 # U Shape
16.18360858084985 29.76163448983219 26.772843111436963 32.742658819684436 74.25371031571328 84.35828859207953 88.36681383747113 29.01408407933941
75.79993045913434 23.412638932193264 96.66071153096873 57.195484367231074 34.16176988865725 42.72531648788912 59.119788747770045 63.425912227145965
2 4 	 # V Shape
38.94236464393631 36.72716705519862 89.15792599099997 93.81167832329871
87.17618490492464 97.43370830612614 53.72604432523231 113.33478468304914
2 8 	 # Alloc Shape
0 0 0 0 1 1 1 1
1 1 1 1 0 0 0 0

2 8 	 # U Shape
96.9442081197137 65.40390781779874 24.954889327012886 78.3628818183002 61.2821609099861 83.1436052719923 52.97796566677836 70.83599418309052
18.66287514568371 18.8179086610621 8.392947152011443 87.02160297176917 51.00452145577841 13.023549752071395 90.25132375195437 48.625846898634315
2 4 	 # V Shape
151.13169597150576 101.70668286971342 139.37515495701686 94.20792476610441
30.580934411985865 88.37546727553749 53.92334521904142 111.917734804639
2 8 	 # Alloc Shape
1 1 0 0 1 1 0 0
0 0 1 1 0 0 1 1

2 8 	 # U Shape
38.245943825114615 54.94784562590289 21.304791857321327 44.309287435417 27.500868516452215 12.662804756893497 81.02102318791745 62.53759946123336
63.47357677351887 89.96587635003918 81.00726408908648 40.91380335203514 28.36081940105212 52.935493169034174 87.61015216317321 95.82861285652604
2 4 	 # V Shape
56.36662522788925 56.92963710607902 32.950591203310395 136.00197186385898
125.26771033264315 90.14763684652242 76.62129713962517 171.8699943072306
2 8 	 # Alloc Shape
0 0 0 0 0 0 1 1
1 1 1 1 1 1 0 0

2 8 	 # U Shape
43.41586681362792 4.67590187502328 88.8604714508878 23.25297806919695 21.00323234957049 0.6363690301556924 83.9718161091009 72.35866432290143
62.39880316977967 24.567639383033235 49.03126171086911 76.58659680398864 6.835795051681604 64.7862754132008 19.870538138103477 49.16866106346811
2 4 	 # V Shape
44.30496282138987 92.78800940147468 21.16915201591076 109.64808472570398
69.30306555417633 120.20545455422463 69.59186937485308 66.41981726409043
2 8 	 # Alloc Shape
0 0 0 0 0 0 1 1
1 1 1 1 1 1 0 0

2 8 	 # U Shape
52.33004673890878 88.96637908473593 18.634198389459232 2.096006316555199 84.88143402950351 45.16366061906846 9.85756235915437 57.168733442719656
57.0017934799321 26.933206117480413 88.39293098116929 82.83469731195113 45.57688123584621 23.634565872987533 29.505856320523925 90.16409511152497
2 4 	 # V Shape
120.12389072185009 19.502531903246954 122.87243023711979 61.157933273886755
57.575564885418856 96.99815989713366 59.890456481748416 112.1148439463292
2 8 	 # Alloc Shape
1 1 0 0 1 1 0 0
0 0 1 1 0 0 1 1

2 8 	 # U Shape
48.77713773450042 87.26074418900119 14.055620958172755 1.9650791963790715 33.27610914919015 87.71936007657047 24.1334589088382 16.41081689296663
71.63274993276866 3.5779172592617425 69.5639476080881 46.82770721722993 43.69549469268509 81.69270590932301 38.386042815956436 48.68596015354477
2 4 	 # V Shape
122.9165674063379 14.404187538009658 94.30040798672093 28.101809718301524
75.03932133407807 95.68735342878261 103.72166835373018 67.34083513638618
2 8 	 # Alloc Shape
1 1 0 0 1 1 0 0
0 0 1 1 0 0 1 1

2 8 	 # U Shape
47.5637520317561 62.622303836143814 14.763055966746707 4.5634145554740435 52.730121429566914 32.21361910025886 79.36305469145033 59.5116879309675
69.85919609398373 31.04097608861779 85.75577226553848 99.11073368405661 67.72716873049993 23.52264641035353 24.40141021795428 83.03244614393466
2 4 	 # V Shape
98.44440142851944 15.148654138460863 73.14798812350188 108.84893392942278
97.2887935326885 157.81446983048684 84.58901122711958 95.70555776195224
2 8 	 # Alloc Shape
1 1 0 0 0 0 1 1
0 0 1 1 1 1 0 0

2 8 	 # U Shape
27.666470555887056 7.874154994650661 83.95515206190527 87.6491460223122 43.852546870219264 34.21474292026356 82.94552728979014 45.15306393708746
17.710770426209834 56.21940822937993 55.32243122656356 75.55115309233558 74.21573712154883 99.82948829951414 22.684551765253058 95.17994066652655
2 4 	 # V Shape
33.116697979080925 110.88052228768508 61.16157673858898 106.62566682000205
73.18032660889853 114.96083420708298 130.95200187411433 114.71733291105865
2 8 	 # Alloc Shape
0 0 1 1 0 0 1 1
1 1 0 0 1 1 0 0

2 8 	 # U Shape
48.27496466342483 46.004877795551955 92.46461826143431 28.654272218123978 4.983092205420824 97.43669930494926 90.9707287370174 15.940173522284606
38.132316727619695 93.00779175332607 55.671379324765105 42.655826983314824 15.646116122276975 34.74367003475267 30.733654191387217 85.98908384289265
2 4 	 # V Shape
84.35319919757671 101.91598371139203 101.77294414505018 99.58280217610202
106.03360151914995 66.84775329635714 38.43513191452067 89.48346467815253
2 8 	 # Alloc Shape
0 0 1 1 1 1 0 0
1 1 0 0 0 0 1 1

2 8 	 # U Shape
21.782405631829693 17.244887093511764 86.6372353885222 76.00934784721379 98.31857931626658 62.44844074864307 17.436744865889008 49.831168402226076
90.67990062520843 61.35843319362551 81.73352956190166 24.41983953414408 14.137993132240222 96.64379980636258 49.25113990653573 88.5602247228142
2 4 	 # V Shape
29.30207199990778 138.5202701419721 116.78893534922389 59.155186023876
142.76433931002 87.09787172170849 96.69504152036676 96.09027405601488
2 8 	 # Alloc Shape
0 0 1 1 1 1 0 0
1 1 0 0 0 0 1 1

2 8 	 # U Shape
63.166746317625744 14.910719533653028 9.492004458692538 7.196235011907448 50.7066617006399 72.6838892611743 64.82125342362005 41.059425092566514
18.885257300186986 42.13548016987113 70.58878416476723 61.310176826775496 94.45129282922966 78.28927769066227 91.29834338903142 91.33100082382427
2 4 	 # V Shape
69.19550295312264 14.812703398073198 116.69281049187009 70.27582789416792
43.935362406851624 101.69920641727124 131.2962079735819 122.52060412274292
2 8 	 # Alloc Shape
1 1 0 0 1 1 0 0
0 0 1 1 0 0 1 1

2 8 	 # U Shape
50.47901612939788 1.4311358555266773 65.00384304136159 0.545623683862928 1.8966917098361513 48.94561007159015 62.88032171345856 45.989495555558555
31.23143886715424 66.0081107875129 56.716764433553536 19.168294067943137 15.636651398164968 16.11698264948935 92.58454061001194 81.2742910562562
2 4 	 # V Shape
51.75837356871776 65.42738587474324 50.00238232499829 88.31766806168002
68.83704317440728 74.39573354796481 25.463676072043285 115.60310457864735
2 8 	 # Alloc Shape
0 0 1 1 1 1 0 0
1 1 0 0 0 0 1 1

2 8 	 # U Shape
32.893645216970256 63.88641091390518 17.282120743339767 65.96059722510577 56.245884866351105 30.31289573866599 50.98806807391346 68.05429857008266
95.56720029887265 28.06676497612467 4.866556887318218 38.52422727511868 27.087815031425965 34.592488011168754 97.89364888877533 45.07068367826638
2 4 	 # V Shape
79.70140618710238 80.63693196355942 76.72270427748543 72.52874628111636
113.2271640959947 40.65391445904954 49.47944861251705 114.44286909549322
2 8 	 # Alloc Shape
0 0 1 1 1 1 0 0
1 1 0 0 0 0 1 1

2 8 	 # U Shape
46.48035519140507 55.24121337890225 23.734983447940174 56.40125567769586 44.15599133715587 68.01396207675523 19.59208782884896 10.570419410883126
1.1568504310340733 95.78136408303199 68.94732460383847 5.475316873963165 37.28329919881808 26.35768658690121 89.25618078023838 52.80186497248284
2 4 	 # V Shape
81.87980388410726 65.06430443712193 93.21829266931496 22.58532091202062
96.38120298359168 71.69257108523533 42.217845132346596 112.10301919764564
2 8 	 # Alloc Shape
0 0 1 1 1 1 0 0
1 1 0 0 0 0 1 1

2 8 	 # U Shape
97.98498009766115 80.18917492790236 44.13783204785572 38.51904773092073 88.9632660775658 2.0570814443777174 89.80487320545112 27.50391250354077
37.04927200011565 29.711187217137812 39.570471737813165 72.30480739911623 99.62798090158006 40.634917729583066 22.76060380938193 28.999430245489123
2 4 	 # V Shape
130.39758487725697 55.770035696388305 89.61941122684995 100.88011851543403
45.821560153287294 86.2873484211664 104.94830380653283 36.8794855742495
2 8 	 # Alloc Shape
1 1 0 0 0 0 1 1
0 0 1 1 1 1 0 0

2 8 	 # U Shape
15.86777459952675 12.362853093734405 28.720706994194156 71.91532098996505 49.37903203359368 53.66006466619285 89.80849227493484 78.9020328985424
56.73805775511656 1.0411773375793576 6.414568017394506 59.64680621621308 18.515158511901785 58.241169953493646 57.60427103521077 69.75709010812419
2 4 	 # V Shape
18.023189149595055 88.27377725795374 86.95240605383418 91.66155820419
57.343826837993994 63.63930193843158 67.11567054669342 87.74748101000804
2 8 	 # Alloc Shape
0 0 1 1 1 1 0 0
1 1 0 0 0 0 1 1

2 8 	 # U Shape
31.79594491258493 22.833139676060565 21.85772620444818 6.841557957911871 14.106119839749931 89.54506173212745 43.92097014081408 3.716553592948335
39.18864836353841 28.929301985145027 2.3870814354820302 8.863309980951184 80.65166556698304 43.69020771212079 89.29557795200007 14.15287145109707
2 4 	 # V Shape
46.63046612555232 22.26036403611317 95.5209349926248 44.27662477328853
43.05044374703148 9.87610699643611 94.09576072768245 90.07440822467039
2 8 	 # Alloc Shape
0 0 1 1 1 1 0 0
1 1 0 0 0 0 1 1

2 8 	 # U Shape
9.771777701886663 83.76944673248002 73.17190793157094 4.940065349833567 75.26187596525007 25.521071483965272 87.56696189605634 77.41494180054953
6.9747519119948915 89.40386086691416 35.18422494521635 64.57804905701941 52.614814212165086 97.11561463561131 65.84705308119733 73.67550650896791
2 4 	 # V Shape
93.40575340595448 74.01855109610558 95.41304624923954 129.71500243847836
89.80981949191161 90.52909820465986 119.2603208093996 126.1206551552695
2 8 	 # Alloc Shape
1 1 0 0 0 0 1 1
0 0 1 1 1 1 0 0

2 8 	 # U Shape
81.16635243353375 85.8305869670101 84.6918300173089 81.89951709348351 68.49932884725925 19.97473155559032 99.68809102163779 10.645045288487298
22.862962221402483 34.3871091066978 0.7335832917028884 26.22735487125256 93.74501662283821 28.276480170043417 66.64844348547038 86.68099146624012
2 4 	 # V Shape
158.84994484667882 110.93000156994063 74.01959863095172 100.55343080558464
54.87792659995398 26.47936494552456 105.47438311088254 107.24524454092611
2 8 	 # Alloc Shape
1 1 1 1 0 0 0 0
0 0 0 0 1 1 1 1

2 8 	 # U Shape
0.8692518702667851 99.19594017083723 30.02823748172415 22.983017671986396 6.511234867537075 78.80001782602002 43.64303588242048 58.257643120366744
40.68055280958095 87.16701260519041 62.41467945231792 81.97617996836527 33.882802622889805 78.74846111523676 11.717052917138759 95.455597833383
2 4 	 # V Shape
100.00463004045388 39.43834368611122 83.68782347322517 88.91143922168008
107.00094831194353 141.91174310625428 100.9083041661523 104.15764990965081
2 8 	 # Alloc Shape
1 1 0 0 0 0 1 1
0 0 1 1 1 1 0 0

2 8 	 # U Shape
38.974349455840255 41.5123007988203 97.4951804670962 98.40605049814673 33.12409307509454 83.74704638367685 79.29277712713741 32.39329724626144
57.42047872758328 93.94579125764899 41.28249200007394 43.436709574826224 47.64036603456903 90.01788595730041 12.072372082179793 14.948714608339753
2 4 	 # V Shape
57.691604727765544 98.93350890649353 93.86754183416107 96.38598148856015
105.77442247656032 78.82418768712448 111.98844327943765 19.329294684371664
2 8 	 # Alloc Shape
0 0 1 1 0 0 1 1
1 1 0 0 1 1 0 0

2 8 	 # U Shape
59.913933364512616 91.67435511095259 45.19770794047372 79.8925215664701 51.60148183949641 9.78872381329946 66.40686436024507 68.90647650651074
94.14385632530082 17.62211087871165 9.693428287673589 96.23042379955257 29.5742554059112 34.213327758128955 7.871313410780401 33.299985378499386
2 4 	 # V Shape
136.0461471983339 110.65016597661129 55.86811157712459 125.74525805617517
109.62403765591186 100.7088595267272 34.56332511550431 35.21860223027041
2 8 	 # Alloc Shape
1 1 0 0 0 0 1 1
0 0 1 1 1 1 0 0

2 8 	 # U Shape
32.21370997952606 14.175409019027974 39.41879437175654 38.909780900468824 15.856986351864322 42.08770332662569 16.391147977543476 26.913586944261326
29.762521126732043 63.234902366897785 16.7345143809141 98.81303871616032 92.20801625101377 31.672260971277066 93.55223858758342 36.45526428721981
2 4 	 # V Shape
45.99628437706487 51.39350770491518 55.42645647907165 29.15972617693786
77.00672117431246 106.75448534552717 97.30980831674094 103.69052391766085
2 8 	 # Alloc Shape
1 1 1 1 0 0 0 0
0 0 0 0 1 1 1 1

2 8 	 # U Shape
32.93475090642504 16.980141962019413 92.63575078488164 77.4971343482589 56.752846363747636 47.799959977877535 53.007520598145085 63.759356829064394
42.63325230831407 75.92737907686235 89.60018408024608 87.50120470576876 49.09496722803889 1.0646987052357115 80.33134348116924 61.62590994201863
2 4 	 # V Shape
33.15076812266587 157.03823096779465 60.13515620134698 64.89793278620641
79.26652799654781 141.81354568069185 49.893864276692284 83.0082874482322
2 8 	 # Alloc Shape
0 0 1 1 1 1 0 0
1 1 0 0 0 0 1 1

2 8 	 # U Shape
10.294149593909886 74.26755690587466 52.94415037919045 34.6279628734338 83.07629581079429 51.539474131085385 56.27771965804398 51.74567982848281
11.16269523660296 84.87997438053631 41.86859478029504 77.07917708127817 20.45656640619111 53.95219477416007 41.000175935119096 81.58520965364637
2 4 	 # V Shape
80.5200368517886 57.198200001865175 100.52732299400853 58.98335626656775
91.97991631499745 109.70273307608453 68.0191484780761 82.69916688509741
2 8 	 # Alloc Shape
1 1 0 0 1 1 0 0
0 0 1 1 0 0 1 1

2 8 	 # U Shape
89.37380506585347 92.48520462231428 74.76620196916738 99.32675035843988 47.65264225077092 17.66376241028769 86.32053228076538 62.792359399287875
80.218419004212 22.387397775656094 47.87820180050233 31.32452346665432 19.45539530724403 47.885321996171115 50.7203809216758 62.91359394090463
2 4 	 # V Shape
103.64339028301124 121.1912586418376 55.21377260630002 144.9216989213638
80.47052453568635 69.8720646721783 66.89410986247483 102.73961540770993
2 8 	 # Alloc Shape
1 1 1 1 0 0 0 0
0 0 0 0 1 1 1 1

2 8 	 # U Shape
39.77349424481903 84.176852000112 86.6031579680561 65.22495139010952 32.766556996843164 74.81667118818893 54.11165407630054 58.97119635689631
23.920192376982474 75.82589665568187 54.51149096075526 62.25825759629468 45.60716530830108 82.97546235707223 55.543963306367736 57.0134154952053
2 4 	 # V Shape
97.82529235940392 119.07194644805631 83.74619066894756 97.44103567152797
81.51287220354543 75.91042369374702 113.87469305272721 107.77006602402702
2 8 	 # Alloc Shape
1 1 1 1 0 0 0 0
0 0 0 0 1 1 1 1

2 8 	 # U Shape
43.32117724689735 42.89504133930346 38.27760049927377 43.676852212621775 21.907595436255058 12.046019705591615 90.9969008563522 10.326405824257012
35.57012653053564 15.550886306219958 27.479419997517574 48.93047701793406 43.960745145353286 51.5569094736935 43.506195135316176 58.58990145190997
2 4 	 # V Shape
85.44216784852235 61.39526015197579 32.430215376236006 94.26088909365
50.33421140183541 72.95277753468599 83.78327194233998 76.90502572928827
2 8 	 # Alloc Shape
1 1 0 0 0 0 1 1
0 0 1 1 1 1 0 0

2 8 	 # U Shape
21.75609055544394 91.19482335138368 12.380461209029637 44.14319533972934 7.381473996774668 92.47511494799059 59.42324470703165 19.93556502030084
88.8085710654911 81.38468479071939 66.49456035488743 61.642995860379266 55.358109983701965 65.14657966916955 8.153426508062001 37.270951905971515
2 4 	 # V Shape
107.45509207955315 46.97018113660917 95.17976530391726 63.30687741292017
155.75916379101977 68.88284371463669 88.80145076292192 44.79316098102415
2 8 	 # Alloc Shape
0 0 0 0 1 1 1 1
1 1 1 1 0 0 0 0

2 8 	 # U Shape
98.74004073055228 89.43431924933085 27.66510788182448 67.38663161459453 54.379184862854714 20.145214312706027 81.243115073578 93.8315985842948
55.55534640272546 72.76005600947104 87.0786121547257 21.565803264138907 5.554561447596917 26.101861421137475 75.35276989113035 84.73332398081652
2 4 	 # V Shape
177.1851539552848 80.94683485492993 67.23885691786583 159.40792403825915
118.32661801181857 98.53061564697589 28.41327394266197 105.5856731414529
2 8 	 # Alloc Shape
1 1 0 0 1 1 0 0
0 0 1 1 0 0 1 1

2 8 	 # U Shape
92.51617359473927 98.19767208644721 28.098525105697604 13.792630854482779 8.618951022631272 48.31351082473767 12.876644928622206 50.382186670753306
74.56055365541044 5.992189608593046 94.60862309222045 20.216651457633084 1.7502355054491714 84.0736948746723 3.5389153029802056 62.95658681601357
2 4 	 # V Shape
109.01608876522462 35.9062648371473 55.01299449942873 55.293636274247284
77.93388503720742 101.55797096359262 85.5893331432669 64.53658803727741
2 8 	 # Alloc Shape
1 1 0 0 0 0 1 1
0 0 1 1 1 1 0 0

2 8 	 # U Shape
12.275273694369293 32.126916042284 86.3768796534328 19.99633563993791 54.506365122414955 59.32704704352164 61.37726794351598 60.593066766804725
65.84395652604852 11.19278833434173 49.92827145296786 87.75032398997492 12.7842361723993 30.886691490515638 32.79791901682455 54.8655657319163
2 4 	 # V Shape
33.74742674632316 102.16020056546864 66.74674642238162 84.34453107083047
69.95089258296495 130.70382472746545 41.48708751269629 67.91576884760053
2 8 	 # Alloc Shape
0 0 0 0 1 1 1 1
1 1 1 1 0 0 0 0

2 8 	 # U Shape
65.55084642226771 4.987664379963707 16.91630224278623 53.727197327207946 67.48785060256509 84.17011237629872 39.01551543940857 32.03658928564628
22.38838285220297 47.86377284469133 99.16804788744228 56.88958652763644 84.72267279471716 23.27263716153485 43.241488288686355 68.47920181075764
2 4 	 # V Shape
69.58994587838038 56.69145612126862 109.96986968525326 50.414862670004794
67.1651154868119 101.121582767539 107.23522307471443 111.22201955521236
2 8 	 # Alloc Shape
1 1 0 0 1 1 0 0
0 0 1 1 0 0 1 1

2 8 	 # U Shape
13.726412284018242 44.253925710217025 68.8654497308262 29.068041878137898 13.581344766509062 5.284072956104103 34.00000691068288 1.2959217922043575
49.19881656032208 89.73032298880493 82.1943084588502 24.720678474901746 33.95565304322105 31.705246694386314 19.22989674464979 5.321570783623775
2 4 	 # V Shape
44.64304104360706 74.35330451206381 18.451752930622263 34.90028430472735
99.34662638881372 101.2817692651024 48.278384153879614 23.916943426546787
2 8 	 # Alloc Shape
0 0 1 1 0 0 1 1
1 1 0 0 1 1 0 0

2 8 	 # U Shape
47.64800592544627 42.4693689161036 46.35333051348219 8.117359327156182 25.115040039580492 10.285604435516294 26.435589496092472 57.41234261656882
57.887224918076626 61.87687801317849 97.56562603845697 41.85091534706078 13.077758041790588 14.568739606630832 8.064087986719603 15.222710403633577
2 4 	 # V Shape
52.93445524634329 50.083959258735874 33.81980172467037 57.43388365771298
102.90079162386162 122.03165429101912 24.996029379642962 21.449224911222792
2 8 	 # Alloc Shape
0 0 0 0 1 1 1 1
1 1 1 1 0 0 0 0

2 8 	 # U Shape
15.137978071986058 82.19078180439216 0.712217907205337 29.4584369661375 36.13452523562534 38.070989629100104 59.87470193913206 22.979916488720775
52.74438627767375 0.4749420173091323 18.402118038202286 4.77048021886306 72.87161751522565 87.98235105973048 67.44958726675712 28.373693168317104
2 4 	 # V Shape
94.89721913023331 29.672984312962253 44.71531785447867 63.65673192179982
53.13265207834695 20.144179844740307 153.03159364609985 83.4074657700243
2 8 	 # Alloc Shape
1 1 1 1 0 0 1 1
0 0 0 0 1 1 0 0

2 8 	 # U Shape
30.18108454191466 24.110892460700295 20.708945967227223 14.78473869020689 26.539394812512295 34.67399306638056 80.94979577596494 9.263625232295913
13.870710757203252 39.01322831745978 12.508825830129233 76.98849768076131 69.80129789588315 97.04205140002698 59.4672361001985 7.477260853343304
2 4 	 # V Shape
46.362325915022964 23.00089956969724 54.61514777211698 88.98753088515176
44.39527743925715 86.52769305600003 159.27522847896657 65.55099004299429
2 8 	 # Alloc Shape
1 1 0 0 0 0 1 1
0 0 1 1 1 1 0 0

2 8 	 # U Shape
82.25653263082518 11.482999388455262 87.15223365379082 26.489645291128394 34.55662710676536 3.314342171270246 11.03607480219344 1.071328001267946
60.11676456904045 51.70577458228409 1.597279378414096 61.877950434646436 21.835841495096652 29.538678224583727 74.6354222421601 73.84108494984757
2 4 	 # V Shape
89.76876455241087 105.17667195496828 35.341542113244316 11.942969166459406
61.1478071558959 63.000516519167526 42.12553703466732 97.71525122980724
2 8 	 # Alloc Shape
1 1 1 1 0 0 0 0
0 0 0 0 1 1 1 1

2 8 	 # U Shape
93.10631150036713 99.65930469269908 58.94260715924271 45.99106631200923 85.69499327394222 63.38220043891026 50.96998878066219 19.7439014436833
35.93502715608833 6.964150949246939 65.0768037347739 68.284941713842 8.836887818127703 29.820357118743747 62.08120233962981 32.68940061707619
2 4 	 # V Shape
147.4657181213063 92.27424602884973 103.83733016772877 57.22989057274707
38.94672223482313 94.86143975667841 31.723512225495558 76.68662694927592
2 8 	 # Alloc Shape
1 1 0 0 1 1 0 0
0 0 1 1 0 0 1 1

2 8 	 # U Shape
0.7691502300947395 12.085571871323053 40.65044687449826 59.18945314443601 42.364585150068 17.24711771969717 42.693683844083786 53.11370529973291
40.11598925048856 80.60068931768953 57.54372411656158 52.00609233028154 81.21050517461168 64.5972085539738 75.03618267704249 95.37330013661621
2 4 	 # V Shape
12.518067494911753 67.46222068338867 57.16531340732126 59.93792126185992
115.99570183167008 68.17375675250378 134.51764835523457 153.82649001267615
2 8 	 # Alloc Shape
0 0 1 1 0 0 1 1
1 1 0 0 1 1 0 0

2 8 	 # U Shape
74.69313533939776 76.1492897652341 20.40293405621406 95.67068024173052 85.40339473938134 10.500596335581946 68.21737539098189 22.94265551462629
7.699006985331803 27.73067652009725 3.1764474902839845 81.77708467224899 2.7457640588443355 22.49340003212601 43.89954729723126 43.98434551708598
2 4 	 # V Shape
147.44664346277148 99.54290858187535 87.61361060824072 79.89422762757826
29.783343443929148 84.88716567544914 22.943585835704607 61.490657905915214
2 8 	 # Alloc Shape
1 1 0 0 1 1 0 0
0 0 1 1 0 0 1 1

2 8 	 # U Shape
94.81123607653959 84.1066503745129 20.440750621960056 34.64682949419847 58.59339544182439 19.80015406132205 92.1965845983171 38.033769206188815
2.251969039201096 79.66317807650404 88.01922118166615 88.44837750914829 67.92819247369157 14.1754545803905 35.19904886864379 56.2747377962145
2 4 	 # V Shape
116.21892591876946 41.750872011133666 78.21603065610742 120.77972047295337
80.48804041832632 166.50239870841008 68.48300594146602 87.79054454091667
2 8 	 # Alloc Shape
1 1 0 0 0 0 1 1
0 0 1 1 1 1 0 0

2 8 	 # U Shape
19.65448925850042 94.07252156216134 52.007543725049686 9.851829963689651 73.66643647556245 12.857670112214503 35.76808796907304 0.43520580310789647
10.302865812557682 58.213471796865036 7.178740978687214 65.10835101052666 52.11929467419917 90.76613783029225 33.218762408259025 15.246011043469377
2 4 	 # V Shape
96.61425020075231 60.25065465766907 79.7024780671207 35.81568085139344
65.26297889587156 65.99780043549032 106.60413016461354 42.00023458731357
2 8 	 # Alloc Shape
1 1 1 1 0 0 0 0
0 0 0 0 1 1 1 1

2 8 	 # U Shape
61.25398493620471 57.14201382567205 4.670114150820837 71.74801342511711 65.26872095171154 4.853500965308378 88.71480876975193 37.9512449569017
6.046019561584048 87.48116924121882 59.03316291199682 93.18152163263058 47.34518075317047 18.087367925824694 87.31584800642217 17.776507001564013
2 4 	 # V Shape
86.8867492985544 72.92880927694168 68.07071685983665 106.5517200849717
92.1372348642822 136.195886287425 55.39866666768492 91.35017828508899
2 8 	 # Alloc Shape
1 1 0 0 0 0 1 1
0 0 1 1 1 1 0 0

2 8 	 # U Shape
15.05403843687616 1.1915290138714951 4.507845816449074 87.53953286393319 28.838944243252406 59.31014246014127 10.071810670140536 60.97601919574396
90.00934218599477 23.085172512032017 40.546192392502554 61.067052991226014 49.51740181736647 98.7013606542798 59.25596295100946 41.49992796367864
2 4 	 # V Shape
15.495155547874935 91.86447717959292 67.96867570374857 69.0285717702953
103.39343682466908 98.02921988675419 114.84294379726532 79.95465009619659
2 8 	 # Alloc Shape
0 0 1 1 0 0 1 1
1 1 0 0 1 1 0 0

2 8 	 # U Shape
42.17590787665221 47.21113916180738 65.93548252945645 27.591096094025524 49.78604643881482 25.997472656887844 35.0544935822831 25.669494457985298
5.917914967657323 17.612357192516804 22.96185807519948 81.03118091625981 49.56731353997939 84.10807242476078 33.30372730921569 7.842096454245906
2 4 	 # V Shape
73.48564992498646 84.38601428629842 74.21510589310232 54.6841387616803
20.247581912541868 81.17391931654224 115.76112685329645 39.41311172750112
2 8 	 # Alloc Shape
1 1 0 0 0 0 1 1
0 0 1 1 1 1 0 0

2 8 	 # U Shape
35.422318507640384 81.6074118879964 35.12552951521846 25.29625941543907 15.520677836736974 5.533124878797047 99.13760561668565 39.013094337404375
75.70970427585627 85.50765260242733 30.678646736908675 73.57957888324663 89.46284499051923 15.212143129892276 99.76011778089826 84.05250940810876
2 4 	 # V Shape
97.98030536017482 39.853173795644615 16.535287407392637 133.8714864727242
105.91312111937745 81.4444393480781 95.30845029166099 177.00138366036617
2 8 	 # Alloc Shape
1 1 0 0 0 0 1 1
0 0 1 1 1 1 0 0

2 8 	 # U Shape
31.33568414142742 81.21666739438844 95.20767979418355 29.743133196077697 89.47141637634249 12.87603002929707 73.15507799478527 91.0592758003159
6.712403524385014 64.67096379241286 20.269490336166907 5.654477611389175 46.99636555710162 1.6677141230136194 10.858829216717892 94.93956161059421
2 4 	 # V Shape
104.33001568955909 100.9582179518188 96.04724592956158 128.44001143415693
66.39129679335565 23.687017513870945 48.16960344682993 105.5923805316605
2 8 	 # Alloc Shape
0 0 1 1 1 1 0 0
1 1 0 0 0 0 1 1

2 8 	 # U Shape
23.854238232351076 44.96983110542207 6.352487531591889 33.74702564711002 85.86810991429495 0.6238508354989847 38.358385566844746 15.831105453474681
25.55558749909216 72.31444745588973 22.312073396412824 42.87606952277259 78.51802731830504 41.15556778086707 17.426507796516223 74.44497852066064
2 4 	 # V Shape
50.33973831910333 37.77025221841579 86.48387776311682 49.185717430115176
96.61989980136485 56.633335401651074 113.33858443459204 75.61137722816399
2 8 	 # Alloc Shape
0 0 1 1 1 1 0 0
1 1 0 0 0 0 1 1

2 8 	 # U Shape
19.51686216494667 60.691301746518725 8.23220379231665 13.37765566565392 90.82813630596824 70.19705893666472 49.34595969250506 55.2777963786095
92.91360167001564 40.06892260533199 93.68612018244046 88.73917700786994 69.59786000021754 74.7392923870795 59.04109189668708 21.69747658909896
2 4 	 # V Shape
64.71108587127817 20.361789079821563 117.62074397291654 82.25440829423954
110.74225248848084 97.51741825216966 111.93398954693296 65.16220134817858
2 8 	 # Alloc Shape
0 0 0 0 1 1 1 1
1 1 1 1 0 0 0 0

2 8 	 # U Shape
66.83865045655942 47.56377493363564 68.81836935297649 84.90318544491478 88.63006529656623 20.16770986576788 70.12469043233777 48.891038394488554
9.249923225744316 66.3045814207117 83.18440014129523 19.587952173604716 31.236885312219208 21.829757972278983 43.65399166611618 45.638531884938004
2 4 	 # V Shape
90.97478599562712 110.78620055966695 108.70301262793404 106.17860933644423
66.52742066770796 85.68253488623593 40.790739752932126 59.68547904794059
2 8 	 # Alloc Shape
0 0 0 0 1 1 1 1
1 1 1 1 0 0 0 0

2 8 	 # U Shape
25.264216534913842 54.71197030099899 51.455193906499815 54.921358486796215 30.44092486595993 30.00457254696426 18.543152752771842 29.81896448397806
7.7778906444809 57.27214540786658 9.121792105949888 74.76361872051433 96.05003131580139 6.2891489265948675 13.905668479163435 44.141873697748366
2 4 	 # V Shape
57.762041040838696 65.87568171074139 51.8091577584299 40.91396636282351
57.278991920561225 82.42826334755951 97.19522768083743 56.87252783479841
2 8 	 # Alloc Shape
1 1 1 1 0 0 0 0
0 0 0 0 1 1 1 1

2 8 	 # U Shape
98.66484616684585 78.89074208364511 58.53949212385686 36.744068253786935 14.806938851461238 94.07175933067637 82.56178426779007 9.33722499623737
16.66384775730898 78.93168915147709 57.24530640582787 31.642254421939096 32.07907156980503 86.85472847077385 85.47563739895948 69.95800903793493
2 4 	 # V Shape
125.32346249554274 73.84924579357593 108.13678676890677 87.84273678136717
80.98000864435157 72.23234592959264 109.3306699251735 98.35901717006402
2 8 	 # Alloc Shape
1 1 1 1 0 0 0 0
0 0 0 0 1 1 1 1

2 8 	 # U Shape
42.67893669606867 20.23715742293205 80.7778869689436 91.04063017214689 80.25478772612496 81.90234046811698 17.166444302641626 88.2826322727637
99.97637989092128 45.68900812575616 81.48975079462467 79.68834717244083 6.18892589277854 83.7822644935773 68.3792813019476 43.794341150119855
2 4 	 # V Shape
47.78855451712052 123.8190830332938 97.49073953141273 103.14982852162892
101.36106380025934 127.28298115098423 84.11223581593268 71.75736771317003
2 8 	 # Alloc Shape
0 0 0 0 1 1 1 1
1 1 1 1 0 0 0 0

2 8 	 # U Shape
65.85674666691416 37.13213850508996 10.003141045244368 59.99819223463692 50.27602525770103 10.902990501738186 15.425788963375808 69.08698633487785
10.71772249716444 2.6716841203818564 56.57383175732774 46.82581013084466 89.62882023733546 56.6315331133965 3.4793508699005993 9.223207796071886
2 4 	 # V Shape
78.0813196596813 62.37348957607751 57.63832003334984 72.03611734607443
12.597030898164212 98.72673749558396 122.66284295137754 11.435832598515395
2 8 	 # Alloc Shape
1 1 0 0 0 0 1 1
0 0 1 1 1 1 0 0

2 8 	 # U Shape
33.925202707172296 75.92995010159063 51.674199751565254 27.68319985211346 15.917784702927907 33.38938009659906 54.054359621588866 32.93408600810288
34.718365159602826 67.54746591900546 41.19498399126964 28.93329569912202 9.65971979313569 9.665828214788409 20.87517637870976 9.159768686900161
2 4 	 # V Shape
82.45140838832282 74.91990120085269 44.668140734643444 70.68423533279912
71.97949695791904 46.204044746873215 13.652000201330614 29.412726439419494
2 8 	 # Alloc Shape
0 0 0 0 1 1 1 1
1 1 1 1 0 0 0 0

2 8 	 # U Shape
91.76660559086484 16.382946151656487 40.69229199749588 57.109201339598556 40.179463232882604 74.97704213946488 96.69373479016237 46.925934245076505
38.432230195337546 80.35031146480547 26.591651222387803 53.62698388476913 30.417111269935337 16.392392383036412 6.005397348985175 14.46840619090648
2 4 	 # V Shape
98.14736584682146 72.15799387655461 89.75547810704136 121.78456885440961
90.47576226857842 76.33406396083022 32.303188132002134 15.608671288760753
2 8 	 # Alloc Shape
0 0 0 0 1 1 1 1
1 1 1 1 0 0 0 0

2 8 	 # U Shape
76.67915881482816 31.063820474237758 21.495919294495568 52.74564304669913 75.54050858548995 17.162226568057115 75.44563995153199 34.5552412595856
42.9727638640908 32.474610826478354 21.466450352300203 8.106257022192054 80.87617801086466 48.921346369158044 76.17318844977915 33.283893037146996
2 4 	 # V Shape
97.24737635986196 74.06255364547674 77.91550531861266 105.80062660367554
52.11708502348209 22.807099678181586 95.76749665722875 97.79477099352454
2 8 	 # Alloc Shape
1 1 1 1 0 0 0 0
0 0 0 0 1 1 1 1

