2 8 	 # U Shape
38.80429843218492 34.03471859919765 66.19121603552212 90.5547798115853 72.00305227716338 47.159228006641584 49.70053336012955 44.62661911270018
53.05754270224363 99.32466448054669 61.445410071562065 18.03067471764548 72.28686304233894 93.91065487220239 53.83881324363677 47.013785713839276
2 4 	 # V Shape
51.58663169028362 111.08874203731365 105.5442970926401 91.96923544439937
110.59036108509662 69.99476524551878 151.96917850469055 72.8698084196935
2 8 	 # Alloc Shape
0 0 1 1 0 0 1 1
1 1 0 0 1 1 0 0

2 8 	 # U Shape
58.96591612588744 68.65774560308135 30.02188686883882 62.3910376824384 8.892723455528383 53.76188949088665 6.672961840315727 27.978251179991286
11.11936098790547 54.322130641535 62.552639199782945 49.69014234747977 71.43701184210114 20.63879903539021 99.27905345409697 17.7719650269337
2 4 	 # V Shape
68.90188706354691 76.39262748575612 61.846729098165305 32.81278086003075
63.37380144217301 89.86684453064873 83.32380857625719 116.9992904632355
2 8 	 # Alloc Shape
1 1 1 1 0 0 0 0
0 0 0 0 1 1 1 1

2 8 	 # U Shape
13.465241614666546 18.10940371944597 2.978497648560896 39.881216836242636 16.694972840234755 3.998768028169297 96.41109001928761 35.83773147980476
2.7087088325912667 54.55065006685113 77.71862652940129 56.59574732306157 44.91978971341987 98.22240206384511 52.58671219666361 88.56893477384233
2 4 	 # V Shape
23.06546126852405 42.527770684839226 18.94927578878053 124.45574413698252
56.117135775088165 98.62021614254203 126.14034115336575 140.03011631069262
2 8 	 # Alloc Shape
0 0 0 0 0 0 1 1
1 1 1 1 1 1 0 0

2 8 	 # U Shape
78.5283038200531 39.65248665877156 33.165469134967495 43.5421982434378 25.983662953673957 91.47858452013558 20.978228136956233 31.26196497996204
20.941107142573046 54.19123417098787 35.861244822905746 89.77244515299736 62.130506835024576 5.797074556290416 46.476475317786935 17.811610260493737
2 4 	 # V Shape
88.16357303856276 43.82670863523247 91.78009935359842 45.534009169879376
54.788065385939035 98.77900261394379 67.80047775041965 62.84298904295315
2 8 	 # Alloc Shape
1 1 0 0 1 1 0 0
0 0 1 1 0 0 1 1

2 8 	 # U Shape
71.00658900630637 95.08710326261453 74.80513321261874 37.2246012424118 75.84773055982038 7.107351246240812 62.18453689509784 72.07140306231447
4.180861912122957 39.52418182636325 16.13388234551917 27.608308497765854 22.65033233131446 30.4683930305082 13.623338112195126 69.42500575985521
2 4 	 # V Shape
162.3398435923524 90.38592556018719 81.67769086704226 102.74757297414186
42.52805235587784 37.77141404049424 41.69097781218501 81.38178441895624
2 8 	 # Alloc Shape
1 1 1 1 0 0 0 0
0 0 0 0 1 1 1 1

2 8 	 # U Shape
9.936765398837332 91.33012440268774 57.79793461657664 90.02754517505583 56.3570171869058 0.9845440799688521 99.42393627965922 13.239783638207125
69.26362577413174 33.428825238062274 18.020375760924303 14.059766517175454 66.92474106394472 30.385427283103805 61.36545338982017 93.5599385281917
2 4 	 # V Shape
99.25067148261789 140.9122603846416 56.955432271484675 103.46817082887394
71.10331320582668 29.78302255377671 83.37196855212068 137.81280365819856
2 8 	 # Alloc Shape
1 1 1 1 0 0 0 0
0 0 0 0 1 1 1 1

2 8 	 # U Shape
16.611979665729038 91.89412906048165 7.142513371862947 47.44680710895094 36.02294197691071 15.973108250577628 96.79157592963496 21.895147852694286
71.17804063827496 87.90754936966432 66.89037930967858 14.352054836853013 79.28879809301641 21.5512697151754 95.59500306879225 8.285801012063597
2 4 	 # V Shape
97.85732999488233 50.20777247008229 44.32781114184015 115.06979650693803
141.14978039019007 70.75944453584432 80.17885084716129 96.20979216441079
2 8 	 # Alloc Shape
0 0 1 1 0 0 1 1
1 1 0 0 1 1 0 0

2 8 	 # U Shape
29.369345384028822 84.16111580236372 19.111275548550978 0.47323131803920226 67.8607937663347 65.66085605445606 35.46367907653705 86.48717455216773
69.44640763220397 61.28123989003983 31.951077154398398 73.72777186166773 52.55433472178436 52.50502798198185 7.706168196491092 47.43696291039694
2 4 	 # V Shape
85.46688429384415 19.57609086062022 125.91072420721306 102.81599327399536
128.7670802180092 101.47164219084152 68.6799903092894 50.939923490096156
2 8 	 # Alloc Shape
0 0 0 0 1 1 1 1
1 1 1 1 0 0 0 0

2 8 	 # U Shape
54.56692281594621 15.275763636954864 35.28836635151593 69.7170747982277 59.15385222570217 34.794034996190724 21.311636152941105 87.67299081456366
41.63618216690208 52.3924797439007 55.99495166162942 94.99125220597105 7.027538299865233 90.87496533342582 79.67973727400053 24.959015771723358
2 4 	 # V Shape
63.41840202083155 94.13914654833961 89.89601760936178 108.08112794668571
74.75643402981427 108.23389461251008 96.60354140427297 85.34020143022653
2 8 	 # Alloc Shape
0 0 0 0 1 1 1 1
1 1 1 1 0 0 0 0

2 8 	 # U Shape
49.4440000522821 46.07946668680246 6.290297803862954 34.137865271477985 71.64823253898153 5.440352455543895 16.23861011992784 99.92218338865509
37.54562455645186 19.21472346535662 62.59621781105059 73.64400071648683 25.593508802910712 5.3990441454608735 93.02788923770721 99.03714703756548
2 4 	 # V Shape
51.9664078085325 34.38967084050811 76.11477833416208 105.15014778535362
40.287954849262874 117.69180438392404 29.340949188358262 140.20635285936925
2 8 	 # Alloc Shape
1 1 0 0 1 1 0 0
0 0 1 1 0 0 1 1

2 8 	 # U Shape
63.72697753917475 33.92015213500088 22.416302568145984 46.77107630620194 74.87217639408884 18.34242420995823 2.415895711516358 10.50294917167729
12.895518751127511 46.45057594316507 35.63053330516287 91.94596229083115 20.813803036265067 38.07532479202847 2.1397673413144136 5.98442103691773
2 4 	 # V Shape
69.22969720032452 53.44733755514535 91.50382703534842 11.0070435067538
54.234510349402086 122.39956522725596 38.38904558377989 7.8695592930727205
2 8 	 # Alloc Shape
1 1 0 0 1 1 1 1
0 0 1 1 0 0 0 0

2 8 	 # U Shape
61.80099123132202 66.08104815038442 47.444999064221605 0.5121589598552689 38.43382541840078 29.63455063012703 54.95425987058356 48.04742076785221
88.94051801682468 14.754400921956146 7.0021245433038 47.9160465729263 12.476713313080301 72.10843955809713 21.557092682961333 24.29553654731176
2 4 	 # V Shape
90.04384227220638 47.553189126198106 47.863492800898634 77.44549485560395
97.21814828059988 47.991807615622804 76.81425405666906 26.048308160240737
2 8 	 # Alloc Shape
1 1 0 0 0 0 1 1
0 0 1 1 1 1 0 0

2 8 	 # U Shape
86.92050538193617 97.25143298523808 57.66857538934025 85.33381084501198 97.97629709880336 1.0610314760432504 89.4165407704135 33.43521831798838
62.57182025378789 48.78355457564466 86.29710273563501 30.17549802242845 86.89011927706947 2.2435075085822986 89.89992653954769 33.72279878317397
2 4 	 # V Shape
150.6522561600358 122.91731546359087 98.6859069149373 111.21686086623122
81.09670470970875 109.72581191130837 89.08757252890565 100.44003790979767
2 8 	 # Alloc Shape
1 1 1 1 0 0 0 0
0 0 0 0 1 1 1 1

2 8 	 # U Shape
27.771283297124395 97.4427896912705 75.82172334756304 43.85639832998369 3.9049214778404506 78.01469697635362 35.694914512308564 56.96838864133734
99.25807852532736 59.12565403057446 52.48994821781907 32.64592759032256 61.90649512332331 99.41264815471442 56.40595506022411 86.28181436259446
2 4 	 # V Shape
101.13383246671246 76.49198931593949 80.78224279757 86.16281168835087
139.77297888927836 84.33224227577706 147.75623750608398 109.698442043884
2 8 	 # Alloc Shape
1 1 1 1 0 0 0 0
0 0 0 0 1 1 1 1

2 8 	 # U Shape
29.34834659320331 21.65462848097195 8.86172599137277 48.56871054835214 13.059910453566914 64.63898656774009 27.093635216611347 63.01816696921676
81.2870908870058 58.07669136920938 0.6119949785804546 20.169685046773157 30.06489072080738 83.18491198300042 20.969922029485623 98.71613672846662
2 4 	 # V Shape
39.960205459139644 50.136660305016164 71.94475177067262 63.56802041759808
106.40493734438593 20.60157969795512 87.44594995463211 104.89490395533709
2 8 	 # Alloc Shape
0 0 1 1 1 1 0 0
1 1 0 0 0 0 1 1

2 8 	 # U Shape
27.818572843666068 71.96914609630558 66.37332787765109 57.343137263405666 94.86124916070513 80.0735049697734 48.163882547746795 40.6037942558783
22.0713767740505 18.520459878609007 83.79349205056899 55.22272437756973 7.503868574895112 41.01496089808984 33.325295641869225 27.770371393061545
2 4 	 # V Shape
99.72269378957202 123.02422271581203 103.10750069337287 68.47032958574613
37.00851553123751 106.15336654593108 47.21215574519381 36.6426428653605
2 8 	 # Alloc Shape
1 1 0 0 1 1 0 0
0 0 1 1 0 0 1 1

2 8 	 # U Shape
64.52425383425116 99.02599861062158 55.70847414846939 77.18303401238178 79.57485843307455 37.13056975773238 68.0557049299637 36.55617040206482
56.31298737731078 38.97298218199673 8.79505793313754 84.1612744794679 27.281192355407626 0.29531061526089086 20.944672993150192 67.37538993762541
2 4 	 # V Shape
145.66335115515705 126.78931288770856 111.09233852843387 85.77419086091415
93.25502311405374 91.54056375481046 27.330327278818036 71.39504635213504
2 8 	 # Alloc Shape
1 1 0 0 1 1 0 0
0 0 1 1 0 0 1 1

2 8 	 # U Shape
26.598050703804212 50.90775667467017 35.727561276715356 76.60834739962971 67.76492327221007 91.01295133782237 86.36140350064365 22.811320208789542
58.54908052659679 10.157897472267607 83.18204674950293 31.595698549031436 82.41501738055362 81.63099273423717 37.39277080895428 66.20888393125868
2 4 	 # V Shape
50.98759294197717 93.0330962231125 127.30634204756642 92.3951332580715
61.20616541376021 85.41992892822918 130.80261951784416 78.79571244879821
2 8 	 # Alloc Shape
0 0 1 1 0 0 1 1
1 1 0 0 1 1 0 0

2 8 	 # U Shape
1.3495474270474483 73.48988824742246 49.556558591885334 36.24715448662435 96.03458012052916 68.5625132080057 45.80263517017642 20.48733902311286
34.09198369788579 62.37358533280529 59.54955830532529 9.68652645318977 55.46932082459654 34.23199867367036 70.84238528674838 47.78860089658631
2 4 	 # V Shape
74.41735723802498 67.30299633387267 98.78366317971299 57.29553976725398
74.54762751429587 69.1400597250074 88.08638929206052 91.46705795764045
2 8 	 # Alloc Shape
0 0 1 1 1 1 0 0
1 1 0 0 0 0 1 1

2 8 	 # U Shape
48.51996937563654 74.8412988858732 88.81033512270014 27.933598254175283 48.31436801212239 46.75769024705312 2.2766953087996145 27.911279793209744
6.075856609033259 53.321221321578925 37.26885399774184 81.82951555106546 77.57875365490159 54.7982422485988 83.05526345309147 34.278307085371566
2 4 	 # V Shape
122.93392900816714 107.01367736277031 64.28096807649305 29.443680711725506
53.87524676355693 104.38862454674671 89.9463424807889 111.02601549044758
2 8 	 # Alloc Shape
1 1 1 1 0 0 0 0
0 0 0 0 1 1 1 1

2 8 	 # U Shape
67.90600463725245 43.30090169144516 24.51658667673462 65.96410825747972 27.654073145819236 68.29089743924328 92.18078936325587 67.80710785110296
13.376534981113108 27.662491171353174 90.63506964819979 72.65479012812818 95.4482936281214 67.92782875198814 47.12762514140486 21.159653918638632
2 4 	 # V Shape
89.55868108218988 87.36239883911202 70.27679811820576 151.76376797054414
36.7695034802597 143.5412862216973 140.57486470479625 64.2600058752662
2 8 	 # Alloc Shape
1 1 0 0 0 0 1 1
0 0 1 1 1 1 0 0

2 8 	 # U Shape
39.862118445516884 76.25113165476695 54.14415113749689 10.527567762060253 20.04108058737809 22.738965355925046 20.68138756707494 49.706137698717136
29.482946887032046 60.40759527552062 73.67238044020448 25.40469502436484 56.192639469663284 89.94511347204248 6.085367530631003 3.0302444078074697
2 4 	 # V Shape
99.43559848067963 61.77011153757521 37.91872119635986 65.12573040810842
70.96391495481328 97.57712050822136 116.71874288725726 6.2392619957331785
2 8 	 # Alloc Shape
1 1 0 0 0 0 1 1
0 0 1 1 1 1 0 0

2 8 	 # U Shape
26.569061888161492 35.053067037511134 8.204474933921812 61.54230188965111 76.22246836774553 78.98015838646215 73.43819374007845 6.2241299463624555
54.649200366366166 3.7702052730020807 88.82648796439356 48.61872499755644 81.03218000072529 30.424274271873053 68.86567654991926 91.87017961981115
2 4 	 # V Shape
52.63410384181588 67.17522903954111 109.98208612856442 79.59507976422944
56.05137176482556 118.31046671870192 81.20068115809713 157.97297567981056
2 8 	 # Alloc Shape
1 1 0 0 1 1 0 0
0 0 1 1 0 0 1 1

2 8 	 # U Shape
43.1694403831531 52.40798163765504 53.437766073716276 6.56972061737574 30.794684029635455 52.32791489021865 89.34629321663265 79.92413637484572
98.70252209831422 39.88703384158613 52.07595788629601 91.08120085536945 59.359912358542054 52.22846206661554 90.97631267801837 9.035377828422341
2 4 	 # V Shape
64.46692199977423 54.67017881702581 77.49804508411012 117.356251921662
128.66406012233415 125.74574386007932 71.20736292990304 99.88139526186376
2 8 	 # Alloc Shape
0 0 0 0 1 1 1 1
1 1 1 1 0 0 0 0

2 8 	 # U Shape
77.50005383840667 67.96690185398762 10.510205652261039 64.13181396783759 37.56315080422642 45.98766835694879 39.72906479794695 39.365777627243105
44.11485534823284 28.119839424595582 11.471621624875272 98.73731795703725 61.5858997098886 72.4899195636612 56.511214044533475 16.42858638004503
2 4 	 # V Shape
137.32150783967862 74.17121274158426 64.52489680129847 74.19796258980583
55.02536470600238 109.25219332551812 76.74760681139406 64.3971392165242
2 8 	 # Alloc Shape
1 1 0 0 0 0 1 1
0 0 1 1 1 1 0 0

2 8 	 # U Shape
5.789438460257412 46.98910486441087 25.11037515293133 92.96476447885176 73.58435784502224 52.77969036379577 58.30303394538273 41.28800770632398
79.51565509935791 66.00276742336608 57.45492274932948 13.47726602972552 24.8544264212765 36.98751657807221 34.86638739190445 10.377589231163121
2 4 	 # V Shape
47.25069482680172 107.8107381526973 94.15716685759934 61.56677887461226
114.23803748760128 66.68192606959107 37.79551670087534 36.011093899927985
2 8 	 # Alloc Shape
0 0 1 1 1 1 1 1
1 1 0 0 0 0 0 0

2 8 	 # U Shape
32.007010652793575 31.91206526450704 64.89536105172917 71.18823226956923 68.69434198198017 20.87047841351325 11.643125255280907 45.84809795382304
89.88883425909493 83.18730697789233 74.91247112672687 48.88152655222269 56.14652914571434 73.75024069095731 79.17625138747005 78.13079173776639
2 4 	 # V Shape
61.648803484322755 126.31451877986237 77.54971767725267 54.01460213422514
103.02080226859694 82.35821692721309 117.49010695968755 105.00185855298574
2 8 	 # Alloc Shape
0 0 1 1 1 1 0 0
1 1 0 0 0 0 1 1

2 8 	 # U Shape
6.994259067162778 47.87253460202049 54.523654774451614 81.89286598403167 60.36382658646842 90.48337536430887 1.2777725872922585 28.230533065574992
57.436861478301196 98.57822660265938 52.08341047430886 6.238237037109428 79.97603683412039 56.28284930255304 97.05751107774935 75.28132304320674
2 4 	 # V Shape
48.12365417116207 132.44041979756008 96.86742338694526 29.2744208769789
141.9106809363898 58.06468568228381 130.61251552824032 123.41074298543182
2 8 	 # Alloc Shape
0 0 1 1 1 1 0 0
1 1 0 0 0 0 1 1

2 8 	 # U Shape
7.784314232521938 31.368416751796424 52.4233358708662 51.13009169343887 38.32612584225752 6.153601516994767 77.81668069541648 12.811541292230121
26.432144949748306 78.73491291799188 10.891495277676333 41.226338438883225 80.40116508798269 97.05461371058273 70.10321116886992 1.3450720438971775
2 4 	 # V Shape
37.94673571431375 60.484669783124716 42.668845926983074 78.77182849458752
80.87082322255128 42.97006075150713 157.6561435319902 70.73803793275071
2 8 	 # Alloc Shape
0 0 1 1 0 0 1 1
1 1 0 0 1 1 0 0

2 8 	 # U Shape
43.378344047481974 78.07218531625514 61.04964401611453 95.39635833276509 80.63350246314029 6.81190229019657 52.48451238644161 97.75032631390917
5.93839447259109 31.565016376130963 36.40547685026255 53.960978209383335 84.69752830401569 98.99207429576064 69.14822679101043 28.259886911463006
2 4 	 # V Shape
103.54653402793916 103.767396384323 81.90829473777511 142.17689562329164
34.200967719022906 87.28874405898516 166.2491014333437 89.17557057536328
2 8 	 # Alloc Shape
1 1 0 0 0 0 1 1
0 0 1 1 1 1 0 0

2 8 	 # U Shape
13.593988799990752 43.71765581689455 91.55936365522567 55.14538279600324 24.6761227421472 54.22385983224436 62.19555186823368 83.50458408904218
91.41897646092872 65.566763875211 55.16194833549446 21.972669210541685 28.88789548015429 86.9970054018278 23.81577637972757 58.02383346094506
2 4 	 # V Shape
48.75776560838802 103.65927679584627 66.51859445373496 142.6364532530856
151.40432629105072 58.935093275235126 91.90929444208446 79.80634845766234
2 8 	 # Alloc Shape
0 0 1 1 0 0 1 1
1 1 0 0 1 1 0 0

2 8 	 # U Shape
98.36791382777844 21.28707680554569 79.7942597757593 67.59945541051295 99.73455779082343 46.08575300349161 36.8640829040052 56.45281343797118
43.30869207966202 47.46587524160213 25.997757565093384 22.99168827456751 20.404299826136064 33.41097770680543 74.71534251186307 74.29319402218317
2 4 	 # V Shape
105.82206356616668 140.7628847645591 106.01170741756451 78.11710918372063
63.22939781298412 37.75680431672479 49.619239654019616 134.52884143128745
2 8 	 # Alloc Shape
0 0 1 1 1 1 0 0
1 1 0 0 0 0 1 1

2 8 	 # U Shape
70.2941870620185 96.96674292692205 85.77844696076167 35.27774161953363 62.49183517697681 47.774946676291194 80.10264408385456 44.32237978882376
63.75344516565322 80.22479877027942 84.75371962455736 48.48469200278937 9.213031857988874 60.23038251047688 93.69770575419716 66.0323479048279
2 4 	 # V Shape
165.38789054664954 94.80580858556176 67.70757128452941 116.17917212671131
105.57696579015496 115.92341554925163 61.62884931158628 157.32858384700236
2 8 	 # Alloc Shape
1 1 0 0 1 1 0 0
0 0 1 1 0 0 1 1

2 8 	 # U Shape
13.865346479345197 74.26522899533796 92.74744511760935 9.031613347905843 89.3952571695413 76.09142404441215 32.160632217907946 74.22689022342446
94.07910281321847 89.39740569094636 43.678570286197214 55.40645732546845 36.61864542122009 17.635756756121012 41.94054399728543 42.3624944139416
2 4 	 # V Shape
84.2278891250091 96.91826820945631 108.17628659669062 98.60624529718592
148.71355339604952 62.841201234202515 40.506440934859654 52.55606444087711
2 8 	 # Alloc Shape
0 0 0 0 1 1 1 1
1 1 1 1 0 0 0 0

2 8 	 # U Shape
7.049305371986103 98.4525767659115 24.86157307065824 7.258187796337168 76.86367877978041 72.79271835777959 13.23697566954215 47.250186621130844
29.855218976084462 85.95963649503429 61.89780544469472 36.43911411980668 53.60054625225058 70.32630463479654 0.6619090431687291 88.57320068725724
2 4 	 # V Shape
99.09650898707375 25.25294765662842 146.72325411711913 56.37811647427236
112.93427028914053 69.17921161532695 116.77218729377347 89.08413825176248
2 8 	 # Alloc Shape
1 1 0 0 1 1 0 0
0 0 1 1 0 0 1 1

2 8 	 # U Shape
6.637471658853434 97.40669627786325 56.24191015300086 65.58148919678092 19.256121568539765 0.7918509189419942 18.289408267121022 29.170599095639815
29.948980768747536 29.35530538370864 54.46841056034108 5.874041420604781 76.58598686990818 32.815965377894685 48.48531161010657 79.83855924747051
2 4 	 # V Shape
102.7171203136121 108.25553907086255 19.51995101104844 41.358473902326445
58.641649446076656 56.4251952461516 97.05971938903187 122.71257941562075
2 8 	 # Alloc Shape
1 1 1 1 0 0 0 0
0 0 0 0 1 1 1 1

2 8 	 # U Shape
18.686413878978215 58.04352734697711 79.55324848606803 50.8073533520426 21.337066016723227 63.37760469079578 60.71981766570899 34.90930021128111
12.290607289612442 34.818613017889014 17.29152996075459 27.11170871151718 45.01990323966499 22.655501597767724 22.81709086905037 53.994653547415595
2 4 	 # V Shape
71.30357219935358 92.59709628404917 65.46425929194079 73.80406681327966
38.28327999817496 33.606484700529556 57.68421271517509 66.58402967590013
2 8 	 # Alloc Shape
1 1 1 1 0 0 0 0
0 0 0 0 1 1 1 1

2 8 	 # U Shape
45.322548392251946 64.7495607154235 40.464390302836584 94.63155179314951 92.95391115117036 9.015047308461021 15.47978910961354 48.82136599848528
64.38899559188542 19.91409067776262 11.640646078758943 23.635208060095415 21.25088392615413 56.502187282844176 20.653251677435712 9.338699436824582
2 4 	 # V Shape
69.66764128467587 124.99104359263501 95.28853089051466 60.25825113665776
67.91933762301448 29.233951263005196 76.22232244682557 23.07031733862178
2 8 	 # Alloc Shape
0 0 1 1 0 0 1 1
1 1 0 0 1 1 0 0

2 8 	 # U Shape
0.2217574163876357 56.203425230051415 38.45306151725829 6.238975221597299 41.2501878916683 67.70084181049236 38.840710251950675 56.57643174271367
21.924017406650297 14.596349844041667 69.87614887473134 71.73554306827295 10.720782983797793 14.33848814546661 96.17001960528151 61.39369405177996
2 4 	 # V Shape
56.40596857843365 44.04163693946716 92.86116615458721 79.1883089252778
28.516242851753677 105.34646164204112 21.225590290806487 106.55980244881195
2 8 	 # Alloc Shape
1 1 0 0 1 1 0 0
0 0 1 1 0 0 1 1

2 8 	 # U Shape
13.824602442030432 43.75723648390534 66.35312817941845 3.453270623572968 23.841380053550708 1.802457783891176 10.449547966913798 36.3523914573754
98.38215211336696 63.14375289882482 92.24205349414231 78.33312877674497 65.79924072284182 52.14959251428749 56.809575554899794 5.185863004034785
2 4 	 # V Shape
50.33945940770172 68.96386369358761 25.146419040118058 36.52419026173674
117.14686979771824 92.50701290629436 100.8212332480577 59.86382244625555
2 8 	 # Alloc Shape
0 0 1 1 0 0 1 1
1 1 0 0 1 1 0 0

2 8 	 # U Shape
72.39645185024945 9.736782592983161 92.70165657789745 86.03883045005361 52.71036614296351 8.679638346458063 99.65771458136973 89.65496086742651
32.77688380967824 46.289817178905814 29.97188454318528 17.447271380263885 74.10939994512628 24.107311656619757 87.51467553837878 79.53545672098225
2 4 	 # V Shape
75.64134528063664 165.58648863735056 57.6522786926365 141.9176860446873
75.32584264708201 43.142341104530146 86.36813373789985 94.33720806495197
2 8 	 # Alloc Shape
0 0 1 1 0 0 1 1
1 1 0 0 1 1 0 0

2 8 	 # U Shape
31.13747421441939 3.9343716091136183 21.03948031285836 83.8356460592736 55.816710198651606 63.1164922601281 58.97804792253159 1.9657710396195016
56.18033353331132 89.84399324362911 53.64500385678933 60.42544172312184 42.93110647154334 64.13555766638106 90.92097661096003 63.93326191815907
2 4 	 # V Shape
34.23508745589324 90.73588602393184 99.99493421483871 59.42489779961097
145.14276554963755 89.4799910026953 64.71912538586281 127.89424544600391
2 8 	 # Alloc Shape
0 0 1 1 1 1 0 0
1 1 0 0 0 0 1 1

2 8 	 # U Shape
23.929623863504567 8.28356368396086 74.9368845019947 97.12100881113903 80.76256379564364 11.532500987580917 21.256060065608807 64.12376526322721
99.80284906565151 84.86723804307232 38.183503728749834 51.62135484709609 61.01348131380345 43.61688068612628 95.59351179881982 98.7301184976439
2 4 	 # V Shape
28.677390098321833 101.31730759614602 86.90446977019687 73.13062912467277
182.32399517781948 63.28377611184526 96.93750720417026 154.19226541336607
2 8 	 # Alloc Shape
0 0 1 1 1 1 0 0
1 1 0 0 0 0 1 1

2 8 	 # U Shape
31.65233750457349 44.12208355048355 47.96972544241803 89.67092291656884 42.67292074058502 10.840880932798946 60.085391418850044 72.81015307394877
58.8239096506332 73.68067883929484 41.75463591820376 70.12477236578314 30.521684990229648 30.060668803582335 76.86769830803712 9.267603504352518
2 4 	 # V Shape
62.982325957640725 100.3039470534125 52.01774989851639 132.49702910901308
117.338106373354 72.62328469989612 43.13005158770467 84.17207792493363
2 8 	 # Alloc Shape
0 0 1 1 0 0 1 1
1 1 0 0 1 1 0 0

2 8 	 # U Shape
32.63749451025654 92.23581677418159 13.53701509979961 88.14130757127327 61.34070113009496 73.93639557064887 42.27968646062763 89.14823304045161
12.44152755177722 36.22307709247755 79.93089564262932 4.928484647285458 31.340249965562982 26.768778003869777 97.84085196484328 93.11224462032241
2 4 	 # V Shape
102.59696489852206 98.32391685878615 92.34965537226131 127.1533152693849
42.42818063942518 80.54952708818372 50.5813794077752 166.20244696767227
2 8 	 # Alloc Shape
1 1 0 0 1 1 0 0
0 0 1 1 0 0 1 1

2 8 	 # U Shape
6.870246562534154 27.24285494830504 44.0028504345504 21.299538472151937 24.0403156461659 71.4499649157515 62.40038339231695 76.64705830744431
48.358658393019915 21.55769649556577 99.4171253709413 18.465234142834873 28.603575885059108 92.87728437182543 86.74963508970576 63.464060040813905
2 4 	 # V Shape
28.496728337987737 61.637655028863705 92.22561537448617 113.31902428588783
66.80836274533615 103.84670168488516 95.8909406933037 128.98815551621774
2 8 	 # Alloc Shape
0 0 0 0 1 1 1 1
1 1 1 1 0 0 0 0

2 8 	 # U Shape
99.25353595369035 36.33135129678086 37.63095032701376 5.057517910561071 71.76177580319968 82.50120550979952 34.73211379305424 78.59765740331683
24.33273188534185 51.613915468391895 45.076749776475054 35.1500302155452 88.34260813418041 53.28115395352885 40.98337652210853 95.7436145830707
2 4 	 # V Shape
110.24441908735119 39.81236678085364 120.7272099963987 98.93217866745408
53.46245182415707 68.4803975337166 102.82041983512548 124.3850544543211
2 8 	 # Alloc Shape
1 1 0 0 1 1 0 0
0 0 1 1 0 0 1 1

2 8 	 # U Shape
6.458518386829382 72.68744761559178 1.0900890130094765 48.15351706705123 71.31709967753787 58.12965233242774 17.68405171655236 14.054665113643916
76.44102204215976 86.17668110753281 90.20185511322217 18.92215130865347 85.03776699833382 66.78515950913749 20.23305924171779 2.2115241062246715
2 4 	 # V Shape
75.19775423316814 48.47975715698382 117.89286164538139 28.278436909191065
129.71291680269792 107.27793663049118 87.43000236053955 22.141596061692272
2 8 	 # Alloc Shape
0 0 0 0 1 1 1 1
1 1 1 1 0 0 0 0

2 8 	 # U Shape
71.38451557261197 51.071695973635265 71.41752521343801 9.483200980780616 43.7521049353372 87.06725129488072 1.1226957381254232 28.095570743229914
54.48197487243422 53.01904324505669 27.96448627834178 55.20194976580945 65.02519862653098 24.503162021454994 86.92937250117558 76.66232239022122
2 4 	 # V Shape
111.9790111482048 77.27679985292077 128.59645461448457 28.8353878152244
83.23449113243278 73.79634501315681 81.20443884779169 110.18186125355946
2 8 	 # Alloc Shape
1 1 0 0 1 1 0 0
0 0 1 1 0 0 1 1

2 8 	 # U Shape
31.086093137612846 35.12361503642497 92.12899201418533 28.61139596988118 89.87183747110863 84.74828567920703 18.467215697786067 34.072723587925516
53.090099281408776 64.04844191316354 41.80570469107754 10.146624875742848 52.69166176688057 87.69676647986626 56.704585507484715 47.15948385658132
2 4 	 # V Shape
53.51688860551928 102.96631899008939 161.44134518068844 50.61661102615578
79.01551815743116 44.321030339828916 90.84431341061983 102.76696251016878
2 8 	 # Alloc Shape
0 0 1 1 1 1 0 0
1 1 0 0 0 0 1 1

2 8 	 # U Shape
32.8549661209417 60.079198021711086 77.3905681479402 31.584661533621993 52.78894435734408 96.35548270194532 48.241381845372814 86.85003644694112
64.35924618430369 20.897700466836987 97.94103549031813 69.39060112428027 76.02876546971889 28.415677071084446 54.06592869197452 40.337317244320346
2 4 	 # V Shape
68.95365352830211 86.9804271265121 138.12367910367323 95.64242578812818
83.3294747077854 114.5246628529082 96.40992912529988 89.59245686326157
2 8 	 # Alloc Shape
0 0 0 0 1 1 1 1
1 1 1 1 0 0 0 0

2 8 	 # U Shape
29.92948425019424 44.53146766761974 37.84465150860045 53.38084551526472 0.46879901692900017 77.37894010606968 45.25423172823325 77.68250618601928
79.84563443192427 57.918548524712186 83.10302403944706 48.15431328467582 19.848687446729617 18.27065999600438 19.629312655717378 17.775321263644607
2 4 	 # V Shape
69.19263103166418 59.76160561381321 77.77751023256913 114.5821760164728
123.4944229358348 97.54940736049167 28.783211718729316 23.36547332462012
2 8 	 # Alloc Shape
0 0 0 0 1 1 1 1
1 1 1 1 0 0 0 0

2 8 	 # U Shape
86.83330957527615 95.27967931349633 5.269076997185462 48.773764984761804 39.95645354501439 15.300996858415395 57.955739442089616 81.17735474229278
2.1386764203862096 22.877372272807794 64.48118602518778 12.53970837616144 83.77223681168489 20.843213680776916 77.0307796925522 94.6233881656615
2 4 	 # V Shape
168.6459261656445 51.363722500424515 45.111895881205314 134.51692556516872
24.76971249937563 67.209262384156 101.52762402366655 121.68169559475406
2 8 	 # Alloc Shape
1 1 1 1 0 0 0 0
0 0 0 0 1 1 1 1

2 8 	 # U Shape
6.934231389313005 69.0002130984788 22.61176218756116 8.854688750180506 30.5407595011275 34.65006901924175 80.07530444359224 60.097635433654276
37.407474026863895 98.20568853597212 8.917675520070334 17.102572437136775 34.5445046243805 81.28836874061463 41.564195445939674 14.585953429838138
2 4 	 # V Shape
71.21675356596032 26.072944134257625 49.793944772377046 96.47978609507925
110.80773895597035 18.693095549413773 83.28154969613199 51.060484229198046
2 8 	 # Alloc Shape
0 0 1 1 0 0 1 1
1 1 0 0 1 1 0 0

2 8 	 # U Shape
86.70151829033412 98.65481657305237 97.79620606638375 36.9455022010887 9.36382351538989 42.04310479872937 68.85551855575702 9.61499970786317
76.29056610253791 76.18593566131754 4.358078516906783 26.227183506105078 76.30403609477837 71.8767690796372 80.63098887996254 3.349717114139217
2 4 	 # V Shape
130.52095817257145 115.29895566801741 43.583562196744715 70.0183717884241
86.26632681537387 30.515585978099228 107.5562100658455 81.44921948206368
2 8 	 # Alloc Shape
1 1 1 1 0 0 0 0
0 0 0 0 1 1 1 1

2 8 	 # U Shape
26.341824946223625 10.34709718031407 64.32570262543908 5.723164362959876 99.27183076334134 78.969825396999 80.46403556625404 95.02192351363826
94.8117557821573 26.473707143190662 52.53390490981864 92.72758871695555 24.97829387347743 0.3625848108631313 45.91531669223629 27.424557168619714
2 4 	 # V Shape
35.20655227507967 64.5736498504206 162.33289167481004 109.98967722155311
99.14961899168028 103.3101702963016 25.269500258204697 54.277082103740014
2 8 	 # Alloc Shape
0 0 0 0 1 1 1 1
1 1 1 1 0 0 0 0

2 8 	 # U Shape
98.92325224616833 24.146362426734303 48.40665493390577 64.52090899142314 56.681430209697936 69.75311355456239 90.00923120469936 46.50467624351033
69.34010184595387 64.96343126868449 38.581047078642726 97.48133997815434 19.411103840648224 45.0550300714123 70.39554357650498 24.648462116765646
2 4 	 # V Shape
117.99253039927527 77.54924163642698 103.23751439290709 113.12844283966517
127.09703111834378 99.82916241605434 52.47313809901867 85.71708372492387
2 8 	 # Alloc Shape
0 0 0 0 1 1 1 1
1 1 1 1 0 0 0 0

2 8 	 # U Shape
0.5828185657268503 42.31030107681947 11.063660169118394 94.42580138183031 35.309952191808016 55.59615392440793 52.200220682964414 17.637108987496507
22.803455058758704 28.613204664591795 46.21037207211691 10.802246124043114 0.6544330665361198 4.2622489992168 23.595950567716717 68.69570653874254
2 4 	 # V Shape
42.79417382137548 98.9585679214182 77.8862108703317 62.841632334744496
33.35865840101134 49.05087079291431 4.635573152297371 83.8685647498423
2 8 	 # Alloc Shape
0 0 1 1 1 1 0 0
1 1 0 0 0 0 1 1

2 8 	 # U Shape
50.14990027298411 73.53283475483438 97.77084262974259 48.4253178788979 63.00665427707002 65.74285999885609 26.681340841663793 28.324225708172523
14.999431603672242 65.55734597718623 53.95348133119828 79.72854121467226 95.3553212212098 72.87136846821095 94.2172123684877 43.019234586230716
2 4 	 # V Shape
117.78623473903437 127.24870642109785 81.88990123369587 37.0819272401655
79.75054926328397 84.82729337076506 165.01008681977422 94.22384996029524
2 8 	 # Alloc Shape
1 1 1 1 0 0 0 0
0 0 0 0 1 1 1 1

2 8 	 # U Shape
27.37832078170579 44.28176127193952 66.30440342145954 88.04022399708363 92.46234987314511 7.501407359245116 32.16974364195949 16.114139373314305
32.89442965110146 46.32964829724747 96.34944763793034 45.181065377709174 0.9576416348801131 41.8733416725131 41.305934482329285 30.609258730049017
2 4 	 # V Shape
60.352794355567305 134.49428410940126 92.53746321103672 42.64251219758134
60.62095132319644 118.7971353797831 42.48641696033642 71.01862076750822
2 8 	 # Alloc Shape
0 0 1 1 1 1 0 0
1 1 0 0 0 0 1 1

2 8 	 # U Shape
5.426406882266366 40.4259714304939 78.69464393487267 2.8762151830415195 86.64187846859804 50.35484831698776 44.26475889109381 52.32568751472626
93.4186708251628 55.93825455633421 88.93021932604505 56.99629913051878 57.14005839809535 87.93240948305355 7.004398994963434 81.44744383576436
2 4 	 # V Shape
42.825087440743076 79.02180320673858 122.08405318368825 83.54397651178157
109.26812215044941 127.85976184801054 114.52932702028585 86.21621298392239
2 8 	 # Alloc Shape
0 0 0 0 1 1 1 1
1 1 1 1 0 0 0 0

2 8 	 # U Shape
14.08834910996044 57.58135545092282 29.805727738858135 34.18315645425738 64.67508476934982 63.824957656266456 29.094682989317665 17.856128910416878
84.53542825262535 43.219651302901205 85.85317125755593 72.7618378309196 15.773018170031872 57.92568107010085 84.85429259249703 90.58549673048023
2 4 	 # V Shape
66.3986563376528 58.54745020457904 67.63005811787588 45.02320427466612
111.53913794531226 112.15697423984247 61.439255744637954 141.65815970707538
2 8 	 # Alloc Shape
1 1 0 0 1 1 0 0
0 0 1 1 0 0 1 1

2 8 	 # U Shape
68.26604441900939 0.942505955309092 65.95430605933119 58.00234093802311 50.85257500610718 36.50262584059647 79.94936451681744 1.7509221661946128
69.37057408186115 26.288723264390732 15.842398849947736 27.590906776553158 88.63758649712656 60.663626489918585 14.503746812349561 45.81215261253294
2 4 	 # V Shape
68.86138711663848 102.75073027756915 87.00733071868754 80.96763219226925
75.20767083739436 41.51359508677887 122.36149782624605 56.126587411671636
2 8 	 # Alloc Shape
0 0 1 1 0 0 1 1
1 1 0 0 1 1 0 0

2 8 	 # U Shape
44.22403679790187 70.32942563254203 27.918139515917485 79.82396393432985 78.46300632183524 67.21216119516204 65.59151074988347 94.28376579465429
81.00579200115263 17.661823784575525 98.16823360285821 79.33574275444445 41.18598127054257 55.24947134463125 65.98163476641197 43.77593784840125
2 4 	 # V Shape
107.05055353693346 106.15562167862859 107.24661954059539 113.9665583299137
92.00407268467556 169.55925164235168 87.37048587724689 100.26637991518778
2 8 	 # Alloc Shape
0 0 0 0 1 1 1 1
1 1 1 1 0 0 0 0

2 8 	 # U Shape
94.50534522957298 33.6027904595858 32.186266709127274 49.941155513562165 89.56459580054523 65.39829627901625 35.16041539939814 98.80537294099686
98.72758239283871 66.0044078292795 73.11447526937795 22.05052843546881 19.415410554794832 21.681031492422044 93.33363857496599 5.324154265119773
2 4 	 # V Shape
111.26787215679752 68.03617263659135 102.89848931001444 130.1157631466259
110.56673860342795 73.4026204897731 38.24005895853554 94.3745133438477
2 8 	 # Alloc Shape
0 0 0 0 1 1 1 1
1 1 1 1 0 0 0 0

2 8 	 # U Shape
94.01655923308196 57.879726658777784 14.189625155227926 77.6828590264316 95.71273610219937 62.10257367992729 30.11238402561044 87.71199419763491
21.282963067058414 48.54256658822077 28.47482060354193 92.77819683257297 85.75068691566351 73.4860102471659 93.44160335893977 24.157699194304637
2 4 	 # V Shape
112.50672348396944 90.20959386132935 99.79812648066648 100.61374468521188
54.10959361042994 104.42546600555583 141.41953248334482 93.60127803306838
2 8 	 # Alloc Shape
1 1 0 0 0 0 1 1
0 0 1 1 1 1 0 0

2 8 	 # U Shape
97.79606433152279 8.935033358347333 52.331971320590334 27.48905208039463 5.092776829602741 89.98756560725575 23.10265271531542 49.00063371672826
13.705146902678411 83.17270845766471 64.91801833051574 18.391810432693013 35.68219894667599 3.0768745992808433 45.049913811586904 9.376191710084248
2 4 	 # V Shape
104.02463523791755 78.45843089944556 92.37195397325343 64.25347254092456
84.08088525873042 70.31757610625762 37.483694933371844 49.24058168576935
2 8 	 # Alloc Shape
0 0 0 0 1 1 1 1
1 1 1 1 0 0 0 0

2 8 	 # U Shape
66.07818862615015 10.019402279174628 57.865229500404794 6.269083078955983 8.98839722141923 63.86585638188483 81.99792338163952 21.499061912998418
28.280048358283103 40.588621766943135 47.92039647910181 29.03401002991156 52.154205048486425 74.03120327707072 80.93190552200444 70.0089112121388
2 4 	 # V Shape
68.14942051662024 60.86988640305817 68.41936825316134 97.57264269625885
52.79286253305303 54.19453816564446 91.67916064897355 105.62531777875061
2 8 	 # Alloc Shape
1 1 1 1 0 0 0 0
0 0 0 0 1 1 1 1

2 8 	 # U Shape
48.9521893398317 44.59993540966708 36.27264012138443 23.944563028105883 59.972215074341385 33.99749958870238 86.55317765480072 81.52688049505129
44.52545333281748 43.41601166217497 9.66307230995932 51.40406381332069 6.0596083354720225 97.59306724231215 79.01763016408154 30.401686493140502
2 4 	 # V Shape
79.9298832794262 50.54793539522282 68.20200406258644 151.2865896645134
85.19462988589832 55.832111586342755 102.04134392419816 88.55042010547055
2 8 	 # Alloc Shape
0 0 1 1 0 0 1 1
1 1 0 0 1 1 0 0

2 8 	 # U Shape
55.8409792065729 63.4084801924017 0.21282121485465266 9.94915881123064 74.20006813083727 12.753935127170458 63.04839135114214 23.21600399391275
50.275854646504456 31.917241968060452 54.23714697209733 77.45927095329611 47.434285886626725 8.327186392198715 28.170903399225256 99.43378972039324
2 4 	 # V Shape
117.18608709661221 10.076778721020222 80.96345222985791 65.65576079597977
66.65619396852816 110.77235499869715 48.254462199359835 108.37378477042982
2 8 	 # Alloc Shape
1 1 0 0 1 1 0 0
0 0 1 1 0 0 1 1

2 8 	 # U Shape
23.13932028823992 43.4908986188774 12.603606268883915 30.769892235050012 11.004262021534961 53.92679831927219 37.9258652645165 83.8334000924298
76.72664329253527 47.43647763844984 8.825829435545085 95.99034797702505 25.846484780967003 18.657199247995692 14.548710492677962 21.39364540716312
2 4 	 # V Shape
64.36318446091566 38.01772728576576 61.75274689244635 100.51916197712761
82.09901735695057 102.4953335583843 42.558501968140625 24.990807287063415
2 8 	 # Alloc Shape
0 0 0 0 1 1 1 1
1 1 1 1 0 0 0 0

2 8 	 # U Shape
23.62554124428985 42.636421225971354 60.68991953527861 17.553652419859546 32.479524232448675 64.23538376141414 77.60518879087826 82.62346713455425
53.135095240370866 32.41613953006699 35.08822512711903 35.774483091325735 34.66603536726394 30.88579818162853 95.03998034657785 18.54814409700599
2 4 	 # V Shape
44.41153397036885 72.93823380460113 71.28973479342227 158.61759103488134
75.3052073188392 49.058118338585174 60.65770867341574 96.63976154443094
2 8 	 # Alloc Shape
0 0 0 0 1 1 1 1
1 1 1 1 0 0 0 0

2 8 	 # U Shape
38.69328099929879 5.707251972460991 43.58998085697321 60.17550162505583 56.74568850964806 97.32658173268277 10.25202698066302 97.40395720078881
25.597965079587038 31.297402593671244 43.124757035090596 89.5167237238645 8.2166682051784 1.808051647203135 47.250971014513055 15.432204276939343
2 4 	 # V Shape
39.37901128504959 79.27569992946532 131.8608275630444 102.82247299270085
31.745859562212257 129.34127363743337 8.796608521306664 56.491051676275625
2 8 	 # Alloc Shape
0 0 0 0 1 1 1 1
1 1 1 1 0 0 0 0

2 8 	 # U Shape
88.1397890794701 0.534618595500258 79.46757996579782 19.855396750748866 97.26129163144928 35.56240685085742 15.738374295677326 72.05277107912059
12.478461496131576 85.30266695890735 26.586257652268188 18.65778142201393 92.22498124349475 79.84939359155051 81.78295681474876 44.25945491246015
2 4 	 # V Shape
88.58662142139838 95.53079641167967 107.20038913771447 77.59111823990457
87.2769156265564 33.45445457948558 92.41153433997762 103.43064031421974
2 8 	 # Alloc Shape
1 1 1 1 0 0 0 0
0 0 0 0 1 1 1 1

2 8 	 # U Shape
96.21243727751346 60.609633368341406 7.1823659381516585 27.564094919427383 13.504193953261312 14.97356022160361 31.696022758394736 85.01739280876055
35.468457388863264 18.528989177725197 97.72940114496579 16.907434707508006 31.08047763859114 69.53800363466375 42.81193561643215 6.599135365004893
2 4 	 # V Shape
128.52682891553843 32.73497780650217 15.211571424974348 97.53902363086874
44.83500261384173 98.35297833011722 100.45121845465626 48.89634529986779
2 8 	 # Alloc Shape
1 1 0 0 0 0 1 1
0 0 1 1 1 1 0 0

2 8 	 # U Shape
70.75579758194775 43.792427858615156 98.5242516833775 89.45053830832165 10.055876723674784 18.405407369632044 24.556208401352453 24.525726933583293
2.7788421773145777 49.122377016562325 6.579712233287271 49.38121911240153 34.35259471035226 14.954433804133638 24.684058613790473 71.97430804221358
2 4 	 # V Shape
84.86930903401645 170.27429514330862 21.66281689748091 37.58036512803228
50.688161151975116 51.627145039429145 42.692790861284294 86.74292067671276
2 8 	 # Alloc Shape
1 1 1 1 0 0 0 0
0 0 0 0 1 1 1 1

2 8 	 # U Shape
68.353405500317 45.99191704322523 97.71692059427075 5.661748491135111 65.31301762699063 47.928203975838144 2.123899087515524 15.81948541791961
52.85836226022261 84.60134119134838 14.26775717218477 31.687605260807373 84.29190880339803 41.45938450215316 57.3544323059815 40.43912743247626
2 4 	 # V Shape
99.7459445971887 98.59460818071989 91.22520373041444 16.182040986929017
94.40362704809823 43.478817459442936 85.85329063858269 92.97393223744297
2 8 	 # Alloc Shape
0 0 1 1 1 1 0 0
1 1 0 0 0 0 1 1

2 8 	 # U Shape
26.91538996410988 96.06578960120949 46.362771777209765 69.09897191976457 75.25140039623147 97.9977371876264 33.24574461995595 35.540956030571024
31.233115438722137 51.69853285975482 85.62325399836006 81.51700336119868 37.78119008993257 21.091863783397212 63.280241650730076 91.51387472575864
2 4 	 # V Shape
105.11889220944767 83.28173833096659 133.05115471454178 60.08244932261119
70.70098528246193 111.17386992235095 45.93303908920167 116.41005688566722
2 8 	 # Alloc Shape
1 1 0 0 1 1 0 0
0 0 1 1 0 0 1 1

2 8 	 # U Shape
55.85133493555765 83.63137852096995 21.951051744589034 5.042573194411249 1.2207897967244752 15.23703237610724 63.26023376705202 69.62045783196207
19.975438450874904 61.58072752912705 0.9578602396414282 44.47787035753167 32.36436289855666 91.30091802752017 75.51511145145814 9.48828893625262
2 4 	 # V Shape
132.94826104384637 26.761886035109985 15.507895879282374 106.06908589832912
80.16944543543748 45.365464873029254 95.95865794753229 78.54672165763463
2 8 	 # Alloc Shape
1 1 0 0 0 0 1 1
0 0 1 1 1 1 0 0

2 8 	 # U Shape
87.14980258400355 29.003507074947656 60.564530498328814 18.911359761649095 72.97806083434202 42.616863138346226 70.29775921595383 73.7127724512433
95.78952161686473 44.61345701279027 81.05896534443825 73.64767376021109 48.94511705158546 89.64969661455467 11.635711085910394 43.800439089510576
2 4 	 # V Shape
111.09514786731003 73.602841889767 88.18282949217395 137.62939483984948
118.81266854755032 101.42449057794693 131.81949477045117 45.99119500960235
2 8 	 # Alloc Shape
1 1 0 0 0 0 1 1
0 0 1 1 1 1 0 0

2 8 	 # U Shape
39.62011394048831 36.24746621753984 48.07352725976699 86.27987189455744 98.12202229073073 71.74131394765023 70.38250173294392 88.93761186554934
70.92931151826312 55.811039125812556 22.459496709609837 10.021561641472887 57.967282390059516 96.87604451331833 17.77532785762228 32.698483624099275
2 4 	 # V Shape
49.612961253040055 92.9901000581674 145.5072271878638 158.43837808230492
87.28676854371089 23.52531533125218 134.12833832991947 48.11871944774003
2 8 	 # Alloc Shape
0 0 1 1 0 0 1 1
1 1 0 0 1 1 0 0

2 8 	 # U Shape
26.629284162730592 1.7036990288398557 18.631779430314143 62.60529823209025 14.169128573061796 4.385688580046299 68.19974403387255 58.40386296599216
95.92509950510143 71.57559877394132 97.09938622305094 29.45135557793361 46.49245989331811 39.460750077867225 2.6712811008864246 29.519762650316284
2 4 	 # V Shape
28.28363335621804 75.29682759402758 17.255028097777725 93.51419229315809
97.8525759505511 120.73720778837759 66.61680011256712 29.535602154346247
2 8 	 # Alloc Shape
0 0 1 1 0 0 1 1
1 1 0 0 1 1 0 0

2 8 	 # U Shape
88.94228036510012 15.296749518026898 92.51699115904952 76.13046427019255 52.55805097268521 16.426328324274696 12.973377749614457 17.112900211241953
47.031084957903325 98.18629461376838 64.88245025889927 9.164003899089334 43.828130853297786 5.403250244525381 4.53211087813229 50.59824153817358
2 4 	 # V Shape
102.37924978075739 134.50962984268733 59.787968042144826 18.02749627176645
132.26113740868635 71.67760252901873 48.597257330944146 54.30513594096598
2 8 	 # Alloc Shape
0 0 1 1 1 1 0 0
1 1 0 0 0 0 1 1

2 8 	 # U Shape
5.231801441366768 44.73255245698435 97.58253692803905 12.736730885795211 52.76980435672357 38.927364953330226 89.9331243430382 6.094625712130219
28.93447574127669 72.25072850365196 68.53823469696376 98.41356944127209 67.64566268159791 19.6106538870788 79.38083915039572 26.583724375830663
2 4 	 # V Shape
45.614322017387174 98.59253180371005 84.17256566830899 95.3284598569808
88.38040973572498 156.96506402859222 69.46381741161703 84.92531432269816
2 8 	 # Alloc Shape
0 0 0 0 1 1 1 1
1 1 1 1 0 0 0 0

2 8 	 # U Shape
40.02980544848012 41.02783328516833 28.289747451410886 51.25096344161688 78.2702087601266 61.80902740779991 2.5880506924628954 8.424161139846564
8.490572579023791 76.38949603998222 19.363758741709745 75.99932727343545 55.285323121886464 77.71050901380265 8.785897121738195 16.642706218700287
2 4 	 # V Shape
65.91356688044502 53.791239500289656 101.32202004142911 9.282059442099502
77.3156293364399 86.66558695481112 116.7801478319056 17.216318968946972
2 8 	 # Alloc Shape
0 0 0 0 1 1 0 0
1 1 1 1 0 0 1 1

2 8 	 # U Shape
58.865730078203704 36.49571686553582 67.0089411050203 29.95785230046818 8.889253592753244 94.36680576298703 17.476077184720296 95.2031868302504
94.61762859713711 78.51909360793748 0.5450699015228877 69.88832804780395 75.43314835308206 5.745493134404045 6.167074152817609 41.060708663440735
2 4 	 # V Shape
60.78070092384713 80.44271976743771 99.7057229380234 112.61925753559441
120.04941476082223 70.08785257380478 76.67187057994008 45.088779579375256
2 8 	 # Alloc Shape
0 0 0 0 1 1 1 1
1 1 1 1 0 0 0 0

2 8 	 # U Shape
40.38558004088411 27.373319649393725 40.34833392215161 44.12020264773935 37.56038841200821 0.7518261667844639 83.29070416708836 46.90481423709927
86.03584190549981 0.43826942199992613 94.02733397818771 23.539218469019573 22.443391199199702 85.83108006378993 64.8099868030734 65.82853046272025
2 4 	 # V Shape
52.52643055292195 62.089141225850966 38.19251496441814 90.82202447542161
86.08470301371833 106.16811886306158 97.55385198876127 107.70011798919877
2 8 	 # Alloc Shape
1 1 0 0 0 0 1 1
0 0 1 1 1 1 0 0

2 8 	 # U Shape
67.04156562297283 55.98058470606648 76.5865295371211 92.84866910570213 98.71298298133765 35.416910777443235 21.57102454072637 7.280680498428849
12.474488423960395 37.77375341475662 69.59966167020714 46.49176156350309 81.41452275514266 53.45421252360237 35.81397563460481 89.96399331419902
2 4 	 # V Shape
69.90517827933101 102.17128372636262 99.15648463968574 22.52623720408694
48.94568060011883 108.31289005447645 86.11351985016728 90.29576785245617
2 8 	 # Alloc Shape
1 1 1 1 0 0 0 0
0 0 0 0 1 1 1 1

2 8 	 # U Shape
48.42901233464636 3.2691039801191146 34.47428783887598 52.533942636084575 88.80912264111342 22.340956110952547 35.908289110800595 91.54844091237693
60.86679578853299 99.05793705661225 71.19693594960289 34.45463619568999 71.42675901659594 65.94559957811893 49.2066195095479 36.56383265432527
2 4 	 # V Shape
49.770601364741545 52.96931984592497 104.93214082685715 103.09352147975258
100.63067313009424 99.27508200490342 93.05364485561864 79.79814084765171
2 8 	 # Alloc Shape
0 0 0 0 1 1 1 1
1 1 1 1 0 0 0 0

2 8 	 # U Shape
66.6931456455498 70.85679581756112 33.015222406703174 48.27307678869971 19.99448267313714 73.2926405750106 27.193157013741953 74.62461575216996
57.320537561297925 43.7146178497932 73.84094133881288 56.39411442780199 90.92482698419967 27.21044359169277 40.349508800485545 33.551440185441685
2 4 	 # V Shape
134.07945153188825 54.552702553480955 82.06822397918997 77.16633288117762
90.43344685886024 128.85838793898557 117.04661651369008 46.33377949297082
2 8 	 # Alloc Shape
1 1 0 0 0 0 1 1
0 0 1 1 1 1 0 0

2 8 	 # U Shape
91.78996390772342 12.254897868065317 0.6338612082113393 12.507828251395892 83.60394968308334 14.81689269462989 37.11396273314905 20.6284179318577
69.0689610371666 82.97784916289821 71.84696818557124 81.12972613931522 4.213767283236769 91.51410884554517 87.69694335154583 95.8864234087399
2 4 	 # V Shape
98.78231820827104 12.732092652397753 98.25441952092825 50.68941709263531
115.30420988545322 112.46309249216094 94.92639879916423 102.51755108513623
2 8 	 # Alloc Shape
1 1 0 0 1 1 0 0
0 0 1 1 0 0 1 1

2 8 	 # U Shape
70.79935870718425 34.628148816190155 93.43078929731975 94.67658249748855 53.54429596171223 23.68770797423022 97.98478147466254 14.97848614150552
42.30798771123821 73.46793147468154 59.08386958594387 45.36008030524887 12.501521118964188 1.142110988659506 51.651417605835256 48.02936590151504
2 4 	 # V Shape
76.97358409228396 104.56248267886434 56.86883627501783 112.41098024682094
84.08160479019442 101.78452159648695 12.822698320244966 77.84794585671379
2 8 	 # Alloc Shape
0 0 1 1 1 1 0 0
1 1 0 0 0 0 1 1

2 8 	 # U Shape
43.21739526088905 18.68604188218376 6.085887140431812 55.6829776134045 80.35666861990745 35.83864705890536 86.09068773766828 22.21976739955045
97.09151582693009 44.517112088089185 7.658154362619884 59.42238736074702 86.86461913360704 86.97234834352166 88.05903235861375 66.26437515104641
2 4 	 # V Shape
47.90350905789999 58.41475287807905 103.33560703699104 94.63054316177558
121.41530593673659 63.425618778863 171.5907814785057 104.3409862130413
2 8 	 # Alloc Shape
0 0 1 1 0 0 1 1
1 1 0 0 1 1 0 0

2 8 	 # U Shape
80.62410308397706 69.0380375135179 42.314149235718915 48.981633244743186 21.337455803032846 29.414853512771234 65.02873246592678 38.72241209843753
84.17071273683506 50.08269570713226 44.85511906059725 51.950625901331314 21.251433489594064 9.506030249466747 27.467244618439267 18.400063300664993
2 4 	 # V Shape
87.58725146045965 74.82060923963036 40.70567609809695 78.45104960810555
112.36418056565176 94.58424846137915 25.177211997284388 39.27891790252194
2 8 	 # Alloc Shape
0 0 0 0 1 1 1 1
1 1 1 1 0 0 0 0

2 8 	 # U Shape
62.47190615685951 55.338251384613145 15.988002040466975 26.85433125059037 21.675756840622807 58.5740997337724 86.46988098608631 68.39559643831133
95.51077265868682 34.70906601644016 72.53288467665665 12.81614834968341 92.96882028071727 65.6001585033805 37.404364524644706 40.64658641625682
2 4 	 # V Shape
92.3166955233926 39.480160886092065 60.988654517748316 123.71584455522374
96.8487553888038 83.55000122687555 98.57578231667026 45.90281872796647
2 8 	 # Alloc Shape
1 1 0 0 0 0 1 1
0 0 1 1 1 1 0 0

2 8 	 # U Shape
81.10867240756315 71.94249957903757 36.339140614964464 95.1804014071314 72.36998285434416 40.36757780573843 5.825965391605203 12.556699590642806
87.15763688828379 45.815579168816164 33.37637524505157 23.330745422135614 63.98561885817276 49.61587947664139 63.54351524768196 67.93877732652415
2 4 	 # V Shape
110.64744247351257 118.45889347550923 109.95176266865417 13.514722597495062
88.35016536104206 43.24581474919975 100.57628731143194 85.43692191478652
2 8 	 # Alloc Shape
1 1 1 1 0 0 0 0
0 0 0 0 1 1 1 1

2 8 	 # U Shape
49.42290185450332 26.192068991351903 33.74179253830513 75.89795041935207 3.4521176895624284 19.413482267473682 29.008633530889472 69.4483033665877
57.06039255245343 24.140986158429246 39.00558543149351 67.28305018416324 25.213195707594792 48.768806527322596 34.15923894707961 3.6010915492352247
2 4 	 # V Shape
59.14643132118245 78.92777732498101 20.674582832391437 92.16132243894859
57.586506997378024 69.21514677347514 67.67190133271542 37.40666103029839
2 8 	 # Alloc Shape
0 0 1 1 0 0 1 1
1 1 0 0 1 1 0 0

2 8 	 # U Shape
30.873024001473603 58.134387846997846 67.16434771824292 46.053483204251265 45.24192878095774 0.5280407356556327 63.587818356997005 59.752677086949745
21.474538044786595 44.48786688676195 60.7430649845703 59.53069217245254 84.62973136857555 37.60479480286072 57.22790329053298 9.575532973704426
2 4 	 # V Shape
72.53917940377154 75.67451639843746 45.54550649859963 99.36105453160545
57.87393455702919 112.35082052843207 97.58813785340287 58.50143902059629
2 8 	 # Alloc Shape
1 1 0 0 0 0 1 1
0 0 1 1 1 1 0 0

2 8 	 # U Shape
69.81055486487209 65.25733878421961 32.9577856427419 10.294872963031231 28.96420718557654 11.74344083540283 94.33732163501026 58.04477126058145
52.82238534190993 15.218281923073906 46.47582050312853 75.38380035577705 81.39600961162976 29.462614671464493 95.35429518323113 52.09343958636834
2 4 	 # V Shape
123.63802435984888 40.134580411465734 30.25271265350954 142.35508843487182
54.25425459728262 84.34590144750682 104.58951947544669 111.23687953952782
2 8 	 # Alloc Shape
1 1 0 0 0 0 1 1
0 0 1 1 1 1 0 0

2 8 	 # U Shape
62.391749297449 20.803964341425097 47.6750161683809 72.47729644431918 35.91313419513792 34.575699577227034 83.31177164494838 65.52958091541666
2.675434618835304 5.132892339623895 98.8348025565609 30.61901539234987 84.14015980563303 84.05193281230477 88.25854637336327 78.10924659730964
2 4 	 # V Shape
68.38005464472506 102.3786020368456 52.80212320094805 113.4489423928427
5.467443006698785 121.34306074396696 129.1949466039371 161.52890905464966
2 8 	 # Alloc Shape
1 1 1 1 0 0 0 0
0 0 0 0 1 1 1 1

