2 8 	 # U Shape
80.648135792427 34.22546256146843 53.888884906714466 0.587378555105833 67.31524781805254 21.002426217873815 93.25575928787119 37.42447494814921
75.24189220859463 76.3139001845522 87.04994552717501 11.011117825660167 30.009198039378383 47.49057659504685 67.29367191665858 25.75924329206177
2 4 	 # V Shape
90.8763701107408 54.0903557162406 84.49506953350165 118.62719582916175
84.77579472841965 97.14329591984638 55.095984104037456 91.44682512768301
2 8 	 # Alloc Shape
0 0 0 0 1 1 1 1
1 1 1 1 0 0 0 0

2 8 	 # U Shape
81.54922601389539 36.250668057515135 3.9864423244588054 99.61429610759363 68.01742634766164 73.53416790201952 66.12096185629673 32.712075072287725
73.04660914495784 18.37651447387142 45.23435766434491 22.108777022869276 49.978794154292295 71.36225197214323 18.061159633139635 90.79763405197876
2 4 	 # V Shape
113.87221747530029 100.68858028491422 89.36072792185183 87.95453298176828
77.5558830041985 50.32895652123261 91.2368148478475 98.10873327869915
2 8 	 # Alloc Shape
1 1 1 1 0 0 0 0
0 0 0 0 1 1 1 1

2 8 	 # U Shape
64.08721852198833 20.94815687390096 77.00503723142866 23.490849485109877 71.82195639838964 38.688534923101145 5.8590868327897505 6.896290954746087
81.11449700931405 31.21692469318207 39.95868469065446 27.624402569703697 37.18311942563267 83.31637943085234 92.91773396299628 24.656779727351964
2 4 	 # V Shape
84.72958301363161 78.19116599148276 75.35841767376189 12.309102711145885
95.65927861437586 49.38732584641697 84.20363026791597 105.97269876963776
2 8 	 # Alloc Shape
0 0 1 1 1 1 0 0
1 1 0 0 0 0 1 1

2 8 	 # U Shape
16.399808241071 16.31350503011425 27.796369277115407 0.7062522868663268 74.87555976570333 85.38148940056969 92.570243244667 30.214491180817895
47.41303614194492 74.03154678696606 65.06372227822905 26.761772236847527 38.9271280785603 90.52408789936463 73.0842166642431 7.624613540160274
2 4 	 # V Shape
29.348191673046735 27.875244672699313 129.35552416409314 116.60553866556758
104.99551346893227 80.7943208546311 100.05015919037169 79.69411574425871
2 8 	 # Alloc Shape
0 0 0 0 1 1 1 1
1 1 1 1 0 0 0 0

2 8 	 # U Shape
15.242661730936845 55.214703517322725 62.0669205199192 84.90265900880529 42.85688244951663 95.80869515395113 19.56904000252556 51.6589293988249
40.15942087704071 27.88163745855844 60.40894955045737 7.96724169393287 49.51479078272803 47.407198550859356 73.58054371264411 29.345630302342073
2 4 	 # V Shape
67.14835298406999 134.20982380966169 96.57796087009415 62.36468738761332
41.31135158617474 61.236693699535834 76.01982189900971 90.89558103582876
2 8 	 # Alloc Shape
0 0 1 1 1 1 0 0
1 1 0 0 0 0 1 1

2 8 	 # U Shape
23.222407379354127 54.259316691368255 48.80841189662676 87.3249751311931 13.228709081293166 12.383110467427983 36.4491549426877 52.898416325723296
54.27880157946231 5.432518058254187 61.7684881710046 13.698660118018713 43.13882184573886 99.40157265430328 30.524216557593586 29.145189074187726
2 4 	 # V Shape
58.477605264149076 115.3332378407939 22.065010615173886 66.59822402684911
58.8259153326298 68.08175831974008 105.34251264845967 38.71121602093636
2 8 	 # Alloc Shape
0 0 1 1 0 0 1 1
1 1 0 0 1 1 0 0

2 8 	 # U Shape
35.16656687015909 97.78265285290445 22.722590118120813 59.18952913752216 15.568349707615337 51.68498308547548 45.381336946221815 43.99425587260373
85.44771157082116 35.40998674511469 51.99297524382928 96.60030147421982 61.05629462602431 63.482577029101726 55.25027768441883 51.60449356069093
2 4 	 # V Shape
103.40383044529479 79.52496184429174 67.13213515061737 59.05562367837901
120.13602516155808 98.66567192475537 97.98278890272948 98.67600457832864
2 8 	 # Alloc Shape
1 1 0 0 0 0 1 1
0 0 1 1 1 1 0 0

2 8 	 # U Shape
39.73212464134897 46.938589298870795 45.241518387440436 23.42727716892943 31.885067688072176 97.204906696094 8.651005505353382 63.20865441272907
14.254450954075592 51.00851389290341 19.264542635407068 2.5156964345572574 51.22614044196322 44.44099741792109 67.18121775724832 24.65362703154238
2 4 	 # V Shape
48.2899421161977 58.61141471949498 108.27846881525242 65.88694818940239
51.73481831724201 20.09374761473635 87.53735907061672 75.80409119461267
2 8 	 # Alloc Shape
0 0 1 1 1 1 0 0
1 1 0 0 0 0 1 1

2 8 	 # U Shape
98.76548794672738 94.46483884084816 95.99437093757149 25.548290003860508 61.48008677161223 49.29424795657468 47.975433244342135 33.49864394754333
46.007216822312955 50.062870230640556 7.031813354991545 34.743942932323044 28.59777949512591 36.79048091631353 83.18388761251195 53.0446488587485
2 4 	 # V Shape
173.46743518452513 114.54205834961184 65.18369779102508 76.68140332105752
78.68537756683145 38.44831387339811 49.37982631736041 84.54326495840965
2 8 	 # Alloc Shape
1 1 1 1 0 0 0 0
0 0 0 0 1 1 1 1

2 8 	 # U Shape
24.91983188997482 92.43258171667851 23.69532665251165 99.30048258378723 67.04043620618133 5.053478127182743 15.924438968359356 50.09319258273489
13.87445224410947 73.33638953950413 35.252985606857514 14.450693061446728 69.99599222064485 94.59328010721516 45.8516320528249 55.0509768760073
2 4 	 # V Shape
98.57331900113601 117.46975977650678 70.91358344863413 51.41841160277414
79.8349996323054 36.93762900664283 115.99569500003727 55.98911376963622
2 8 	 # Alloc Shape
1 1 1 1 0 0 0 0
0 0 0 0 1 1 1 1

2 8 	 # U Shape
86.04264882777915 71.32893971921855 49.66621365816086 70.69836216834729 62.20694724422574 49.24594499380167 97.69283195988953 60.82774599344442
89.90682288561422 28.654116786479435 94.3968988832647 63.417363041868846 26.023298765014335 30.157685688579484 58.35288905377362 26.314959943656223
2 4 	 # V Shape
135.21389167609306 112.11968902244237 101.16876280347373 99.49596468432173
106.91420863596271 122.26959839253064 33.594669991098925 68.45392410088229
2 8 	 # Alloc Shape
0 0 0 0 1 1 1 1
1 1 1 1 0 0 0 0

2 8 	 # U Shape
66.41326048873258 95.31472293221334 56.4960484800747 5.867099546165999 50.15098891974644 70.8520039788453 54.6302668912395 49.32757632110255
7.298522213407132 65.9486599781533 39.45620577333515 74.33207137901371 94.54844931271384 66.25763455465022 42.0913823846028 72.46529070906324
2 4 	 # V Shape
142.63031109363135 58.555111930627426 71.615122180632 75.59118032083002
68.71368961538111 92.98706696860066 129.76340348710397 72.50913266275946
2 8 	 # Alloc Shape
1 1 0 0 0 0 1 1
0 0 1 1 1 1 0 0

2 8 	 # U Shape
78.75945657487796 89.78869613857773 70.66683112008593 44.13828893933995 97.64203044712157 21.128109552910303 49.40660004479183 45.77256096906104
12.528032890315 98.84393483016282 6.442476707661193 81.13887281813574 81.30177410228502 10.885949278977536 37.76360320205395 22.34645566475629
2 4 	 # V Shape
97.01803559128093 85.70296981991255 114.20093347644986 74.12255333176812
100.25872063451381 81.16255993394621 88.1041648673065 49.40208854625721
2 8 	 # Alloc Shape
0 0 0 0 1 1 1 1
1 1 1 1 0 0 0 0

2 8 	 # U Shape
84.4626529574592 17.888901245130906 39.640551067556785 60.44620155479442 69.90262345511692 39.66510669731436 61.20810494403379 34.742300417339365
99.59961974053017 43.83133629585274 81.59812726192126 76.35591562585113 2.9696043143614625 99.9380578573668 83.12640171718635 70.6561006921249
2 4 	 # V Shape
90.94975124859326 85.7226698776319 77.3963861355532 81.23579588638769
136.27146340603355 97.72617168858392 102.2176001988812 131.97246386512396
2 8 	 # Alloc Shape
0 0 1 1 1 1 0 0
1 1 0 0 0 0 1 1

2 8 	 # U Shape
1.2873757745329284 54.80452458916941 2.200867747894586 37.96757757044343 42.50220009206001 53.833163595695176 25.142349253794116 65.35222128965104
18.44770768163816 58.15971147012951 91.91259427700007 28.622773714684747 20.914678663454588 52.048697315306434 8.888617579747393 55.042721155822406
2 4 	 # V Shape
54.98722808033722 38.98999262340397 66.93820805753712 83.87913195107701
69.08586803052387 111.7589186641666 65.07105078900271 55.78464326741836
2 8 	 # Alloc Shape
0 0 0 0 1 1 1 1
1 1 1 1 0 0 0 0

2 8 	 # U Shape
72.58290801594602 75.73100719202779 17.094301096960773 8.19595055173683 56.48771418792802 67.60740451849695 7.147080710955256 98.28850779482828
3.5401325859717114 92.54833498407791 5.044956100669107 70.65958067914954 87.06145468978171 19.322345544362584 13.016940720660507 56.57292255491823
2 4 	 # V Shape
79.89068233735887 24.300020169934406 73.33008506609055 102.78497089411658
95.10698256402475 72.01165185283867 94.9879908498901 65.87622363614028
2 8 	 # Alloc Shape
1 1 0 0 0 0 1 1
0 0 1 1 1 1 0 0

2 8 	 # U Shape
89.53474383497536 58.35423713765866 29.997376662899157 65.89533071639873 89.50155215163164 17.188269025941604 96.70132179645222 81.05469922152054
93.13829921246419 15.310352752751921 99.93972855937682 14.263265248826418 48.94552930451533 98.18857591278982 78.52615333983188 84.32569168345026
2 4 	 # V Shape
140.85761475631185 92.60276950748016 104.9304006812528 170.7089739172884
99.74535835618526 103.16943524865924 112.7004182427502 98.89518993440441
2 8 	 # Alloc Shape
1 1 0 0 0 0 1 1
0 0 1 1 1 1 0 0

2 8 	 # U Shape
31.90639076307651 5.62095905476866 33.33556405681913 55.24973348056819 60.60152126362694 4.782014400823442 44.192482528664016 23.46768775282424
53.25159742225044 96.18747294587567 29.921305291194177 59.12647589049681 21.457481987517102 46.184483559874934 35.262415154825355 43.16138069193518
2 4 	 # V Shape
36.78382606046645 86.46045724881726 62.22561194921254 58.079930315685786
100.57795788592772 72.85648417442444 48.78412167168287 43.20841009323921
2 8 	 # Alloc Shape
0 0 1 1 1 1 0 0
1 1 0 0 0 0 1 1

2 8 	 # U Shape
43.111256967781145 77.50082417712775 87.70389877547574 6.306879441489677 56.01556431648708 34.19965358582435 34.07182098058367 40.90248631835978
60.14692516784641 47.825800146996514 3.3895815445025845 66.59581302502127 24.01907183587858 25.721400190633425 3.091550267872112 69.195003958452
2 4 	 # V Shape
118.26267578161729 90.61352519152005 77.52265850283642 44.17529225076784
87.52605573169818 69.42159691746127 31.98343183496988 71.6518493803373
2 8 	 # Alloc Shape
0 0 1 1 1 1 0 0
1 1 0 0 0 0 1 1

2 8 	 # U Shape
86.03216420284994 12.245250625305658 37.80514816292296 78.87043850959195 89.90848049944698 40.65471688566071 98.66157669694715 57.697785610802796
47.39577606888704 19.662016784553437 52.335413001552375 87.81314332004854 41.91459441367653 27.26317294700955 65.79419957189998 12.257302150713967
2 4 	 # V Shape
89.34161887141026 81.12224432306542 93.63665224116093 107.3162432232969
56.500961790734614 135.0066590598748 55.59174629199208 69.47409333190464
2 8 	 # Alloc Shape
0 0 0 0 1 1 1 1
1 1 1 1 0 0 0 0

2 8 	 # U Shape
53.63300487222947 12.05215169356373 92.56813648508192 75.47672037711273 18.753533840042213 37.2447952678426 49.36613098825495 81.95951902274365
36.313621119088936 38.299522509952645 46.1537892326922 89.28075517840168 68.663978390207 78.51022088154113 72.18729009837978 69.54509740413312
2 4 	 # V Shape
62.60970258755321 139.1532620901089 43.08826485556402 107.09176570318874
58.20898232916271 115.65893450325298 128.19355443486282 111.15927579216623
2 8 	 # Alloc Shape
1 1 1 1 0 0 0 0
0 0 0 0 1 1 1 1

2 8 	 # U Shape
81.84622742562095 75.38303073227836 88.09743757906105 3.1491258087288476 21.31944017432007 38.862533717894856 15.029210678965232 27.655390907779353
96.43731582141363 72.81586747629895 95.9394449401578 47.56777789627616 11.459904968845757 20.922084649364315 57.71667608395548 19.34041283702046
2 4 	 # V Shape
87.88249862782624 90.08068169040803 39.788748385615555 32.05100759440099
166.06046891673074 100.5109129723503 25.009501209630827 61.59881842454807
2 8 	 # Alloc Shape
0 0 1 1 1 1 0 0
1 1 0 0 0 0 1 1

2 8 	 # U Shape
99.92580271851142 80.51128403210042 79.80854660103674 63.084812529449806 95.45181174522513 31.57394849356735 16.376904684664005 96.147790205029
27.621160618602925 26.596190665923437 69.81393247816504 19.612163952016402 31.143943128244068 76.25083013478267 66.11840663066303 32.99273667636021
2 4 	 # V Shape
161.8346083013036 80.55990249090806 101.77490012620434 104.05826719104084
42.25974731381253 76.99802265829223 83.70084594655638 77.56742208585118
2 8 	 # Alloc Shape
1 1 1 1 0 0 0 0
0 0 0 0 1 1 1 1

2 8 	 # U Shape
35.12909501516182 8.184485605996661 42.58571058426175 28.590930929439285 78.72883354574188 88.2222696248394 64.8049983323014 71.8535072644545
81.0871691507556 46.78159200816984 51.54023578344664 79.19158473341594 4.819084332956935 11.582645232789556 81.8426785949478 69.83444841468452
2 4 	 # V Shape
42.05614557439004 48.04673303175424 104.76918240595589 82.90195965114052
92.47518561912167 127.92398605979443 13.50956960592531 143.2129916254998
2 8 	 # Alloc Shape
0 0 0 0 1 1 1 1
1 1 1 1 0 0 0 0

2 8 	 # U Shape
45.76129948483817 20.54935163957493 94.38290485854199 15.246802910102431 99.38783827244883 32.67090739699273 34.3400959246849 14.223312560462741
94.05404731774316 83.09578048178948 41.86325896258424 79.42672885691358 62.275383375668866 40.3936609690292 4.661687147221894 16.529977120578778
2 4 	 # V Shape
54.13472216304599 103.26065557769735 115.53460002328593 36.79646775002355
101.6144564017041 103.62392042188745 76.74155848060573 16.597403577981133
2 8 	 # Alloc Shape
0 0 0 0 1 1 1 1
1 1 1 1 0 0 0 0

2 8 	 # U Shape
48.929576339053845 78.04447588542565 71.50529999918422 71.16052921935866 39.769775626240374 61.17981065314916 59.36814799457236 63.23050376524101
43.8906568351099 86.72330787328345 13.501764837231967 81.29247061863498 77.98329339112887 59.82121065351864 44.980232309012735 89.55818551839288
2 4 	 # V Shape
80.23410737220647 88.37670999385304 67.5283223094898 70.69690717714968
106.98057272904114 83.58869649006563 82.63475627030532 131.8556994079868
2 8 	 # Alloc Shape
1 1 1 1 0 0 0 0
0 0 0 0 1 1 1 1

2 8 	 # U Shape
70.07349889176116 73.9812157342565 18.800297287503543 9.352486769916968 11.482614021765214 89.12682599785825 1.2219372667779393 78.88272409489959
41.12004108427685 66.63124921441683 28.001205565706233 79.61939548838367 62.095153672069195 12.443021340812644 23.926205887009246 93.6449243722966
2 4 	 # V Shape
101.36056119515618 25.90947688010054 94.46225150598495 79.93386003113727
66.9873690108591 91.36178138218688 63.368400625217845 101.52424960372147
2 8 	 # Alloc Shape
1 1 0 0 1 1 0 0
0 0 1 1 0 0 1 1

2 8 	 # U Shape
68.30231570633936 12.772660634470935 52.735373828352586 75.53583659141495 90.1346401197381 94.78799251771828 11.017077503714157 62.02605415943873
21.927313509306856 33.05368145690909 50.39147846259701 69.14828060320856 94.26810565117954 43.02358014580135 31.47142442745855 27.057316151172948
2 4 	 # V Shape
69.86398523173588 122.39656192899656 116.94914452693367 66.88957304451736
39.62475331636329 80.93772610715195 112.23303036468616 40.205403868232175
2 8 	 # Alloc Shape
1 1 1 1 0 0 0 0
0 0 0 0 1 1 1 1

2 8 	 # U Shape
85.88375102475499 39.61808774322867 15.192802393759964 40.16369759878631 2.959551865697141 65.11112523667384 93.22871627985681 82.74951083641726
58.03028805266328 25.033069492203232 28.41916613128609 94.46879301564773 3.8885833781676316 93.57823743391384 4.449322411884982 56.71199679642761
2 4 	 # V Shape
109.18898997193683 53.28764701473361 67.69804165259198 154.915610214519
81.08523788790161 99.16056097628106 94.82822172185662 60.75787926391133
2 8 	 # Alloc Shape
1 1 0 0 0 0 1 1
0 0 1 1 1 1 0 0

2 8 	 # U Shape
51.84442500613411 36.57482236428894 53.365853597564005 75.55169802247181 70.5361257774215 51.38959860604878 33.05014359688765 61.13419339827851
35.962329153494224 9.37038239159802 73.12585360772229 2.0867922132187022 23.423155012080343 6.351383027692881 64.95847052017133 64.6085441111528
2 4 	 # V Shape
76.3615825292948 127.97132028115008 74.21490110945463 90.40606729563281
38.74670741905611 74.69899604184035 24.99475037184689 128.35159089549404
2 8 	 # Alloc Shape
1 1 1 1 1 1 0 0
0 0 0 0 0 0 1 1

2 8 	 # U Shape
53.794121232595224 40.05068953043315 13.40682111705027 82.44643025694626 99.83614884119221 18.201374387444 49.136882845609385 21.79776458654582
7.963743053642247 12.150929774948683 1.8512455243438475 36.51499928470512 70.91426715986545 90.25088514465183 49.43066100190635 6.658197558934242
2 4 	 # V Shape
82.51102302644205 84.33311035719487 110.96508886092292 55.387964862453444
16.49337850524051 36.56922225156219 136.81514220574377 53.04632013359597
2 8 	 # Alloc Shape
1 1 1 1 0 0 0 0
0 0 0 0 1 1 1 1

2 8 	 # U Shape
25.984026585825003 3.8448717179534464 75.76677375722628 35.79032053011185 84.02718216516243 90.96675457335623 87.15867280273285 74.06576716672036
37.989668652159835 3.8050996228807255 50.99502295182747 47.15459478064502 40.54695134854646 30.406751979655667 61.45732988561557 88.33171455835154
2 4 	 # V Shape
28.123570823332365 91.4881129600955 170.56345168112284 116.78549306848107
41.445189204443615 97.28217739209275 56.69139402873936 101.96918509420931
2 8 	 # Alloc Shape
0 0 1 1 1 1 0 0
1 1 0 0 0 0 1 1

2 8 	 # U Shape
87.51255392037376 70.15025794162456 17.193213286446284 69.95045160500155 1.495595200711819 20.942775464203088 27.41559190482967 86.04043737402294
18.874885885216163 43.09418873036917 21.90102000133154 36.16749860884866 65.6501468567572 24.820992294688317 21.468645151395894 19.317939463513888
2 4 	 # V Shape
145.37366790892247 72.65625321180532 22.06333902791243 110.96972621244207
45.637301156476184 42.72477374330161 80.11411456739114 28.878273041265963
2 8 	 # Alloc Shape
1 1 0 0 0 0 1 1
0 0 1 1 1 1 0 0

2 8 	 # U Shape
36.39499902021661 10.293830746253851 70.65543337282259 1.1925409666373676 63.470751828803486 20.86416397462756 62.82816471033681 51.79547697466267
57.813052184157684 12.050189024509406 46.1297231084866 89.29601866770626 50.76136473689182 75.68593131526076 45.288330115730844 23.46439962984198
2 4 	 # V Shape
45.42498812813071 71.41978836012446 75.93070330989607 91.56893071150148
61.06551872398973 105.27171079531298 106.1141826997563 54.217855664317256
2 8 	 # Alloc Shape
1 1 0 0 0 0 1 1
0 0 1 1 1 1 0 0

2 8 	 # U Shape
77.87861033777769 9.289226262294015 0.4729112533275348 3.702784908728163 80.34226175794782 25.474873010234777 30.101851684689674 48.91557493217458
68.91839401413665 87.46633127568757 6.351741060250571 8.152394321520283 84.60464520767222 89.08634993735414 8.5468672435825 19.794110517334385
2 4 	 # V Shape
82.48415668644536 3.959731370200778 87.01304708776667 61.96670005394108
126.88185555605403 14.449202826400665 165.08305485927394 23.142044616510308
2 8 	 # Alloc Shape
1 1 0 0 0 0 1 1
0 0 1 1 1 1 0 0

2 8 	 # U Shape
95.22613059928482 27.056878656362304 96.0853817193336 73.26169883126646 63.76960223377414 69.76033866097266 64.2762730027598 9.458042756507856
55.518544370125454 59.64950813007726 67.99803722389237 87.8509754708578 38.44632875341761 50.67026988922597 48.04079750102675 17.92303645706841
2 4 	 # V Shape
99.90306953986627 147.77951927002093 128.37895647199002 69.7852819563657
67.71522501745085 91.95267656178903 77.20268798667522 49.51680644087078
2 8 	 # Alloc Shape
1 1 0 0 1 1 0 0
0 0 1 1 0 0 1 1

2 8 	 # U Shape
48.346803963443186 32.29518289081462 51.39063870290418 52.61040830446534 32.01375873315777 59.80178511660985 13.59358546054007 58.46077326287576
14.704521236422508 18.943448904439496 53.77966591995855 20.543022068081264 13.389453349948576 37.00209488693381 57.70091205420918 23.441499000257913
2 4 	 # V Shape
70.42653678444236 63.10212442577589 77.00006038197311 66.02068696744611
26.25516367825781 53.96621948186103 43.2230567056757 73.8564734275014
2 8 	 # Alloc Shape
1 1 0 0 1 1 0 0
0 0 1 1 0 0 1 1

2 8 	 # U Shape
62.16633625010096 28.280509725962144 77.79726338709496 12.116582566041888 76.48841898485797 27.387015892468792 80.54606095318198 79.439672930389
24.328070067102747 63.61893709642396 84.79100059239755 89.7725900202646 17.65981756342273 29.11273761742742 51.30587185346423 83.65513147347976
2 4 	 # V Shape
81.25116142852985 89.37702537508838 91.51615916171032 84.45825215406755
65.529224367523 113.44769115306451 40.164478578783225 121.85247850596532
2 8 	 # Alloc Shape
1 1 0 0 1 1 0 0
0 0 1 1 0 0 1 1

2 8 	 # U Shape
4.138875885447146 80.48899800964418 14.628418828079026 76.25807993152905 81.45601887509665 6.525333647686049 18.730411829220483 25.720159559787735
87.97663671416679 72.79904633369453 78.45920285560874 1.3351139664567468 73.38605614347605 69.8256982899683 70.95566792311263 36.88509543031693
2 4 	 # V Shape
84.24106563394346 78.96072146104754 84.38284893240812 32.10229403612384
88.77827683861064 78.88125123740758 110.87218755532723 78.9464225299097
2 8 	 # Alloc Shape
1 1 1 1 0 0 0 0
0 0 0 0 1 1 1 1

2 8 	 # U Shape
8.33222639737321 69.04703310190826 68.28153710165009 24.207214283882184 84.12381166138063 3.6026829515310554 60.90407258783712 78.50539968264206
52.32844803043245 7.6784696254205915 82.9566378916631 45.62768670503016 36.59350733067308 38.69088595259318 87.15035432972684 6.980388617744038
2 4 	 # V Shape
73.65754511890373 87.96172453758574 86.39612804110898 132.050724634269
58.086846264635945 120.13039245277831 43.91102539937473 89.46241603129042
2 8 	 # Alloc Shape
0 0 0 0 1 1 1 1
1 1 1 1 0 0 0 0

2 8 	 # U Shape
2.461347130109537 21.420792795533885 47.69152416161835 10.328212031820483 45.487423822412346 26.935004441619448 39.68455116499526 32.54080082368366
24.670418459413334 16.33565785182507 34.797135556851714 61.46503952611787 68.55021669187525 50.971892150987365 60.29225266371101 58.28960956113056
2 4 	 # V Shape
22.0133812452087 55.83655914871674 66.53144878577277 67.70552531427644
30.546811057145966 88.89124218478594 92.28243334317015 99.2411068364609
2 8 	 # Alloc Shape
1 1 0 0 1 1 0 0
0 0 1 1 0 0 1 1

2 8 	 # U Shape
33.934265125548954 10.047582451102798 43.74067928901969 1.315007320584216 22.45526204684878 95.72298739072895 74.73374604075754 9.941776579143792
31.183410784079346 44.74599198965316 5.744748031037883 97.6857366669072 9.827179980165345 87.65544433388393 59.008369599711386 46.63197187484182
2 4 	 # V Shape
34.23914223862434 44.04305390957915 107.0118240005482 84.26368204138389
52.293172635515305 101.0380995745501 87.82930780032186 76.54583661069307
2 8 	 # Alloc Shape
0 0 0 0 1 1 1 1
1 1 1 1 0 0 0 0

2 8 	 # U Shape
69.50602815169336 67.09314942610285 49.42431925845556 71.58418202521669 0.3693989559608979 52.00161498754243 20.087167128988526 71.30771838205764
96.75346360368398 42.56360536804921 98.80459157632073 99.70254670300432 55.722299879552985 18.117886523155324 31.33440180902165 26.32275774989693
2 4 	 # V Shape
100.6828511852701 117.87727894508782 52.016014942900874 89.6539869422847
114.80335495447416 166.4497396297853 73.64700668223527 55.95865144469409
2 8 	 # Alloc Shape
1 1 0 0 0 0 1 1
0 0 1 1 1 1 0 0

2 8 	 # U Shape
44.44756275425924 25.529050174320766 71.73875811979838 44.48640059240883 13.959487446156905 74.2604557017436 30.630166019817917 86.6239569124685
83.68283119562116 21.843921267457944 77.01744793448974 98.62657596528747 90.04510863205928 53.283135276629615 87.41043586184895 26.428854734557618
2 4 	 # V Shape
44.60724416712099 88.62392101061539 80.70386985021953 91.27426650820414
92.25032001249889 134.2173403797645 136.71270178815973 93.75980635208315
2 8 	 # Alloc Shape
0 0 1 1 0 0 1 1
1 1 0 0 1 1 0 0

2 8 	 # U Shape
11.381541990546229 49.69519285157907 36.62529277699558 82.82399981199069 22.044671626395086 19.980116318612772 37.4855350515252 34.49022151353041
57.43329427730167 33.465362106743825 74.72055041958495 15.657361457132701 95.93992050050481 5.892392269133461 75.75973841534807 64.4239548189008
2 4 	 # V Shape
60.860343154155444 106.14044047377975 28.452341535833565 55.30261812413705
65.51425059177079 75.02717419728867 99.08799742780998 119.8067995833467
2 8 	 # Alloc Shape
1 1 1 1 0 0 0 0
0 0 0 0 1 1 1 1

2 8 	 # U Shape
99.79190394515024 68.35668716526781 90.63367740173194 12.889135378985216 91.27068024298448 44.456726210443435 72.3202247824228 97.85608036247298
99.32085940465609 56.13029374689735 37.95919824764755 69.36747313987367 95.68222895811164 77.63024607044615 93.25739229768705 81.52951348486087
2 4 	 # V Shape
148.9962722636046 97.24614386962811 121.84622175121034 162.8298537218548
122.97614646160426 76.43612377116565 117.04082283032756 93.34140872183082
2 8 	 # Alloc Shape
1 1 0 0 0 0 1 1
0 0 1 1 1 1 0 0

2 8 	 # U Shape
68.98657243325539 84.34611816539525 38.99910512430419 1.1360988849192233 84.42429497061077 85.19346123891033 27.273888206999853 64.86649625182923
96.99915509464103 19.613061993197224 13.312706155105513 8.367511763520186 94.08308970443947 41.983263792808756 39.032403591415964 58.18129290507138
2 4 	 # V Shape
147.9299339442714 39.635605868304395 132.42290354722005 87.96366187375648
97.56356230695174 17.00539157069619 117.3746041379229 75.37686229358312
2 8 	 # Alloc Shape
1 1 1 1 0 0 0 0
0 0 0 0 1 1 1 1

2 8 	 # U Shape
39.158343056948695 54.10486338626467 26.530345568990743 53.90924973003891 13.064545380645088 22.468467112213574 14.35048916976026 16.045896759246215
84.21708356077035 37.85179942402836 70.15584921195781 76.57580788769806 1.9261374229375572 66.88320683658021 95.3835779431855 47.42992509102477
2 4 	 # V Shape
84.04410886120374 65.15174570032592 28.875533194145323 19.83390179254397
86.5000481704089 87.58169570801088 67.29067480932186 108.53031184240135
2 8 	 # Alloc Shape
1 1 1 1 0 0 0 0
0 0 0 0 1 1 1 1

2 8 	 # U Shape
76.75957713613131 67.83501799436405 61.66243147182258 63.07921238379942 3.060737779000411 88.77186916088637 82.90176342751245 17.03084507261561
48.04564345476652 40.80639802258113 63.540203888893195 89.37625070151319 25.982824527384086 60.32958490356955 50.61093592502057 35.526781062718015
2 4 	 # V Shape
136.76900002065037 111.740617360172 90.15676867855771 92.17980215307281
51.70542389330023 147.18504073657346 77.10513503217452 53.43235901250574
2 8 	 # Alloc Shape
1 1 0 0 0 0 1 1
0 0 1 1 1 1 0 0

2 8 	 # U Shape
36.175387698859026 61.99601999836985 61.54418173570244 83.8120233061624 95.35607838333505 5.163416088099904 42.37951295642911 57.27540440068256
33.2054850235797 72.8079731886201 81.14617618991488 18.34565409965654 35.24562978988786 5.4556292121575645 37.05966713926985 34.98714254748154
2 4 	 # V Shape
73.94050968624137 88.97879599691791 97.35308144291471 71.19819407656979
101.24672084179767 90.34368416076526 35.99510863986518 63.45802189767302
2 8 	 # Alloc Shape
0 0 1 1 1 1 0 0
1 1 0 0 0 0 1 1

2 8 	 # U Shape
11.840624596936012 61.8242008039061 75.46095517272195 83.74184866922822 86.66616204740475 86.20546532283461 12.457926793689655 54.39804755134681
90.30824282210739 71.62410797991853 16.288190147708615 91.56918797087584 64.14321780051328 79.37061865355044 87.4220554486929 8.359873295641574
2 4 	 # V Shape
63.17503047688002 136.65915704616444 152.22779034925983 63.68341849592941
148.88382495548672 97.62298000017392 83.42617603478081 89.89137465958599
2 8 	 # Alloc Shape
0 0 1 1 1 1 0 0
1 1 0 0 0 0 1 1

2 8 	 # U Shape
52.69474807866978 15.72099409467571 74.40491495338695 62.888298127323935 76.62761911035794 13.66894597055448 69.48083733854634 7.078749795529515
78.5275833272291 88.43016717493578 59.6928503439524 58.01941585197763 23.125122297025957 17.740683856299412 1.7846328934600808 37.491059211619024
2 4 	 # V Shape
58.30753740302635 137.2597261028417 86.28243913445749 70.27203091101543
130.53076170015186 107.94791315905687 39.909135541952985 37.920920398366924
2 8 	 # Alloc Shape
0 0 1 1 1 1 1 1
1 1 0 0 0 0 0 0

2 8 	 # U Shape
61.86371519181425 5.10407202338834 4.276061595713299 50.11035510238071 6.334180501991604 33.621265706953785 85.73746953634674 45.332619464591254
29.19084511451637 57.335434358496954 0.843163726721996 12.82482451012098 53.197639324380965 33.68079018692791 92.43625228826772 19.53040936533814
2 4 	 # V Shape
65.6137454879409 51.1702247661144 38.43200790095801 118.202721653434
68.22240808854487 13.527069504021357 62.3488476212546 107.95308826972162
2 8 	 # Alloc Shape
0 0 1 1 0 0 1 1
1 1 0 0 1 1 0 0

2 8 	 # U Shape
97.3693093689382 22.73912579223364 0.5528567060840817 82.60840224641102 42.86705882352937 45.219202954667395 78.9809771966946 87.38410593532315
71.78340681594356 49.8203291576242 93.18732287041246 36.553445885628776 64.20497120590774 58.69726596736417 61.580420338897824 32.424760895190644
2 4 	 # V Shape
116.732834589547 82.96732606212919 71.12395616775594 97.39876009154356
110.87248430233456 95.58723198204265 119.71309905410679 74.15570540813485
2 8 	 # Alloc Shape
1 1 0 0 0 0 1 1
0 0 1 1 1 1 0 0

2 8 	 # U Shape
92.02462920427261 9.795157597883996 85.1086376853162 40.30926276461363 40.245156844932716 38.75384622378276 35.83542293333779 31.054475084244395
28.651592671724412 7.530208468652866 31.64993625995879 35.685580183332036 89.20626118655154 27.663221176609675 85.70308962812459 45.89415704790207
2 4 	 # V Shape
93.30831422822608 110.56436296733212 64.55039838518465 43.23937446327619
34.602197166276945 59.91914191640721 99.65624001379904 98.82114801101989
2 8 	 # Alloc Shape
1 1 1 1 0 0 0 0
0 0 0 0 1 1 1 1

2 8 	 # U Shape
44.22730555595938 56.78230095886908 13.41946720964 57.187433666127305 61.11000403412237 27.24896102403448 10.570355147208277 22.672165790585996
51.589876711504346 89.79360340361609 39.8265432016211 55.69432927702073 55.9906113762904 22.375634526166543 86.07297299021026 27.112559184137485
2 4 	 # V Shape
75.93632267834487 67.67714804569032 71.61342494854452 25.05845031700055
124.70538408108644 88.06846099024695 71.34511890137732 96.76146490306714
2 8 	 # Alloc Shape
0 0 1 1 1 1 0 0
1 1 0 0 0 0 1 1

2 8 	 # U Shape
28.40922988573773 83.44855008655354 14.2919315728267 78.03867810872963 54.67719110874357 53.81617764560404 68.91834207302048 87.76063536934136
42.56469611919405 47.821575008952344 67.39726054181936 6.04830032312128 17.82100193904349 74.4092340159722 16.361515008609917 96.56019626467838
2 4 	 # V Shape
88.71962743071231 84.1425892281151 90.42859032007115 106.55640757006199
80.09014417610126 68.15995243825101 91.69455684739187 108.59661025330873
2 8 	 # Alloc Shape
0 0 1 1 0 0 1 1
1 1 0 0 1 1 0 0

2 8 	 # U Shape
51.94335879337997 2.17395277487501 31.379292005782045 79.87066740500039 54.03895695291712 21.505424414473573 26.279739036221482 52.64842804399864
88.87749040811286 72.03220625928327 17.326295414784376 85.33522581633697 19.191350628396798 58.3981276879753 89.31097443747153 43.22275400906598
2 4 	 # V Shape
52.78631285978587 100.89342119739281 71.4640045057377 54.349106749116984
97.03193914883406 101.23461629283936 63.34634120855475 132.19977696960697
2 8 	 # Alloc Shape
0 0 1 1 1 1 0 0
1 1 0 0 0 0 1 1

2 8 	 # U Shape
26.877150274716666 57.12503574249082 87.94388494699182 7.608236184497585 42.78907183651104 70.34955337610072 48.8842648656995 47.2867960480326
54.6346482864959 57.22845394475497 9.49676843742655 61.565568985976746 63.6317610369811 91.15899173289732 94.7885076543092 33.421826202043924
2 4 	 # V Shape
75.28647719674446 91.49220099743202 108.94621557744723 73.48718524743477
107.45468277411157 69.189313418904 116.3658180022931 101.20642557390639
2 8 	 # Alloc Shape
0 0 1 1 1 1 0 0
1 1 0 0 0 0 1 1

2 8 	 # U Shape
97.30004220529956 61.62389841171908 98.02509009043132 68.87725612960041 29.830806373183595 62.210501285844934 59.3693814170903 21.52963578548799
19.60268178605772 0.493458302731975 66.01209064490179 17.36246399257597 81.79961392772206 31.572491728633466 79.69295001585299 3.9618401304468587
2 4 	 # V Shape
113.61280001053552 104.23067500093825 78.1318011975496 70.80495357546906
19.82156172763216 66.17565657674783 82.59189396000278 82.5540292081931
2 8 	 # Alloc Shape
1 1 1 1 0 0 0 0
0 0 0 0 1 1 1 1

2 8 	 # U Shape
88.14444644472059 97.52003996730593 58.97310478411419 15.406274490772741 31.160566569488957 73.24579236934208 75.4275647053546 7.162396873373888
57.48829598983117 56.135618098841654 77.43997835640232 96.32047154133127 66.16396874488406 60.54377140625489 79.07349792092995 64.42546576257904
2 4 	 # V Shape
148.19960514645055 70.8077004401145 89.33164690966211 81.00600262407931
71.10481068935016 147.11559277962982 92.94720894895752 100.59694428017731
2 8 	 # Alloc Shape
1 1 0 0 1 1 0 0
0 0 1 1 0 0 1 1

2 8 	 # U Shape
4.998190795184776 92.57095140485279 90.84484974329516 50.02070746778209 20.55509354670778 34.1461407889612 82.868726978965 48.12151699381014
78.27508769000104 2.561477809496382 48.58183045971629 88.11940326681199 63.15413228100161 95.896531663703 62.98390457465172 33.192698950574375
2 4 	 # V Shape
94.84937760253865 125.6175527274045 47.52818969257606 94.42384698942128
80.48287010902426 132.8190802801127 109.1932111297378 82.3677980087562
2 8 	 # Alloc Shape
1 1 0 0 0 0 1 1
0 0 1 1 1 1 0 0

2 8 	 # U Shape
72.20424449643289 68.32975414369115 78.42025113535091 97.34856669595835 81.23460236320238 64.49385607650991 82.64312514485601 28.45167258480735
53.96382596966571 81.90722654678528 59.423406668494415 31.264969001387666 42.66461211700484 78.5654766885375 61.149438713043004 39.579508515273034
2 4 	 # V Shape
82.57145552130092 121.34574348164753 98.49966218096748 87.91562270198571
117.53812718179006 65.42193016155346 85.63206837745473 90.42052702333459
2 8 	 # Alloc Shape
0 0 1 1 1 1 0 0
1 1 0 0 0 0 1 1

2 8 	 # U Shape
95.00606515314138 74.2505769545083 47.23549270036068 80.54556087095396 62.83386585156826 57.52145166389302 62.40166988770204 4.354864045838591
42.05140442664915 56.56939992511176 41.106491833191704 75.571500922237 45.231631833437504 9.413035869811958 87.17091797360983 60.70012284749639
2 4 	 # V Shape
122.18509312568804 116.42992898837733 79.77851577715592 65.26949101262467
73.20416367086341 106.62256736525666 47.05726536924637 122.39222411854148
2 8 	 # Alloc Shape
1 1 0 0 1 1 0 0
0 0 1 1 0 0 1 1

2 8 	 # U Shape
25.370886039682805 53.38875228293595 4.020621460369778 70.12553405115031 12.606279818736155 28.961603281037895 64.95103531928775 88.72017226982113
9.67031280679793 49.12879488851015 3.6462317291215074 87.65102989618691 15.523010014354844 85.03220231803863 92.41861207571112 65.49299772328145
2 4 	 # V Shape
54.42988373821794 72.0668165769512 37.82908985310271 121.72308814217007
57.69446666704439 90.62820141770008 92.53365494395005 147.258561070744
2 8 	 # Alloc Shape
1 1 0 0 0 0 1 1
0 0 1 1 1 1 0 0

2 8 	 # U Shape
90.28038240327675 89.68160791752976 43.452631110796766 68.94554548228862 18.761373313732086 3.867671989397181 9.87993275437674 54.650824551320035
35.075658540729115 52.96571154960997 66.05352671428976 63.16347139345492 84.7395628562141 14.310517694098547 83.65426514662836 13.400261605494524
2 4 	 # V Shape
167.35261726253836 73.3906529959761 19.342183236513897 56.117028888519734
86.73631408961056 116.67113943827799 94.60129961942955 86.70837628405599
2 8 	 # Alloc Shape
1 1 0 0 0 0 0 0
0 0 1 1 1 1 1 1

2 8 	 # U Shape
61.95522508716914 60.18132146884382 10.260569961323473 40.82789651901425 4.503652377628531 67.97731716688027 36.12447810300715 71.2281768748431
98.27838546992167 35.538522021479565 38.43252560857635 17.948619228206773 38.969822429525166 41.946206081722124 16.709820048163483 19.32010252507733
2 4 	 # V Shape
87.62186777802782 46.78270742483103 70.83951844695065 98.02905306080446
102.23376674526031 52.319036188240986 63.073136982160904 33.857013830271455
2 8 	 # Alloc Shape
0 0 0 0 1 1 1 1
1 1 1 1 0 0 0 0

2 8 	 # U Shape
23.962028012396953 73.6014902844016 20.437190033855245 60.00513327821941 18.81040769652067 73.5080411205346 84.29698334803174 63.6739575096052
7.306616586161796 51.80006072625459 9.68574341241737 13.837681614882225 7.524160687709003 92.49997939403701 22.95579899535537 72.4596154301106
2 4 	 # V Shape
91.50805978416813 72.64152660579859 86.66208214354009 106.00037296864157
52.93421420576403 21.635886793864188 97.01403592980961 83.4751278230807
2 8 	 # Alloc Shape
1 1 1 1 0 0 0 0
0 0 0 0 1 1 1 1

2 8 	 # U Shape
8.198235392639042 33.684928710932894 31.40077382886307 65.7764637267109 58.79297676463723 60.451421548138995 68.68397802470236 31.141647670911667
74.82362667815877 79.64192861405198 77.48943563867732 12.032650353927476 86.60889864799233 53.6626802627764 31.71613295680823 53.18853160440763
2 4 	 # V Shape
41.84703817077139 65.80145219674735 90.62510202442452 83.22064465600269
109.9134958662669 80.47687050378008 96.11374351247824 72.62679211350634
2 8 	 # Alloc Shape
0 0 1 1 0 0 1 1
1 1 0 0 1 1 0 0

2 8 	 # U Shape
63.310674343760795 88.36910732627136 46.84357784620487 94.98538043846125 68.42133800110773 36.908415387067215 16.018593776064115 71.35227852923235
52.06463209622232 37.45102179510976 89.28771292190183 89.09462669652373 40.26238078663579 7.014297905960031 83.255722591114 62.66051218059672
2 4 	 # V Shape
102.98320953996827 130.99567731408095 99.26449749653985 85.32881726839784
74.53847222648463 126.07770100234053 40.423635219043554 94.34175542204088
2 8 	 # Alloc Shape
1 1 0 0 1 1 0 0
0 0 1 1 0 0 1 1

2 8 	 # U Shape
32.62245678325597 97.99327493232414 40.61936180732779 18.850657540586123 80.13606110591336 74.02115580379896 95.00403523466268 76.45174422999548
28.459832495777484 15.72400578055918 28.072349362150064 66.5067602940079 90.87882636690145 1.6575489102942154 34.18115846534403 69.80413151788804
2 4 	 # V Shape
102.13584903553961 48.125798681319 130.65242516355872 104.17571317310738
31.03188583091031 73.07790190759319 92.05857158291039 80.28561600769456
2 8 	 # Alloc Shape
1 1 0 0 1 1 0 0
0 0 1 1 0 0 1 1

2 8 	 # U Shape
57.870581316083594 59.44450786293503 62.84729173765453 80.29160898321149 80.54790455093203 0.30523426167694545 62.49579173731081 1.0409980842609023
22.394900406205743 32.254041195093954 22.092187435978683 88.16648437212893 45.65144308072087 64.58327249156338 61.67693296820104 23.896038881255333
2 4 	 # V Shape
90.13248615440166 128.40087991048523 80.66801185254941 62.933040579272784
54.48653031244058 103.48221305837758 103.70399106247969 75.18072544020546
2 8 	 # Alloc Shape
1 1 1 1 0 0 0 0
0 0 0 0 1 1 1 1

2 8 	 # U Shape
48.11482871367918 86.71676640569187 66.90673140921017 47.30986869096605 24.979398696358924 22.829692345852514 24.138336107294624 8.515003009534306
49.832111391287825 99.1557953540236 18.270945993496966 92.04407799697502 21.45755495658569 88.34150244462336 96.0701996777081 15.366966946584471
2 4 	 # V Shape
100.01738870945384 111.99144223850367 31.812991657014106 30.982345187073825
142.7227475680639 99.09323584275845 100.26913030330493 97.38481099008482
2 8 	 # Alloc Shape
1 1 1 1 0 0 0 0
0 0 0 0 1 1 1 1

2 8 	 # U Shape
5.799285600471082 85.68759492709138 54.57860300853968 18.984865443038245 75.70838611695562 54.915278970968586 9.063161467896386 86.88873730603409
12.129447591325714 39.00327945161723 49.174394945263835 7.307178783958513 21.710516161170922 91.16396765899111 1.5941233276152822 10.92237952100259
2 4 	 # V Shape
85.87901167631918 59.248681510400104 102.924800771272 93.1050780989045
48.877933375037784 52.23234746354407 94.13748379956431 11.253159253673344
2 8 	 # Alloc Shape
1 1 0 0 0 0 1 1
0 0 1 1 1 1 0 0

2 8 	 # U Shape
17.469653189348055 17.662251800384954 75.11492240554938 37.74086078428371 50.76891944973462 63.586516446462085 12.448874733594728 21.40144807907578
5.654047616485524 68.68061190250539 1.246580526720542 89.6971069338031 18.710259351734393 30.16122783774583 5.534987131412428 77.21364875145392
2 4 	 # V Shape
28.615281730189416 107.3991719930547 98.52913823703 25.151559947422154
70.98411344792052 90.00789028930163 35.13300603624676 80.32655396976068
2 8 	 # Alloc Shape
0 0 1 1 1 1 0 0
1 1 0 0 0 0 1 1

2 8 	 # U Shape
91.14358314538903 14.523858607700946 88.8949795115892 89.9374039693182 93.3022911782375 35.39164908148054 69.74832825877368 39.699936506741295
53.135485143515695 18.43206353547968 41.515500117927694 89.90758644576242 79.68071571471377 8.951270722275096 74.53950275942037 14.232364693255883
2 4 	 # V Shape
98.93083834343598 125.19922184211191 124.40196900410437 72.84100736146542
61.197597243237986 117.72384981229476 81.48568682869025 82.95009419326199
2 8 	 # Alloc Shape
1 1 0 0 1 1 0 0
0 0 1 1 0 0 1 1

2 8 	 # U Shape
10.333164716275501 91.53648704911608 41.950411765975446 60.357592975736274 49.9924579453643 56.87501083931695 70.93905444640718 49.38249195911833
51.453336279450255 97.97493958525459 82.86860364040412 31.201535442169092 83.33682411661823 39.459675331907185 93.80178911489011 65.9906260243137
2 4 	 # V Shape
97.25171897454972 67.11277018442051 63.90434371451058 97.45816003403964
113.48120695816596 83.09888005909859 114.06695020875927 131.57069708773395
2 8 	 # Alloc Shape
1 1 1 1 0 0 0 0
0 0 0 0 1 1 1 1

2 8 	 # U Shape
0.7709108943109055 18.539082676689656 70.38443100476263 47.464584203304696 49.01453193710334 59.44234097990451 88.60887956467052 45.272640272264816
50.40298871143815 29.763869249297926 89.81754808993956 88.17402531544512 36.62069473305536 31.81843880881503 9.849578765218059 58.62845222313179
2 4 	 # V Shape
18.730984285549194 107.32997906833909 59.69460732025454 92.39845698516316
60.86496456003732 135.20861168298953 67.16550141762515 64.55104641533258
2 8 	 # Alloc Shape
0 0 0 0 1 1 1 1
1 1 1 1 0 0 0 0

2 8 	 # U Shape
12.246091387363844 44.337604837375224 67.80150180325346 31.20024255911814 88.9816510289571 1.4823782911209227 22.953512030064015 35.81054326477309
66.0097303963814 44.71424155965058 65.5374382482519 70.73096760886341 53.696469515159265 20.68615997895974 95.99840339456081 83.97730803695117
2 4 	 # V Shape
52.98655483848518 74.00101762593515 89.74180046870042 40.89454598564984
91.61190293746415 83.48375348965001 60.117928573018226 102.74258669196901
2 8 	 # Alloc Shape
0 0 1 1 1 1 0 0
1 1 0 0 0 0 1 1

2 8 	 # U Shape
70.96520699709002 26.30445996568964 30.30094985812095 91.30648702007488 54.63106097718878 0.39415131965022665 93.1659917027486 55.159074086693515
58.40089403024983 63.948942723183045 25.669120187415206 8.502170236670704 18.669592400524714 61.661958144208754 94.92921514166049 3.637014865427335
2 4 	 # V Shape
87.73211789053263 112.40455400603129 54.999089385102664 113.90099613904022
116.21131446174562 27.881539483307783 67.13365711955962 98.02250024559667
2 8 	 # Alloc Shape
0 0 1 1 0 0 1 1
1 1 0 0 1 1 0 0

2 8 	 # U Shape
55.69165422851715 92.08159945189279 51.49020262878247 60.43995568951336 60.25580452916789 52.81314192254466 84.73526613616829 68.405617922124
99.32186072187221 36.576867090165834 79.82808164527599 5.33534592971503 36.75357872127649 74.02182560104184 62.91281009024517 3.8295626274360006
2 4 	 # V Shape
141.82172829616272 95.85615137201918 69.06597320036173 97.97860184644586
132.9781649206822 80.6677707063713 92.95254388706574 63.521803031786845
2 8 	 # Alloc Shape
0 0 1 1 0 0 1 1
1 1 0 0 1 1 0 0

2 8 	 # U Shape
46.36691276697965 67.22585603454854 66.68776360985362 42.19714508311394 78.5843658715001 65.70048292945312 70.89568652297933 9.986134064774276
72.4907510968152 30.52667765246794 44.48862756962282 45.892465047948114 8.686152757579713 90.38535359194351 45.33475716295662 2.8011827966297975
2 4 	 # V Shape
79.74060901025734 96.40928183225903 126.9469650519605 79.92745700426084
98.586536760893 57.749567216056604 96.98033629773295 46.72396895343566
2 8 	 # Alloc Shape
0 0 0 0 1 1 1 1
1 1 1 1 0 0 0 0

2 8 	 # U Shape
50.83137146317592 9.062802453272244 14.565887278347244 20.202423651345512 84.21466724744523 96.45610639871299 80.1032566846983 37.720452919459404
98.72014687996143 5.517961427704066 20.607637305836324 17.83334579437643 15.721604063711004 4.824667706119968 57.6817791324166 3.853134674074965
2 4 	 # V Shape
56.221533466817874 28.494299051995334 135.83793270719204 97.11737904745593
103.3842438803658 37.378269141447305 19.370769327758083 61.144735441243164
2 8 	 # Alloc Shape
0 0 0 0 1 1 1 1
1 1 1 1 0 0 0 0

2 8 	 # U Shape
11.27212762615425 89.10459295158014 24.097218859693314 5.460464816787058 55.17364512384779 59.64481187486159 56.62821113190898 62.93368585262284
33.5106561976497 16.564119839841183 23.154600817813286 17.04361595792462 37.84477165948985 55.34850232527576 99.47354283019709 64.77997618610652
2 4 	 # V Shape
93.12490088423544 24.238430166592625 95.80878676736907 115.17903336236775
45.32554829580445 27.2105150069363 89.13774240262968 111.18492643500397
2 8 	 # Alloc Shape
1 1 0 0 1 1 0 0
0 0 1 1 0 0 1 1

2 8 	 # U Shape
76.33559270884246 10.930838264884823 81.92011487827128 85.85881827579172 46.37897955665585 26.74031815421157 7.466199422361641 80.39606418088279
97.30938913977919 73.60274245132167 79.27790913155296 4.974576511952911 98.39128031882453 89.93519961493988 74.52485081265522 29.743069342029006
2 4 	 # V Shape
78.72720560093558 101.3189204787175 64.99281642289668 85.44131459228042
139.11771822189132 79.8734710029041 166.47236819216727 85.9937436086704
2 8 	 # Alloc Shape
0 0 1 1 0 0 1 1
1 1 0 0 1 1 0 0

2 8 	 # U Shape
86.6603361067028 41.97942363172794 50.21185038209103 68.94524759877385 0.24499552842200956 2.847597907531685 54.29493696450868 62.73526194364748
84.61595823297618 24.402737219455616 51.90872786428082 55.243310818183886 9.935382714491647 19.918386207624838 82.86085345088979 52.66655019256423
2 4 	 # V Shape
116.476482149553 112.2163784896639 3.040388409686798 63.61824769697274
102.17688636994615 90.86805437482404 27.012022188090704 128.65901887714702
2 8 	 # Alloc Shape
1 1 1 1 0 0 0 0
0 0 0 0 1 1 1 1

2 8 	 # U Shape
80.18303904663004 41.980593510622896 71.72916809836269 70.20994216963622 16.834994839327543 61.84195226468925 30.957181439960568 24.80845281768159
50.396239353393355 15.236244301160983 86.56534693890917 88.63815357506166 42.84089841789116 33.51985059489054 83.67103378067677 9.747119145003202
2 4 	 # V Shape
109.92237083023261 125.57734171421984 73.68539992589184 54.946047886871874
51.99532636461964 168.5880273746498 52.008779620177535 85.63537574558708
2 8 	 # Alloc Shape
1 1 0 0 1 1 0 0
0 0 1 1 0 0 1 1

2 8 	 # U Shape
71.66932170804571 78.90389996358421 46.59191191553583 41.48198307345543 11.908371300965825 83.86421547551677 13.753325242122338 87.2003056957643
33.186046033912135 22.394063940314236 66.19566386283229 52.66786737309058 95.7903547608022 86.66175221872372 31.060239010596636 67.08670724212126
2 4 	 # V Shape
144.8406374341764 51.14191811281383 93.9079411306338 87.82377866680288
34.91506482713113 98.36093853159258 171.53674523062432 72.5959748059536
2 8 	 # Alloc Shape
1 1 0 0 0 0 1 1
0 0 1 1 1 1 0 0

2 8 	 # U Shape
99.8439524928261 29.098559148720128 83.1010382159734 95.03554863068803 80.33592573979823 69.73991195269842 71.23883642408337 53.58120877037158
92.42659297517814 66.83766806851253 3.8831959746474465 29.48281864184977 72.21756415252122 63.72002430357313 8.811222873578695 45.76022452936934
2 4 	 # V Shape
124.98151305040064 155.43517206836802 111.24636750053074 102.30816834717699
124.85610255836585 30.364227485762054 123.66485513936402 46.358201839733084
2 8 	 # Alloc Shape
0 0 1 1 0 0 1 1
1 1 0 0 1 1 0 0

2 8 	 # U Shape
69.86481763080931 18.976026113241385 8.297481128817907 37.206916778206825 80.9165881825377 59.4008946352248 58.53130198717296 91.66616633815823
35.09514684626301 93.78622711973154 40.67504458850657 73.82901055035066 85.18592056669885 96.43452142575791 75.25655367070327 81.28319915550381
2 4 	 # V Shape
77.65176077952174 43.212138090104446 124.95096160847348 129.6731250398466
112.83218665298465 99.9543022277429 171.91828064941495 121.08298683085056
2 8 	 # Alloc Shape
1 1 0 0 0 0 1 1
0 0 1 1 1 1 0 0

2 8 	 # U Shape
72.48050259920005 14.965633106901633 35.30032188672504 92.28828238226234 11.914461574623703 39.69781554726913 33.863340745124596 72.75634947445245
77.4370613809544 11.785165185384184 35.18943723119451 67.6765749498617 97.48436602877034 41.861842095719204 65.58797827805967 1.353757053100002
2 4 	 # V Shape
77.54538109916 118.96552043096044 49.19964293747967 94.21388983981635
77.54315068857898 85.11856668491268 108.83602028489938 66.05178265601965
2 8 	 # Alloc Shape
0 0 1 1 0 0 1 1
1 1 0 0 1 1 0 0

2 8 	 # U Shape
34.58167755377248 13.15959618534449 52.18703735752619 69.88531557453321 49.53817607892326 87.08443674668266 24.98563908879178 85.80259402878227
81.04812488684897 55.87060387655859 67.23637083549568 83.95387942810613 58.102821940783436 49.37977285382241 1.3072713730695518 40.76944845609276
2 4 	 # V Shape
37.59972302607172 115.0372761862531 118.71413757103228 91.53133300922312
120.29594968743345 105.3824051160137 106.88143491029008 41.92716029025926
2 8 	 # Alloc Shape
0 0 0 0 1 1 1 1
1 1 1 1 0 0 0 0

2 8 	 # U Shape
76.62695206303053 21.495759833191187 70.24940285110017 3.9048417963324034 17.31910871938196 19.75542255381407 52.18162331852964 40.285055710509745
33.89930339376257 86.60743662744625 7.204553800921554 63.117368591064796 45.81257851165802 85.589736749326 70.66345950972752 6.925763686487496
2 4 	 # V Shape
78.17125554800947 70.52304059321618 29.16971172602835 66.9299440391807
94.17816742622333 65.13158801977772 107.49181181046029 71.1096108521384
2 8 	 # Alloc Shape
0 0 1 1 0 0 1 1
1 1 0 0 1 1 0 0

2 8 	 # U Shape
1.0918988660615025 32.74794243535924 14.784094451303497 10.824682563530086 92.14312258342248 34.33019473551564 55.2262522310843 7.350269696443135
28.212923151357906 18.740611651222228 18.003541892404108 45.83805967640144 67.03225625199703 24.75299669825034 93.39760718158607 47.24726963711714
2 4 	 # V Shape
33.71673612525602 20.541709212304713 121.77612510411106 61.78376042193308
29.323882608892575 60.425846072333655 76.9282356754378 105.53454586990381
2 8 	 # Alloc Shape
1 1 0 0 1 1 0 0
0 0 1 1 0 0 1 1

2 8 	 # U Shape
37.72927621524922 80.47730158722266 13.06320706685451 50.840256463035374 35.24896764251264 85.39709234843285 16.89370327271461 53.96716178861338
8.008700025470771 70.52351556419093 32.028528085003 30.90797189450536 1.8140606282256555 34.14707034405501 26.15792331889818 51.89766976280812
2 4 	 # V Shape
98.47621190138358 61.307184852574125 93.01994985632867 63.11828199951531
78.42252425557952 62.04706908480952 34.972707212948976 74.44120505183405
2 8 	 # Alloc Shape
1 1 0 0 1 1 0 0
0 0 1 1 0 0 1 1

2 8 	 # U Shape
49.95243832343912 45.24517136623274 77.3293570451387 4.198890188351068 86.01493737519365 45.132171147297115 70.28667054976418 80.17123778146518
96.69916375228081 36.38191011617192 75.73235766957947 71.55309864238747 1.631453852691367 99.47732857738683 18.70837915986151 89.40320352617829
2 4 	 # V Shape
90.27620914561302 77.46214824283317 93.70610551137715 87.89228079073756
104.62070298600827 96.72133516907974 100.23609250171143 89.84543435944889
2 8 	 # Alloc Shape
0 0 0 0 1 1 1 1
1 1 1 1 0 0 0 0

2 8 	 # U Shape
93.60743607028881 46.062630363647536 15.3648765689266 61.466723857004936 7.018241628219613 64.22591821268824 62.968899010695786 19.367789947898608
56.25286434471109 27.50313014251593 97.47134737585603 38.05000473535799 16.13238930591213 25.02177060000469 99.73379150234307 66.07148289350555
2 4 	 # V Shape
102.88180745081675 68.43069347148436 69.5994398848318 65.09112319668694
59.521484486485974 106.26710228932926 29.854566920351772 107.39966571022737
2 8 	 # Alloc Shape
1 1 0 0 1 1 0 0
0 0 1 1 0 0 1 1

2 8 	 # U Shape
24.572959659064775 98.87752661271854 19.047306605260694 14.3125554336204 46.098395698901484 60.556144908143615 51.53509176933532 44.12884415485375
37.93780879937192 51.05072713554225 96.50550221490651 76.55376250719385 45.29709538797084 84.62938191987817 96.13999727740577 20.498669161617013
2 4 	 # V Shape
117.20010545214545 24.37824521620501 95.13188975090063 82.01343119444475
57.47783635337205 109.97346841512027 112.18805353630098 106.17121798344095
2 8 	 # Alloc Shape
1 1 0 0 1 1 0 0
0 0 1 1 0 0 1 1

2 8 	 # U Shape
35.35554243062185 11.869423527020661 23.212207081575308 40.52115738750227 79.30618316530258 15.882725596901693 20.247267313799767 84.47038132729723
20.61447605407719 86.76904442985247 43.68336406185066 99.30939338802087 52.88334202821403 84.29339215475117 86.54521012781139 85.00776448733185
2 4 	 # V Shape
38.73980801481455 58.80846360905913 83.93511032969573 104.4525176617943
105.1112426620966 99.92731876974652 128.5006355390391 104.08250864250923
2 8 	 # Alloc Shape
0 0 0 0 1 1 1 1
1 1 1 1 0 0 0 0

2 8 	 # U Shape
23.169632479199787 30.490381485844964 57.44776237403562 91.23967542274754 62.73747834226825 53.91320286371558 37.14974872101971 19.20214535475443
41.63123287163523 93.21787962672697 19.787922826321402 89.93455068414589 33.229423184591646 11.12452905880449 73.25363638598333 16.64834216665835
2 4 	 # V Shape
39.23334457175232 101.8634643699789 69.6075066478085 43.27838987090425
125.16387453089612 107.8108117854035 44.26332610389145 88.28085997231129
2 8 	 # Alloc Shape
0 0 1 1 1 1 0 0
1 1 0 0 0 0 1 1

