2 8 	 # U Shape
94.10108602458361 56.36813802348253 7.799233938998706 72.26405111248398 15.845217352316643 25.028130674402338 29.348725610219752 69.66107142085949
46.426408804015175 21.506214371433952 44.68262620796576 12.087875153895688 91.7687007744725 56.644632871919555 47.20193157419273 31.456642464721153
2 4 	 # V Shape
148.03323382948648 74.1947911179014 32.2651319457927 76.49373573599081
50.93306255957693 55.89749834453878 111.04397240656746 76.9819558090127
2 8 	 # Alloc Shape
1 1 1 1 0 0 0 0
0 0 0 0 1 1 1 1

2 8 	 # U Shape
24.49932606230849 75.91240490946292 78.93725602180268 15.972922996188899 78.18263562933764 13.451057820501733 28.758460485555805 76.37698201600668
57.603538196853535 1.0285700532849162 76.04229973137375 3.208257717482943 63.75502886653347 66.69361274119595 39.16139944214388 55.42881967135038
2 4 	 # V Shape
85.17900131439046 83.49337796747248 78.1918440965824 77.43861282810853
57.84461099703727 76.9813113480565 77.9212929342248 77.53813991751116
2 8 	 # Alloc Shape
1 1 1 1 0 0 0 0
0 0 0 0 1 1 1 1

2 8 	 # U Shape
72.13192289727536 39.386732248283195 33.918540311781975 15.344568607162113 10.05740146112185 40.72471068550777 58.29154644665038 74.07205209616811
87.03608417756887 96.65261604026779 45.55648553522168 40.042299907168314 29.89396309634117 82.83600667431183 90.98411699907558 76.6136675251295
2 4 	 # V Shape
108.82795902718678 39.96389340541552 41.33603844403523 126.40954506468758
98.607488578069 71.31614856748138 93.1737227022252 158.190721246416
2 8 	 # Alloc Shape
1 1 0 0 0 0 1 1
0 0 1 1 1 1 0 0

2 8 	 # U Shape
82.20278162669925 90.79088670856311 62.61757215531279 16.277253754939224 28.16461931342825 58.82090729486195 11.174940937123989 26.952228245370012
0.1984401045787232 89.65633740470035 93.03274582187791 34.02339528373949 42.25810508566923 67.01963631462054 61.12385915202808 66.09230061283328
2 4 	 # V Shape
131.31169538661996 68.55920511187233 83.93695296549629 27.497557366585784
89.84814335608003 123.75556669586275 73.48737586895766 89.7858182988292
2 8 	 # Alloc Shape
1 1 0 0 1 1 0 0
0 0 1 1 0 0 1 1

2 8 	 # U Shape
44.26088209546963 61.18159813565509 89.8195670719665 77.47965949654574 53.50689302187944 44.3176054428511 46.89044181352535 86.3489975910011
92.98420183322426 48.302511556093144 50.28733194957139 35.31942526637463 17.013925699601963 10.300315964761941 38.70304293797018 14.647430996922617
2 4 	 # V Shape
96.82150792800975 149.98214194490245 60.92582369007595 92.85283378356647
104.75834599005319 83.72976580776937 17.35525468112463 51.61385850228553
2 8 	 # Alloc Shape
0 0 1 1 1 1 1 1
1 1 0 0 0 0 0 0

2 8 	 # U Shape
57.27042902682571 72.7291890217908 98.77334663318442 19.178860193593795 67.29840020192987 41.533381455637844 63.65081754393464 0.5970365451990145
73.32956023820621 82.47004549771353 4.581175870934306 35.634256423348255 22.042364138234117 64.88442694110604 8.640734624365187 33.9080399380093
2 4 	 # V Shape
92.28275805955522 102.02579868268249 100.98368961794228 64.23911773163704
139.57389093750663 36.64191655537972 86.83676213378143 36.58735183195729
2 8 	 # Alloc Shape
0 0 1 1 1 1 1 1
1 1 0 0 0 0 0 0

2 8 	 # U Shape
49.525406831697815 24.324720808261514 25.568551846971953 88.56288551530423 82.71600870873013 12.896274550604957 52.226223096059044 44.33996095453582
30.68561211093219 72.75934423286672 14.6667067350573 88.84063828044103 86.12100177221689 3.3813357541024436 12.976606406770564 7.19680801079855
2 4 	 # V Shape
73.19041120277747 98.4325370492447 86.58475693134923 80.70851577029826
75.15078927358032 99.55387788818858 87.84257810073622 14.908599798413238
2 8 	 # Alloc Shape
0 0 1 1 0 0 1 1
1 1 0 0 1 1 0 0

2 8 	 # U Shape
36.37571385624654 56.04424824868766 52.25862253218967 56.83749555525598 90.28608383101552 27.647797964142207 50.118048719576734 0.00044499071256698386
4.214445837531333 31.554584165893928 59.23333765076584 2.7578715863632586 38.873415300264256 77.14840052682331 0.5465181744703895 83.24731769392929
2 4 	 # V Shape
65.3511650181303 70.84004145842654 96.29971301123688 50.11808242584674
33.328058576687106 61.57067904213772 88.28661618203441 83.59747708958405
2 8 	 # Alloc Shape
1 1 1 1 0 0 0 0
0 0 0 0 1 1 1 1

2 8 	 # U Shape
90.86197835616662 49.23057498551526 55.52318039917673 4.355752499253196 16.8388570511378 64.47815844369732 46.61169686737509 6.845121469372362
10.349703671383214 10.135501589644491 32.597412635261826 59.35021325438128 80.56288398715094 74.06840044329034 33.278554328894494 7.301441479661285
2 4 	 # V Shape
136.6478529716511 59.1871837212581 71.53813490950226 51.41911825795673
14.144858373106668 89.48353346861322 106.59818856573244 38.545296603163884
2 8 	 # Alloc Shape
1 1 0 0 0 0 1 1
0 0 1 1 1 1 0 0

2 8 	 # U Shape
27.528411843584177 17.936846227474557 17.64512442070475 3.940060264488976 94.46000602946944 14.020273108709237 29.758646648266428 29.97685018610291
67.3340805593304 97.04768554959816 87.48014132298701 62.699930414152604 58.72809753174862 86.70523998882533 4.6795128164002335 46.81818333648127
2 4 	 # V Shape
36.034574996366054 17.727583562131358 108.02671978659431 47.249495959108685
117.19203409358457 104.50385615122754 111.56569987978179 47.15701798010973
2 8 	 # Alloc Shape
0 0 0 0 1 1 1 1
1 1 1 1 0 0 0 0

2 8 	 # U Shape
83.65955506049752 4.1857421902043 49.72811795911585 30.184391495344652 14.444689876345574 94.71140536069476 10.207280552747255 27.94362294331294
26.720030642451707 28.352367188871263 4.159415961835988 32.745358534800985 99.86352054670704 61.320018150843126 31.11887284194109 51.233867039137074
2 4 	 # V Shape
84.47338711633377 50.784120472255125 98.93164299030133 32.915910758238894
49.512367119237965 35.35591470787717 120.56646401198404 64.02721167960232
2 8 	 # Alloc Shape
1 1 1 1 0 0 0 0
0 0 0 0 1 1 1 1

2 8 	 # U Shape
35.02382368907886 11.966915619485707 11.44543882501643 3.270344342476461 66.34067030111491 84.57870686054041 53.7403759140591 89.99719339299381
34.107705256311704 79.28212845921647 56.29388180553811 71.2993374025938 58.966665815716 81.59466412918337 40.72678347368354 2.710689517137943
2 4 	 # V Shape
35.93082321325778 13.362884394913674 136.17208076639048 134.0278455436239
108.67419001820191 123.9936390033815 97.36274043851864 41.71084920901493
2 8 	 # Alloc Shape
0 0 0 0 1 1 1 1
1 1 1 1 0 0 0 0

2 8 	 # U Shape
71.37384363643575 62.00612889148479 43.416265987085744 28.521601160679268 64.26662190996606 67.88127180715766 89.81981172667759 65.89432965485486
3.43793462021712 64.06091024958116 64.20248051649298 50.7481466621746 6.365765422348469 64.16753358883815 16.62984512338732 88.39221778913866
2 4 	 # V Shape
84.20850617589568 49.80268060043315 69.04976808847286 151.8014418181104
65.39701125507555 83.5583417606507 69.79607201614058 96.7988219265474
2 8 	 # Alloc Shape
1 1 0 0 0 0 1 1
0 0 1 1 1 1 0 0

2 8 	 # U Shape
23.988814455141426 76.2493091157902 35.4129131123813 3.3485534165805464 12.878171552017093 70.35461135923768 44.89490511009262 44.98789546045283
83.94436201612874 68.13288613871971 28.1837757823289 5.976852616557737 29.590241800401817 72.35865132659762 57.00754267541882 65.64274588300782
2 4 	 # V Shape
76.71130133546968 35.780769158577705 72.58152674037134 69.83815203492085
124.2414179516503 29.897667691535617 91.49846582376976 74.79274164312382
2 8 	 # Alloc Shape
0 0 1 1 0 0 1 1
1 1 0 0 1 1 0 0

2 8 	 # U Shape
24.668292352101595 77.02866704215906 35.44449203681659 96.33771348537856 41.107578841086564 86.59424132010432 73.82270307283136 53.89771787517411
77.89711513874926 23.85589459499249 99.88405899449741 23.781152883000324 4.297208108867201 25.692358610098452 2.094079346839983 38.00949634009741
2 4 	 # V Shape
100.79083622434658 125.87405234006457 110.68945996490407 117.72759263167352
86.79011988742762 113.79739782795647 27.227280008725714 38.61559854636077
2 8 	 # Alloc Shape
0 0 0 0 1 1 1 1
1 1 1 1 0 0 0 0

2 8 	 # U Shape
95.22071652494807 27.858892209340304 90.59497876196141 5.34739004353364 75.95647588383171 4.41100904561681 64.126304090732 33.0698867534102
78.94133500136246 90.1768670967792 98.08483321775539 71.18872663785618 40.11887363221505 88.41918446136751 22.345587190129656 29.222318463350305
2 4 	 # V Shape
116.34134366361937 91.47160136407773 76.03739919332087 94.17949663851681
126.65212048785205 158.3756320365496 114.73976759771273 48.74264042926109
2 8 	 # Alloc Shape
1 1 0 0 0 0 1 1
0 0 1 1 1 1 0 0

2 8 	 # U Shape
69.78270927774717 47.76433386499529 81.82784199137653 57.906371317223126 48.85958192015168 90.12242152934898 28.533316109700856 15.738715484323162
7.482193192305453 47.89270545487749 87.73963426420444 17.295341953498287 58.92767949727805 10.406194088491095 72.09101718186963 39.18025721739482
2 4 	 # V Shape
89.31326491676585 133.78478685426586 117.65668280855952 36.57862557224127
55.26096444749091 88.45807352196465 65.15799783040146 102.89852617533849
2 8 	 # Alloc Shape
1 1 0 0 1 1 0 0
0 0 1 1 0 0 1 1

2 8 	 # U Shape
45.9271609392909 97.28884476719817 46.2247694599044 14.177608145937304 62.65434713427026 3.8673980295908184 41.85543177649878 2.0609012696224616
55.23454472630607 11.56701454448691 2.2298483508962796 20.89155036051552 60.01581987662274 72.09380723063711 32.341062514185126 83.94000292514839
2 4 	 # V Shape
118.9556910981557 56.334736571352934 63.03124229959468 42.873746202963396
56.563185720365354 21.316565711646305 107.13763431081429 91.34062061319136
2 8 	 # Alloc Shape
1 1 1 1 0 0 0 0
0 0 0 0 1 1 1 1

2 8 	 # U Shape
51.9347947782179 33.07501575494389 37.260660435028036 80.99367752842053 95.97306237700259 75.10749780427791 48.19416027268015 52.23700105364224
99.65817237825847 85.73613138767206 47.441898801973096 64.44737612176503 19.568835358852223 58.9863732705623 77.13028185861909 36.03752801979293
2 4 	 # V Shape
62.08605229859192 99.02588851296694 150.0762871133711 94.7970032328434
106.10105402934131 108.15414158610173 62.93069604601588 111.35271949234026
2 8 	 # Alloc Shape
0 0 1 1 1 1 0 0
1 1 0 0 0 0 1 1

2 8 	 # U Shape
57.35286261738008 87.70327918569136 66.59017372137792 5.022447722933288 60.02643575813341 34.96858663537773 25.2497835650789 20.514638238158746
74.20859297060083 57.87152484763107 75.07555071771444 24.12387125317438 63.022749737935634 77.66952300965379 57.38513336737401 44.69311794180895
2 4 	 # V Shape
91.51531348850625 69.19548306209997 81.999973561427 41.18780590561508
124.23880045295425 87.61951042239212 95.58396633305975 61.99072919690828
2 8 	 # Alloc Shape
1 1 1 1 0 0 0 0
0 0 0 0 1 1 1 1

2 8 	 # U Shape
93.21840092869938 73.24012057087901 90.67050275431173 66.22629783741971 76.98638068314403 58.671755073547814 28.55805383512944 28.784934661731743
96.18161197664786 8.559265242118796 35.861856978254224 77.01796973179759 6.034576748936837 30.246641513504024 49.89511266728035 95.6338473240083
2 4 	 # V Shape
162.33974277796105 147.099927231781 134.93943156505367 42.64261253776852
96.57635071269532 111.18410552123858 33.379078752422636 138.17051291383152
2 8 	 # Alloc Shape
1 1 0 0 1 1 0 0
0 0 1 1 0 0 1 1

2 8 	 # U Shape
0.2583892858851744 14.789811597809866 49.252748768566576 73.23459291158134 26.886386649248127 73.49177068829165 14.025539492107274 61.03352008301467
41.14611691477089 0.8918297556256394 72.93057277719528 33.07573598490554 7.3171184310604875 16.790678032619823 53.0397610984918 25.54157517516764
2 4 	 # V Shape
15.048021822897972 83.31932090186615 78.22211675636265 68.74809646922776
41.47372186030099 103.98169460377298 18.51559792716386 66.2337178953175
2 8 	 # Alloc Shape
0 0 0 0 1 1 1 1
1 1 1 1 0 0 0 0

2 8 	 # U Shape
75.78827128610355 87.79998712486214 20.55130965870058 90.74038500450078 85.45690623795426 37.78632721447407 62.54436575441058 59.0436278027177
60.91379966963868 47.19366549298319 66.16355161578916 13.222262270921991 59.45003791740946 97.23310049609661 78.42306902465528 31.02530113289933
2 4 	 # V Shape
160.51702194155615 102.86220509863 110.39766777495517 112.36367175130633
74.34675610403487 78.93950256423071 113.73655899096892 83.56746046444681
2 8 	 # Alloc Shape
1 1 1 1 0 0 0 0
0 0 0 0 1 1 1 1

2 8 	 # U Shape
17.745481301350054 12.062768326483342 84.88506688767423 46.39093809115773 41.737927809610575 50.215709948769906 47.83795075858058 46.20259292340009
70.39159801662858 86.78112313901698 13.350119080136857 43.98222228517403 7.6871950699324065 24.12901437987871 82.62627848253534 64.36778924921816
2 4 	 # V Shape
20.98667363643891 92.03369876093085 65.85209372818892 88.1672176359916
147.74539541415513 52.5674305672858 24.49496002429704 101.04213960254586
2 8 	 # Alloc Shape
0 0 1 1 1 1 0 0
1 1 0 0 0 0 1 1

2 8 	 # U Shape
39.032804995301376 76.99805812512948 19.599063999855172 46.71565627282101 94.282006730229 39.85670022630444 63.96576928107353 4.911625289574706
53.655366594733735 27.392373252762226 43.28924037915852 2.422457062306582 34.09660369238851 15.021390803893109 72.87949864011154 59.488770292119085
2 4 	 # V Shape
85.78197877300235 60.41992845048522 104.40485164532389 68.13138332628782
58.97937339399789 43.44308429312149 46.918039374563406 76.17155572411852
2 8 	 # Alloc Shape
1 1 0 0 1 1 0 0
0 0 1 1 0 0 1 1

2 8 	 # U Shape
9.044714141806654 4.241770323817661 37.334124853279235 94.774936028336 21.341866686086707 48.91093084961933 6.551482857227731 26.879167081381595
46.78450781094073 4.460767184153558 15.106744145811623 64.19106606563436 16.49757682910119 56.463273563809516 56.92018543088248 74.21365277594977
2 4 	 # V Shape
11.219395412653514 119.325686441757 57.06594023623214 30.309510739842338
47.47665421892745 71.05010467660769 61.66922435220196 100.09481899798587
2 8 	 # Alloc Shape
0 0 1 1 1 1 0 0
1 1 0 0 0 0 1 1

2 8 	 # U Shape
65.10330121380574 37.60841152273747 61.562422166947215 27.973220491301333 80.54573787937957 80.9198587534706 89.69327212941606 24.345145608793672
22.40310227736805 1.2966038672489688 78.1646854989759 36.80607960289674 98.44461293296544 92.6076559107654 58.38523365603974 98.41569196618232
2 4 	 # V Shape
77.47154988314013 74.35843684217046 148.05665351414552 110.9895859808829
23.196200078355083 96.90017588769713 154.53540560265733 149.2664994495987
2 8 	 # Alloc Shape
1 1 0 0 1 1 0 0
0 0 1 1 0 0 1 1

2 8 	 # U Shape
14.518894241202629 17.78823362503551 65.71482270191079 60.8324061924476 66.39347678350612 75.02986628549175 40.40894223817399 87.49518687949501
92.61065539605342 89.18309633626515 3.855914405704308 8.210258265547587 34.23757997403919 15.072350529079802 51.93275241100592 56.305761891262904
2 4 	 # V Shape
22.266119322049896 111.88563495879106 86.46947860388657 114.6808899768608
152.25641936567587 8.748414892112592 39.72605739139736 93.78463916725225
2 8 	 # Alloc Shape
0 0 1 1 1 1 0 0
1 1 0 0 0 0 1 1

2 8 	 # U Shape
12.135083271888025 27.002317366623107 19.1617069993808 69.46350795471425 59.89600954723343 37.119058946873565 59.088032036283735 95.42305470117904
82.34952329720643 21.1562898403854 16.498334138453764 3.7890576660313813 3.08074378128671 30.333140343774765 44.0457327286892 96.74569389340343
2 4 	 # V Shape
30.492799602419666 82.70396109230322 61.01399433655504 138.12707238294095
94.74314639985485 18.62323165165451 30.865032218564288 117.37293769177579
2 8 	 # Alloc Shape
0 0 1 1 1 1 0 0
1 1 0 0 0 0 1 1

2 8 	 # U Shape
12.636986247439141 98.52622419385 80.89142346029162 0.7237419760507846 37.64841104562516 99.10277185030866 93.60830851873226 50.62725507650303
0.005006876000435145 37.82992542294361 53.432836170966205 43.97852428145903 15.636616896594136 77.94569723826389 45.970331360225416 82.34273340188936
2 4 	 # V Shape
106.2723989735378 81.06992052812203 130.6308966399648 118.34739746528624
37.831256622438524 94.53806879617551 90.60411894841917 84.3003052006718
2 8 	 # Alloc Shape
1 1 0 0 1 1 0 0
0 0 1 1 0 0 1 1

2 8 	 # U Shape
50.07636827182726 86.55772318862125 60.27018228878796 55.92407240821725 66.06069962778614 19.841418831083036 11.371255585151719 39.24581761294327
71.70315165925601 18.616991195398903 99.26072185764563 76.22416023391553 39.93622223870228 69.94159759757515 92.99925941171246 99.94260743348768
2 4 	 # V Shape
131.45367340257548 103.92207491895073 72.45075917957918 47.86101692970561
89.37150069142365 123.64990915371098 100.5189425313683 177.35580601941797
2 8 	 # Alloc Shape
1 1 0 0 1 1 0 0
0 0 1 1 0 0 1 1

2 8 	 # U Shape
28.872200570762217 95.12983877452452 92.82489143662718 50.00873219136924 55.42749272940684 96.48581109614614 12.621485882781002 10.203409012215891
99.67663176301976 89.8536253263666 99.60305003392233 96.61433994315708 24.603710030318915 26.00277903509596 67.58735437396741 55.4898480211395
2 4 	 # V Shape
116.81351120600316 120.89073495385918 121.67644633165864 18.57088541399884
184.9799006529181 129.5855970332861 36.33226874503556 108.50146949011967
2 8 	 # Alloc Shape
0 0 1 1 1 1 0 0
1 1 0 0 0 0 1 1

2 8 	 # U Shape
85.90741065893029 27.875534458476626 66.2266597007888 81.78711389380108 51.32730485792375 57.365488361117244 33.220382719823625 46.13261051059801
69.94212925829315 46.6297657768247 45.871463949206614 65.18740868888688 42.01348425774507 8.70575683854009 72.26868937092482 59.50865224313665
2 4 	 # V Shape
87.04262176219565 133.18614388041684 86.21188690225789 61.30948793438601
82.35370894469526 92.49139468318293 50.115135425775456 91.90786557243248
2 8 	 # Alloc Shape
0 0 1 1 1 1 0 0
1 1 0 0 0 0 1 1

2 8 	 # U Shape
67.85205200020691 55.37267340387481 61.19352570629305 21.549624818090575 89.98528914598208 89.12821224524544 31.099848611819723 51.41643439394249
78.50334940149023 81.58910563816333 67.63559418051992 93.44096376431006 60.96310637143524 17.867721571685923 27.05057740485414 57.71386037601266
2 4 	 # V Shape
68.2191737040671 69.38458434089678 156.57034295371406 59.56432689629017
142.36494231825216 120.50079332570634 70.81702538259245 58.32273147336946
2 8 	 # Alloc Shape
0 0 0 0 1 1 1 1
1 1 1 1 0 0 0 0

2 8 	 # U Shape
50.451876081726965 69.91006359709138 29.780698141928298 99.25241919908542 68.66869604320007 36.418442166793085 37.38462158780249 46.8138743884528
88.00917142435819 51.192490125994375 98.22236829587521 95.87797218573775 25.71571330376685 18.898982645998807 44.42935074605803 64.00708996078501
2 4 	 # V Shape
115.09294090267055 99.48942821855803 98.32848764773765 51.59458420194704
113.8618721816132 109.40657639597588 26.937753895626013 65.88528568508264
2 8 	 # Alloc Shape
1 1 0 0 1 1 0 0
0 0 1 1 0 0 1 1

2 8 	 # U Shape
32.27592641857958 56.319784109815615 11.089497299750061 37.073188371843116 67.89114683855476 13.829344650763364 23.14226971033356 38.60957170244704
38.74061538885422 10.845973282279008 11.945225785030111 47.45230604720307 20.743783789603288 21.120470336423182 23.626759942955967 17.160820706036027
2 4 	 # V Shape
70.30655514083216 43.053583084393004 79.5757165577681 42.11122423796985
47.30987841125673 49.05665905261899 37.89386773841014 36.80720415074029
2 8 	 # Alloc Shape
1 1 0 0 1 1 0 0
0 0 1 1 0 0 1 1

2 8 	 # U Shape
56.14447980796622 69.05182266265436 15.786779744144697 79.14323239603061 13.063725348392808 95.04900401698372 93.25054599185472 34.08339540857007
99.97431653219911 81.48590260041993 67.99362303178684 72.7101987143613 70.90622734748852 0.9884835229589717 41.57141802231823 67.31478724811356
2 4 	 # V Shape
70.69728947603558 81.77509288605644 95.3812010639641 114.89496177530182
129.27615819760507 122.64664201542897 71.46716299278646 107.29131032135848
2 8 	 # Alloc Shape
0 0 0 0 1 1 1 1
1 1 1 1 0 0 0 0

2 8 	 # U Shape
82.79371397289972 39.37592397932688 11.351372788166591 65.3568524633267 41.671166365715365 99.6877147251772 63.94700574947015 84.46029516021039
36.2577166239884 76.02020993096535 99.66196851565215 84.91876843150041 30.46548720319825 95.50972140926855 28.114405836866908 49.823277213166826
2 4 	 # V Shape
117.33357582987514 65.668191528908 111.22436573501753 108.17159419706707
83.52322062003853 135.18966458407388 95.55955106260551 69.22924623820712
2 8 	 # Alloc Shape
1 1 0 0 0 0 1 1
0 0 1 1 1 1 0 0

2 8 	 # U Shape
64.34913363756854 60.426474574446665 57.41068441582395 53.9214046345306 82.58612932706501 18.656887993450187 27.619686193541103 87.47490369062866
12.232952300526023 38.342266893689 65.63782426352208 20.16405238933735 37.92577865008574 88.27596832057631 30.50912399527652 53.04561800396754
2 4 	 # V Shape
114.87763256428659 90.64977877384659 96.04707357037978 95.2889045895398
47.96160357978008 77.71810277502844 96.09246948877691 76.61854796972112
2 8 	 # Alloc Shape
1 1 0 0 0 0 1 1
0 0 1 1 1 1 0 0

2 8 	 # U Shape
98.21358080604618 46.64189530693547 62.7944848835687 19.083189848346393 29.442444400302513 18.546770479455443 88.95266874596798 15.277492202565613
24.064070945302994 77.9287347401859 80.19500893389059 27.398174826518616 45.351347063078606 25.342960705166462 70.98523203413926 20.640632493556232
2 4 	 # V Shape
127.30913725314095 72.19535939431188 42.18024122159014 90.01552989390247
81.36227780725176 88.64504040910909 46.226629320904806 73.00224142862905
2 8 	 # Alloc Shape
1 1 0 0 0 0 1 1
0 0 1 1 1 1 0 0

2 8 	 # U Shape
78.6893682682215 29.901806277282184 8.71650018813016 77.21265917992916 51.41372763116044 77.63081837371688 73.25950377922273 66.94330084009809
4.628206165483684 24.215566114262998 57.498768782116905 83.07629594291906 89.91241424753417 15.067675036868511 51.37814362890125 22.384603254451974
2 4 	 # V Shape
98.74596498972004 82.55140186627656 85.14573133805037 115.94970274393967
28.008984432012085 83.8311010387543 99.0866820784707 69.20032176889627
2 8 	 # Alloc Shape
1 1 0 0 0 0 1 1
0 0 1 1 1 1 0 0

2 8 	 # U Shape
10.113704628450193 74.52989130363186 7.380553414370006 11.243047544205142 21.460973798634598 4.86561054941469 67.26341017083782 94.94724425966585
74.57589740192756 94.20016503053856 44.537760484471676 84.23086734018904 73.5738243275534 20.71470306571026 99.98059460286404 69.32898837056895
2 4 	 # V Shape
82.82338217195262 16.400597531104708 25.946490523774358 149.36294816946972
128.2288809813553 98.07248177557697 81.64424427568365 127.90004215435476
2 8 	 # Alloc Shape
0 0 0 0 0 0 1 1
1 1 1 1 1 1 0 0

2 8 	 # U Shape
87.08763210038202 10.339442560834033 17.014726658399447 18.601626612673673 82.29096322979143 23.1143491599753 71.45545052417623 29.322581208022346
70.38448723164579 78.8090254290294 85.21060789254108 15.862762329689362 21.931818808350044 86.87618410117528 9.22812236806736 71.31599264164538
2 4 	 # V Shape
96.03022520854299 23.711020878949284 86.97601485821106 77.75678982555598
125.14372976709224 87.9209640727482 87.72138142147236 75.3569658413915
2 8 	 # Alloc Shape
0 0 0 0 1 1 1 1
1 1 1 1 0 0 0 0

2 8 	 # U Shape
26.119710351041824 45.4814142963436 65.98380333021855 7.024019595862441 12.11037133312991 11.397853786153522 54.63701930780087 50.54430245173934
12.327612160315438 97.0229689860136 31.463812917404553 27.06603855422667 11.674630038106526 62.30439574963893 78.25579165194613 79.58320538002333
2 4 	 # V Shape
57.04307821241726 66.34164164129615 12.134381445316894 85.41532739149952
97.75932126351982 41.91959303584575 70.35865805261707 103.16787097888272
2 8 	 # Alloc Shape
0 0 1 1 0 0 1 1
1 1 0 0 1 1 0 0

2 8 	 # U Shape
80.26011358065503 36.32175818846086 11.336389450138418 27.07736435818355 16.940573559642637 34.84807144034108 97.07717906586396 58.882856265270014
36.87607478864108 77.42269996683503 45.783896761886176 33.07136422734261 34.497254321337124 91.95643993208034 31.59939068794426 30.4020400200795
2 4 	 # V Shape
106.69059443262522 33.60648383122218 41.54935419942048 129.22550779796387
78.93316719203833 47.9822442701155 97.71579536537524 52.077732192597246
2 8 	 # Alloc Shape
1 1 0 0 0 0 1 1
0 0 1 1 1 1 0 0

2 8 	 # U Shape
3.691529907330915 49.02207556264925 70.0136899171649 33.69308265759901 76.3133885608469 77.50694051839696 82.72000056982262 23.14932996215181
31.39308290425329 43.8206458979294 4.871772125415186 92.46190639804425 80.46193496626768 25.494887602553618 94.99591754041163 6.105533905148953
2 4 	 # V Shape
49.108700825108556 80.3531725977449 140.43798833790368 103.39829300713102
67.96626016538028 96.60555136603251 89.9621149753964 100.87164659622377
2 8 	 # Alloc Shape
0 0 0 0 1 1 1 1
1 1 1 1 0 0 0 0

2 8 	 # U Shape
45.52806774168888 4.921694679047139 54.533573742579165 81.96871891191626 9.942236326476195 28.18519476615099 24.414117615689335 36.78224102940526
70.15798418826728 60.89798975342373 27.389537438138024 93.80040912532128 65.49935331376363 55.33921971635325 20.08792382416282 83.70769604849019
2 4 	 # V Shape
47.87435384008309 132.18370875596517 29.44317569363466 43.122792217627975
107.36347389207825 109.94733210315515 105.5303478313412 88.83178314671386
2 8 	 # Alloc Shape
0 0 1 1 0 0 0 0
1 1 0 0 1 1 1 1

2 8 	 # U Shape
41.842933488669466 0.5133196288353514 60.02047582750387 74.76288678480233 95.16479924911961 40.45455122877598 83.56823515026596 3.372147398535541
0.577914841277305 92.06257203423687 46.19327128521458 46.27994505944697 83.13682350604724 40.71296147439703 91.92127995947929 3.0843998069437606
2 4 	 # V Shape
42.11630410056668 121.32376513388594 96.34054114422483 85.72364609366983
92.378919800353 54.17085710668452 88.33072837429268 93.402016427766
2 8 	 # Alloc Shape
0 0 1 1 1 1 0 0
1 1 0 0 0 0 1 1

2 8 	 # U Shape
33.74558068613482 43.03765668191563 70.6845522964385 33.414557681688976 59.372557224617864 12.861184703919282 20.95169890154176 43.49032366808242
60.55029242713946 33.913728768048955 6.14695733504832 68.15662613980155 13.258332316524047 84.5055100551304 47.63561122298066 90.81966421591218
2 4 	 # V Shape
45.93252189669688 88.80524242164542 60.57133801057307 52.82421853513596
66.16912287013196 69.91560899883987 85.36818010244154 95.37881808531182
2 8 	 # Alloc Shape
1 1 1 1 0 0 0 0
0 0 0 0 1 1 1 1

2 8 	 # U Shape
0.10857366154954917 98.22866493037186 7.22726666816923 69.03474620685579 94.90799267674579 52.92622774152673 30.194769939522537 17.78941080748192
86.4087235475542 36.939679249980806 35.280502058395 44.56376366478415 41.413355982255986 30.74243236867703 2.782899528811489 66.82316997038991
2 4 	 # V Shape
98.26677912423183 72.65353922016203 118.81710359640923 42.67119666128419
86.6632646830609 71.35403072879807 51.171200731474684 67.48711197980097
2 8 	 # Alloc Shape
0 0 1 1 1 1 0 0
1 1 0 0 0 0 1 1

2 8 	 # U Shape
71.93516227801494 59.73617728257912 39.55232806909768 94.25491265887366 41.11061724011805 43.1523496186067 64.57256925908008 94.73636958052836
25.419097743476836 84.4261784038729 63.818240614727564 87.14290545267957 97.62270350775096 99.40969256570185 7.384333699789359 10.402026577446232
2 4 	 # V Shape
106.14324348756728 130.05766049017265 45.494820461551924 102.24537737255578
84.52762107566723 110.16154678652961 126.47094477776007 11.408803853886088
2 8 	 # Alloc Shape
1 1 0 0 0 0 1 1
0 0 1 1 1 1 0 0

2 8 	 # U Shape
7.546716328302194 15.793189446891652 44.09357516393786 73.62861257973462 77.64803941560177 36.65452697084414 36.830204303492394 11.576168844400591
52.94989693126817 44.65398169300608 28.71308049726813 2.0686333419911995 87.11321234269073 53.148798434842114 53.41271130073337 3.6479944168887557
2 4 	 # V Shape
23.295847543964502 106.75860086327725 106.91391587263318 48.370673990745566
61.13474658018385 30.347426890349155 135.78623402171544 54.11419033438514
2 8 	 # Alloc Shape
0 0 1 1 0 0 1 1
1 1 0 0 1 1 0 0

2 8 	 # U Shape
83.6635382041477 79.10300426680253 96.08043917551498 36.99811022792978 70.18325091114855 20.00690953407632 14.129428571800585 0.9975194212573979
54.63725015470741 18.477553899641897 80.13221431193011 50.86442115328299 96.03687715047865 3.493244682631047 77.91195697053635 14.54628954845213
2 4 	 # V Shape
134.88010907603962 111.57195369343995 87.22778318586026 14.398903919124253
67.24938588443761 129.10362105682594 97.78356345125091 90.1662628317291
2 8 	 # Alloc Shape
1 1 0 0 1 1 0 0
0 0 1 1 0 0 1 1

2 8 	 # U Shape
48.92794217538251 37.50518085695348 64.9321113197037 80.3426992437626 71.42724983268525 36.086753376422564 95.42011082287765 63.47206745139699
41.93103632078166 8.73090813647448 99.80711184429482 83.52763976351503 70.70636633746652 43.90661804919947 55.12928949997813 45.06829884845519
2 4 	 # V Shape
82.67926596047852 134.92947558843775 95.72641261061311 127.0907328173725
46.675387531193806 166.15750750375292 102.3114052090938 98.18625450348355
2 8 	 # Alloc Shape
1 1 0 0 0 0 1 1
0 0 1 1 1 1 0 0

2 8 	 # U Shape
30.56500837859366 12.844844572848357 78.73809911791811 51.67328977322268 28.157859714960075 55.4097051676658 41.980209972800445 75.97346718754075
7.045637791976511 99.04890733176549 60.42706221486917 12.10657776164864 71.28189229094609 77.30253426031382 9.442525142685698 98.4251702780108
2 4 	 # V Shape
43.04167350745444 119.49708244388503 67.76676699572191 76.16077733656027
101.05306881498552 69.38024489590256 112.90806655708698 103.63872796129559
2 8 	 # Alloc Shape
0 0 1 1 0 0 1 1
1 1 0 0 1 1 0 0

2 8 	 # U Shape
1.4281991928335236 84.12823341875917 60.08261990049161 91.41035191462925 19.240236054337256 88.2871287709745 34.66742123603785 98.67426303567605
29.811318744284076 36.75029883493248 8.64754278752754 33.73459502840848 77.13057959097267 79.42767721090989 46.11157872401308 26.348736200244836
2 4 	 # V Shape
84.41799914979036 101.58371679359061 99.35856553284063 112.58148269541718
55.04639609516522 34.79398774211432 104.49622299303269 67.44433907865583
2 8 	 # Alloc Shape
0 0 1 1 0 0 1 1
1 1 0 0 1 1 0 0

2 8 	 # U Shape
89.84341913649678 89.73986196975282 67.92017499841884 57.125238886202226 46.644293907169164 96.13132798966542 76.28517807871667 66.81906445930905
31.48100686473809 45.74282556709842 49.728615114824834 20.97370441299572 25.960867237795405 75.96799307455903 7.902158911464008 35.74170034083654
2 4 	 # V Shape
116.534013214543 95.07489058391785 126.93977945184372 141.99330441871382
49.262858154222265 61.01759514133447 81.65062406332619 41.99708847080746
2 8 	 # Alloc Shape
1 1 0 0 0 0 1 1
0 0 1 1 1 1 0 0

2 8 	 # U Shape
22.23210608008418 51.86526837177834 65.35150778849784 84.35236052796196 61.768439192643875 7.285666526534573 74.25906893594083 63.787566833626244
12.32822211962067 82.70924952778628 23.54273200114243 17.822170111277956 98.14655133646558 99.54968020720251 98.71284019579262 40.40055098903691
2 4 	 # V Shape
71.38745216164966 86.81563992793261 67.00679974762812 137.74875624949033
85.15368320952612 29.75069170450173 149.5157856335219 119.89880136076225
2 8 	 # Alloc Shape
0 0 1 1 0 0 1 1
1 1 0 0 1 1 0 0

2 8 	 # U Shape
19.55439673043845 67.20351550448137 13.323207335570352 91.30561876852717 82.15846188210918 77.33778488138702 76.87504809768394 34.58946677138691
53.32459636557374 57.529528236583495 62.517025182129935 61.76788561962421 16.696262842782637 60.31314763123713 89.24517550539866 31.213229008656885
2 4 	 # V Shape
79.31949561770226 96.00538727877169 108.4837165446848 92.60772228782777
76.31054902498943 95.60041507418674 74.76361456730268 90.27002889636665
2 8 	 # Alloc Shape
0 0 0 0 1 1 1 1
1 1 1 1 0 0 0 0

2 8 	 # U Shape
16.315135691699655 48.74519733844177 32.82818605864024 43.02370312669696 81.53078037797253 14.366481196110714 37.357535889373025 85.21374311652296
7.442722065385709 9.136381484863843 79.96889035050152 47.48537512570324 73.74398378165279 76.3841598215525 23.537059053167898 53.66031720107938
2 4 	 # V Shape
57.91403565291174 62.070168227137344 86.89559547712565 112.80706322385542
12.668879986543175 100.17712703477288 138.12478821830265 54.83144257836082
2 8 	 # Alloc Shape
1 1 0 0 0 0 1 1
0 0 1 1 1 1 0 0

2 8 	 # U Shape
3.1783176569080362 88.70012465671418 65.3470298569634 69.76192257066516 35.11645487205103 16.031593815902834 99.94963386783746 76.3660952832118
72.38986879641703 75.15105835818905 45.39311845013928 22.245578402151743 3.249626457153154 52.29925065334232 2.6694588912657746 96.49938065051327
2 4 	 # V Shape
90.97292492027294 126.46986288204496 40.682261622737656 104.854631553597
98.05653454643601 54.937683811845424 55.275363973328005 98.49274587919002
2 8 	 # Alloc Shape
0 0 1 1 0 0 1 1
1 1 0 0 1 1 0 0

2 8 	 # U Shape
97.20292452465273 15.481768021079368 27.13060538601613 39.43121691287493 64.3508204701565 46.79202071460532 34.663941413855014 75.56733179348295
1.1296446756449252 74.04175133641284 16.468228182230714 15.564934625881088 90.6678608801329 35.6878205449682 32.29781665491266 80.43900181460783
2 4 	 # V Shape
105.58724975394655 64.2583102618096 74.32147748040035 79.23893609715873
74.75776368131386 28.93781360816146 123.39189776020167 95.70348250355282
2 8 	 # Alloc Shape
1 1 1 1 0 0 0 0
0 0 0 0 1 1 1 1

2 8 	 # U Shape
3.296149029026252 54.0534391026675 61.38005331994566 42.025029147984974 41.29492918075739 46.493732119543715 6.135818658431525 8.510092031321935
68.31335802636512 33.34544927019911 41.2998384902606 36.281959784621876 16.24340524558804 97.67955247827018 78.14231973329817 17.527143039421244
2 4 	 # V Shape
55.904906646361916 90.6454154435815 51.10947529470466 11.881887451182683
90.16676660715895 71.40929432863597 105.32522830882175 93.41287019149458
2 8 	 # Alloc Shape
0 0 1 1 1 1 0 0
1 1 0 0 0 0 1 1

2 8 	 # U Shape
5.377615229721677 11.763679249057823 21.57903548537441 96.63449236185325 40.6610669948064 49.06638798917924 94.73395223127284 73.51497494360792
59.85934605071206 91.85129825513934 97.80983358358374 34.85879095698422 89.78989687476543 30.14789090297908 63.88985746747453 91.80971250169921
2 4 	 # V Shape
13.320358200835496 103.8349586281369 68.61430162026006 108.51401742717053
135.05586643397655 130.0343683258716 95.25157347858978 106.51400335481307
2 8 	 # Alloc Shape
0 0 1 1 0 0 1 1
1 1 0 0 1 1 0 0

2 8 	 # U Shape
92.22510410843068 97.29953296544028 35.29909357728107 89.43954723953144 51.62867466302964 40.570211318646166 84.12573477471955 31.87529521853468
60.510707924870964 9.056422787159358 34.38218725347366 87.42279230768814 47.428731688636525 39.055866305033994 64.46342064075301 53.43833998080741
2 4 	 # V Shape
135.4315622008688 122.31951699343131 55.50247999864301 104.45246302651458
60.610767724794556 101.69337925968549 52.841054562193655 64.73369313612457
2 8 	 # Alloc Shape
1 1 0 0 0 0 1 1
0 0 1 1 1 1 0 0

2 8 	 # U Shape
69.0385248506574 10.379122569562526 41.263767776301904 69.40143958503717 73.05545965984487 31.477088243129725 81.89416205835781 94.84764369382732
73.1767945167328 78.28710343625245 91.81762692540504 23.730361226274187 13.132364899447035 69.80082343912193 33.84319680424823 96.876709622145
2 4 	 # V Shape
73.6831300675184 71.67380637391413 95.80632604743704 122.17907719414785
143.78894555470634 110.58214939635309 78.14670275392554 111.05149210165558
2 8 	 # Alloc Shape
0 0 0 0 1 1 1 1
1 1 1 1 0 0 0 0

2 8 	 # U Shape
87.81268356968678 56.03351161595583 33.01808891874687 30.389977468415385 39.80772617153755 88.15387577365857 68.14854529381344 84.12060440190918
28.482648427461644 51.38756020482249 86.84686845519946 22.380652064988162 50.8616046009107 11.890222299976683 62.58519526257022 22.422381954619965
2 4 	 # V Shape
125.00571515660887 34.0343961796964 106.33040704411997 137.8070899844116
54.9358135718994 108.74694362027807 62.16991739462693 62.760339443280756
2 8 	 # Alloc Shape
1 1 0 0 0 0 1 1
0 0 1 1 1 1 0 0

2 8 	 # U Shape
55.45924864050462 23.09699664171456 58.75541610205873 10.624175813254965 94.45786400071637 93.79235770872654 50.81427464556476 74.95828248035605
36.8622252232215 14.843302672442293 23.780270000065762 50.4328021916368 79.11423086897827 41.626213412319444 23.23060980024887 13.977353251086866
2 4 	 # V Shape
78.2618546047976 65.45090371938527 132.02357650802725 83.39081693035085
51.095846543936055 57.69187145715938 107.09918583183234 31.343666473159136
2 8 	 # Alloc Shape
1 1 0 0 0 0 1 1
0 0 1 1 1 1 0 0

2 8 	 # U Shape
86.61058620286185 42.658942781938805 4.075013083297996 81.368796201336 15.119740180817942 92.43429079903275 68.24131678507192 63.69490137816626
95.00959995417999 55.07863851522893 62.71585998549046 82.02468863831533 62.06912512702858 43.62513970467072 9.776334114099171 85.43503371415001
2 4 	 # V Shape
110.42142711951536 84.71510182735851 99.14443798453983 96.44706660410128
115.43267001259649 98.7329505945481 105.64306840386224 93.29283161215778
2 8 	 # Alloc Shape
0 0 0 0 1 1 1 1
1 1 1 1 0 0 0 0

2 8 	 # U Shape
4.849367188567655 51.10115822528931 84.48231104963206 12.97352082378066 63.47519904109888 97.43892145688115 76.31109940338148 27.804586137104458
17.457695859186316 44.73079096470419 39.17527537684169 64.52301007284036 40.827225438630165 72.53054012973699 13.648454005435163 0.3890336222522439
2 4 	 # V Shape
53.07658974235421 89.94663643325909 122.58610006516322 100.1645127296851
54.7604524228869 98.43388138442374 81.49925667437527 13.97402338440482
2 8 	 # Alloc Shape
0 0 0 0 1 1 1 1
1 1 1 1 0 0 0 0

2 8 	 # U Shape
80.06146956988084 42.049626862925585 38.177936568683265 21.587663711103154 94.31686396015063 59.8491963781906 57.4233722957004 84.33659847981303
46.61570598406117 33.98649836496028 88.19729400182824 26.477731932382532 47.269690016605956 22.913285641460888 58.77677619280156 3.9713354256177613
2 4 	 # V Shape
86.16818082720468 46.69325449064251 136.83411519838614 95.54992168605926
77.39595351854769 112.10733963417822 61.241324395981266 61.493605847971665
2 8 	 # Alloc Shape
0 0 0 0 1 1 1 1
1 1 1 1 0 0 0 0

2 8 	 # U Shape
34.67273383504269 98.04397175882231 85.90744359076426 67.8634698429563 62.993605095478564 57.59690739280546 7.9007575821102405 31.818802821378668
90.0176784607868 23.42174291557856 45.69763296105798 57.00868108784138 79.01136246207011 13.737197416955304 15.952298565376422 26.367806262992943
2 4 	 # V Shape
112.87447450936907 146.30503099566616 91.74403250333458 39.018122338051356
105.54776656964168 93.41001215598641 81.25735688794724 36.45451160948857
2 8 	 # Alloc Shape
0 0 1 1 1 1 0 0
1 1 0 0 0 0 1 1

2 8 	 # U Shape
37.76614401801748 48.184583707288475 55.85478857825085 91.50517016965863 43.33344000053157 26.930412117459078 38.14171950398225 52.23478520757351
47.10253141732345 75.73642340667459 45.92093717836308 64.03086001386426 26.344189772929727 12.990403741750999 98.12254279919163 22.894366522006017
2 4 	 # V Shape
72.40595594960566 109.74264099224085 61.24371178966414 79.19896508752143
82.08527768002924 108.69553223592004 34.3158166343407 117.98939842744505
2 8 	 # Alloc Shape
0 0 1 1 1 1 0 0
1 1 0 0 0 0 1 1

2 8 	 # U Shape
88.96847171887894 78.88607828770844 18.302002673186692 65.3664019343557 52.81976580579377 53.89872794036326 52.59702498830878 27.20164371025866
68.06053738904444 14.095685216371944 98.61935173782508 55.398167339021875 48.86147720730961 64.47653279268495 73.74546818328662 82.37847147330736
2 4 	 # V Shape
161.24048377494947 68.95558200475875 67.84913640503129 66.99830765293636
73.01525508517386 152.7008708515355 84.39601775315592 100.05556278751209
2 8 	 # Alloc Shape
1 1 0 0 1 1 0 0
0 0 1 1 0 0 1 1

2 8 	 # U Shape
81.47231233889894 0.7788949212006124 86.27053025021641 0.5337760388339441 90.75556319242466 8.877641824057836 83.0482620209978 12.15405557604008
14.142618224428638 44.35079686648753 20.556677485180696 34.48463137602632 2.0282254310653003 15.664937945634872 24.883942236707036 67.25807214820941
2 4 	 # V Shape
82.07138129725318 86.30370567681616 95.5333987019453 93.43113835529397
47.622836360520225 54.90738305533714 16.752570539881127 83.64680380431058
2 8 	 # Alloc Shape
0 0 1 1 1 1 0 0
1 1 0 0 0 0 1 1

2 8 	 # U Shape
56.74948906111085 63.90505963136095 85.12767492710186 64.44211729999802 92.85850965170167 40.757572685225554 66.26957868143117 29.403409667144174
32.827284457582174 12.350288950972155 36.599381686845334 38.502908206408314 3.1083959953020934 56.73201113621103 4.370962874230044 66.62755418675935
2 4 	 # V Shape
68.10835886828215 91.9180965612797 115.90527400775693 84.83595008781603
42.55199234690611 49.91839033377896 59.21606656040973 66.6912410846595
2 8 	 # Alloc Shape
1 1 0 0 1 1 0 0
0 0 1 1 0 0 1 1

2 8 	 # U Shape
52.557562607596594 87.90626152945153 18.71543491297867 20.367244387449148 73.26487903747011 11.52016237892447 27.848889363222064 41.94252113776701
32.9871160023299 36.18127313947021 5.036854908645994 32.12435185993807 3.7272166793937966 65.9483358390246 90.89803489477048 68.01592710141719
2 4 	 # V Shape
90.67334857672317 35.592797878421905 78.33133887974174 67.00294307538705
46.28774964644734 33.11013222967921 66.00586483468892 145.36729589163932
2 8 	 # Alloc Shape
1 1 0 0 1 1 0 0
0 0 1 1 0 0 1 1

2 8 	 # U Shape
95.21949296133586 31.094977412235792 16.73317657881368 26.07167956523958 58.50959577681495 2.2939171067566044 55.78247213996163 82.91850861470206
83.73068587732735 94.70741397326333 25.56294427072141 18.385574927584024 13.926903190520868 76.40368034344269 84.10509109265182 95.59911241065491
2 4 	 # V Shape
114.16068830854033 39.777936067619414 59.73160366957504 133.74891879935652
165.34372674874598 34.12765681789288 89.34343333063855 111.4489718684862
2 8 	 # Alloc Shape
0 0 1 1 0 0 1 1
1 1 0 0 1 1 0 0

2 8 	 # U Shape
12.55028447016896 36.71790956889696 99.05511079843875 79.26296226595666 57.96042785469413 10.228250346310851 40.693348627895276 27.994042917023044
17.250690867537255 7.7740071301644615 84.77487240517088 21.522777094979052 98.41327929691678 6.92837004234359 35.14170866250767 62.296998882072366
2 4 	 # V Shape
48.92488479005976 116.16836349475591 66.40717987449656 54.8368875971416
23.03201773135993 101.59132509680167 103.34266339319689 90.6073264898194
2 8 	 # Alloc Shape
1 1 1 1 0 0 0 0
0 0 0 0 1 1 1 1

2 8 	 # U Shape
81.59649024242395 6.538496386037829 58.691394181445965 77.91765591953269 52.72340016810365 55.42028437184232 29.28231205477192 10.867283098297609
83.94744709489107 16.235505050150334 1.673773816404267 32.658713591145094 48.407720028137945 58.55985918965882 7.439748689703707 23.62223442323913
2 4 	 # V Shape
82.77123557862731 83.96091628147735 94.03272566922941 37.90192363466529
96.60441107653897 33.58851953741822 91.51229246127673 30.583301183093337
2 8 	 # Alloc Shape
0 0 1 1 0 0 1 1
1 1 0 0 1 1 0 0

2 8 	 # U Shape
11.451371740036553 78.58559491999 91.67489417407467 50.700771577289615 0.39579340369685356 17.413792811080775 68.1347146256549 81.9904409309537
67.08062240340861 60.549598457385954 83.23635974968683 87.68725494762974 95.83463543839427 23.44430931500415 64.04160129374235 50.70736527645057
2 4 	 # V Shape
81.7854453727005 129.53826499807207 17.765447087796012 94.05480144164903
86.22356181436868 136.4656827630182 115.50787770163511 114.03552193048769
2 8 	 # Alloc Shape
0 0 1 1 0 0 1 1
1 1 0 0 1 1 0 0

2 8 	 # U Shape
95.64037243121011 80.63351864054702 50.6457572018151 92.26505637946264 76.2317453894699 29.421114385688853 20.094422983393024 72.55927550867588
24.108514438508145 0.849299920755664 41.72688484518821 29.307218272378122 31.36508778283539 25.788421491627524 18.198337123765075 75.44773247532763
2 4 	 # V Shape
162.34373651278003 128.955182385961 94.07421848360752 78.24513289151018
24.735006742884682 52.589570091171815 40.40935720729688 86.77120822642775
2 8 	 # Alloc Shape
1 1 1 1 0 0 0 0
0 0 0 0 1 1 1 1

2 8 	 # U Shape
60.810495098685365 78.85912947917711 42.47517722789473 36.505543099497594 84.24872011093308 5.487437873625678 58.231133898279474 64.31163955636259
40.7581579887758 78.87979284053284 5.431677027404014 49.21265094196593 6.6049882196656196 81.66344887681224 15.077796812435839 14.604839695723415
2 4 	 # V Shape
96.83696980854566 59.33937478820063 85.28379366839181 119.31005924807971
83.81349802609793 54.06956382275062 83.38535564902018 20.144348537055055
2 8 	 # Alloc Shape
0 0 1 1 0 0 1 1
1 1 0 0 1 1 0 0

2 8 	 # U Shape
30.199937697792677 28.140870685067377 12.702042380751355 18.932561505512613 57.75616406068686 81.55319876403327 46.103059160628455 50.520173858919826
73.37814193098676 46.27598219936294 96.42096519247305 35.99377198468954 5.343027289491897 90.86887082512467 31.16181251818012 52.37780000376371
2 4 	 # V Shape
51.67827153801121 22.59608985749975 110.64513574262631 95.15090740008337
111.13874321472484 129.75712391607962 96.18810571918215 83.15016768400214
2 8 	 # Alloc Shape
0 0 0 0 1 1 1 1
1 1 1 1 0 0 0 0

2 8 	 # U Shape
99.95423303276044 48.024325618263255 62.14885340365716 67.72555633403468 40.49496127577282 15.300268064243227 49.840739785693856 83.75421203726819
43.8138212874288 82.31714576971991 84.52313091888367 34.908067997115225 14.26226587230327 31.556085426878088 13.400538945735907 4.966297987076507
2 4 	 # V Shape
134.84109141419023 107.68616162311957 51.420423260940765 104.5069256595196
110.97865491980839 108.83267124918183 40.62703470236853 16.37641466042992
2 8 	 # Alloc Shape
1 1 0 0 0 0 1 1
0 0 1 1 1 1 0 0

2 8 	 # U Shape
91.6774001040587 50.753038929064346 68.73890863741167 14.767356629896888 98.81013155849976 31.455518135723814 10.41728379369422 47.289428687403735
96.77584161176976 97.74154588955038 84.03771818430906 91.00763703383369 52.342030816456585 82.79934208702677 1.684792798073953 83.34785826997292
2 4 	 # V Shape
96.2520394899754 75.2310044912371 119.87929429645757 50.80222756903089
111.01535008317857 135.9849756645168 122.77051702277348 83.64263763798932
2 8 	 # Alloc Shape
1 1 0 0 1 1 0 0
0 0 1 1 0 0 1 1

2 8 	 # U Shape
30.93077786618059 42.884581822581644 45.105622579594026 85.8006547459609 43.12190347313102 88.78495841942109 86.370896757457 78.1974959079509
51.74462451651834 24.086018740762306 53.40568368462846 99.36318840106036 37.78755811206115 43.135749507854456 80.70632344809997 84.63310181263928
2 4 	 # V Shape
62.544236838550596 87.82339551565232 112.58527436692475 122.23804748662616
74.55798692151205 141.2798600952162 57.57145189887437 152.9693544945085
2 8 	 # Alloc Shape
0 0 0 0 1 1 1 1
1 1 1 1 0 0 0 0

2 8 	 # U Shape
94.45974930107717 65.20478895407412 96.91827251972582 46.186513013580196 49.90796012025469 70.91141436228352 23.66200884844337 42.05499347662509
57.09739153517087 78.01814086827663 74.87313588625985 1.0620749323776435 79.70024658124731 19.04370821357686 73.3952239576243 99.68414552338733
2 4 	 # V Shape
114.76800639673934 126.89719283222209 96.29957039199381 42.432039538681764
112.48892677171764 75.2318028777212 92.0747473020024 110.31327816565468
2 8 	 # Alloc Shape
0 0 1 1 1 1 0 0
1 1 0 0 0 0 1 1

2 8 	 # U Shape
92.11328819881463 59.73680129925133 92.35205694247148 2.6367177329156832 26.0292349291249 11.049492658791937 82.65340849573532 26.320340924180783
50.80810161897118 8.83108998968163 77.78424572262307 87.27726353360565 98.13790511533415 85.06801432368339 13.592075114631552 36.80850726788173
2 4 	 # V Shape
141.99967126918935 94.12486081325233 30.37020361200196 88.3640827587012
58.51845673013105 158.84920182912677 103.45144126295267 39.50751433578855
2 8 	 # Alloc Shape
1 1 0 0 0 0 1 1
0 0 1 1 1 1 0 0

2 8 	 # U Shape
6.993207536353896 76.6474131692774 14.269161110241646 52.408079178449064 49.59956616147897 29.57802155658117 80.71423365698499 15.656056916651927
98.31327927134016 31.555749343726713 7.053481592728483 64.01164474474314 86.72647337049303 62.501663504917296 31.926682310943587 24.096217245387507
2 4 	 # V Shape
80.51615436325609 54.151714998486185 66.0820751614509 93.5079960833405
101.62789210064193 64.90053975080112 93.47702144756914 46.51879025418321
2 8 	 # Alloc Shape
0 0 1 1 0 0 1 1
1 1 0 0 1 1 0 0

2 8 	 # U Shape
27.606647086474233 72.77500518623283 19.691651112980956 33.52523549848206 37.27160384040392 51.923430499441245 32.683300760100806 17.398465806298123
44.46631035060312 56.24124863242761 57.47228426969717 77.00278946211318 38.72716543922083 30.919565483329382 25.431547950729005 52.59374330222043
2 4 	 # V Shape
92.35165732608749 50.802228340766305 61.887633752070656 39.264818589663136
66.3279922793856 82.72973113487949 53.53940593137109 64.46942716597776
2 8 	 # Alloc Shape
1 1 0 0 1 1 0 0
0 0 1 1 0 0 1 1

2 8 	 # U Shape
8.9566616204782 69.45630799709954 20.29136935615562 74.87375937534011 41.72363429988635 20.12323219532446 68.29343298923278 66.23853391215209
33.58652284824234 25.3649972284279 81.08952565774992 15.49192492205792 74.53597306896737 44.193827268466656 62.782747831766684 86.32789073830409
2 4 	 # V Shape
75.17166029802186 78.67792231597853 57.97039094071942 78.08912566576083
43.65416060742233 96.45910285959447 116.2749801075579 131.23394811548062
2 8 	 # Alloc Shape
1 1 1 1 0 0 0 0
0 0 0 0 1 1 1 1

2 8 	 # U Shape
60.29141974879314 80.26834884860857 1.3860720497423373 81.21736831636555 85.96812631812239 2.8482832692325655 26.147414992130557 85.4346898543683
13.998516404109084 47.826366602740066 39.5247581953833 54.68809255784538 79.68753963562996 55.982619082156845 70.04989034633327 52.29036596996153
2 4 	 # V Shape
103.69249802836994 81.44597539024001 88.07420279528824 110.93565726959766
58.51064683967153 71.99303188948524 80.92073637714464 121.24030873262683
2 8 	 # Alloc Shape
1 1 1 1 0 0 0 0
0 0 0 0 1 1 1 1

2 8 	 # U Shape
43.06879308265606 43.34030351093493 84.83557355459068 56.56712189336898 58.0853652459633 95.97309822126049 38.587829562146105 86.67724541860139
81.1168397478425 4.696299124450332 40.383572418113125 53.38445128416043 9.965632163455107 26.067757753890376 57.855975305188245 10.80471547003803
2 4 	 # V Shape
75.66249089228292 117.39960883230547 122.85854758703002 108.09729070987308
83.83369842715912 73.5566911276803 26.14848493646104 61.08263696168307
2 8 	 # Alloc Shape
0 0 0 0 1 1 1 1
1 1 1 1 0 0 0 0

2 8 	 # U Shape
68.34995656005886 3.630785459940622 82.42016061998625 23.08165449822952 4.863103717867723 58.3267296850923 42.76539627954138 45.709249772605446
62.456226818946945 97.47741229619787 48.027010913023815 22.133471904458034 40.671553237805455 28.691262552805174 3.065393012214901 78.53966531621434
2 4 	 # V Shape
68.6914990866668 102.3359919649568 59.805138398729326 77.674201409235
122.79095834926284 55.18159518510922 52.98790517034387 78.87189737179628
2 8 	 # Alloc Shape
0 0 1 1 0 0 1 1
1 1 0 0 1 1 0 0

2 8 	 # U Shape
25.651264620690196 99.97678283722557 45.487758652547626 9.680514395676344 70.10777984670901 45.371340474964114 56.24246426711771 26.00810882069844
59.32235227132089 46.4812388234184 93.86886910802565 15.80282853658842 43.15467146173045 95.92850403158685 62.232754177241645 84.53106811133124
2 4 	 # V Shape
109.11919366076609 51.15876451514719 110.15830772593517 60.879841327058486
74.05898007078667 105.67228671482955 132.5647705195414 108.96142071023937
2 8 	 # Alloc Shape
1 1 0 0 1 1 0 0
0 0 1 1 0 0 1 1

2 8 	 # U Shape
74.37300925463984 88.780435109868 52.74528513583257 41.94088278331368 91.57063960444745 98.05651946927274 61.779178805595535 42.85525755130666
10.647683488645043 91.30375882934487 16.255457172622922 57.1126880253296 93.50224109674168 82.50106023938262 17.606780445491598 87.02031743805166
2 4 	 # V Shape
124.59762434476764 54.70374639333655 176.35537920224533 92.5752411581028
100.93584873400701 73.08843914217049 105.88276397212837 100.27904078114487
2 8 	 # Alloc Shape
1 1 0 0 1 1 0 0
0 0 1 1 0 0 1 1

2 8 	 # U Shape
22.780508482924333 49.0025492905345 48.75739144411202 49.62687831238508 9.038498084645063 70.98857081466821 57.04937335511231 84.02543217845992
55.925692560251484 50.978447503450575 1.6844944173246112 17.635850598421143 49.31497563952127 55.219652840830456 27.699772444164473 34.95543105479262
2 4 	 # V Shape
51.4911078843558 75.53036062046392 74.98306579556497 129.40422904067907
102.55518723500234 18.772808947747368 70.68239309609285 61.08816657366992
2 8 	 # Alloc Shape
0 0 1 1 0 0 1 1
1 1 0 0 1 1 0 0

2 8 	 # U Shape
39.5239364849537 65.03539374749842 19.531771455662607 97.64359458097823 8.611119869524497 77.23817739749327 83.38100185827108 90.21946287357979
70.52870314177096 95.97808781447151 98.06336595315518 65.6419998684072 4.2966266641294215 46.471812397398416 57.30978651793912 77.6701430369934
2 4 	 # V Shape
97.47177535315781 99.67873180520061 82.30106083620467 139.93949305811955
149.68002392778635 155.0182185835026 46.96637354332202 82.5020933750826
2 8 	 # Alloc Shape
0 0 0 0 1 1 1 1
1 1 1 1 0 0 0 0

2 8 	 # U Shape
89.8806572367984 41.713189039220964 92.92847443442648 51.03018990386445 18.82184492328427 73.18057606542459 24.612510932117715 91.03883648526187
55.904665332717904 41.13207615571076 97.72824012892954 68.37088246807873 97.71118925147255 59.72003447276797 63.19434331861622 48.0416448675352
2 4 	 # V Shape
101.59854888196108 105.2708547959522 77.81217128004653 109.66316152944233
95.5473543119457 164.65314353852688 99.95365196951602 111.06978956459773
2 8 	 # Alloc Shape
1 1 0 0 0 0 1 1
0 0 1 1 1 1 0 0

