2 8 	 # U Shape
62.97576132346906 85.992408065359 4.127256531777368 74.25662209096899 57.04173584583558 3.4313193539459386 21.551321485037846 48.75690166087345
27.270585709625006 11.906343398625586 29.963408025747995 37.78540587647867 0.11238999495335467 47.76318115108378 52.46712967458921 4.645720711872503
2 4 	 # V Shape
128.49540953395436 76.71399021808365 59.45478882802707 55.97371599349039
33.013965389416455 45.02458794227812 47.85573250889557 54.73195374997508
2 8 	 # Alloc Shape
1 1 0 0 1 0 0 0
0 0 1 1 0 1 1 1

2 8 	 # U Shape
44.49960661200688 88.7982434157199 79.72677299953102 6.797872826362639 96.07877564667781 65.92053923760217 71.87760832244346 74.35767651340966
88.77363518856369 13.394566757579296 77.69745806055802 83.7991512195325 82.93047639084283 2.9156996519808853 39.037449127658455 43.725199216804086
2 4 	 # V Shape
110.1297945130553 83.17416006732607 153.40134626871443 75.48015095596857
101.28814780908323 116.48770894442161 84.15281108743908 45.50773246718597
2 8 	 # Alloc Shape
0 0 0 0 1 1 1 1
1 1 1 1 0 0 0 0

2 8 	 # U Shape
64.98507055370592 72.51533665546762 91.2999173370326 27.055332126271338 39.25602188370111 67.48556335160484 48.8694009876973 52.43967382988608
33.12980782485101 95.8990709634066 23.066957477757622 76.1436527426634 15.913789767122088 98.0634454293083 25.036947792528064 15.83760130470605
2 4 	 # V Shape
102.38068125885064 114.33550981493144 82.80025685501165 73.53839157226084
100.94024814007577 98.80689055830742 108.1689921699986 31.02031236579836
2 8 	 # Alloc Shape
0 0 1 1 0 0 1 1
1 1 0 0 1 1 0 0

2 8 	 # U Shape
84.65414951170503 85.88620568468966 31.050361394319147 11.938639397855333 52.09594813305007 44.895006829702844 89.72872749318091 49.310233858652666
50.447751799159114 36.51236493904061 78.30061210921407 94.79230192085654 13.00150130737544 66.11126735260707 16.373230849016775 30.893876440744794
2 4 	 # V Shape
88.71110159408114 37.22437294977496 72.71409471761075 103.97084774759892
61.86035802816987 170.1982071465723 67.56521788553505 44.1793745171561
2 8 	 # Alloc Shape
1 1 0 0 0 0 1 1
0 0 1 1 1 1 0 0

2 8 	 # U Shape
44.9200041244199 39.518797088739056 69.02722312738483 69.8589087703895 60.54036425444518 94.33671775089346 37.04075485505709 2.62549322888882
16.617830223495844 55.74574421886089 44.31606919654981 99.95560109207652 31.771201485178846 91.13352907042231 86.2652821469039 76.41976405374453
2 4 	 # V Shape
77.151775824537 114.62610539249447 153.8994176346845 37.805540910817435
67.0680808074238 116.24405377546627 99.39170789811375 149.64386415959237
2 8 	 # Alloc Shape
1 1 0 0 1 1 0 0
0 0 1 1 0 0 1 1

2 8 	 # U Shape
95.6188272045114 98.68104591813473 82.9378843353453 53.788945969180176 8.353762038601175 31.388748900192965 10.611344922958054 20.490864579387015
32.551839631228006 50.16089872551187 87.83187538109141 26.1008943361129 53.01367725528584 84.38626421168804 13.65644864046166 40.022401028929956
2 4 	 # V Shape
139.94197673916022 126.71986957409189 39.62793129592683 24.81192036525236
82.20117864198468 98.63780945662302 115.73521831041332 50.55665854914519
2 8 	 # Alloc Shape
1 1 1 1 0 0 0 0
0 0 0 0 1 1 1 1

2 8 	 # U Shape
98.68105563430491 53.974519649749055 49.730707772250035 89.8127378005123 96.1526851217467 0.2205093485656895 83.11018280041694 55.726111778643514
93.50166956280363 71.84412414969505 95.80848088622251 75.91504901990412 26.389422589032495 13.575153226767522 90.15894457842273 51.607324791665455
2 4 	 # V Shape
106.80764882393731 136.79347879373418 96.27838603533588 127.38084115999186
102.79892432818113 119.03590540896836 39.117089844166834 110.03999240130281
2 8 	 # Alloc Shape
0 0 0 0 1 1 1 1
1 1 1 1 0 0 0 0

2 8 	 # U Shape
18.261776061642387 39.110338664312884 36.02030767759318 39.79421629995827 99.02168554955388 19.874258373635488 36.92533101705139 76.93942246513328
44.54704572227711 55.627020498289305 76.38007314854575 99.97833836496167 81.7925096622923 43.895814172745396 34.19766060842667 33.60116871555001
2 4 	 # V Shape
41.31155875919775 48.74307973180488 117.36323204152275 94.43299626319848
70.19090096717494 139.11388934967306 102.68855811371891 38.93989305795256
2 8 	 # Alloc Shape
0 0 0 0 1 1 1 1
1 1 1 1 0 0 0 0

2 8 	 # U Shape
97.02577363167124 82.45667174362886 98.20478879082061 75.72085834541708 56.62190732315223 66.0075429945042 71.10063077710511 89.20018423338229
76.33009156389285 81.51096134360725 56.50810842321234 13.393920659096125 67.19379295737721 95.06046337243299 32.79439120232907 64.16318526881331
2 4 	 # V Shape
158.36864866576565 134.99434410526737 94.16837409006799 155.10738435327568
108.35931604488863 56.901103608308844 110.9537552050219 71.54613526355288
2 8 	 # Alloc Shape
0 0 1 1 0 0 1 1
1 1 0 0 1 1 0 0

2 8 	 # U Shape
48.77869949917194 43.93027593735299 44.83062114960561 53.90257288000539 89.99656268160857 55.006349132994345 10.56996731164247 41.4781066043323
46.158030373513405 66.19461387056359 35.08440917364801 96.81178905513482 38.85412936157757 47.60036206177085 31.039469956590537 34.321319277858464
2 4 	 # V Shape
67.82756415369502 75.61663414244563 102.1305064730291 42.881659465563764
93.32393987430143 99.68927974369316 68.14644196133588 53.28299425941381
2 8 	 # Alloc Shape
0 0 0 0 1 1 1 1
1 1 1 1 0 0 0 0

2 8 	 # U Shape
69.88609124663937 43.93958897820289 65.57870191749669 79.69503778553548 54.839396345846005 30.525118653194472 32.92105645054222 21.03960741297344
78.74584000566249 40.418223421314735 70.98663774109556 28.761505143554068 28.61254028906376 33.33160111450552 50.542597062890074 92.18198185756552
2 4 	 # V Shape
82.11426004672866 127.76713195267794 84.22166630461338 44.655379298461554
107.45247547693856 77.5479612577339 50.48201409604555 133.3122110498059
2 8 	 # Alloc Shape
0 0 1 1 1 1 0 0
1 1 0 0 0 0 1 1

2 8 	 # U Shape
9.742238065454167 95.92018521013217 31.996704343257644 51.85512426819253 98.06771879922114 51.964300198878746 47.49707535840345 78.23813359275692
23.182207602770333 56.00340030582003 84.68887605987125 4.579799024276521 71.56000840545458 27.113327525419308 13.102386658070476 20.381257233103977
2 4 	 # V Shape
100.03183519932448 81.81353619706196 99.27750235660976 91.12016020093344
76.49479597289329 86.46026663938346 76.02737552475995 21.78398214995176
2 8 	 # Alloc Shape
0 0 0 0 1 1 1 1
1 1 1 1 0 0 0 0

2 8 	 # U Shape
98.33243751558938 41.79280379245019 95.09063075044133 39.475997215181934 40.27422063230124 9.500749515849582 82.24646958272437 30.100281659587715
59.96990456405016 59.60146463264056 48.35509248572999 2.785164147033614 29.6265013402216 90.80891472259323 53.89430360358843 14.604689707378437
2 4 	 # V Shape
133.78937584678062 118.56659545253149 48.5229832996155 88.05417053926186
93.42753525384458 50.57777435790118 114.24399801469976 68.03147540574129
2 8 	 # Alloc Shape
0 0 1 1 0 0 1 1
1 1 0 0 1 1 0 0

2 8 	 # U Shape
21.967653244891704 58.536335827608795 93.68017620385145 37.79943326955117 39.891825103831614 25.489406115948388 47.45927037209554 70.96728202183978
99.79749206347023 82.52534198698488 79.64383755676086 87.87473592978526 48.90145816115181 18.91453477375682 7.993592157753948 50.56962054621312
2 4 	 # V Shape
77.0761452364493 110.00822975756847 64.2692691744909 76.81498582798075
127.85471227786931 90.47845151294537 67.34792337566682 53.192791303195634
2 8 	 # Alloc Shape
0 0 1 1 0 0 1 1
1 1 0 0 1 1 0 0

2 8 	 # U Shape
96.30782631204826 97.16108939526175 84.2755744700984 68.06677715336265 38.697867997182996 80.67642480862685 44.89546808459046 82.50367680393472
37.213268079626516 61.74471079448271 83.28807052679319 34.68428953323115 98.6402560083664 74.83693101128232 89.00192795623923 41.30905155366113
2 4 	 # V Shape
167.5197962632444 103.1475424642934 95.06427067604784 86.71171054741909
89.67900167899441 107.2000518777753 99.53792312912782 129.2602115907218
2 8 	 # Alloc Shape
1 1 1 1 0 0 0 0
0 0 0 0 1 1 1 1

2 8 	 # U Shape
85.43073703968071 69.52355987257289 65.53202310456194 95.96899257803977 15.695889679805964 90.7087458342412 52.709420449855095 2.4895254380492893
41.87584016466004 63.717042520588876 75.90490461966841 10.100931782057076 98.6326687099734 5.655169101433577 56.840144374628466 84.8607581536406
2 4 	 # V Shape
102.01885961697447 117.82289702480603 105.82497778328816 53.046482416413454
104.68878051165044 85.87056290290815 99.6634708685139 127.43196588415748
2 8 	 # Alloc Shape
1 1 1 1 0 0 0 0
0 0 0 0 1 1 1 1

2 8 	 # U Shape
32.2579470879054 53.57596957155019 90.91186254156536 45.07525162294409 91.95250031170357 2.3922000044225844 58.048124263458654 85.33678105193181
51.13724455314088 41.100438095399774 52.28319559864932 77.90957336193499 25.10005202148362 53.69475694218927 63.7598158324675 33.31523586818766
2 4 	 # V Shape
58.12041756677312 113.39811095758228 92.29740422053813 118.08243484832752
68.82389962098267 111.74800619640996 61.702827840209316 81.1201442475072
2 8 	 # Alloc Shape
0 0 0 0 1 1 1 1
1 1 1 1 0 0 0 0

2 8 	 # U Shape
32.31953928000878 98.43054433192336 97.32739594567366 75.14060402278513 88.768862553539 3.6209049957290795 7.942712004917285 52.84491960933184
49.145766063479776 58.62854140135444 18.083056906889226 8.694092737345505 65.05337174154593 35.735104686447336 20.35614521184487 35.610778440566484
2 4 	 # V Shape
120.26510111838763 161.78585614310714 91.47986092943385 58.974321815581035
64.156584345442 22.910516799533394 89.05922382349925 39.78454189862087
2 8 	 # Alloc Shape
1 1 1 1 0 0 0 0
0 0 0 0 1 1 1 1

2 8 	 # U Shape
41.31233059690578 11.095754549925152 38.31155019465567 70.9565749734559 1.3735479882087342 14.06772108804335 53.18743200788326 69.27443230515622
98.7691945326875 68.7530869661141 67.5121309425067 18.47819267629004 57.77284643635119 78.36963784889386 88.82789686495923 40.280832379101305
2 4 	 # V Shape
43.224840150973165 105.48152569286555 14.402774687907298 110.02915357493926
153.67248243511185 68.3691547763803 118.00433894901859 107.92241512539786
2 8 	 # Alloc Shape
0 0 1 1 0 0 1 1
1 1 0 0 1 1 0 0

2 8 	 # U Shape
78.15533790096553 34.76150840029939 3.067423397202984 84.22802328551367 5.815194552282266 84.39229920815335 7.7487786422904215 13.223299042229131
92.30754003276847 49.21892048479734 47.22613175423634 83.99801376258111 68.04495159265784 79.64861702261811 79.86400795064016 63.59438858608218
2 4 	 # V Shape
96.35056831549454 85.71928780733171 87.95258755110204 16.548869225461132
131.55408569650382 86.13192986481141 129.40929509706217 125.82671531557612
2 8 	 # Alloc Shape
1 1 1 1 0 0 0 0
0 0 0 0 1 1 1 1

2 8 	 # U Shape
77.28627697056622 41.00941861607736 74.14746914323703 57.94287127639892 92.70066820476197 4.995108986220442 60.15322978465753 47.23490650959386
73.28196283491663 86.22322704573455 77.08847238149471 7.724514111781067 40.70048683716573 50.429608890667765 29.67686176241259 42.29218986617268
2 4 	 # V Shape
112.39597208876978 88.30826373190787 94.2568971586123 90.28028415468147
87.92150177602747 79.05740242612283 57.90958750641306 62.27784206446286
2 8 	 # Alloc Shape
0 0 1 1 0 0 1 1
1 1 0 0 1 1 0 0

2 8 	 # U Shape
67.8124458353275 25.180364676431356 68.32848503668212 71.54936048182559 96.06445493063156 86.37938442015538 81.72043351689457 23.332432888524924
58.902632672277974 73.51508970634559 92.44426707062911 70.91197706580695 74.20116347832571 62.817263822228185 36.15584041444052 80.71930522950419
2 4 	 # V Shape
78.61786765930586 115.86520020597523 144.97729421838184 100.1495348271087
94.94934408310988 138.44306716151283 115.64358231169552 109.32828546582029
2 8 	 # Alloc Shape
0 0 0 0 1 1 1 1
1 1 1 1 0 0 0 0

2 8 	 # U Shape
62.57970842277678 75.4325066554465 80.81806418508299 63.99421941117376 43.48634278587159 67.46841100095737 33.74990727014665 16.61943629465068
24.423287064238675 5.679112264987484 47.55420297716908 86.33873348881487 51.004472214769116 69.34461779943943 86.80322979483627 98.78164497309608
2 4 	 # V Shape
87.43069177109318 86.57259642097492 69.57004839857711 34.39398254756305
27.975061532029923 113.16194744897582 91.30269595880614 145.42161214795243
2 8 	 # Alloc Shape
1 1 1 1 0 0 0 0
0 0 0 0 1 1 1 1

2 8 	 # U Shape
52.86529931281259 22.585272083209617 76.74533002669772 9.498048967811823 17.883748749524397 66.93704041424576 82.26265541640927 16.38301370959121
18.012144092759186 0.31509676244356744 52.38591039608645 55.62263273962367 69.31799625492609 40.74036703808388 1.1145206553506037 50.69196656822152
2 4 	 # V Shape
53.31629427218886 81.70541553213457 79.52298123831203 89.27271030480176
18.06189901225109 77.16819051574284 75.69831644188494 51.35003421088702
2 8 	 # Alloc Shape
1 1 0 0 0 0 1 1
0 0 1 1 1 1 0 0

2 8 	 # U Shape
7.9134783191124995 75.81077480068089 93.14099234181276 92.96686458456766 37.15276729146553 80.0013617523033 64.97530440970229 15.516104876996584
48.116385220181 20.03921375115063 10.96022695244393 42.44783574198399 37.06813477547968 18.34656264181599 66.1956828531529 49.89883870835533
2 4 	 # V Shape
83.61678650001971 174.43782331767696 97.69739126337161 71.41440640597806
51.58326766579991 47.847508631109434 53.45387704471737 81.93809752433705
2 8 	 # Alloc Shape
0 0 1 1 1 1 0 0
1 1 0 0 0 0 1 1

2 8 	 # U Shape
41.20773329859709 71.59303711937332 42.23441640683884 87.67315804854073 83.35782724680425 44.26759932421851 51.37423308194283 19.151901944534487
30.849316572562703 56.12968673926525 83.26520510869638 99.81612621532948 49.75683186620121 6.6754164342339495 97.34665032820907 66.32398816809992
2 4 	 # V Shape
108.86073382831107 115.34224579891087 116.49293069392667 63.209436447023066
62.7568675774462 136.25639114874303 54.277397265441735 147.58769886728285
2 8 	 # Alloc Shape
1 1 0 0 1 1 0 0
0 0 1 1 0 0 1 1

2 8 	 # U Shape
13.566602945815054 51.049965039211074 32.975619627082274 95.15221612644808 23.532167827028548 87.7056492751356 58.191534140274406 78.80407532891519
60.48169199096441 85.10414395210717 78.34790734136243 97.23875569848512 89.82618678574289 1.4104114581714233 64.91262549642516 83.22218330116355
2 4 	 # V Shape
53.83694484681643 107.30663861430861 92.84507947227755 84.36996587331308
144.4076234114228 98.50404522543093 91.1351255051312 83.60970784089528
2 8 	 # Alloc Shape
0 0 0 0 1 1 1 1
1 1 1 1 0 0 0 0

2 8 	 # U Shape
45.84100447848143 86.49330099646942 86.12659659822258 24.583683302188298 50.32548789594742 50.70930963204315 44.36682360607388 0.3320893039375994
50.00338213013443 45.56979016141982 40.66138184247874 57.347805992810905 77.79706664595273 75.0353644724671 39.79888320234743 55.467538773835635
2 4 	 # V Shape
108.92174524956548 92.79182440528896 99.08337587201818 44.39527034478181
93.14378903594162 72.34217858932445 91.11404026178312 77.53865924851573
2 8 	 # Alloc Shape
1 1 1 1 0 0 0 0
0 0 0 0 1 1 1 1

2 8 	 # U Shape
67.09317961175945 39.23383983221375 46.776357294604644 99.16931834600608 91.30413876183748 15.827392989748946 39.549491972433394 90.14854467538873
76.59390515450109 40.09363522996262 99.99126461808146 57.67506901706284 39.67626192555653 81.50331305510332 2.6853944643498884 70.97591075452466
2 4 	 # V Shape
105.48310847999156 133.7077914735066 102.55530618776092 101.003041991215
100.66634549416365 123.34071975755356 101.63047888980157 71.29110422042162
2 8 	 # Alloc Shape
0 0 1 1 0 0 1 1
1 1 0 0 1 1 0 0

2 8 	 # U Shape
9.896576580420414 67.8944023556969 39.84315056271592 45.365251402211626 21.729033920798756 26.678581602589936 67.87418831022252 59.71525164596101
91.97811914649638 47.24364763461 89.54725125898335 91.77975444407981 59.95681180863628 71.0322127110601 86.82705098963501 34.38494369511641
2 4 	 # V Shape
76.79341931323074 82.25994282486859 29.20490585990368 101.31842461656848
98.91871410225966 139.62273472030157 126.57553488922616 115.32529294447549
2 8 	 # Alloc Shape
1 1 0 0 0 0 1 1
0 0 1 1 1 1 0 0

2 8 	 # U Shape
68.1284184358651 22.95770176380527 43.08863848857206 4.794539188435731 32.39062597288659 52.323097531963526 82.93982226612795 82.52717709548776
4.817326629702801 0.923929361105269 13.365139295567975 81.8524724214295 25.222240087829807 79.02212569723807 6.313470785418929 24.11610357235727
2 4 	 # V Shape
90.19644569976174 44.48964880882632 56.47565688084525 115.48025400992668
5.384957042402373 88.9933951964912 91.84555708017186 29.164336271194834
2 8 	 # Alloc Shape
1 1 0 0 0 0 1 1
0 0 1 1 1 1 0 0

2 8 	 # U Shape
93.93935436817983 11.01802943427609 74.66414497050187 44.844053552045416 9.405335747103061 70.15050766595459 61.111063327271054 53.78976968484124
24.709437097574828 28.9592897774129 86.45003073103292 7.590262003142822 68.4303612852263 90.23143961391138 48.03432175904331 69.4449386193761
2 4 	 # V Shape
98.76092448936446 75.75940354345474 75.36612536212454 88.0555818860083
53.14316016861773 93.42713894192386 97.10976429456036 89.02966508834248
2 8 	 # Alloc Shape
1 1 1 1 0 0 0 0
0 0 0 0 1 1 1 1

2 8 	 # U Shape
44.6976704369619 68.74425806618729 45.441620033504456 49.423509356903786 95.16723613901416 45.45327374381311 74.86563379843312 16.762183737979697
77.61835052500057 52.448736941150955 17.9910277978096 83.50104342390856 50.49633506332965 18.488102756333923 57.94028665803356 16.439055300690896
2 4 	 # V Shape
83.54367552604337 65.93907472880366 111.64023809463589 79.22814277232092
88.95294478272692 92.85284256219846 57.93360589525898 70.41326431541711
2 8 	 # Alloc Shape
0 0 0 0 1 1 1 1
1 1 1 1 0 0 0 0

2 8 	 # U Shape
60.019283419031964 47.5095520820471 79.11887384292294 56.042594758063046 31.50705041035756 82.46542397583563 71.5639817157119 0.7423990924102619
19.428779672733253 33.66540033908617 7.619415754027237 6.989122637025657 89.35883585503952 23.2295061634605 61.854782314580525 32.630788655009546
2 4 	 # V Shape
97.42432613969935 110.4471091637864 113.34065185682599 71.71095285168543
51.21152383757144 12.928299034092374 93.38428391057057 79.31730031410794
2 8 	 # Alloc Shape
1 1 1 1 0 0 0 0
0 0 0 0 1 1 1 1

2 8 	 # U Shape
20.379012742075254 73.54879505365768 69.16276734354977 39.43961898974755 41.846493363775195 64.57100699244386 29.82371842942497 93.3815498561479
85.32123724981771 95.88511757366497 6.045609163697597 93.28400701941982 93.91233250341516 3.0994081613696878 37.74853848022657 40.12577533376227
2 4 	 # V Shape
75.84759344428593 79.34411752295784 80.83357643423525 119.91741892231381
149.39220545024548 96.674476566466 93.99533812534635 55.47946651719805
2 8 	 # Alloc Shape
0 0 0 0 1 1 1 1
1 1 1 1 0 0 0 0

2 8 	 # U Shape
25.569579111482 59.868090974459406 60.70584524279026 26.743867623252438 41.98443692732329 40.28792529522094 96.80868403657561 46.87237758134177
16.006632630472794 89.36945373739808 49.37570832084134 78.90361207816669 59.70364304212373 17.99339581793674 5.827853855018161 87.45929789308784
2 4 	 # V Shape
75.73983403500752 78.36912658237993 73.41182831642575 134.49174640022983
104.49156475547565 93.14317856051906 66.21650221166874 92.24251603899336
2 8 	 # Alloc Shape
0 0 0 0 1 1 1 1
1 1 1 1 0 0 0 0

2 8 	 # U Shape
68.18746083322246 61.060069499873634 85.71433443851652 98.11033601766528 95.72996444002366 76.88704763286516 27.96731844036372 73.69559276576295
88.67184520813748 25.473795009565436 1.7595655485424189 65.05704422073936 49.3459110861243 83.08724241293291 71.03684796829448 74.19687578297584
2 4 	 # V Shape
72.29074470219672 121.32416109995475 156.04489770863165 89.54291864238309
91.42776947659951 65.1230560385126 131.48268611271558 116.37159195538825
2 8 	 # Alloc Shape
0 0 1 1 1 1 0 0
1 1 0 0 0 0 1 1

2 8 	 # U Shape
98.11973005762503 14.89517104447533 45.167117653579595 43.07338571296662 15.979574244670957 25.840413567585053 13.530461081992595 63.50389879771402
43.01710934234114 41.89716710965388 58.64093890773561 8.300670179516167 16.94366974018171 5.399218402984884 93.41203809378106 50.96855924883188
2 4 	 # V Shape
106.15725289499608 62.00834369839704 31.787561648013348 73.85762358111175
59.44361403815015 61.675302971323326 17.19646752823574 112.06526783671748
2 8 	 # Alloc Shape
1 1 1 1 1 1 0 0
0 0 0 0 0 0 1 1

2 8 	 # U Shape
43.104375820840445 89.18405415046198 75.27454306885629 99.26550218666812 66.28228984811606 6.788717232105368 31.1325800052242 59.464304851644954
98.45372789797122 85.01124307946772 73.86656926749406 14.067927305040062 24.031022151453264 96.60580457755978 49.24969339688858 96.83483272917259
2 4 	 # V Shape
115.29173598474584 120.23222239082772 68.57075215492603 68.16318559044393
131.86297661373663 83.03602220688197 106.38054964839449 111.5623218498593
2 8 	 # Alloc Shape
1 1 1 1 0 0 0 0
0 0 0 0 1 1 1 1

2 8 	 # U Shape
89.67618125295613 11.64923187739647 55.85383527328594 79.24967438955802 40.7436247534398 16.254828283605704 58.46126411469399 56.137104189634144
35.32030768902412 58.982412431214456 8.563668104904941 73.39670265801192 23.87034302331491 79.68304963236275 7.526425458086017 13.463260028803447
2 4 	 # V Shape
94.19597148817311 128.8955474151081 51.039279702429106 101.49861855932066
90.93892185619842 75.8023099098155 102.81667112207008 20.043720537504928
2 8 	 # Alloc Shape
0 0 1 1 0 0 1 1
1 1 0 0 1 1 0 0

2 8 	 # U Shape
6.023232500687858 95.93346285945611 66.59586506862183 9.33827810128951 54.301666195476116 13.326810088277451 45.612279899702 59.136387521780605
94.3111789028784 37.774886707226344 69.66552409673503 30.738067450439722 28.03706760993727 10.476250691583944 98.52281460267996 94.14611847280538
2 4 	 # V Shape
99.41691086190707 73.82510128092379 65.88711222765302 73.70004911261256
125.04041962402913 97.09714242061783 32.20887953747311 119.65135301620722
2 8 	 # Alloc Shape
1 1 0 0 1 1 0 0
0 0 1 1 0 0 1 1

2 8 	 # U Shape
77.18965439463109 48.78073591709212 36.79048528575246 99.2821900160076 99.42541894829745 57.37060730465813 73.91979436449539 58.10545308408965
74.940835473407 18.465022713146904 16.572956620809876 45.86575627858351 20.85907460046883 39.15503864854972 33.83011676041892 17.369361107104766
2 4 	 # V Shape
108.04838191611972 107.62106404194009 112.00598674273316 90.3424555964342
89.08000864305134 47.399039805167135 43.269169208378855 47.17859312612261
2 8 	 # Alloc Shape
0 0 1 1 1 1 0 0
1 1 0 0 0 0 1 1

2 8 	 # U Shape
27.243464380578576 38.64312373314465 64.13773155310132 11.867718488687817 90.64482923222663 73.93729611953196 23.71337378969197 4.111882229197327
9.08383687989528 19.166730526222896 97.21672111242194 78.58064442674473 95.49015350486339 32.44742883180825 67.3318355811805 29.827295270897025
2 4 	 # V Shape
64.13774511594524 75.52739228972302 142.95162506358486 25.528785840193056
27.682248696434176 108.47677071928085 119.12522305378478 83.61608768126814
2 8 	 # Alloc Shape
1 1 0 0 1 1 0 0
0 0 1 1 0 0 1 1

2 8 	 # U Shape
61.17512393573629 37.583551972494355 28.21818166430077 15.207087742644877 67.34143478905786 50.187168306252374 21.893444926007987 16.30186782240649
13.815546419700597 59.06880826546671 71.82678417128928 59.54110473795898 54.620333351457084 96.27672373679663 62.90199627354589 61.68661144049531
2 4 	 # V Shape
98.24352215681112 33.71535933067398 114.55442475769456 27.871042147297253
71.8805144537971 75.61183040700354 101.34436583642955 116.04434726422032
2 8 	 # Alloc Shape
1 1 0 0 1 1 0 0
0 0 1 1 0 0 1 1

2 8 	 # U Shape
25.759586489185537 92.46190091848501 66.95043406032568 86.44597163798716 1.2063783389129057 73.6148122314967 66.85234104290248 57.829655422056014
50.683994498854304 79.53667449249822 6.574350766556791 77.64198383540581 53.99595775334832 46.582373380664066 62.88956935634465 75.71616293382101
2 4 	 # V Shape
97.80950489547575 126.95190859351479 74.57209248348649 99.8892268166352
95.6273054933888 81.63364585864598 89.7661480625894 94.9110857778984
2 8 	 # Alloc Shape
1 1 1 1 0 0 0 0
0 0 0 0 1 1 1 1

2 8 	 # U Shape
4.098992222995057 50.65296150305366 36.60921881431756 39.08071381364188 25.595102943878935 61.84358743790064 65.32211332685745 32.13393729609384
38.031100832180734 52.98576894409307 39.26747882841379 37.13004225730591 78.46843685113895 40.43999238900929 72.68896849779652 82.30684698662868
2 4 	 # V Shape
51.654286429290785 43.48522458745633 78.98713562220894 73.1266096970746
65.62714642022726 50.216908143287 107.92776913866643 117.50974997076946
2 8 	 # Alloc Shape
0 0 1 1 1 1 0 0
1 1 0 0 0 0 1 1

2 8 	 # U Shape
57.631788996098564 5.539816841881184 1.351618328348403 18.734824031352602 62.6408870662495 44.94924333653173 44.18922280216383 8.303656642289292
10.803232434675003 97.10074521070125 68.3563778609145 68.78393253013788 28.089649972545494 66.46738473082632 55.82983461697284 13.6437128850314
2 4 	 # V Shape
62.03993788987417 18.800385164127785 94.37097357946813 51.59076159953771
107.68073222585316 70.57620651755937 85.67425159822653 66.70078032660322
2 8 	 # Alloc Shape
0 0 0 0 1 1 1 1
1 1 1 1 0 0 0 0

2 8 	 # U Shape
17.05474250768785 51.51574524884898 49.694583234495205 50.82733814671718 25.40581872682224 24.052773650793824 48.09762930724162 68.6386740787032
8.822465343508224 62.394816042124724 25.114155495336878 72.92099173152077 82.09096689690517 29.414116683602554 74.0844802045046 52.90820635193377
2 4 	 # V Shape
53.746099263853694 66.96591219800733 36.94226358047291 71.59953591127339
69.58636709520611 83.0593918429046 104.19995851486472 124.39179497008693
2 8 	 # Alloc Shape
1 1 1 1 0 0 0 0
0 0 0 0 1 1 1 1

2 8 	 # U Shape
4.139119741157571 25.929602539016116 19.37288041591333 35.09844243822873 88.60161455900678 21.678722333911416 51.35537359569571 23.921628450598398
20.73378145525289 40.98870865505654 16.277057150458006 95.03916111653712 38.90928658008368 34.4328704473864 27.41329394971669 60.207060540019405
2 4 	 # V Shape
30.019925342800793 44.316113013720816 108.69248647284353 51.522637420736984
50.629848131473885 99.76337098726736 71.66109156933355 84.50031731699424
2 8 	 # Alloc Shape
0 0 0 0 1 1 1 1
1 1 1 1 0 0 0 0

2 8 	 # U Shape
61.750607554835135 82.49198359158562 0.8476453037571496 5.332424218830201 6.194030890662495 27.639889273217623 25.484841945351675 57.27178534235633
72.05324593160962 14.922751180302141 18.31189061313753 95.37502495370337 35.078367155541955 60.700982827349 74.0224825519942 79.31526209898692
2 4 	 # V Shape
130.24432319587052 5.768273316759563 30.333717749120915 82.45680876669057
72.18213658741374 107.86376274394976 64.21320223630013 82.11496512761437
2 8 	 # Alloc Shape
1 1 0 0 0 0 0 0
0 0 1 1 1 1 1 1

2 8 	 # U Shape
5.248995150407032 33.92457679225198 49.17912432322997 90.85310418406833 68.5593514146162 67.11772349117507 31.356294862219702 64.80031466139961
15.85611932440707 81.29468173169305 31.56081002285115 20.11254304733301 10.172844330323604 1.0359851969949596 87.98141451230016 18.69290582211437
2 4 	 # V Shape
36.179729432091364 116.16480663853504 134.54202494869614 86.2803540609102
93.49261721992202 45.54562888061998 11.183855368547551 105.45938117646932
2 8 	 # Alloc Shape
0 0 1 1 1 1 0 0
1 1 0 0 0 0 1 1

2 8 	 # U Shape
44.74998392897355 95.05618069472361 91.37364608622386 50.358540022106254 29.503606033299334 6.839722052895592 51.94185113348468 23.3228791101439
6.983029234173754 72.93381691176424 96.91368440729671 98.50948548739234 88.96010805807282 88.02814711694609 18.331260805882522 30.570915922415352
2 4 	 # V Shape
110.0420250421825 94.77778359787631 31.929679789183268 70.59162191484009
77.94128715205316 127.23482669420993 169.0078362039198 37.46554066301858
2 8 	 # Alloc Shape
1 1 0 0 0 0 1 1
0 0 1 1 1 1 0 0

2 8 	 # U Shape
33.135048412633196 91.74418781068121 9.070972844939751 90.27915059941665 75.81610447078116 17.909492293242923 61.27317670548088 14.381396256264633
79.12388300946871 71.11401577928493 6.545061009005382 87.22394380341628 62.013945858338836 58.55579456669696 93.94408141011647 27.685896845989866
2 4 	 # V Shape
100.44096947818672 98.60205964522433 79.9555759085848 67.2843166675969
120.83193399420173 88.77834020764686 76.4851820269745 113.40016818111364
2 8 	 # Alloc Shape
0 0 1 1 1 1 0 0
1 1 0 0 0 0 1 1

2 8 	 # U Shape
57.58111689907584 41.64130400556715 70.22005461637436 25.403073734423177 99.96186342587133 59.11293246390065 18.47630315302552 36.20162779799645
0.18115706987659186 68.43907465741546 72.8279100538899 56.34442986180348 87.44065957456189 1.4831658159037198 15.604549722302242 91.55288512363992
2 4 	 # V Shape
62.987765853342516 87.44399335050618 108.39246806166494 42.84696417824104
68.59408495952013 81.25264973490616 88.62522572822479 97.96375680635832
2 8 	 # Alloc Shape
1 1 0 0 1 1 0 0
0 0 1 1 0 0 1 1

2 8 	 # U Shape
12.689405742677618 70.90686400901872 24.502713691414822 67.19233149364167 28.656422495936106 56.18329774069124 46.46727416323324 46.3444958793906
88.4228602077423 41.802797552351976 75.80968604705612 2.191332004840729 85.1773955441788 88.91960240695556 83.68363380114091 8.570750216507573
2 4 	 # V Shape
71.16276685771868 80.87687323278911 58.32998898273339 76.79923089709843
100.0990707909285 77.57624419322138 169.2072082528917 86.03013997583346
2 8 	 # Alloc Shape
0 0 1 1 0 0 1 1
1 1 0 0 1 1 0 0

2 8 	 # U Shape
15.543965441553432 55.7535571804722 62.74681027886043 7.546432039636808 44.82467445364931 34.98192572629818 98.4978985108622 4.601087213660337
27.833439140914596 69.738802082107 38.3142095534275 56.666113244153834 5.328506349864881 47.61130230611088 17.791712280471817 19.254270119274796
2 4 	 # V Shape
57.79424018862528 63.73863047751102 74.67067235701218 99.7586246044384
91.49707311106604 83.27936012784718 51.558719828335285 22.88793991963952
2 8 	 # Alloc Shape
0 0 0 0 1 1 1 1
1 1 1 1 0 0 0 0

2 8 	 # U Shape
38.39457944001459 42.536816808901015 60.941834083823096 80.91981674962877 35.5836571513838 25.268104416031136 86.28539558685873 47.48881622251048
49.72705771276047 51.666575088187386 59.54724944904556 67.68323639442634 88.58071109458068 39.475021087698146 67.40369601607442 21.83145656289237
2 4 	 # V Shape
46.33384669647281 102.74685639886454 49.162948391593886 94.48158793884139
89.61096921940889 69.55616043246809 99.75920589492294 86.2581888309419
2 8 	 # Alloc Shape
0 0 1 1 0 0 1 1
1 1 0 0 1 1 0 0

2 8 	 # U Shape
78.6687014515445 16.328680295303254 74.1363924795166 61.46152552251222 86.57099420150547 45.62012277061325 95.96538369271975 99.87037428550903
40.10782861567744 72.09718011672098 97.86234444631269 80.3654811804145 36.19950942561817 78.88616808718244 57.45429873250596 44.699360872020975
2 4 	 # V Shape
79.67337748341401 77.46220922846106 90.1047872346071 165.2606907852118
79.6119128809522 134.88901792641326 88.61818767507037 58.66048147447221
2 8 	 # Alloc Shape
0 0 0 0 1 1 1 1
1 1 1 1 0 0 0 0

2 8 	 # U Shape
41.107579788602045 45.50490664294827 87.11576742828491 46.17164928410432 92.74004504474497 80.61765158958796 77.87002697654442 56.7649258155379
78.23080932333995 7.249788046385719 18.74677127615667 57.72397742912398 85.48211490085438 40.81256185189027 95.74362135386237 35.570456954046406
2 4 	 # V Shape
61.74287865295957 120.4570419277635 124.5291822688028 79.16493589733605
83.92297445501262 61.98401025061659 115.44336388258264 109.82140762161923
2 8 	 # Alloc Shape
0 0 1 1 1 1 0 0
1 1 0 0 0 0 1 1

2 8 	 # U Shape
31.065959942933517 79.27073205508734 43.47834895851314 1.1280729149177438 38.17351503010512 21.410647792600244 35.05799108173504 22.97096475224616
88.23178234942391 71.83852431744171 66.26115758584628 76.15142663849801 45.07349919276456 46.40661169981365 69.57414312983516 10.912204945258875
2 4 	 # V Shape
99.32614140697423 44.20741507150423 55.1249350448811 57.08152819628982
141.74611605908441 100.16772488417166 48.570853349576126 74.9853880616435
2 8 	 # Alloc Shape
1 1 0 0 1 1 0 0
0 0 1 1 0 0 1 1

2 8 	 # U Shape
2.027905162158017 14.624407430789832 86.52900199267896 79.86963964568183 43.95938867949746 14.450887831455294 39.11011367558479 40.17614822460881
25.337590647622843 35.54140004355998 50.34696742764401 0.15353282257201117 50.22471248587282 24.876582610223117 55.89171837522111 61.58195339865532
2 4 	 # V Shape
15.22951369100359 94.16883909498844 49.52558999919093 75.19539755512749
54.17736770817463 50.487088766395445 72.72713339735435 97.02321842668277
2 8 	 # Alloc Shape
0 0 1 1 0 0 0 0
1 1 0 0 1 1 1 1

2 8 	 # U Shape
55.31092191993526 15.122784938789835 7.983705688581222 78.432591372302 26.370936119763766 0.9525460420148013 86.53008110990503 60.581317644468754
85.96745636804387 12.433316557452512 67.6960220622089 23.223142436461373 52.93786592054506 48.279962780271134 1.972575230104756 81.63352110959659
2 4 	 # V Shape
64.42708551655677 81.89778595747251 26.494786890407102 123.4107414808172
90.83538015366668 73.75615986492926 94.0744400893381 83.21528801594394
2 8 	 # Alloc Shape
0 0 1 1 0 0 1 1
1 1 0 0 1 1 0 0

2 8 	 # U Shape
35.28389838432049 68.77620466639696 30.057248684053985 32.70848354572885 25.30569051875611 47.37302009478621 61.9895999831653 40.321714777952344
55.947087770968515 88.1534132479626 45.079190616151976 65.89117790731528 5.337089160710229 83.76821408422089 8.831687822787648 74.55480695828048
2 4 	 # V Shape
100.83065988490385 51.877408188820155 63.61494919375258 94.0573931227339
133.4464993158027 74.47897463639742 86.68239142801939 74.64470335129916
2 8 	 # Alloc Shape
0 0 0 0 1 1 1 1
1 1 1 1 0 0 0 0

2 8 	 # U Shape
92.87529034494268 10.866003834359129 13.17031936826596 71.10078387535205 8.165364486085824 72.0188473966813 92.32131863452753 3.0601008650853134
44.42978529731898 37.57039143603925 3.590862780477755 26.624488648892974 74.76086526151568 11.47775535406298 15.298281491500031 27.426421490078546
2 4 	 # V Shape
98.82033446506873 73.25529228191505 80.17347010680052 93.06882057151749
71.08622942595352 27.969241529655278 77.69327698557527 33.79521345408912
2 8 	 # Alloc Shape
0 0 1 1 0 0 1 1
1 1 0 0 1 1 0 0

2 8 	 # U Shape
35.452647005589455 27.854615549719952 29.92168892230217 32.53393763054569 47.832343532849954 60.79049215041439 93.58951315634464 33.169485080115024
19.760341374045087 85.83345184424797 16.6676153779854 31.46906153968616 83.20503963074538 2.548990273670859 12.182663781321324 94.88325249177527
2 4 	 # V Shape
55.85275406534416 49.084340598829854 101.55713389571595 119.15449803601152
90.44222885370789 40.91674775179499 84.25357464924149 96.60361949861536
2 8 	 # Alloc Shape
0 0 1 1 0 0 1 1
1 1 0 0 1 1 0 0

2 8 	 # U Shape
58.986477033002515 94.9369903235929 52.63528226614147 33.780000785371826 48.53646956237788 52.321463922108556 52.023867588866004 76.8775021511499
11.04164449972581 39.83328456702838 75.9397316927243 13.06808344372551 80.48578656703135 19.237857170368965 4.279362881333759 35.42608739373111
2 4 	 # V Shape
145.48672959617755 73.53131316190932 69.14548999775927 78.67845548230426
50.053727035066956 85.91495746086733 88.52844908576782 37.38121047855725
2 8 	 # Alloc Shape
1 1 0 0 0 0 1 1
0 0 1 1 1 1 0 0

2 8 	 # U Shape
51.14463367850145 35.304440321986185 9.128990403836534 36.951957125122924 67.91703441639444 11.262544596698486 71.46428570473617 61.04237025413062
24.46915142307715 70.53317243470877 77.29480972982267 84.92433534127841 80.49014048945345 50.669678633008154 33.9248557460155 68.15139597748853
2 4 	 # V Shape
61.739755807755984 39.78934080128253 69.49629699634909 108.3319762730524
81.24102978994735 105.62301447406429 116.39234028366579 87.23904931691222
2 8 	 # Alloc Shape
1 1 0 0 0 0 1 1
0 0 1 1 1 1 0 0

2 8 	 # U Shape
44.552770592842975 75.10038867291432 89.9254134382938 41.45126063181523 57.24117710865083 5.778183135924908 6.96911737329885 2.3479004239334023
11.392753079566509 7.0449284031297355 60.72049602236744 68.1648134152381 51.71307590334262 22.15774746913224 54.1575119751133 10.942887014977076
2 4 	 # V Shape
111.06661601191226 114.98536874584599 58.53855945121656 7.552766588178641
12.757112328723471 72.10068254806674 70.61561839095462 55.332033415980774
2 8 	 # Alloc Shape
1 1 1 1 0 0 0 0
0 0 0 0 1 1 1 1

2 8 	 # U Shape
17.41523593608366 32.39609999093638 61.37987341983102 76.57220488532295 51.8120188003058 27.84559336137994 27.106653406420943 14.1361922550589
66.39105288482054 72.01013918686124 24.138004911155964 95.12720499380376 10.92798912870807 53.189514302247396 72.17042350097928 56.691277290273156
2 4 	 # V Shape
39.17037812710765 108.34276819319629 62.60009517698883 35.70788333965586
116.31127458766738 115.22249287780458 56.47280972780625 108.75222397265051
2 8 	 # Alloc Shape
0 0 1 1 1 1 0 0
1 1 0 0 0 0 1 1

2 8 	 # U Shape
76.65866073565381 14.244837340234028 89.59504474599225 95.81920713825846 97.1719881047764 10.161546144623813 21.772627887699137 67.19880468022906
88.09971058979747 20.623261349977962 1.0759149414585 23.706938065283932 59.62858261488233 21.437474063564686 18.52849162723238 2.0939110191197874
2 4 	 # V Shape
84.43120817877693 184.65784373146693 103.53053666033838 69.23451269469491
99.6939502730963 24.555234442577895 68.71564758193801 20.344866549579148
2 8 	 # Alloc Shape
0 0 1 1 0 0 1 1
1 1 0 0 1 1 0 0

2 8 	 # U Shape
87.49549538669363 71.45737430968396 57.85942238476969 51.677311920565614 1.6955884047127001 69.66150214766141 44.945540610326695 93.6210960984958
15.736889936352515 89.78636222364281 59.13313242034807 15.660712408920963 70.41263655246807 19.566595954802224 57.367290451179045 76.8968251940137
2 4 	 # V Shape
140.52698116569923 72.87879847682086 70.93024234289523 113.62807398558958
101.90742804341038 61.22645052599902 80.61156148041064 93.0226831956501
2 8 	 # Alloc Shape
1 1 1 1 0 0 0 0
0 0 0 0 1 1 1 1

2 8 	 # U Shape
43.02389000494842 3.7729140944049666 61.38030037639937 21.095595857919726 34.041771325899376 3.4739112821515428 2.254894831570853 83.90179674839014
70.61273793690386 10.71672114095189 44.312190765837734 96.73474264604043 15.02619399951659 9.371693420259785 23.34747211256556 31.192006003368444
2 4 	 # V Shape
44.30238247548152 61.98976165426616 35.53799991691743 85.54108539603402
74.67623406122048 108.9764040973867 23.128857427287898 44.332501050212414
2 8 	 # Alloc Shape
0 0 0 0 1 1 1 1
1 1 1 1 0 0 0 0

2 8 	 # U Shape
31.315988910066906 10.919073963823022 75.93828868218672 55.0988068418944 45.25513290238398 11.097507447567123 24.685631107277384 48.91867754278374
31.940096362270875 14.876817231556727 35.15736736638815 16.416620760149193 14.580389941092875 16.267219960523526 0.9514765294472705 43.95294350454696
2 4 	 # V Shape
32.37473994670694 101.89020229468511 48.264586757219945 57.79268538091544
39.03166172206149 37.375443282810465 21.796777428169946 43.99751445590565
2 8 	 # Alloc Shape
0 0 1 1 1 1 0 0
1 1 0 0 0 0 1 1

2 8 	 # U Shape
44.51488034454436 16.225460316027007 76.68465382285541 98.84460341069057 15.434709982321348 43.88059419831172 16.316197366229666 33.44276093039093
21.06483636471378 41.854794363098044 15.377472387397917 48.0592489066089 67.09421410300232 47.371744229658844 68.62555740556424 91.39622141283151
2 4 	 # V Shape
47.797404204274045 174.61795812784933 44.538449535425954 40.64230634928383
60.78000668174446 51.80028820166259 82.51376773854653 148.32949624473918
2 8 	 # Alloc Shape
1 1 1 1 0 0 0 0
0 0 0 0 1 1 1 1

2 8 	 # U Shape
41.724606707375024 78.29130032827901 92.14051636417608 11.723340017232776 20.560718212008833 19.631668790832002 89.25917059086153 58.697137876823646
8.634408096021474 20.79737320113474 2.603101510044692 84.81017003830483 82.46533162816907 17.64086618484019 39.5969212970808 24.31925073197686
2 4 	 # V Shape
102.55296898778947 100.67551410873918 22.570436029502606 110.07572029032832
27.086697878901 87.00508463771268 97.87933978433432 52.30618807738814
2 8 	 # Alloc Shape
1 1 0 0 0 0 1 1
0 0 1 1 1 1 0 0

2 8 	 # U Shape
62.112929050282595 57.69646537854616 29.16079600487459 44.22546339545723 14.063199731505128 88.772277364617 12.541243993874573 39.679003922508315
78.29660738292164 73.77011394998127 51.136211112744355 81.74832741343347 0.8552929501630557 18.897700485083725 61.518598736685014 70.51161600550225
2 4 	 # V Shape
109.52649218891156 44.459345905293915 98.46923418134016 40.28306245681103
136.11701435101062 110.73550387725606 19.047515066066826 109.41053367576995
2 8 	 # Alloc Shape
1 1 0 0 1 1 0 0
0 0 1 1 0 0 1 1

2 8 	 # U Shape
25.88047044792966 10.132718002684637 80.02308014023372 99.18493545152693 61.304806694929184 13.149844551265033 47.23165029231452 21.660511055326403
7.718155296269213 21.49444879844118 74.8260084954767 19.486028712694914 36.869401878199106 39.877988223382374 30.304357496837188 52.47722108042537
2 4 	 # V Shape
31.988486881405905 139.09153481844243 67.77720308558341 65.19019626130206
24.629624659854407 90.32824396708335 65.91609835241997 72.4099308962406
2 8 	 # Alloc Shape
1 1 1 1 0 0 0 0
0 0 0 0 1 1 1 1

2 8 	 # U Shape
50.92307857639727 8.120892071074248 37.67662293621281 64.82408963250934 71.22371932540213 9.708394449566137 35.427375485407666 15.203046142493282
18.21557798360428 81.71904662413563 41.71727497560004 71.46116291929849 56.54407777986361 5.386200905015204 56.021004659507575 44.01342806832223
2 4 	 # V Shape
57.04400085330842 101.37883961180682 77.6697383994 47.1302540819141
96.55341575094695 91.86240036554092 57.82429285433271 63.89943923651746
2 8 	 # Alloc Shape
0 0 1 1 1 1 0 0
1 1 0 0 0 0 1 1

2 8 	 # U Shape
94.39697158623194 41.365332160080946 59.334355290912065 54.200092610771364 74.47770765409147 91.86470283224537 11.377164137635775 62.26829899294197
36.29280756049701 58.09667962957017 11.554296066392633 84.0607260665203 40.48143465749063 52.80029818340534 24.19827238776967 33.83729640312361
2 4 	 # V Shape
102.45933282901973 86.13312341271045 146.75539222093474 62.72065337805057
92.8953776644494 84.0656517155104 91.5091494537906 40.06349364158496
2 8 	 # Alloc Shape
0 0 0 0 1 1 1 1
1 1 1 1 0 0 0 0

2 8 	 # U Shape
45.4700483310314 0.3392631251339151 73.31931436293156 30.586116781660643 20.174902425017915 36.413385732939894 98.45808999849346 79.16907571514685
60.029562287614944 86.11399831006594 61.996142853990186 83.85633076627704 30.85219049840793 98.72653556681324 57.8963285985672 9.417739238149892
2 4 	 # V Shape
45.48409478596423 94.10148179864885 44.44533635165296 111.09451177361026
123.42572261850032 114.66421600471834 113.92894055221058 65.0531346748155
2 8 	 # Alloc Shape
0 0 1 1 0 0 1 1
1 1 0 0 1 1 0 0

2 8 	 # U Shape
5.922034932912245 54.484255675151886 59.066405295597036 42.458725173672185 13.36730188497598 60.7498099837043 23.499567627284314 16.905856860649383
44.827878050372796 38.006809701594655 94.44536004513765 4.243372906859344 8.3720843439811 90.36959188648396 26.00977201413064 19.17540407343058
2 4 	 # V Shape
55.4969563584518 91.47548801414897 72.28347477658943 26.151126041758307
55.352914774491204 98.42959946233702 94.19055587656462 34.16236191035452
2 8 	 # Alloc Shape
0 0 1 1 0 0 1 1
1 1 0 0 1 1 0 0

2 8 	 # U Shape
51.75328391048708 51.208398429747405 76.5208915727674 1.711964489519835 31.57291620630356 97.04623825339473 89.97848800166285 4.6187038768260695
92.11666582651321 70.09543832101495 32.601550669269706 6.90898768793825 50.24461363269398 11.338887733076664 55.42770763488603 86.38438609803511
2 4 	 # V Shape
89.62628150664044 77.6527748295297 109.24398130091392 90.43851007243424
119.38562054180976 35.119386126350356 53.833793773576375 136.67976127963982
2 8 	 # Alloc Shape
0 0 1 1 1 1 0 0
1 1 0 0 0 0 1 1

2 8 	 # U Shape
31.224106754829506 50.55501700219713 65.90332124589794 45.982572523294095 70.42096862586035 95.4431408946651 38.515305793440376 96.08071552999668
25.925806273770235 89.4264636782078 66.5850103078312 79.19146097223253 13.196176014173233 25.9448070529128 70.32306744173057 77.71212421640831
2 4 	 # V Shape
81.68836019523033 90.29509398129505 135.13831920053525 113.4782578035634
110.03473138718364 143.84275541398722 26.450046966787873 95.23851179423511
2 8 	 # Alloc Shape
0 0 0 0 1 1 1 1
1 1 1 1 0 0 0 0

2 8 	 # U Shape
77.63642499401577 90.8465836027387 66.24817042314736 68.82041845403155 59.7690449588282 90.63782074199351 2.554667534856392 33.87159748635975
14.154155884068132 88.88730728299188 49.002155861683796 41.825658160453806 30.11804940225299 17.349682264545653 38.93814480159378 76.0444597495078
2 4 	 # V Shape
161.72774037279297 129.71556271733775 104.03135711587585 34.79425130789929
97.86799493500814 58.675664530114304 44.016371849456526 104.28194974437477
2 8 	 # Alloc Shape
0 0 1 1 1 1 0 0
1 1 0 0 0 0 1 1

2 8 	 # U Shape
12.610560278219618 7.717767693406918 98.27525910818433 99.50380284497031 48.64690830010119 2.1451674160168355 17.28088119474611 61.268538588887765
85.7010226410288 38.77909576119235 80.2901588447828 92.0985538786554 46.43217092921643 39.84503692098048 45.74199366046976 49.386628877926356
2 4 	 # V Shape
17.494982215360487 109.92254570166875 50.43671413676316 63.79172080405884
112.64337379029269 139.9885049645522 65.31318147851987 90.61569617712252
2 8 	 # Alloc Shape
0 0 1 1 0 0 0 0
1 1 0 0 1 1 1 1

2 8 	 # U Shape
72.21888668762124 99.66608717042732 72.85283754668777 84.65528913781904 9.578263935719733 55.83480182632962 32.5370877681589 26.896332434326297
12.560635526478059 30.901286473292476 56.519411821863756 8.855479322994043 49.53807863331841 48.272002622102896 26.46680803307665 50.60003904205897
2 4 	 # V Shape
149.7551160733065 94.01128674041323 59.62342769946905 52.42191303956652
32.777599190710106 57.68600297989725 95.85974992681892 56.531206390179904
2 8 	 # Alloc Shape
1 1 1 1 0 0 0 0
0 0 0 0 1 1 1 1

2 8 	 # U Shape
50.199504737314236 82.14251596460963 66.65870455825794 30.585068339866528 87.40926615022188 71.13350116207073 89.31157399881617 57.893529213062344
18.320591236457908 62.201428302902364 47.26651463069168 92.48233684076 62.5767599468457 36.27479853010922 68.74669485761889 84.61688492868635
2 4 	 # V Shape
121.53222580254071 81.41077165359215 104.63890250635737 124.12710504750764
65.40660662119389 113.72647165222823 80.23341399269887 97.12941156896309
2 8 	 # Alloc Shape
1 1 0 0 1 1 0 0
0 0 1 1 0 0 1 1

2 8 	 # U Shape
77.22150150705588 52.120765863308385 38.57223770713546 76.26304006115305 12.22539845922629 23.203925322105423 7.625310603596313 41.6316655800066
93.3855319750327 7.343703730403261 44.7271758927413 73.44700924800935 78.06797871950839 31.57141869638712 13.626254703804774 49.254671506641145
2 4 	 # V Shape
119.48513032554239 101.81081935143122 30.595255394505884 47.38807122881495
97.68651175921502 75.05894853635178 99.60775995778535 56.44257044279324
2 8 	 # Alloc Shape
1 1 1 1 0 0 0 0
0 0 0 0 1 1 1 1

2 8 	 # U Shape
7.42297721517462 17.018160782087964 69.49068425575528 38.117216721236055 48.490683079328164 66.2045559037243 12.650807724324753 76.6644996310138
39.53123023425784 10.409419043386503 66.77556275653134 16.328298986993783 20.929298538400964 73.28039028558584 41.83209602895695 56.98105142626323
2 4 	 # V Shape
20.68408953490527 77.59938872474841 93.45474216042984 85.57559490303854
46.721726064903955 81.26813271812082 83.17778062076432 86.57374486250924
2 8 	 # Alloc Shape
0 0 1 1 1 1 0 0
1 1 0 0 0 0 1 1

2 8 	 # U Shape
44.83486594654343 52.9523668615793 69.8372105327027 48.530787229386895 59.94275040083703 86.52502129987329 66.50360749882668 81.35648070957312
93.81337387093713 56.045014015361886 33.37508588571292 96.76224260074568 27.89689793087946 21.171961515360373 23.79551808243816 73.89484421974353
2 4 	 # V Shape
67.98871739620505 98.45535926956006 102.38672353298062 102.95051369122257
117.61134118310807 98.80977893009779 39.97571882979449 79.55103007267716
2 8 	 # Alloc Shape
0 0 0 0 1 1 1 1
1 1 1 1 0 0 0 0

2 8 	 # U Shape
60.16248703415251 2.142900106221557 0.003564998272298503 60.38829935562665 82.83832051691199 4.88401300435709 64.73834202316782 99.54143350555398
74.62710661673727 93.03724180865656 83.72070210720864 95.6822342025565 20.5691356504494 31.402502960447354 7.795194673390493 56.91838343619278
2 4 	 # V Shape
60.57830033866569 60.38956412137381 85.43690545522239 125.25191357228633
94.97830285835929 178.18813849580204 36.10942183677802 59.62432191222804
2 8 	 # Alloc Shape
0 0 0 0 1 1 1 1
1 1 1 1 0 0 0 0

2 8 	 # U Shape
98.94116447467825 30.89595410988363 14.47857113504256 0.2600519547466207 95.28938831103156 21.41644573955218 79.37549186938519 94.56039438424692
68.07961250465482 35.82084018326398 58.47614565611373 61.72420104350967 36.43736483536817 0.9286577762042669 93.50170542857015 86.42253968150317
2 4 	 # V Shape
117.44386685907148 14.51292940241134 106.9011042988756 99.05080912311666
99.79794147489237 62.7874284934424 37.24257009055842 113.55097509307473
2 8 	 # Alloc Shape
1 1 0 0 1 1 0 0
0 0 1 1 0 0 1 1

2 8 	 # U Shape
50.85320529630697 34.791229929859156 14.900686097405025 97.38127991742932 52.81220046613324 81.49511767877048 63.98789075333142 45.138604802324465
46.971943918434356 73.52301348290017 84.46149011136447 42.66037137864976 13.828321080147433 5.198079732005856 18.152096833206233 39.63481465535244
2 4 	 # V Shape
84.35503389899412 107.53069211175975 112.76414815581853 85.77984004955654
99.30984760484237 89.67924322077096 17.874094756886283 48.25648736405779
2 8 	 # Alloc Shape
0 0 0 0 1 1 1 1
1 1 1 1 0 0 0 0

2 8 	 # U Shape
55.96806673843212 47.591267638465496 49.494177155624186 51.58164359056152 48.70490167982723 5.880388489211629 57.19214826647342 25.78924049849698
75.84414339004405 13.15547865815494 94.17059047092148 45.6543262343049 42.305814427252855 92.69281482174813 89.66390048693742 91.41439202379573
2 4 	 # V Shape
64.40684175169758 79.64835191082794 51.93949690118359 72.14381770236912
87.68115328632935 97.85566751527115 119.12886948898633 123.67388231203066
2 8 	 # Alloc Shape
1 1 1 1 0 0 0 0
0 0 0 0 1 1 1 1

2 8 	 # U Shape
13.534415733364336 44.37978186896249 6.743929711482178 84.12420641759823 17.835156119280615 55.628290565103214 85.80601159161995 90.17346307247863
53.894040131493284 71.49957843406133 6.608367105454183 71.27584326065815 83.27431879884804 15.347697375287739 23.888521087794945 44.52808713951934
2 4 	 # V Shape
56.725121624878334 87.38699805230537 65.07835103964469 170.5533032556533
76.67570184906766 76.17407803803174 94.54839771648832 60.785075360357126
2 8 	 # Alloc Shape
0 0 1 1 0 0 1 1
1 1 0 0 1 1 0 0

2 8 	 # U Shape
41.55115978324787 26.370409120424874 16.316110705932495 88.86724426782278 79.75330946188055 1.411581698649722 12.633665824617335 37.45852434008812
39.196445328648956 62.72125182695579 30.943308898840648 33.14818853696937 72.65044302107255 64.3542045014477 44.79929932501064 15.692655774171838
2 4 	 # V Shape
48.409872835009196 94.59943985788766 79.80603250191865 48.377628284393055
76.96930357939512 43.22434407910308 128.5572410086543 49.377804037721475
2 8 	 # Alloc Shape
0 0 1 1 0 0 1 1
1 1 0 0 1 1 0 0

2 8 	 # U Shape
99.8179093679901 25.086735997540966 64.56442661982898 90.63526824464897 18.41570039306064 76.27822799140935 28.52227869115961 97.14590804392331
57.81806409340216 32.503883547213995 33.71592877395074 89.52685252205336 68.46735269095964 44.616067418899505 43.22343454822668 18.139773268729375
2 4 	 # V Shape
122.39602115235286 139.58899704723618 88.06753350202484 109.44131609537557
64.55720399416589 115.73382428464105 92.93776036304945 43.652312058802195
2 8 	 # Alloc Shape
1 1 0 0 0 0 1 1
0 0 1 1 1 1 0 0

2 8 	 # U Shape
23.11842330798396 71.11178936810543 25.109859265454904 70.71468182938358 91.90004395901671 99.7687209696014 20.990436668345225 20.558834898206403
79.65100370138019 32.96131057092862 54.98494935660775 60.98520960460158 68.4725000936705 39.81042018615032 41.47012525155854 70.66175627852581
2 4 	 # V Shape
73.00027966111112 73.81163791826388 155.78868105990898 24.79035137605929
84.34058398147474 97.29763325725764 89.6638694665066 99.05858386859312
2 8 	 # Alloc Shape
1 1 0 0 1 1 0 0
0 0 1 1 0 0 1 1

2 8 	 # U Shape
80.77339547172848 32.87232736465574 93.53990102004494 27.619456493353546 84.00306767257742 28.317339974573986 75.46451798768923 93.83253438569035
52.49482951610048 82.59062220555775 53.70101915242842 70.75746560605961 47.817774450862615 73.26119813989527 74.04270402772852 23.06939395711103
2 4 	 # V Shape
84.38918596713788 105.92355348540815 86.8223887918758 151.88496770966688
134.15839448936245 95.0423622406513 111.33757953918715 89.30019086779107
2 8 	 # Alloc Shape
0 0 1 1 0 0 1 1
1 1 0 0 1 1 0 0

2 8 	 # U Shape
61.71035174872915 44.24133694359518 23.317567968089747 10.657889447598324 56.41626737870021 16.892769606145208 82.77245039196761 7.207096475733643
14.120764114444452 34.70767530151369 8.142058844646927 52.87693422324732 72.5621587182535 87.86396702953036 55.959144969502496 9.144376741865557
2 4 	 # V Shape
75.09597904958164 30.39617139454487 65.55306304698593 84.28335630840897
41.033505263728394 57.72603092616521 132.65143979374508 60.38018810730764
2 8 	 # Alloc Shape
1 1 0 0 0 0 1 1
0 0 1 1 1 1 0 0

