2 8 	 # U Shape
3.342142762634459 95.69493362751167 13.720932135607644 28.382835295794585 60.60831843588289 94.42251360530422 85.2735541109285 0.2259233518513537
52.122602722029285 55.20376332645666 48.53774136627097 76.81341540644223 16.07167531255701 76.45604503388788 2.0809797952066167 13.521017836911685
2 4 	 # V Shape
98.6484753665474 37.8516837056258 114.33521630556217 85.39301565178543
64.78555009511808 111.29526837061691 80.74515767105311 14.139854707171649
2 8 	 # Alloc Shape
0 0 0 0 1 1 1 1
1 1 1 1 0 0 0 0

2 8 	 # U Shape
45.13084114213143 40.06316273616736 99.51381603385585 17.75641759378893 96.25969030278503 41.92502702591062 42.40524465509987 46.31488697273459
37.372314882391535 46.550810017251095 3.5168261470804763 8.427266973184565 73.25206981419501 63.61999938328675 2.7907788861532556 30.017005982398658
2 4 	 # V Shape
76.34595339563836 116.2932756498887 116.24761167011422 71.06387444329643
82.12107859792616 9.931045953343578 85.75234037692647 32.49074758822949
2 8 	 # Alloc Shape
0 0 1 1 0 0 1 1
1 1 0 0 1 1 0 0

2 8 	 # U Shape
23.321866574787986 6.113485604559465 59.18434924516642 55.19875154532527 84.80156059904505 76.15399142613265 37.39910542603765 54.331459873282206
95.44911136124836 12.939582494933521 1.7975962627419517 56.27371589961477 34.93463132204641 64.410883687405 28.17861581171356 42.52563612120112
2 4 	 # V Shape
27.115587268485235 107.24080786739734 115.00980582738633 89.03765679785135
103.70625338838886 57.253966623943604 67.80977766186336 63.11085272707011
2 8 	 # Alloc Shape
0 0 1 1 1 1 0 0
1 1 0 0 0 0 1 1

2 8 	 # U Shape
59.57418942869064 61.080705550440925 59.96191883973378 31.228399684325158 6.987367476308803 80.07342342155275 91.14340501333191 19.467462904253708
21.06076388528839 37.74407823606447 40.284721017267344 88.51776944327949 20.215434337007252 41.90148274837505 64.79591733392613 51.1642952793331
2 4 	 # V Shape
100.76709524963398 66.87983898787026 86.11445584343433 106.87874557035477
50.3260071347365 97.10468069406133 56.986074206842694 110.3584681874712
2 8 	 # Alloc Shape
1 1 0 0 1 1 0 0
0 0 1 1 0 0 1 1

2 8 	 # U Shape
35.54429248010227 33.47240774767726 17.75063672167354 0.8003339782281182 1.0438402094721133 59.74588046391233 8.463852035212138 31.566823692866553
96.86183289699667 87.35825512370128 91.27839941708244 16.989826093188555 31.680790068904507 24.17802357140627 49.09549698249829 54.39434095685136
2 4 	 # V Shape
55.445165660185495 17.95679450047929 60.11776626736398 34.450091167228734
171.18416725258044 95.58389675747756 40.34987855369452 88.84803734362048
2 8 	 # Alloc Shape
0 0 0 0 1 1 1 1
1 1 1 1 0 0 0 0

2 8 	 # U Shape
77.76794520796216 94.98820771377503 70.29821731000114 11.62057334478247 24.6601478123091 41.89386807175727 63.203154671383956 9.547025346487125
39.03092094231321 32.196758753072665 97.1325293927578 96.91823796114413 74.34179682255139 51.768929503546836 16.44799561189111 94.93815703849737
2 4 	 # V Shape
101.06764258660344 71.66281309953763 65.29539646331479 65.35180613910353
67.8181990196879 106.30139530285285 95.6764723429753 95.1340566516679
2 8 	 # Alloc Shape
1 1 0 0 0 0 1 1
0 0 1 1 1 1 0 0

2 8 	 # U Shape
42.44851388775528 53.10030378042821 94.59781226700603 99.92736621442428 67.09235888482614 78.95761370422827 98.15875546936368 14.155841215261688
2.6287019886786056 74.64427612241474 61.65880740404701 9.92046992760729 52.190267535715606 50.74319814786622 28.569302592260826 24.84384892748085
2 4 	 # V Shape
87.89326298794833 139.29679359457094 135.7232101456108 102.23949396454836
75.01557395509903 64.76945635558538 89.47994140875853 43.549330931060396
2 8 	 # Alloc Shape
0 0 1 1 0 0 1 1
1 1 0 0 1 1 0 0

2 8 	 # U Shape
29.110749546800076 75.74737156047902 96.36379968200065 67.8429829266097 66.88903482693814 17.58979864221243 17.781320137911962 59.54826276152517
17.473787912789952 54.48582579015414 70.77703333231644 75.56155826168252 55.04497465769783 62.448183695645 34.17021416606356 54.43558781306864
2 4 	 # V Shape
98.92677499318707 107.06719903372128 77.17181706590473 74.85904206615504
61.12703624979305 75.76261274499169 100.23634099423607 69.15326090187392
2 8 	 # Alloc Shape
1 1 1 1 0 0 0 0
0 0 0 0 1 1 1 1

2 8 	 # U Shape
11.000377483237623 50.93625718579561 73.26303967816976 14.442982816442562 43.33835470523031 27.238950248816074 74.2779055019088 89.98904732638017
8.117513536809785 71.96175884244596 53.81020780466063 95.61429669053358 0.3042903948977549 71.08152153564686 73.36621911896376 17.582279947805034
2 4 	 # V Shape
55.883711564240166 73.5984408999744 52.43859351597071 152.05599642480348
74.40183702779035 122.07646790086474 71.14182185057632 86.62512114855073
2 8 	 # Alloc Shape
0 0 0 0 1 1 1 1
1 1 1 1 0 0 0 0

2 8 	 # U Shape
37.59157430350842 24.93635229005202 51.26233448800741 14.348025691993172 64.16555013357215 53.91055037985244 82.9914175769991 26.912490795327514
17.10557216327111 52.64327644174463 24.185540873261836 45.62141122684744 11.648201134691927 59.98066280688502 83.66348926718696 91.23319112936716
2 4 	 # V Shape
38.82275502870807 57.2665618488291 90.32886284820994 89.00054046842466
58.25223929297726 65.84566184086428 66.6485782234758 161.97965168819132
2 8 	 # Alloc Shape
0 0 1 1 1 1 0 0
1 1 0 0 0 0 1 1

2 8 	 # U Shape
60.767475183650596 47.82043133828816 82.86244464591645 92.94254509519651 82.876510815628 2.676703691902571 89.02708182425278 16.429847990240674
33.397227460555825 37.73011594614126 81.82809341277971 19.805308691961933 17.602604697827584 99.24360529903925 4.469874434409105 31.084888578963987
2 4 	 # V Shape
88.90580261621983 157.13912584934184 84.82889077739631 103.6953588628009
44.041501754104324 96.76169053565216 105.68876880794352 33.943650902986505
2 8 	 # Alloc Shape
0 0 1 1 0 0 1 1
1 1 0 0 1 1 0 0

2 8 	 # U Shape
65.61555863113277 92.75162708400106 93.30226187676534 87.8256588886791 40.1525312295424 27.89496611029252 48.09249966668775 75.68208313633393
50.88825801648179 37.52731886427574 59.77516640696615 64.21631853185382 97.85298456822153 62.15381952322243 39.34004315978301 93.48383717071745
2 4 	 # V Shape
110.34835862879564 143.3128591566467 55.22928266087252 75.74025539712717
52.25432056651518 123.60177458846402 107.42745909263604 118.56385687800446
2 8 	 # Alloc Shape
1 1 1 1 0 0 0 0
0 0 0 0 1 1 1 1

2 8 	 # U Shape
86.03629493067113 28.73678416526434 14.8573148891591 20.816121962468557 12.039949532268201 21.163301255736744 94.57283202399447 60.03849247602334
76.60723991419141 27.681539893338936 25.514437297942973 15.913573585227624 78.14761004527917 17.52325413706958 58.95883211368814 9.979331795149015
2 4 	 # V Shape
105.50036055345721 24.701864313841458 29.78559748235369 103.41839015737574
81.17654344851353 33.2675541874636 78.79288481223847 64.83043235657256
2 8 	 # Alloc Shape
1 1 0 0 0 0 1 1
0 0 1 1 1 1 0 0

2 8 	 # U Shape
81.31355920573414 25.125457159025977 64.11315655900918 16.57803577572212 25.332269592996326 93.13555007806424 89.73316030283085 74.29063262274185
47.35033634019899 88.05503018277317 17.069880372151648 50.78677260245898 59.91806472802751 3.7243964161457144 81.55382653887234 28.15902695954221
2 4 	 # V Shape
83.19040339133426 65.2232012558374 98.51061425678742 102.59210275285162
121.05523382349104 65.15021942234821 62.27765715918538 98.6391614764994
2 8 	 # Alloc Shape
0 0 0 0 1 1 1 1
1 1 1 1 0 0 0 0

2 8 	 # U Shape
97.03503236319627 41.118983498084475 90.55898273960102 71.25822058460683 64.19970204997965 52.581109400395164 94.42141935138028 36.25325493209988
13.989053513619144 6.028430493349468 80.81096191078069 53.78351941841588 23.9302629159727 34.21830848583508 65.76556726273131 74.86117805901735
2 4 	 # V Shape
134.64411635750523 117.47814008011774 85.01607978632217 101.84640930672043
18.665299504047795 125.90570249533148 40.18729792375845 115.11787808733298
2 8 	 # Alloc Shape
1 1 0 0 1 1 0 0
0 0 1 1 0 0 1 1

2 8 	 # U Shape
9.558583691376066 2.749915471774078 80.16881172414234 35.342618365088406 20.628799037128164 0.2554196479065962 26.7863283794349 14.237178577338227
87.45874640480864 11.178575248877355 76.52287282732453 51.690173448279744 3.9329984228927417 19.915747523321446 34.295973728410246 36.47179625069782
2 4 	 # V Shape
11.49157859703218 92.81903433194398 20.860707359834823 39.8439457102129
92.61072972513949 112.20759145080191 21.207192625414464 61.101285564105424
2 8 	 # Alloc Shape
0 0 1 1 1 1 0 0
1 1 0 0 0 0 1 1

2 8 	 # U Shape
19.917743597210624 55.57707346379519 95.83857115421776 75.93918249492008 42.86142650139849 68.77992581274428 48.51266222208387 82.28700600126349
33.90999821466119 62.40255302208223 12.998630401233314 13.31179294914323 97.68748945190742 55.23894178319977 45.8037497772226 60.92191552183153
2 4 	 # V Shape
61.834142906286495 167.61335631024 70.24116512161743 97.43322073395203
71.89668469197169 23.03097998239181 120.23361245311028 70.15680476548806
2 8 	 # Alloc Shape
0 0 1 1 0 0 1 1
1 1 0 0 1 1 0 0

2 8 	 # U Shape
72.6666904983982 41.819690063064655 24.193664249600356 74.960188566679 36.91708475605938 21.7900517843144 23.97758192453289 26.302793073759712
48.25346800768805 58.02115475522125 91.7301872691846 91.1755587503654 4.332567078047267 43.0003881077607 30.693718503191935 14.320995763107069
2 4 	 # V Shape
77.14611297225665 82.41094825529369 47.647474385059155 41.03215748975824
102.84152717981223 150.1054537326428 46.62569009460744 42.47707761455451
2 8 	 # Alloc Shape
1 1 0 0 1 1 1 1
0 0 1 1 0 0 0 0

2 8 	 # U Shape
93.20446605118859 83.89252236311454 15.651664180122605 52.480993777816174 60.81195195324904 72.49186558401396 45.15169992129281 15.153061512296361
36.0745397052102 93.75784544574043 2.4296476669721567 29.886778788255917 69.56588744749413 72.67363168038678 44.52616156599216 29.233723168941328
2 4 	 # V Shape
135.77041749195743 52.88772221191057 111.62623904697853 48.30695644989074
124.85615497174607 30.691932050356723 97.83796688746662 63.0508844368288
2 8 	 # Alloc Shape
1 1 1 1 0 0 0 0
0 0 0 0 1 1 1 1

2 8 	 # U Shape
68.69991113507257 76.5068419761585 61.79775381588708 5.680785679749112 67.68572042987306 15.076377028518218 96.50336539842161 95.23384434403167
96.3388160536898 43.44343322977491 64.45177100064583 7.855171112256675 88.72377126157872 72.65988860186823 32.1772037032992 50.72882061030659
2 4 	 # V Shape
131.68457628398457 63.90186314237055 67.85110803665023 165.71540774880157
137.3590359493839 71.56439070544911 125.57716398668126 54.424894302465255
2 8 	 # Alloc Shape
0 0 1 1 0 0 1 1
1 1 0 0 1 1 0 0

2 8 	 # U Shape
87.92513420115024 57.11712559175655 77.64027967050902 73.72280104206725 33.99025483756666 53.96785489692638 55.64478653910094 36.58280660766086
92.43603762183835 39.534121871041116 46.61604362455789 75.80007678268112 47.58797778707324 40.37332970173245 2.0772590142384195 52.918887034731256
2 4 	 # V Shape
98.88211205411127 88.50643366045037 74.42943661908798 79.22077964594584
103.74141683001325 112.68744619908567 73.20001855089698 54.49627016510199
2 8 	 # Alloc Shape
1 1 0 0 0 0 1 1
0 0 1 1 1 1 0 0

2 8 	 # U Shape
88.76227948715311 91.03200846031345 8.07215111398426 85.34866512989454 92.99121700643074 96.10129098036624 5.041663201766877 94.70568399755456
14.746131523109208 94.66591017394825 78.0618778182978 6.7328104735110745 20.691239830442775 2.3033432694348988 53.4192341617737 20.192436374711043
2 4 	 # V Shape
120.89835598168085 91.64181275268147 143.56283023511364 97.54748057700425
106.49929213114956 81.43139082355968 21.094586379387724 54.670565620097406
2 8 	 # Alloc Shape
0 0 0 0 1 1 1 1
1 1 1 1 0 0 0 0

2 8 	 # U Shape
47.46986888956465 26.187032404426112 28.865652990233226 51.4567120600002 21.29307311142098 65.88194221608208 20.628009483908393 70.97656606457736
52.11599313014238 83.50083053752176 98.67741492774286 1.1092715844224554 14.577039368407307 72.6516043524211 45.634414217543885 38.78686606887596
2 4 	 # V Shape
67.49845880050928 78.15315793682404 72.58141551999786 82.85643749635649
99.80652939541318 98.74832873535141 86.57939046035068 46.62125038336879
2 8 	 # Alloc Shape
0 0 0 0 1 1 1 1
1 1 1 1 0 0 0 0

2 8 	 # U Shape
86.09224480705113 28.26103103111781 20.853404836648302 40.082798496945315 46.32744258233307 47.6675653884821 93.23092012207084 52.267837951660624
98.62002304362693 56.67598599186374 35.587421870050804 58.14705510145105 51.393200628401395 63.950752638233965 79.19961085455398 91.23427814072794
2 4 	 # V Shape
93.07723921187586 53.95715901682525 52.52956218345832 119.68030053120347
112.13162083039441 60.66626789260652 96.87247252600402 134.0396390314528
2 8 	 # Alloc Shape
0 0 1 1 0 0 1 1
1 1 0 0 1 1 0 0

2 8 	 # U Shape
99.77122962801849 57.653735449396784 37.4451001554101 52.377610243113345 92.39633263644681 78.38145680029014 47.05902885479949 14.863797446864524
7.304610297035863 0.23152353618717258 90.54122794366988 16.75217351493673 74.34867721975274 97.85571333411373 58.321755216531024 85.3843573868573
2 4 	 # V Shape
110.05578539270036 54.562618864036274 112.94425486412119 55.82987153764772
7.464828651893365 98.45649861150721 148.13467937258312 88.60375320593747
2 8 	 # Alloc Shape
1 1 0 0 1 1 0 0
0 0 1 1 0 0 1 1

2 8 	 # U Shape
80.48722490912587 30.73281614984268 29.552811284976364 84.28469047877142 13.944329208841832 93.53212444051651 68.67191238671715 56.2172980084089
29.699438185246287 68.68797910964972 84.40912397261737 69.24892928309406 82.75565062190012 58.38464572590725 37.332630982835305 46.66727929336698
2 4 	 # V Shape
99.01583904824656 94.11079379456736 93.91067229436015 77.34609969811297
92.38034513769412 119.09361127644439 88.03327923131917 46.6929638436635
2 8 	 # Alloc Shape
1 1 0 0 0 0 1 1
0 0 1 1 1 1 0 0

2 8 	 # U Shape
27.678367280986617 90.87988878978008 94.598033304089 53.938152682605214 31.477840672250334 89.99700513305989 21.75547174267448 59.92085402703595
64.71917907205554 65.98298600237297 46.31737456817879 99.41956911052029 70.88676076734384 18.253706548231296 96.32902113251721 64.51865535986745
2 4 	 # V Shape
97.32127466653382 112.64686371833918 108.7665475557016 76.76273624792701
119.49894841374298 121.48064662313473 84.49292177231254 140.11008938929808
2 8 	 # Alloc Shape
0 0 1 1 1 1 0 0
1 1 0 0 0 0 1 1

2 8 	 # U Shape
89.63735239187083 14.452234716868805 43.83728957862157 86.1878366739155 85.39789386945219 71.04617895384827 91.55617884582571 79.51437425689704
80.58181513065145 44.339640085287634 62.590032609128365 93.22528646644017 16.343504101217942 74.90742027506873 40.540064930992294 57.182742165448644
2 4 	 # V Shape
102.8501764960799 102.84749633415558 98.15118901069397 133.29593719656592
82.08175166845223 119.72423260514003 86.01029465290935 70.17939116971978
2 8 	 # Alloc Shape
0 0 0 0 1 1 1 1
1 1 1 1 0 0 0 0

2 8 	 # U Shape
35.43941724768839 19.7285780055362 62.134189549356435 83.57832716894009 3.236666965986834 86.25914701052247 6.421602135789895 77.99384030417916
40.67682618985582 44.523452225102474 35.57289316861104 39.76545941429347 88.09143265158622 32.82794887225893 67.65347983659535 72.86877722269026
2 4 	 # V Shape
48.84552647240055 113.37561088550939 89.14012477009572 79.28727319148322
67.09008094996803 56.33204170972989 116.56073503759245 91.86928541572544
2 8 	 # Alloc Shape
1 1 1 1 0 0 0 0
0 0 0 0 1 1 1 1

2 8 	 # U Shape
70.21580183964726 53.84490666417429 68.73383603433449 90.57939128470562 57.260169472500735 37.50718720848163 64.25477259390162 59.62535184998441
29.156923328534933 90.10299590077821 20.665366596660164 49.22219702601153 65.99013045023 82.00117065609402 49.86108133056344 62.58502032502326
2 4 	 # V Shape
119.18359346339975 156.63408502386818 86.22572926932848 68.56479158635534
111.70356148805755 66.60040421520596 109.19082795256682 105.20436956921573
2 8 	 # Alloc Shape
1 1 1 1 0 0 0 0
0 0 0 0 1 1 1 1

2 8 	 # U Shape
9.678232624917316 13.723091354422012 15.554774008315686 52.09504410308157 52.419714762045444 30.39483526125991 97.17640342524003 42.439929609318895
72.33302306543466 73.15192908621434 49.019149507850145 69.59290592047381 53.79561615024093 35.211861530301434 2.3388076209966857 89.6752946512945
2 4 	 # V Shape
22.20040292875719 52.611166037646896 58.183396639762236 115.56531997049375
132.519460906675 81.90917941537609 84.36310302198451 91.32728096118255
2 8 	 # Alloc Shape
0 0 0 0 1 1 1 1
1 1 1 1 0 0 0 0

2 8 	 # U Shape
77.50242202716787 16.71311610237317 19.173310782940845 81.59434662940922 48.83803735203951 51.00456537051462 37.763597484131004 66.49587633330756
1.041178577773183 86.82682238748023 76.26604619516371 21.39938711193071 69.19149200178974 63.28783008917277 58.1064967091261 44.88925868686935
2 4 	 # V Shape
83.2059529814143 97.86067519940539 73.765628620484 74.14241121937297
86.93689976528792 86.65265866083278 124.8567200677036 78.40290632321421
2 8 	 # Alloc Shape
1 1 1 1 0 0 0 0
0 0 0 0 1 1 1 1

2 8 	 # U Shape
21.36281818167739 64.60960874000628 4.929394289014921 23.483339436252404 4.726364214728685 98.70955616799877 19.39307581851477 71.84747128693023
47.90264318417714 98.58656953206209 69.2954053655034 39.289919329979504 74.69357494734477 95.67423243113147 24.159965098586532 45.09768516167685
2 4 	 # V Shape
74.12702875439429 25.754829461150607 102.62201783306921 87.73361740233432
140.33529698107904 70.40943611351928 111.00987158171492 64.9636609925474
2 8 	 # Alloc Shape
0 0 0 0 1 1 1 1
1 1 1 1 0 0 0 0

2 8 	 # U Shape
3.361718213342424 26.302484930774327 22.01920636558978 35.84988404680938 55.43474221203846 49.58188085561432 28.16855885833848 43.566024646585134
34.76594895921519 73.94633507972804 72.62073224406673 50.042724903963574 66.8936649203747 74.79319921138762 0.7257459172577141 7.447290335622025
2 4 	 # V Shape
27.953199456853117 39.363523463377916 80.97185566445397 67.59316032998194
79.99617655945528 118.74690615793926 102.65021858173588 8.15370434658832
2 8 	 # Alloc Shape
0 0 0 0 1 1 1 1
1 1 1 1 0 0 0 0

2 8 	 # U Shape
24.152589345662655 42.594672939960255 81.63650797016173 56.78923368304899 37.148059382653344 41.32838352498717 19.136924626375908 85.26415418621073
26.095724864638026 58.47641291786188 39.273280004363144 81.05259467151964 41.572049880195905 54.88068917646205 49.65149096053649 19.281326807253517
2 4 	 # V Shape
45.563413421335014 116.09049836107205 60.89376512994019 96.37820381128174
68.67144600620995 86.51147770143126 70.53151600911835 58.648097184995336
2 8 	 # Alloc Shape
0 0 1 1 0 0 1 1
1 1 0 0 1 1 0 0

2 8 	 # U Shape
41.858696299231426 53.456971717168145 30.561369221566192 93.56901692502218 56.08037723188164 87.71448987913365 87.33963137026633 44.235486817069436
66.39508265634635 65.65050380881581 94.3981700348577 58.22949552492498 24.188449029034565 94.8492439677151 88.67008390597515 7.3026555733400444
2 4 	 # V Shape
74.3451153475996 102.82155635943109 99.93416656924273 122.91728542963865
82.87050223557597 134.45213296523485 109.65825450741228 95.39966092598698
2 8 	 # Alloc Shape
0 0 0 0 1 1 1 1
1 1 1 1 0 0 0 0

2 8 	 # U Shape
90.68677633896843 48.99664083487518 87.01357193637122 88.60147659582526 62.65513385375802 64.36788285913693 85.21208519137448 62.61314986875989
84.6678748067566 99.21596125052959 35.376060055570434 32.48540768738426 32.991507732258555 24.4487575532509 27.642409900618105 36.45843819340093
2 4 	 # V Shape
116.0254178836976 95.31065370680224 91.24397924396541 114.92723656049814
105.50394193116104 48.48596257014435 46.40159208565581 56.4221511438405
2 8 	 # Alloc Shape
0 0 1 1 1 1 1 1
1 1 0 0 0 0 0 0

2 8 	 # U Shape
57.858106327549564 52.84001538090111 24.157248906854512 79.43090787298998 90.74406095193481 75.87358015739483 8.626977251940282 71.2950544692579
93.01261253882356 76.14587586514557 98.86614074982673 98.76971377964719 89.70372924482004 31.49616981210669 9.77915966697227 92.43917947699934
2 4 	 # V Shape
107.06777870748242 89.90456065436751 150.63692506315297 76.87608164169737
122.66941566144533 153.83816912995002 105.5718509471572 96.76353621007581
2 8 	 # Alloc Shape
0 0 0 0 1 1 1 1
1 1 1 1 0 0 0 0

2 8 	 # U Shape
16.810668734001176 75.64981803059989 93.78717597497568 60.37518915578182 20.885585735974953 99.37145499449112 77.9323503836544 89.8372885420494
49.56649361513927 81.29603807981682 71.98719782227973 42.75203761531387 31.887932044027668 33.53055134809602 37.00772274583174 74.67166575101636
2 4 	 # V Shape
87.39382907264968 111.40222163326291 107.43379453999428 105.71851216524473
90.76780325017106 107.41642205085657 60.42716171376468 107.01427523823736
2 8 	 # Alloc Shape
0 0 0 0 1 1 1 1
1 1 1 1 0 0 0 0

2 8 	 # U Shape
29.961511116392703 26.09874430423238 47.89852977170174 1.2341515678240156 30.597559480814052 38.73762064709627 48.996422340378906 9.165881748144301
73.18900704632391 89.4389076266026 99.17835465517616 53.90040971026095 17.720237737203213 76.86581739570853 40.3035167563831 73.5262119290299
2 4 	 # V Shape
52.02409822122717 48.34173617801646 64.72320937377859 51.036797787002016
108.77070795294998 137.31087071663978 82.72163209578133 79.337661421066
2 8 	 # Alloc Shape
0 0 0 0 1 1 1 1
1 1 1 1 0 0 0 0

2 8 	 # U Shape
66.16035426657484 27.183116674818653 41.55397559373581 9.781357888467557 14.705543815918464 94.69831571941339 71.51380100768708 63.183468691874744
3.937942298188346 29.558246050304426 55.50343294927813 47.761967657293845 32.17280235811978 27.175200735842242 60.722442121405926 8.702255285743355
2 4 	 # V Shape
86.50038503053364 44.06995320978653 95.98799233813371 103.25372329739508
30.16339773980715 100.36692964742053 53.956185494421554 66.16105683305875
2 8 	 # Alloc Shape
1 1 0 0 0 0 1 1
0 0 1 1 1 1 0 0

2 8 	 # U Shape
13.893547902710512 88.95750645101708 82.65959460082745 29.43519846963236 14.455677109173903 26.555565385297065 55.002233482358996 88.14455180731815
44.027951566124244 21.114389643455155 85.77367745861291 61.74548883631296 59.559341529692965 31.02185487602207 62.18110106009996 50.315911435340276
2 4 	 # V Shape
92.28565342456476 104.9279902724402 29.441157622031966 115.6000548082253
57.99313614622509 140.3109766295283 67.41147417800339 81.88903931010225
2 8 	 # Alloc Shape
1 1 0 0 0 0 1 1
0 0 1 1 1 1 0 0

2 8 	 # U Shape
31.06556055406543 74.73918833912091 67.09877724194116 18.883160970937297 80.83650571528716 95.55668941738618 38.33644347955859 19.45832429672426
41.18644184108806 10.018361755010584 99.46094653806148 66.99627920311184 39.01650325944801 76.56637690453131 77.11644479198988 61.84341031437617
2 4 	 # V Shape
78.9055475266278 74.70009071328185 139.1703400317774 41.228968277715204
49.38810363766284 112.29562936419363 94.03256118360446 90.22376832030125
2 8 	 # Alloc Shape
1 1 0 0 1 1 0 0
0 0 1 1 0 0 1 1

2 8 	 # U Shape
49.056151443334585 88.3514405744234 45.577885440749895 0.6254835815020399 63.961986128933404 90.43339317400316 95.46455795965923 76.80683567784207
88.32661091894846 47.84030580800726 54.23091301229221 85.5295740261051 51.49156949436461 87.20873314319624 77.9723307095616 89.50240212042576
2 4 	 # V Shape
113.22768256569597 45.96489760296053 123.86825311213983 137.11237492496096
92.71527832793802 130.32960451508862 115.663693689411 164.05910182225227
2 8 	 # Alloc Shape
1 1 0 0 1 1 0 0
0 0 1 1 0 0 1 1

2 8 	 # U Shape
42.381934578761495 94.62640876849264 5.786990897787014 79.39616658507796 89.93267726601832 80.82966819986275 21.332377485510754 15.085935451996612
97.15894291541076 64.14786733029935 5.757812222336467 4.683980669311172 58.68515937770623 35.72467639917741 37.43504504430623 22.85496489811504
2 4 	 # V Shape
129.0297295738422 81.88277005373224 92.52344276174189 34.757712428119284
125.12370853836852 9.07341455472918 60.169083829832545 38.24845473053207
2 8 	 # Alloc Shape
0 0 1 1 1 1 0 0
1 1 0 0 0 0 1 1

2 8 	 # U Shape
96.48829441531025 28.159506535215673 67.57053263843605 84.21053391295798 84.47145701631938 47.43467566646245 86.237599674233 38.16785946615485
45.76607011201177 5.498644073070736 19.12685912849349 96.54087996515216 42.603524111351334 59.780883635145074 51.92973749714302 23.11199916467883
2 4 	 # V Shape
116.6019046207009 114.48059406388222 93.74667939901582 91.12741830841532
48.23810288062524 101.96110029605288 91.38189270692236 54.89495164711914
2 8 	 # Alloc Shape
1 1 0 0 0 0 1 1
0 0 1 1 1 1 0 0

2 8 	 # U Shape
20.81797503831677 17.220842411402437 66.2794304083418 26.342986549097567 49.65985401372146 31.0517660526491 29.630972749349127 46.8781521067677
13.696603350329827 92.17868705477635 34.76968843970979 52.981829364786215 24.765483102100248 29.03559893843479 16.041240707911776 22.455650633470412
2 4 	 # V Shape
30.968343789310865 68.98102128791007 72.38060843255215 74.44377077027924
104.76107451065874 67.70286358843394 39.87511726908993 23.11063697905032
2 8 	 # Alloc Shape
0 0 0 0 1 1 1 1
1 1 1 1 0 0 0 0

2 8 	 # U Shape
52.69392472469997 99.68703767182897 22.887377642968143 81.092220402835 55.96470024398559 16.090810252031385 24.86642020005374 39.104515328483544
74.23121109778266 39.72043683390132 13.437775485415205 52.79117853692893 17.366010040213244 62.668463014493426 10.426796172780161 40.73989298589146
2 4 	 # V Shape
147.89249607071912 100.13259773245215 68.66044933693146 43.836136424432844
98.05018866208708 64.48787302463622 69.39618992604701 41.30279975780766
2 8 	 # Alloc Shape
1 1 1 1 0 0 0 0
0 0 0 0 1 1 1 1

2 8 	 # U Shape
65.91874539760329 59.1816470748665 70.45173856530106 17.215798471988187 83.5762469744216 2.8624415606940623 96.58696607521273 80.982595418658
33.479938546720035 35.814489478151486 37.5789188121654 8.044182241333909 69.32920160381148 9.332412817388247 64.7064214338572 0.3429829519944416
2 4 	 # V Shape
108.77314666134419 86.03295831005867 85.6426604634658 176.64586515509248
50.44886686622881 41.141635271185386 76.51042950430022 64.99319001776276
2 8 	 # Alloc Shape
0 0 1 1 0 0 1 1
1 1 0 0 1 1 0 0

2 8 	 # U Shape
61.24798538399756 0.6180883678854276 82.34357472691138 34.0551102848041 98.80840315462068 17.682891545005408 32.64092896062729 38.991344717972034
83.59380578120212 48.79087182989315 54.37048276956769 44.85927265032884 26.6731921509634 55.44029794630983 77.47799401958815 68.15185322316671
2 4 	 # V Shape
61.6649168312286 102.2021467391968 115.82674067991384 48.25821443763848
96.94265918656721 66.02571159583029 61.68751115743244 129.88299176335545
2 8 	 # Alloc Shape
0 0 1 1 1 1 0 0
1 1 0 0 0 0 1 1

2 8 	 # U Shape
19.75056299350082 42.696996098717676 26.106799764914268 69.28876878868647 73.87099984571154 57.55096480987824 39.35509949373013 27.087424258569236
81.76348762720686 12.807383598781064 10.851138830865391 13.049767934995792 20.665853899480158 42.644865761911255 7.596547349521798 70.07490866511796
2 4 	 # V Shape
56.959829166193295 75.41520833371703 111.46487584875041 57.69932683596031
87.41982200520597 23.07107214344825 58.196704669338224 73.11299266435827
2 8 	 # Alloc Shape
0 0 1 1 1 1 0 0
1 1 0 0 0 0 1 1

2 8 	 # U Shape
73.85083325158554 48.741228151485885 48.88505188682826 39.798804704984526 47.30969341687722 12.283571897016031 45.71386631073706 83.42068154875679
4.002387063563296 50.40354555902334 9.195035297385989 52.07619828105092 70.78068543460994 36.80123211718488 93.63695478802633 47.48869530604311
2 4 	 # V Shape
99.52338744509088 72.95890738179533 59.592783745899794 98.13096761658396
53.42955928989691 57.61784760470255 80.40823368283861 138.53576025731823
2 8 	 # Alloc Shape
1 1 1 1 0 0 0 0
0 0 0 0 1 1 1 1

2 8 	 # U Shape
15.119607421091786 98.49207747724451 97.43846796801151 44.18955755009571 68.21377458006891 68.32888415190826 5.638258718139877 82.53952347716951
43.39006789213188 31.84293100556331 69.1481782818412 88.40430971101603 93.00037314426172 46.354151395360745 15.785252967390761 79.02225900616803
2 4 	 # V Shape
109.99746004599768 122.0228275781352 80.61324728282443 86.26073989822564
68.03761364062579 156.83138290598149 125.58306869811888 85.17978253661265
2 8 	 # Alloc Shape
1 1 0 0 0 0 1 1
0 0 1 1 1 1 0 0

2 8 	 # U Shape
8.927890840778542 17.750549315079844 0.03869850562807642 1.812597443083841 65.39443404674171 21.046829639314534 13.469740362117133 69.39813811355819
90.08380399843617 79.86365078648302 46.401142815918064 30.888208241791794 91.68588906607255 91.93074507148489 15.48825065951105 27.039526370204335
2 4 	 # V Shape
21.020964219639893 1.841310974863954 66.19529588932862 80.8229324572672
111.8435472826864 50.626388472018604 162.12260159055901 32.84320684771364
2 8 	 # Alloc Shape
0 0 0 0 1 1 1 1
1 1 1 1 0 0 0 0

2 8 	 # U Shape
49.969216079474485 12.108581851882615 81.00201811254895 18.370193312386597 45.20340271645614 33.31292966643266 88.77070015858247 57.47062480716881
20.34453564283791 70.6988446512282 89.6709853549648 7.587028597807366 64.5102710875163 46.5341373806767 94.93362662050593 59.738236902270636
2 4 	 # V Shape
50.36828901496463 97.12434474168967 77.63553985900853 100.12485195144066
82.68122085985247 91.11112686752746 81.07083221266629 151.16066077217735
2 8 	 # Alloc Shape
0 0 1 1 1 1 0 0
1 1 0 0 0 0 1 1

2 8 	 # U Shape
86.33341591423309 94.87924821088673 18.508071011502103 9.281902896816629 79.91392764351598 19.181554869580186 89.40601584942797 32.616278006303226
51.84990604103304 37.59265847905594 18.27998609500433 77.74535784160386 7.932652381420424 53.17547243492127 71.53421660181054 68.80043395852479
2 4 	 # V Shape
111.65633357840667 23.227771893349292 97.28671719185584 120.47132489976993
54.788956026586106 90.79815256415687 58.05268662781653 82.40278191774652
2 8 	 # Alloc Shape
1 1 0 0 1 1 0 0
0 0 1 1 0 0 1 1

2 8 	 # U Shape
70.46550676081478 14.947667077793248 84.57367905888893 74.2711319545217 29.042838323860664 2.479625451233569 21.820394446743553 60.2188640310917
84.5481567870685 85.06896167275525 96.37589482713862 82.62756062749574 51.5365711717106 83.75790893656814 2.4662554309329954 76.41395552573914
2 4 	 # V Shape
84.3055426224415 143.94748292983581 30.949591936240584 76.36719478034308
101.29978173776546 172.37560370255753 115.62930637985174 77.39368550937125
2 8 	 # Alloc Shape
0 0 1 1 0 0 1 1
1 1 0 0 1 1 0 0

2 8 	 # U Shape
20.662770678096877 90.93233418317429 26.834304885433912 36.01015364033239 98.0743808185728 18.903323400153226 2.752906895135032 77.97029572533906
41.411467161458525 19.347312291270967 57.14695445902274 71.07592032928784 18.66873259052121 38.898425930532156 76.08792260280651 7.779355197619586
2 4 	 # V Shape
100.58260224339593 48.085274129667695 102.39904351157514 78.46971100160624
52.63781413283445 77.25460098896528 55.0438527676247 79.89050376502864
2 8 	 # Alloc Shape
1 1 0 0 1 1 0 0
0 0 1 1 0 0 1 1

2 8 	 # U Shape
20.648608031241412 58.34239992236071 69.79005058232269 61.91288266923116 67.02807149986755 99.76375467813723 78.59399379129886 54.46346843131686
88.3091804119378 76.75539139820054 73.94973362434091 7.488032399538769 87.36789797778619 79.6375674866034 21.519459041501467 78.74072917021489
2 4 	 # V Shape
74.047014961639 83.05556001542085 138.8722298844125 98.37109494597321
142.88414805259612 80.11665432061902 145.93362889059938 93.24353676480558
2 8 	 # Alloc Shape
0 0 1 1 0 0 1 1
1 1 0 0 1 1 0 0

2 8 	 # U Shape
5.938052503137303 30.505851535592644 86.12616676090268 94.79319600025221 23.25509651646126 34.26472607838509 33.59872713407582 27.81011455357758
73.99545088121936 78.91512301145173 75.84143129970344 90.27318009755449 19.39893137222837 7.305800231211535 74.25283781437962 51.49492035019241
2 4 	 # V Shape
32.51878496576901 169.23394406286369 42.169480092447984 34.852616910967285
96.57600634023328 123.10292106404239 25.15859832757026 110.56654928328271
2 8 	 # Alloc Shape
0 0 1 1 1 1 0 0
1 1 0 0 0 0 1 1

2 8 	 # U Shape
5.683723900236648 10.828574839166716 18.55347125724357 27.46697381021457 15.807397534483458 57.58391199881396 24.22171360603239 48.37660343327481
23.08785031531162 93.10110281025781 41.76010941044132 77.0048194828792 92.41479233866696 28.464059995327283 1.5972019894308298 43.01921119248268
2 4 	 # V Shape
14.433081265849967 39.625963362405614 60.33089994896762 49.164871438744754
99.34023816970006 101.43331858019366 119.10313035261663 43.209234980629475
2 8 	 # Alloc Shape
0 0 0 0 1 1 1 1
1 1 1 1 0 0 0 0

2 8 	 # U Shape
4.300724753878438 64.89867930468543 49.3920409977524 96.06474666927375 96.96769044816588 23.783062475398864 17.716046804590757 1.2887333841340443
61.94773496889645 7.792242168190889 5.1507758210805665 64.58735229686383 39.940887253132374 46.076342707823514 12.048992262417158 25.444993726312404
2 4 	 # V Shape
68.73187671660939 135.42583398530587 108.25008244191564 17.953204590389642
68.03715499749697 66.64123215935244 75.59502032505 36.10092778207121
2 8 	 # Alloc Shape
0 0 1 1 1 1 0 0
1 1 0 0 0 0 1 1

2 8 	 # U Shape
58.4583792200658 29.871299292912102 7.459685762821422 7.155438578958284 39.84348620058037 96.62678620264509 23.062108413088644 65.27357286180224
76.73603860121366 60.38119024367996 95.33539140530478 81.61464171635696 77.67999350520026 84.97122734618868 67.46316871611302 48.680053563053825
2 4 	 # V Shape
86.47303126218345 9.213695335953267 135.70849173337976 86.05371052209864
98.83354396070953 132.45341416070482 151.75904143450038 87.00494053274784
2 8 	 # Alloc Shape
0 0 0 0 1 1 1 1
1 1 1 1 0 0 0 0

2 8 	 # U Shape
13.103542292592774 91.37280078504747 30.66059834983379 30.962121288127786 81.00247333219168 7.262790118416396 13.028590340275636 34.79962654293636
48.862020170401124 1.1049294515917851 2.3579996402569914 40.04380045965499 68.48545873669003 43.152124007856955 87.28501160463476 20.427416118757368
2 4 	 # V Shape
101.4610767257234 51.73937050139084 82.63954001992388 37.481640991698136
49.29243156637687 41.059360966947125 89.12579748369978 89.95210991962824
2 8 	 # Alloc Shape
1 1 1 1 0 0 0 0
0 0 0 0 1 1 1 1

2 8 	 # U Shape
90.09948796594917 89.72313122754483 45.10687949037882 22.157143616730046 12.150653421470793 90.75876848049961 84.24393106471062 21.893136617754482
99.71475948156503 78.74520295409025 14.026978072648033 48.5387365078198 70.12967585002436 35.3058348825105 63.551545053958414 16.985410359161733
2 4 	 # V Shape
177.19589807298632 49.73465589164026 101.08164654934667 102.98190252382999
160.8031677393026 51.00021065988125 99.46891845393529 66.28306330070512
2 8 	 # Alloc Shape
0 0 0 0 1 1 1 1
1 1 1 1 0 0 0 0

2 8 	 # U Shape
30.235032894898417 95.31009333998423 8.830519983107287 25.470963721086648 6.05659830761881 65.56870824710201 33.650959500917885 37.19541772884898
1.0274076715468317 36.701223597508715 83.98802848740681 0.7216933436506312 81.86918536481443 81.55255457623987 51.170411231445335 25.569254375573745
2 4 	 # V Shape
97.1618760319001 31.743691672808733 68.4594907473804 57.32128162875173
36.777537784540485 84.32700512487983 86.73104233197863 67.14704416445562
2 8 	 # Alloc Shape
1 1 0 0 0 0 1 1
0 0 1 1 1 1 0 0

2 8 	 # U Shape
64.44399612052808 55.69528967089011 71.56908700788416 90.52419628162728 10.697402018308043 34.65833515332789 45.4012029779565 15.25650095126757
82.67540129475518 24.241304612877947 84.64699017822612 43.40245327403181 8.258401233810197 66.75633329171438 40.83777382167867 48.23990963474388
2 4 	 # V Shape
96.8944530080441 104.60489117201818 39.878712370465784 56.60305643035386
98.89602681659896 114.16670735045363 73.42548510102823 73.80573480350371
2 8 	 # Alloc Shape
1 1 1 1 0 0 0 0
0 0 0 0 1 1 1 1

2 8 	 # U Shape
11.345966478767288 25.871215529041024 45.719304073472344 73.62317791576581 94.91925994640002 28.73998842578733 55.69910939952414 82.99748851383288
93.4925693501895 36.61853416938945 84.88811414128973 11.215574976551068 66.1045389452984 54.44256963010849 35.19996629990408 76.55631844748353
2 4 	 # V Shape
36.48709022572643 100.14392567339655 114.39300474084935 137.33730709806053
104.98659636365826 88.80486105711294 69.07912775399339 95.22462667972182
2 8 	 # Alloc Shape
0 0 0 0 1 1 1 1
1 1 1 1 0 0 0 0

2 8 	 # U Shape
9.695661399191435 37.85189588539667 79.46874008240378 91.62096809515805 18.91750854707549 20.400951040304616 21.409997270794122 51.79034654084752
39.59908273663403 68.0443180821577 65.63630128845338 62.71384780798081 5.525881220736939 98.59240016228063 2.241658216654474 83.38612540614386
2 4 	 # V Shape
47.54738909239539 152.31809021933014 26.804731477437965 71.36414760936495
70.34753601471846 97.75405894549259 99.26766649888981 84.24791225079535
2 8 	 # Alloc Shape
0 0 1 1 0 0 1 1
1 1 0 0 1 1 0 0

2 8 	 # U Shape
94.78913650110196 39.367788166346806 82.84884253754454 76.71053950458 41.78586923426605 35.12981873713651 60.057508208127565 55.901515582456774
58.70124030628351 11.600918720762666 17.339424494835765 56.788468467286556 78.47020979669944 4.094088520388606 5.560978952226003 95.10071878226829
2 4 	 # V Shape
113.7921917369057 150.8382735892051 68.75497351388002 99.60812952001874
62.460563308261854 68.71087244628323 79.62266686703764 97.02074654961177
2 8 	 # Alloc Shape
1 1 1 1 0 0 0 0
0 0 0 0 1 1 1 1

2 8 	 # U Shape
48.15752227537612 68.25475977076958 19.356115407052098 18.318782189152284 86.12951068837518 20.063092305893313 56.05738398555692 61.32648373632305
83.64997593518696 0.7355722724116553 69.91089030434405 35.55765658836682 69.00459007446578 7.4840334893439 63.25327860495672 57.41062263002189
2 4 	 # V Shape
90.59508020998962 19.714269509463744 97.61793251987909 97.59237194642739
83.88253370687116 104.55527689911143 72.45184703208442 112.10408402663748
2 8 	 # Alloc Shape
1 1 0 0 1 1 0 0
0 0 1 1 0 0 1 1

2 8 	 # U Shape
66.15176805616346 87.34384280695103 94.84083637362913 61.30118817055037 83.88397759073294 15.957084568403502 53.042360141330434 50.0873939759519
66.97043975543059 28.582979259983553 68.2183884664882 87.42502332070862 3.3448532983646917 60.29913216410757 44.61322103072255 19.44247027570859
2 4 	 # V Shape
89.06176386591092 113.83623752605226 97.88288465692092 79.5782354378213
70.22225615839585 151.9402593686171 62.82923140326093 52.59167628757117
2 8 	 # Alloc Shape
1 1 0 0 1 1 1 1
0 0 1 1 0 0 0 0

2 8 	 # U Shape
1.4206901180095377 42.0562239352542 49.907212972685386 33.2805132639562 47.49645615913036 67.16297741319687 91.334652772796 68.124574671843
17.782140240787015 71.11199778859566 84.57581279501926 57.90211450688726 85.08107333848312 30.126285168759935 96.26583300694949 11.250581186292784
2 4 	 # V Shape
42.91919862011066 61.387713385327075 100.06071758753525 120.48557646452157
86.41716047259193 84.98598904641105 93.87003027439005 98.91699084303215
2 8 	 # Alloc Shape
0 0 0 0 1 1 1 1
1 1 1 1 0 0 0 0

2 8 	 # U Shape
74.250121392501 11.02492989802254 3.246048554326808 28.989812922811787 38.206538161176695 23.620797288419027 60.302042697041436 46.80707824404905
28.148523302252205 18.146432619354734 90.41837415927174 42.128756209974874 68.96985839522098 19.679209987042245 88.46833431366375 25.658526086699418
2 4 	 # V Shape
80.12272681979202 31.468376554459205 57.25011810615159 96.65746741560598
40.12660783761937 100.48046414548227 85.5203856852405 96.27029621759549
2 8 	 # Alloc Shape
1 1 0 0 0 0 1 1
0 0 1 1 1 1 0 0

2 8 	 # U Shape
5.2138986309622215 2.61481230237105 14.782951427136915 21.96348038840654 65.28809088640006 34.312536149653816 23.110247311659226 19.338415273429487
71.39501457114315 44.804725092223975 70.96119399140657 7.150764214783356 32.30948375855763 70.22372979767023 8.30869086969932 44.97412914537505
2 4 	 # V Shape
6.530584879716159 35.48891246916876 72.77760167082812 34.478330258642735
97.77546629850022 74.48728368302199 84.43271640223921 52.94992321161751
2 8 	 # Alloc Shape
0 0 0 0 1 1 1 1
1 1 1 1 0 0 0 0

2 8 	 # U Shape
70.17917257149116 81.60443681863104 45.23757972422824 50.152731152877884 8.604866394740995 53.24480728018609 9.459912265846404 57.867596806052866
1.4534798599336818 58.435757928234786 47.81240851718982 0.47872284949285193 74.85963308046436 18.755153597420183 20.894783836021634 67.6266219854328
2 4 	 # V Shape
110.11819192891048 81.80643564261295 56.06800895546339 66.96766166958969
58.83090541792482 47.90223999699569 77.21971648916565 81.10122064679446
2 8 	 # Alloc Shape
1 1 1 1 0 0 0 0
0 0 0 0 1 1 1 1

2 8 	 # U Shape
26.27985701962292 87.13783791234312 59.17324891058337 86.46250646696195 34.790975421027504 75.38703702548504 56.91755050031012 9.13941575884527
56.64110041316489 17.311249759799118 0.20069237204547452 16.899937621145433 55.57827076718903 82.17407594501654 72.48902752156596 72.39652118757573
2 4 	 # V Shape
95.25928310035582 124.84514190195938 103.2787962364674 60.25819998334383
62.27679195761423 16.96135958670509 131.12554961015803 134.79262677536246
2 8 	 # Alloc Shape
1 1 1 1 0 0 0 0
0 0 0 0 1 1 1 1

2 8 	 # U Shape
16.968441748737984 25.30048300518002 56.25317029220942 99.72241225231564 87.51690746344974 33.23409222561503 65.74013502856343 34.88366965098974
36.49797100682962 95.64661064296922 62.96253304017736 68.12816642843829 86.3671446496657 73.12311017657764 96.47758807137843 50.44535468391429
2 4 	 # V Shape
30.922122556193372 115.48948942702742 110.39575047221996 95.85769075950596
128.34409187547925 84.4476798468416 109.29439276208178 125.85613148746145
2 8 	 # Alloc Shape
0 0 1 1 1 1 0 0
1 1 0 0 0 0 1 1

2 8 	 # U Shape
46.49782034356058 81.85883640867175 40.016220488180124 50.0041698508777 18.398538096031302 55.09820717753286 2.5527321628484367 72.4690152985867
77.67653601545516 31.099545406813522 76.56126794336112 39.46142070820174 29.171738853957784 85.02553478147215 79.00120671814871 73.79229192207022
2 4 	 # V Shape
120.55667497685994 83.39672511384975 72.35489559861003 73.79401673106369
79.36160688168958 92.77836563685453 112.89457736411185 80.90151254334317
2 8 	 # Alloc Shape
1 1 1 1 0 0 0 0
0 0 0 0 1 1 1 1

2 8 	 # U Shape
40.365735813510575 48.77191160466279 20.928268523915317 77.71808926112107 89.47503500938835 78.91003141512034 54.139760272319435 29.74159016192226
23.55524351547037 15.192170665638116 44.817884500766695 16.135569665894412 79.77669138421918 72.15354809178069 62.53172214923285 97.16696479691474
2 4 	 # V Shape
71.22738737280125 81.58368628771265 93.69607591382113 55.11328737256279
28.300813895291938 52.51530979270552 124.83663208531877 137.8637274072589
2 8 	 # Alloc Shape
1 1 1 1 0 0 0 0
0 0 0 0 1 1 1 1

2 8 	 # U Shape
17.868581337429777 85.38493868735277 9.385936877190993 4.063336420042962 68.44896179290483 62.579442315534685 98.32426191825017 93.88864180433272
71.88895041207397 30.85102751226241 32.92662459448441 13.123452617318199 10.177736314017338 64.89370296285887 44.97337325811438 1.1901540147366663
2 4 	 # V Shape
99.6309713653949 9.707615919500796 117.31727417933908 110.33797420436646
99.09652009378387 41.2892054963086 65.97223290272237 45.28056692755852
2 8 	 # Alloc Shape
0 0 0 0 1 1 1 1
1 1 1 1 0 0 0 0

2 8 	 # U Shape
95.88714995437476 97.08942485667063 87.11936852278198 60.79959820915592 78.70044724961124 4.488983853650086 26.26833274181952 88.28170550224996
33.5597189856192 69.9135807180433 99.02559510643621 23.32114513284228 89.55903006930252 45.70143326293389 23.323459209618992 77.22267094157476
2 4 	 # V Shape
103.50523807591489 118.1756497213071 79.48398363858179 92.26568230294345
77.60168923280725 106.20348183217232 128.70045811972554 77.84562572334103
2 8 	 # Alloc Shape
1 1 1 1 0 0 0 0
0 0 0 0 1 1 1 1

2 8 	 # U Shape
48.30243865130254 75.05944172397304 64.65914868241406 44.757422159566204 16.248047115308527 78.88531925053822 10.243187171173208 15.675523036468885
68.70503222483543 96.51449912549548 91.26419410605192 66.43280451646247 76.78047741857785 85.97634473975975 13.803959458100179 49.42850424531194
2 4 	 # V Shape
91.69973313587195 69.82708651606016 81.14261616759907 18.68168076796212
137.23384403124643 117.46963397366471 160.53207251369022 61.09332697537222
2 8 	 # Alloc Shape
1 1 1 1 0 0 0 0
0 0 0 0 1 1 1 1

2 8 	 # U Shape
10.47223441609696 97.43796743752011 3.951377277681223 9.237752334076077 6.300755872619868 41.963313383098956 36.03696237017924 41.537013741759935
4.389721398682111 81.7098162141299 32.719548576606236 94.3902041802959 45.52764865245015 41.78063486414063 21.976962180807924 70.224388610904
2 4 	 # V Shape
107.42266989601836 9.326972495292736 44.53114587948416 52.10502224151146
81.94584406752516 107.67867538279675 59.4410858473438 85.92079863539097
2 8 	 # Alloc Shape
1 1 0 0 0 0 1 1
0 0 1 1 1 1 0 0

2 8 	 # U Shape
71.22360515817466 46.042322907171574 13.68808875256179 41.8248954792262 73.1132942461175 99.23298495319021 61.44048936664339 88.2757611704178
75.02406946272602 40.00756060887386 24.85717908951015 69.41855795163569 74.76096675797974 33.209017942996866 50.41704847966098 87.83029243626677
2 4 	 # V Shape
86.85505010635572 47.68744183715379 154.87766071101944 91.98990137621789
84.28949750456259 88.70524756960641 94.62348097502954 104.95719251550537
2 8 	 # Alloc Shape
1 1 0 0 1 1 0 0
0 0 1 1 0 0 1 1

2 8 	 # U Shape
11.049083698050632 95.8829464238279 89.54526346713968 23.337245584799515 12.827095541517208 9.6925570377289 54.91226861251114 93.84864351837673
75.95511031769234 57.61721040427812 36.44053826355221 64.91278016722093 67.04805985813533 39.72884820668982 59.08470251845598 25.27839392457779
2 4 	 # V Shape
99.90362061559031 105.39340184064694 12.925302903308495 94.62174571978686
120.95874106445129 85.17997714687122 105.2638450193226 69.27312832313946
2 8 	 # Alloc Shape
0 0 1 1 0 0 1 1
1 1 0 0 1 1 0 0

2 8 	 # U Shape
60.16420339496018 23.669582269875743 78.16454954234693 67.83369693490948 90.6753723463091 14.217787478374566 88.67879554765695 22.752919806517113
48.606233577537516 67.86912128803093 6.4293969185013955 39.28274628769908 58.00865339718041 13.490821105737394 77.56665260143508 26.431251359700102
2 4 	 # V Shape
78.0233450754975 93.23369575359322 94.98293205286366 96.87675821735037
70.80991929385307 45.46912556367744 62.84798570321572 94.72001321756439
2 8 	 # Alloc Shape
0 0 1 1 1 1 0 0
1 1 0 0 0 0 1 1

2 8 	 # U Shape
54.29070385552313 59.04537197777808 29.064940954729867 95.41098541045666 17.567337580476806 99.10588655470947 55.72254839354171 86.0746116257774
67.29052151744008 25.218410433527293 18.942273166494683 13.414102427792617 78.54503851353488 48.676502028452205 38.20922287464567 57.496760284199624
2 4 	 # V Shape
100.35189900818918 115.45410382307936 112.79607297795819 89.80947986988308
74.89727977022741 29.291246245171315 103.02502528970692 88.90281087582345
2 8 	 # Alloc Shape
1 1 1 1 0 0 0 0
0 0 0 0 1 1 1 1

2 8 	 # U Shape
80.65998950529537 9.511516693442235 18.507815794941774 57.46023664334528 62.25977091777073 49.2021563437039 34.68505461139021 94.07378837862343
21.792771075701832 81.37984563357693 4.599503554254458 38.9264634172392 87.4750220056784 42.02550374622401 90.13452298423448 79.14005232293172
2 4 	 # V Shape
81.15609538057012 59.30498807655259 95.73705690577924 95.99667387643083
99.73333906036302 39.50771183656734 93.58917609106601 116.04453062179482
2 8 	 # Alloc Shape
0 0 1 1 1 1 0 0
1 1 0 0 0 0 1 1

2 8 	 # U Shape
31.13265038271883 20.089006782865248 98.65005544561475 32.46222190759489 13.801249791214198 4.217383955668852 81.72759606098562 7.391524416769668
35.904932475980914 48.065523200776774 68.37002911141732 62.79447823879456 95.09798112129765 31.600238150263916 89.84935749991162 27.304641251347917
2 4 	 # V Shape
38.34179342325173 108.74220216853665 16.464940116647348 88.24183509008822
75.64644700957038 82.77356964004423 115.98488285100687 113.32135916418846
2 8 	 # Alloc Shape
0 0 1 1 0 0 1 1
1 1 0 0 1 1 0 0

2 8 	 # U Shape
67.29095149108669 95.84789815061558 68.81577962405082 33.844808945434146 54.05922762411552 94.40313283146358 42.128490886075554 87.16624862904887
9.251131371862298 98.97609707203516 23.702816830827732 22.512551569364902 77.51306636860707 57.68387880739978 38.561031520958245 86.68258579614493
2 4 	 # V Shape
135.47649799855617 92.55202870614187 109.4382505473235 118.27035619253027
103.90677463059141 34.521513625133814 101.12597500119843 121.87223097039895
2 8 	 # Alloc Shape
1 1 1 1 0 0 0 0
0 0 0 0 1 1 1 1

2 8 	 # U Shape
67.78060567478029 15.741371957185057 18.620681635332716 57.10463294161621 13.531943158350469 93.93477940624372 24.790472597333057 47.595972839528265
35.07155316205135 32.56280964728534 10.324632533686461 92.12033978907415 53.35614436288706 17.038818938130984 80.27209741383852 20.016056893850386
2 4 	 # V Shape
70.87490985333658 57.584555276426705 107.29824308622707 63.33157605399369
63.67115423627754 95.69286976105911 65.46687347422781 89.21299963726325
2 8 	 # Alloc Shape
1 1 0 0 1 1 0 0
0 0 1 1 0 0 1 1

2 8 	 # U Shape
92.68962958069392 44.86415423082198 22.7265406951351 63.27553212156728 67.88823015037288 51.61363489108779 95.57841431005781 2.741877305491458
99.81444269514253 77.06397149101795 3.0790541763209722 35.38815393881295 88.33266469812169 76.30462711184146 63.654927944591165 30.548005923238563
2 4 	 # V Shape
102.61666629048476 65.60622552487895 100.93035416845592 97.90605593629674
127.30010126816143 37.50992777456352 134.07538772965924 78.82797984192175
2 8 	 # Alloc Shape
0 0 1 1 0 0 1 1
1 1 0 0 1 1 0 0

2 8 	 # U Shape
4.328992696211276 13.148752219408067 13.140724194467623 7.789221809303493 89.96244038824656 80.06303707842883 3.3180016222221664 88.14996360614475
93.57095475966133 42.003725648287215 88.14131525135996 37.897837277640456 29.9852499908839 19.915634077334065 79.15813328580893 57.504724656958636
2 4 	 # V Shape
15.524559116247922 16.720596747070772 113.98399190138352 91.30717781375326
120.97731421399598 110.73823706488204 44.024354842306224 115.70326158895955
2 8 	 # Alloc Shape
0 0 0 0 1 1 1 1
1 1 1 1 0 0 0 0

2 8 	 # U Shape
66.11149254338457 80.37444658871776 34.34385747388175 25.141020791938328 59.02782361739004 26.901879566262476 60.256333859466714 80.2278600229457
3.936786091477551 83.86617430499564 57.176007862044166 72.97031825227548 44.79107124781255 17.000491435498965 37.7724805148274 19.13024774808668
2 4 	 # V Shape
138.0192380610745 50.07958333701935 64.46537207080611 109.63972957530893
84.54100391106559 107.96548213780689 61.072786162737636 53.55968087614374
2 8 	 # Alloc Shape
1 1 0 0 0 0 1 1
0 0 1 1 1 1 0 0

2 8 	 # U Shape
55.429175587905824 97.339868297867 59.35414253815425 42.60589254328075 62.32593436161685 20.369320095010202 98.04888100116239 25.496164172213298
94.65579280437156 88.97071289791096 41.13816780066405 42.486131283900484 60.05302366310368 5.849059260417078 90.97856258802715 81.02846534689033
2 4 	 # V Shape
138.34274514784812 64.85545200509605 75.59115280592205 106.03704284787972
131.3536203668183 73.3218617741501 61.345640778104 144.03139777601848
2 8 	 # Alloc Shape
1 1 0 0 1 1 0 0
0 0 1 1 0 0 1 1

2 8 	 # U Shape
94.0726044194073 45.08170942268567 71.27825904100085 33.95554758652276 37.22768228740089 20.862126279359792 17.730867355655878 74.86597646204703
35.5039559964626 39.6155001989035 56.22024634271201 98.97965390446468 36.592927170629864 63.16882711670513 13.638168134006568 8.6735440962192
2 4 	 # V Shape
121.38949238144953 96.12913368925238 57.306186221246975 87.51105164760124
67.10459458416322 131.35347984933776 84.61513171366178 15.341006487779005
2 8 	 # Alloc Shape
1 1 0 0 0 0 1 1
0 0 1 1 1 1 0 0

2 8 	 # U Shape
37.89171162519317 76.17033646371225 76.214709558409 39.18471113466927 39.64186190139125 39.5695643951807 93.97752486965639 89.84094775741686
99.37716446692654 25.570606334609014 57.78761214710562 35.703646737139074 20.865862962496116 55.02098709884948 8.370436297292061 16.29246476304409
2 4 	 # V Shape
106.6382997839099 91.94776058494782 72.02948480940331 105.80907792870127
102.07534720972595 81.8958585680882 73.76921060836008 19.911578465416873
2 8 	 # Alloc Shape
0 0 1 1 0 0 1 1
1 1 0 0 1 1 0 0

2 8 	 # U Shape
5.672813126475207 1.2471131976110938 40.77067262302826 49.914933782259595 47.37668691065108 30.959690196956856 24.771797517426954 23.086124401516283
27.921620135288993 96.28630446301233 16.570257195386297 26.69775034663502 33.4617117787141 4.035985354971794 22.25276364329264 74.17456916421725
2 4 	 # V Shape
6.331691806080799 84.6417293458639 61.397229087740214 30.344808682062734
106.49074248137127 36.320966245095974 36.98349944917837 74.55752460892435
2 8 	 # Alloc Shape
0 0 1 1 1 1 0 0
1 1 0 0 0 0 1 1

2 8 	 # U Shape
7.46046173481828 16.481768918403617 85.07720220439299 52.88285603758291 37.58203676389517 14.574947429638186 12.333267943553928 26.604050841619518
49.08115520637504 25.194333918214884 27.746805370676874 45.027095989039466 82.28704008542711 87.03970903693099 55.25905385258938 48.04346407713659
2 4 	 # V Shape
20.103359913047537 100.82136001189585 44.25824471083322 36.52525883164321
53.48470235792589 71.90846151328847 111.86635635813687 77.3958327754485
2 8 	 # Alloc Shape
0 0 1 1 0 0 0 0
1 1 0 0 1 1 1 1

