2 8 	 # U Shape
71.99250989537036 21.210885234101863 87.24294447722278 3.249553042759634 50.201722769270596 55.08827706107127 98.44448105028233 42.23906786035789
83.3544091636263 70.59166434906898 77.46457683997028 11.659908443861312 36.366418002950695 82.3430034315489 25.915439993523258 8.740125949289224
2 4 	 # V Shape
72.77730989202625 89.60318971614933 93.84313512347799 120.50783039915197
129.5075944841454 84.80641220073994 92.22321594726085 31.592017335046737
2 8 	 # Alloc Shape
0 0 1 1 0 0 1 1
1 1 0 0 1 1 0 0

2 8 	 # U Shape
73.3040281223736 58.89087818240956 16.399794093637876 48.35291095040173 72.92600358473831 78.2491669287947 25.7715878184806 14.830774401126911
5.2291236628641435 34.0001213027283 21.471665200162537 76.64756378832922 46.37114431790922 92.57973266470142 33.83470832690559 10.534379961993235
2 4 	 # V Shape
80.99820365633587 51.35439214989432 135.32759736539052 36.00826246059329
35.972278012783676 86.54821246825377 96.71486031385045 41.409215244676844
2 8 	 # Alloc Shape
1 1 0 0 1 1 0 0
0 0 1 1 0 0 1 1

2 8 	 # U Shape
96.41703042132124 99.52264966052921 35.204139759803134 60.483319253325206 69.71501624261285 23.313863670522082 14.828669506053426 5.294113081169549
93.96045399390536 14.574097650810792 61.75282398612438 37.2483339964243 65.50984197532784 28.516280591339406 47.16893896562353 4.8351928603982515
2 4 	 # V Shape
133.30071475453437 71.46991716210076 70.67389276096807 19.5420962919552
96.77854703834586 94.49260537000629 70.02767990678834 51.04352233447036
2 8 	 # Alloc Shape
1 1 0 0 0 0 0 0
0 0 1 1 1 1 1 1

2 8 	 # U Shape
67.68012876754904 72.88958406327272 8.576320518805858 65.07335305887787 60.90488119033741 32.40859070526398 16.80875831648271 29.663584132308017
0.10926258781018827 24.866424456893554 68.75588530599144 19.65867967158238 84.9741476516185 85.66358342862762 70.70871635526825 53.746457393403865
2 4 	 # V Shape
138.90446019841204 67.99401236908253 64.36667610746423 42.70585355040999
24.90362698126445 75.94052403192855 102.34797954895923 70.99276075138468
2 8 	 # Alloc Shape
1 1 1 1 0 0 0 0
0 0 0 0 1 1 1 1

2 8 	 # U Shape
64.16069610883943 95.10249653115001 0.05880978668908465 96.7176964472519 27.584056908146803 2.5475983546696 20.156320789466562 61.505151589215636
71.37161441141285 98.62454133002613 45.823645214131126 72.65850513370314 91.6104002585932 35.43195408677806 18.20896574965982 70.60858381520413
2 4 	 # V Shape
123.81958460603371 96.7178617566843 30.067796103833555 62.418405606515684
106.42413456608907 93.75858923746715 106.33353610410643 77.59996442634124
2 8 	 # Alloc Shape
1 1 1 1 0 0 0 0
0 0 0 0 1 1 1 1

2 8 	 # U Shape
10.164343205158344 24.896492113506387 96.66123172928161 82.18465055048732 43.511613072352006 82.78123360964413 4.7536989692292035 76.98532438293519
96.56015630530149 3.0873134596241747 59.08960123475244 74.83358272644884 19.843054054272514 45.226602184668685 25.276902709816994 81.7256460880359
2 4 	 # V Shape
25.3959597678597 157.29315493698638 120.49519619878247 80.94100975781033
98.38044039427879 105.31128267853416 62.17075969506456 88.86501876514181
2 8 	 # Alloc Shape
0 0 1 1 1 1 0 0
1 1 0 0 0 0 1 1

2 8 	 # U Shape
73.3030721334873 0.733150854860587 89.60905447485096 20.920712776156858 84.1323496540801 48.78866241249622 88.46040559206439 48.8065087270769
49.451055174762836 20.94201517943991 26.21881360813587 62.34512639946268 45.518072408254206 90.88484088644343 55.49923459071615 70.30988760965961
2 4 	 # V Shape
73.88578413204951 104.99673445395953 112.57744051469584 135.99189929084952
55.54459684769683 77.55785180181194 135.49061055698505 88.18612348858255
2 8 	 # Alloc Shape
0 0 1 1 0 0 1 1
1 1 0 0 1 1 0 0

2 8 	 # U Shape
95.8583388689209 80.17920211584179 62.613479601255484 69.59613919289392 83.78518616369554 87.42664401545093 25.732065921845106 74.01995946476558
69.78897299434962 96.79993477017531 42.71461214526692 77.01033167788354 0.7166604119089093 73.03262335058814 41.67295465281503 85.79896037319111
2 4 	 # V Shape
111.4747763738689 91.92805879670746 150.43718580706053 94.05208989233563
146.6426062464472 105.64758948855544 73.6852717595065 109.00153709240004
2 8 	 # Alloc Shape
0 0 1 1 1 1 0 0
1 1 0 0 0 0 1 1

2 8 	 # U Shape
89.08808697062935 13.442289732873547 72.01020321694675 11.154040188266091 24.755374840947198 55.709444686774624 64.60495726269791 64.10527382582292
85.9072811742 41.7376673972004 85.88539912754625 25.016313710386704 60.37551944991748 0.6915925142911394 22.09277140195288 13.416170429504104
2 4 	 # V Shape
97.28030059238634 76.66061727128789 78.71216906647028 90.09051783356752
121.0538878935118 89.63164527604184 61.01375458902968 34.15339699101377
2 8 	 # Alloc Shape
0 0 0 0 1 1 1 1
1 1 1 1 0 0 0 0

2 8 	 # U Shape
58.76808008108736 61.87151893379771 21.65854253493468 63.41774867011139 47.57502451646671 69.76853380578143 5.307869508584606 53.269368463151366
55.937873003644356 81.09938259135812 87.28841935119245 32.8877874968347 96.58357126614804 3.9562317666961277 3.13579910166053 62.59095611378952
2 4 	 # V Shape
106.86838204571055 68.27190468481894 105.16548041918053 54.68541398427256
121.83416279119893 114.72480267303914 99.35301236794628 62.76748925285431
2 8 	 # Alloc Shape
0 0 0 0 1 1 1 1
1 1 1 1 0 0 0 0

2 8 	 # U Shape
4.987925451626962 53.68653469955609 25.46312179960708 39.83457517212088 23.24035893464179 61.229421993794034 82.94242301078948 92.46908436497371
14.886116166459084 91.38481640926123 77.23685844218963 77.99301053613983 78.04967809466923 27.245316628494876 31.77176613808793 45.824472966949024
2 4 	 # V Shape
58.26044014433847 52.237451416891695 69.38897270833624 161.93644138459078
105.41233574976368 87.3547747641515 90.87883574152168 68.65431083128694
2 8 	 # Alloc Shape
0 0 0 0 1 1 1 1
1 1 1 1 0 0 0 0

2 8 	 # U Shape
7.53151270370579 81.68194177378886 75.22793632311713 96.04861360973526 81.23703023403561 28.670847986255644 96.63233379454348 59.0206269368973
65.32148468084873 91.04381835884487 97.84760494327718 0.5832988569810627 55.80064264900005 78.66379600219689 15.1354791646083 77.96857115315946
2 4 	 # V Shape
86.4488281632815 161.86547888168218 90.66552112195245 112.15115485043381
131.36620358079637 98.01130563645049 90.46231349346903 85.27930963654478
2 8 	 # Alloc Shape
0 0 1 1 0 0 1 1
1 1 0 0 1 1 0 0

2 8 	 # U Shape
55.35009515164617 28.596939825661195 70.02813790150977 60.86112614740243 63.03715160257506 62.502477467004184 41.66675282216122 91.9386345142629
4.301587008707763 57.69948759997439 63.245304560418994 58.21561543914224 29.693155351729683 50.57655127936649 11.27443322910392 28.949886597424733
2 4 	 # V Shape
77.31907140951427 117.94969400234243 122.17193414908292 104.45588948431276
59.250937392294794 69.00030345013346 56.585613216417386 32.51194959603397
2 8 	 # Alloc Shape
0 0 0 0 1 1 1 1
1 1 1 1 0 0 0 0

2 8 	 # U Shape
32.32657537439202 45.01699610470289 78.35515310818602 42.10632275070032 4.774115929882505 98.54150111731599 53.88393625906636 52.393805285080184
32.627902940796275 36.496107883362725 98.74733882824286 11.944654637993068 88.84325076798484 79.1987639035407 91.51312583312763 96.54898398951444
2 4 	 # V Shape
52.80263100677901 98.82144085223482 101.43499083851505 84.35629490686553
55.966648052682174 105.93750256563378 107.56770528887404 108.23934080304386
2 8 	 # Alloc Shape
1 1 1 1 0 0 0 0
0 0 0 0 1 1 1 1

2 8 	 # U Shape
15.465128914451409 11.233924060815948 56.74041018991043 17.35188676350069 13.42294362586932 29.10184977963275 30.867034890650448 86.71300327291779
7.83707345766026 98.45633049818427 67.93625964913761 22.98361116698331 37.24761678300338 5.0176247218848165 34.859772021048045 88.15016608189065
2 4 	 # V Shape
17.41077852840602 71.17706241391653 37.091101315671125 99.25559371018134
101.57519454625472 75.50583164169582 38.009480826918335 96.33422042223913
2 8 	 # Alloc Shape
0 0 0 0 1 1 1 1
1 1 1 1 0 0 0 0

2 8 	 # U Shape
61.801141028418726 78.90509616634866 22.512582451159147 72.18407783331006 50.04072149402751 59.62339101270706 28.07941834196166 59.55018758716025
72.96896637224191 6.850941024165347 74.40612431803405 1.9748885869570132 48.66459833071378 28.710538211869043 83.65766144043025 35.093762283138595
2 4 	 # V Shape
137.113212270364 88.89616468446727 98.41369941270814 66.79448804471185
78.79829978907816 76.14424993282454 59.568752578707056 116.82362487176682
2 8 	 # Alloc Shape
1 1 0 0 1 1 0 0
0 0 1 1 0 0 1 1

2 8 	 # U Shape
27.098517538194233 50.91381914412286 58.221445676220384 14.551023397126883 56.278102490467774 21.14112993861156 95.16981752335076 17.359953387709236
24.463685740621376 36.3937749711405 96.90022504173835 6.976131386398343 8.04141022081849 46.65195967353608 50.59188033161938 74.5028749574765
2 4 	 # V Shape
67.36055348986773 62.92878401093277 58.83977594981866 97.23668164671818
49.09155271247366 97.76793376301534 52.80679046485964 83.99943079581926
2 8 	 # Alloc Shape
1 1 0 0 1 1 0 0
0 0 1 1 0 0 1 1

2 8 	 # U Shape
11.745450275723746 43.97783831190794 60.4073641174828 8.829248128396161 36.71604771806349 42.89102239094341 27.50135874740144 79.39454702179937
1.0324374137284265 37.422707934576 48.82186041725599 51.5144676304247 88.22608392846064 49.85232819432426 42.25601554034617 44.57523774021864
2 4 	 # V Shape
48.569255347324926 62.59822669853025 61.159594664495415 92.21167136923073
38.009018898622536 72.30770089887159 108.54230264746681 59.81287183002442
2 8 	 # Alloc Shape
1 1 0 0 0 0 1 1
0 0 1 1 1 1 0 0

2 8 	 # U Shape
21.143740391271226 13.646283014414507 1.2178780072376383 46.62314139270578 51.41616092704171 8.222571736113792 41.391550603436066 4.1159582038499565
72.13625533575392 35.81179150863053 67.20185763977167 67.96493114856543 56.09253216650115 14.341037308931238 50.85007892893103 1.7492800192041025
2 4 	 # V Shape
23.250266909845777 46.9844907603732 53.647677600859296 44.1301628097372
84.34893059227264 89.91388418626204 61.46191183561872 52.46335243579651
2 8 	 # Alloc Shape
0 0 0 0 1 1 1 1
1 1 1 1 0 0 0 0

2 8 	 # U Shape
36.46322794385984 35.296443601968306 3.384038502489861 17.271395471943496 6.935285266320013 69.26258617614577 60.3106109186574 55.94958707460642
18.233689850442104 19.90777018690172 67.44224999145696 55.145559866808 2.549812999240242 89.75474578588954 33.23401655589936 12.72819823525989
2 4 	 # V Shape
68.13775919555215 18.709715145013824 72.28799984345993 112.48103287498897
32.59041788136789 100.23966565300529 90.06956875939758 34.10666293735014
2 8 	 # Alloc Shape
1 1 0 0 0 0 1 1
0 0 1 1 1 1 0 0

2 8 	 # U Shape
45.16738237775013 58.530009609259345 52.38398155273391 37.98253665938791 94.57694303239434 90.47934828436391 40.10496755388571 82.18458850351172
20.101767582997056 37.85508822060739 19.846852041025876 38.04909542661318 18.840732336625955 58.98654023185001 7.094404165905233 79.58894108910523
2 4 	 # V Shape
87.35555595698395 67.26415408930585 150.90596322869402 113.87683238215611
48.7080800982763 40.48072114506938 66.39054467275709 83.32620682672251
2 8 	 # Alloc Shape
1 1 0 0 1 1 0 0
0 0 1 1 0 0 1 1

2 8 	 # U Shape
49.95686899977942 30.089013198659387 32.50335891436157 3.5882804799251655 6.111428682697717 45.983266985001656 56.10544796824157 20.16320716250043
32.279454606247405 28.388771436716365 85.09360509849661 0.5965467047569395 74.93083023549424 49.562365726635036 81.74355512907705 66.20134393776331
2 4 	 # V Shape
74.32289101316962 35.59903134582373 47.56589697635159 58.155312156122264
34.79955763630605 85.25309973612677 102.36106060812014 146.81695752597318
2 8 	 # Alloc Shape
1 1 0 0 1 1 0 0
0 0 1 1 0 0 1 1

2 8 	 # U Shape
27.416943577013942 32.43806567730192 45.92680731103247 29.12174581149908 17.42381011405194 69.7078490808231 31.214850504491164 31.48927457711147
75.96318101928541 38.89638632290172 78.10447580784553 33.67530347261436 6.715893647546956 3.4278237106563414 92.81072173294864 2.0960457816302847
2 4 	 # V Shape
35.130465601542056 64.14108527539544 74.02203551832014 38.64104019919581
78.61789149036946 107.07344523812155 7.959907393413419 94.78945692182194
2 8 	 # Alloc Shape
0 0 1 1 1 1 0 0
1 1 0 0 0 0 1 1

2 8 	 # U Shape
13.99029436467134 15.127843543905383 40.57843816704533 70.90080606838515 31.033085293631412 42.70696637802599 58.12116127091556 40.60713230501043
0.794045036068225 22.3196793583026 0.08348786419931642 21.65962395253036 74.06663261489925 60.52052321775838 96.50166425147096 93.63154759604106
2 4 	 # V Shape
18.42072369792829 103.51154750227347 43.72426396667934 88.96034502644329
23.090455105536112 21.682432389644315 80.97577272412592 159.71135003298775
2 8 	 # Alloc Shape
1 1 1 1 0 0 0 0
0 0 0 0 1 1 1 1

2 8 	 # U Shape
60.204871483375314 13.026791323409515 22.157910709637786 73.01732597003567 24.626573619796723 49.89111324123531 45.556029187271065 99.63371071249915
55.816945932762565 15.818022475513672 12.935419680028449 94.90776836484561 49.97959730849399 38.20253034688806 10.148528037945114 2.6353591636657514
2 4 	 # V Shape
68.1020395038571 89.06687094669252 52.343049126468486 117.02616286660924
70.3666199994496 105.17510777459943 59.43011424804362 11.827955412017067
2 8 	 # Alloc Shape
1 1 0 0 0 0 1 1
0 0 1 1 1 1 0 0

2 8 	 # U Shape
59.04745125511569 86.74587510331678 31.753942517287783 28.862396034196745 67.05831355515392 39.03220254907811 61.31520003976995 32.84547588038702
46.78330098886696 66.56155085568743 75.44200229048418 70.07553473427389 98.39638450510222 25.032802699004776 73.2084051669706 21.725085336561946
2 4 	 # V Shape
110.36326278863115 39.082189090194234 85.18190093853401 87.24864065269335
78.16221961194341 78.83131477153013 118.4622173079007 85.81545535955439
2 8 	 # Alloc Shape
1 1 0 0 0 0 1 1
0 0 1 1 1 1 0 0

2 8 	 # U Shape
97.33777564755258 62.428745989587995 73.70270318110558 89.71567287302256 4.377346461115339 22.599507632494177 64.65921040593796 78.48781737147793
50.18246481067736 0.6528755699695021 12.505954433475964 1.7595531923925378 23.060584004087236 70.70171868652852 27.373105132432475 87.1661519223076
2 4 	 # V Shape
140.13795500457084 161.53356378736206 25.907470128171685 110.54915706627081
50.63849988644992 13.129643631184312 93.20881171610954 97.22036173991484
2 8 	 # Alloc Shape
1 1 1 1 0 0 0 0
0 0 0 0 1 1 1 1

2 8 	 # U Shape
80.37093182760725 82.58385009623434 32.45469701977407 97.4156318360708 99.43100264489024 34.02754965542496 42.92599088914623 53.566996193364666
41.273739015408616 17.85112967879141 80.3687973178751 69.7416323985437 62.55575194917912 6.177182214259602 60.071056610737294 48.74571803399243
2 4 	 # V Shape
118.64190638826075 98.31354157963557 107.08384027449544 90.22399063065139
46.07263511362211 146.9366986987996 67.46652128782317 85.34740624022093
2 8 	 # Alloc Shape
1 1 0 0 1 1 0 0
0 0 1 1 0 0 1 1

2 8 	 # U Shape
19.628260562030697 34.233646671048724 12.903327015533828 49.16916438834775 55.63015667112929 4.3140995265387065 84.82173319961991 72.1143139678245
39.12790098127436 72.20664615324401 59.00905090661721 76.83794445260807 53.34178061666886 10.191906452567089 85.915357094757 30.041465338781205
2 4 	 # V Shape
45.394357264160845 59.04118029932067 58.0533741222012 151.45137516042905
92.37342672771311 134.39202667188593 58.158972739731574 89.49652527662542
2 8 	 # Alloc Shape
0 0 0 0 1 1 1 1
1 1 1 1 0 0 0 0

2 8 	 # U Shape
27.71465428522252 56.50341642915729 58.8660291251726 75.39884871734859 18.035470536378483 83.20922648174425 44.86956921412476 38.12069969925839
41.18202830655622 71.61720117705025 68.37878201658478 13.856949771388793 10.845855824802786 28.36675966031753 81.6312945232352 43.33834298142807
2 4 	 # V Shape
70.98962959010055 76.1366189453316 90.25632979213339 74.58393926720719
86.06204465414883 70.527809859738 28.49922091607129 109.81871821546444
2 8 	 # Alloc Shape
0 0 1 1 1 1 0 0
1 1 0 0 0 0 1 1

2 8 	 # U Shape
18.5587078049368 2.178528755004361 55.902935009511914 32.8555675865408 53.90176570591373 40.630989286630616 42.84546302829783 32.34531007282515
19.099450589335788 38.27238073154835 15.561590292837845 5.928337185841959 79.39590954432961 11.445834691862789 59.26195079809007 66.55985340695413
2 4 	 # V Shape
19.377535798971017 77.28208968450508 68.97811507143732 65.84259579993257
57.29984196829217 18.804820609935735 86.98145398088249 75.91210438039548
2 8 	 # Alloc Shape
0 0 1 1 1 1 0 0
1 1 0 0 0 0 1 1

2 8 	 # U Shape
30.12236304348852 21.185962598791075 63.93258020955679 36.491010771827185 30.388087743959957 50.85716466767008 2.5619417944006795 57.59313247150361
88.03387131973895 50.928379448755834 25.39943128151424 84.48311318017913 82.39441740224177 51.698999673693244 0.9195754348438889 56.92325968250336
2 4 	 # V Shape
41.86253103519356 76.59572183887974 77.94064029331147 58.65309591188425
109.60054114842616 89.49035825339108 118.01893850598354 57.47270241079577
2 8 	 # Alloc Shape
0 0 1 1 0 0 1 1
1 1 0 0 1 1 0 0

2 8 	 # U Shape
59.4959125790295 65.12883220778427 56.2192895165741 5.781742423688319 62.56539804893042 92.3117255294626 94.38899192383693 43.21387192695223
2.5664266823444692 35.35968516973285 39.27085933810949 70.49382597077303 53.901173646050424 94.43262641133398 94.59223568357505 25.984495822381724
2 4 	 # V Shape
121.39548157229979 60.170111025295085 103.8590737213394 109.84362037606316
36.376060611231544 108.42540445142276 135.27014171397704 97.88214910255773
2 8 	 # Alloc Shape
1 1 0 0 0 0 1 1
0 0 1 1 1 1 0 0

2 8 	 # U Shape
79.52895842101843 33.36526466551998 73.49337983341269 92.47169745933779 93.37123253610223 57.11954274727867 4.979565950976827 85.17159178815334
87.09337611397441 5.7844236392036175 64.28528743614639 37.31925728144485 83.112465492355 18.718350733848798 17.51666694311538 68.52031733533528
2 4 	 # V Shape
99.149605922912 94.50267225053334 120.25037204112549 88.64703101922805
91.1858410662757 64.4656300123639 85.65208445714877 82.71063200591485
2 8 	 # Alloc Shape
0 0 1 1 1 1 0 0
1 1 0 0 0 0 1 1

2 8 	 # U Shape
72.40924093520997 57.135209975425916 98.42700486538459 87.8196096407302 44.13758814851646 47.06096140624552 48.68435803800797 37.475403504762596
32.715299953337286 83.48138520798794 29.04282921992164 16.13365885180007 33.666398892617046 57.701378164490414 65.80796165788821 25.15062871436655
2 4 	 # V Shape
82.62350007787047 116.65814988680845 62.202955092763126 72.05058891141412
106.28167712266354 35.31063016287206 82.93528307518878 85.38490662061122
2 8 	 # Alloc Shape
0 0 1 1 0 0 1 1
1 1 0 0 1 1 0 0

2 8 	 # U Shape
81.42973054505558 27.858769479287915 14.875058921339813 81.63423013368165 31.495421836682368 4.744445794857999 57.477299688654604 96.95977907571617
85.00513221276364 56.92110122510967 28.43404433503055 58.40962910680233 23.217448082176006 19.827134973407446 62.75684299641681 43.05542448667743
2 4 	 # V Shape
104.56559402916425 96.21755495636071 31.62134778741945 140.0253101433208
101.6529006622985 60.04125524813462 27.142555646601977 63.87413328678072
2 8 	 # Alloc Shape
0 0 1 1 0 0 1 1
1 1 0 0 1 1 0 0

2 8 	 # U Shape
30.461899455692766 47.38366030508928 89.65142949669324 41.45591457248589 64.18942449718786 40.01448153400871 15.453231503537445 56.38904873622389
21.935815293754114 12.080380277588997 70.10386449232105 24.66260908821527 19.285262652880487 6.377540096643464 98.74980858027153 31.289953684909655
2 4 	 # V Shape
51.559969147724004 114.26442247271076 66.89859954822106 66.5072278158329
22.203142501134707 90.30731073422679 25.149845996880686 111.63018168940869
2 8 	 # Alloc Shape
1 1 1 1 1 1 0 0
0 0 0 0 0 0 1 1

2 8 	 # U Shape
79.55724000540731 34.179546982043675 89.43932629706237 64.36757421934692 37.54373314646369 28.64478861403982 67.13028174135744 51.95705392486014
42.64008082219931 26.908092866127255 15.541371382217772 8.598089710312474 11.400006433221165 46.016164876068544 11.844400237780583 77.97818195901304
2 4 	 # V Shape
80.45571978737712 102.10527892115265 45.379837450958156 70.33770585722135
67.65281081334467 17.489614413181812 50.93912223970004 87.30885663957689
2 8 	 # Alloc Shape
1 1 1 1 0 0 0 0
0 0 0 0 1 1 1 1

2 8 	 # U Shape
3.859073874266461 0.8292789162505754 28.50251945934803 53.55870622418541 34.19596171295254 7.271385043191147 29.300427228139235 27.453823002809862
58.88352354565237 22.031175653574277 20.50433625339555 38.5706556858181 25.281838530508928 31.114015488268485 63.10655524389311 46.971547279670666
2 4 	 # V Shape
4.654539400960652 62.61019487159415 38.873367508112345 47.08855332733295
60.23246501407057 54.8057819429542 51.17029697983364 86.88555183928786
2 8 	 # Alloc Shape
0 0 1 1 1 1 0 0
1 1 0 0 0 0 1 1

2 8 	 # U Shape
72.63993910095515 11.684863939445956 80.55385331400305 69.47521711299581 17.16489535627207 6.231075039958012 33.21183749649595 49.03153383091271
3.526820103082995 30.912235220466112 78.62262181818862 70.78050413434201 35.150112179427694 27.589343120786037 64.20030645053217 27.460534471794528
2 4 	 # V Shape
80.01406983812795 148.99660635082904 23.04052377695593 61.87124553343744
32.36838077035611 81.55358707812917 51.85222753544714 72.22039836997206
2 8 	 # Alloc Shape
1 1 1 1 0 0 0 0
0 0 0 0 1 1 1 1

2 8 	 # U Shape
73.3466958947043 31.249360710479024 71.0887143093237 88.68591836153453 26.387515622640688 13.982380941211892 98.4572474946278 7.519418541057554
46.340924296909 94.79343785139565 66.2592139138327 84.37048136304873 45.20219433771621 66.00133174943305 69.71137587921655 0.9793182634664443
2 4 	 # V Shape
79.53520161775205 147.48603968892616 29.738345761651104 102.0286706720054
119.13464562866339 93.30452272814469 86.71689446690905 70.043171829815
2 8 	 # Alloc Shape
0 0 1 1 0 0 1 1
1 1 0 0 1 1 0 0

2 8 	 # U Shape
3.1154298245237966 77.79344873799448 45.79693359126152 5.03838533712938 64.63462010631453 26.771963302059987 85.00264372752552 82.58998515665658
42.64474906078512 8.62312711283353 52.90360629493739 97.1033780011743 35.488557111118205 75.63490141819126 78.05011358677882 24.983989106377756
2 4 	 # V Shape
78.69309529433376 47.15887796141688 68.09106382159923 87.84301008601723
43.00899344567418 118.63011135867663 75.77517313164064 96.0997054436791
2 8 	 # Alloc Shape
1 1 0 0 0 0 1 1
0 0 1 1 1 1 0 0

2 8 	 # U Shape
55.24699974909445 45.8864141199444 93.7625608666391 75.3056246088356 79.92065128664962 51.657818683829795 9.740072734045214 66.86057491795856
56.0111146009492 43.599467905511304 14.27538679833118 46.34769626534458 42.67120248144464 80.33860503412264 63.439640163023384 2.0136835299679468
2 4 	 # V Shape
67.06529979087696 95.67031828352518 119.9899046908666 67.00597061373549
79.17304674204095 53.187154662950206 110.95261216189859 64.4659669112663
2 8 	 # Alloc Shape
0 0 1 1 0 0 1 1
1 1 0 0 1 1 0 0

2 8 	 # U Shape
0.7559408077023155 30.386886640222833 1.6517153466482304 46.51635958057791 36.83009347080215 16.768888585268694 20.869702657760612 66.04793255998656
4.597131353291173 26.94988679140914 23.1249842777301 2.5002257147067386 47.11630635771837 7.211141369077678 87.58339023716643 0.45923144388122505
2 4 	 # V Shape
30.839644685584812 48.07025668347539 47.99165215052678 69.04677662288977
28.235211971754552 24.17542224610841 52.79482221329081 87.62538252334186
2 8 	 # Alloc Shape
0 0 1 1 1 1 0 0
1 1 0 0 0 0 1 1

2 8 	 # U Shape
41.48139131254916 22.163072337158763 74.87449289800023 96.62479731475403 66.04376948764343 99.70025741854904 86.64783808124481 5.11510009007734
81.34662369461546 30.456486802761173 83.95896532306423 64.39753241650068 74.37626902222053 52.91764003243168 33.04531754345149 64.01469894622817
2 4 	 # V Shape
55.65986263274005 155.57856099258768 147.14443264530337 86.73163020608284
88.59356966891039 107.93050518234327 89.22750069698995 91.11823117066224
2 8 	 # Alloc Shape
0 0 1 1 1 1 0 0
1 1 0 0 0 0 1 1

2 8 	 # U Shape
0.8017352905148156 62.48298514915802 24.39652001984389 36.63534359492083 87.8581794171358 33.9378275477499 92.19417207421657 97.98278211792363
95.90202244793218 57.312868891421196 48.30822979604851 60.06540240365577 61.98574063152865 53.972747403514475 95.08329452778864 19.572235227040814
2 4 	 # V Shape
62.82031052383756 42.16909510308761 90.97836824574554 115.71200191071743
141.4247683090359 97.77820307928424 90.5759868342962 106.27309909816861
2 8 	 # Alloc Shape
0 0 0 0 1 1 1 1
1 1 1 1 0 0 0 0

2 8 	 # U Shape
92.20269816309307 98.26317740487406 63.08758150210602 38.88721282796212 97.11561079058401 37.81860554238904 70.19383373775548 90.7820117844388
12.608095504029748 56.764319630424694 88.77546609205916 68.6511339474722 69.16359956460091 13.577141493289012 55.1096914730615 50.24990831254884
2 4 	 # V Shape
157.44044121224368 63.742495848634086 123.90546385933742 145.5217859402765
65.8501598428496 90.97978085343537 79.80435576054363 83.4521852051623
2 8 	 # Alloc Shape
1 1 0 0 0 0 1 1
0 0 1 1 1 1 0 0

2 8 	 # U Shape
98.77823013796942 76.00449708769062 3.9999956064980635 2.0597556831074892 80.58525349995686 50.542799445674135 30.066931577779076 63.62764128361712
76.6495333154412 63.67824155345914 21.862832593204338 88.19389984272145 46.14340846626091 69.43233902605132 11.19689633885843 67.71080383034007
2 4 	 # V Shape
160.19108384545052 4.036492704256333 113.66038194809171 81.92777581242498
78.55976257384687 106.29944830039241 74.50853147748812 73.12533919587233
2 8 	 # Alloc Shape
1 1 0 0 1 1 0 0
0 0 1 1 0 0 1 1

2 8 	 # U Shape
47.19340037902528 75.56783695280996 60.06912588457328 57.68095301718371 25.362618515380397 15.013120920882395 96.73061454521934 43.44450121284251
47.72354501456888 90.19505437568908 90.58012893108327 28.142795527408857 36.78037387403853 26.323219501178198 77.55301027334066 9.886333954097404
2 4 	 # V Shape
98.26753524997854 66.7117230653937 25.98995736198143 121.15770175425997
100.71446349315823 109.28508001673703 62.62948288492455 84.37566464499068
2 8 	 # Alloc Shape
1 1 0 0 0 0 1 1
0 0 1 1 1 1 0 0

2 8 	 # U Shape
40.52074220883263 76.08785914729303 52.24446380781931 78.48975320017163 52.068903640642525 3.2478905703136163 88.36087828279246 26.013377277901593
97.6120911713593 37.549933043459035 51.66268098437967 98.56745637040301 4.203076808051753 23.800413003944122 57.9319045970952 28.037118412364503
2 4 	 # V Shape
95.97619043264483 106.19496794907762 53.00198685343633 93.57040502135726
113.37962449223937 101.32479926848495 26.48776263702147 63.48771965122834
2 8 	 # Alloc Shape
0 0 0 0 1 1 1 1
1 1 1 1 0 0 0 0

2 8 	 # U Shape
17.358436948109322 91.58463673391336 38.070383938220296 14.798259246735878 17.974266422374985 66.71655719117156 59.891588363095195 36.12381442789858
46.268283949046186 77.43274712195168 1.7509010605471276 0.16759186430814754 21.797391162613376 61.268855089228914 79.63340308726214 60.10320021849481
2 4 	 # V Shape
96.02325977769097 44.79136027685825 83.37158390633464 90.02007727644474
98.76207613897934 1.7618045406128162 77.39124678246878 137.47175299988842
2 8 	 # Alloc Shape
0 0 1 1 1 1 0 0
1 1 0 0 0 0 1 1

2 8 	 # U Shape
76.8306349591459 25.728415593343524 41.12799661092619 38.87361648076322 18.319887104077004 62.41855461684461 41.925599416466255 28.696072352163014
7.718251271087295 71.4540864692318 73.85418684063326 27.609245079116953 38.26501328187844 74.07307089440508 13.526333954932458 99.45909495495977
2 4 	 # V Shape
100.03974972678128 70.70418628317569 75.33385490003909 51.442515218026784
77.62155694606409 100.15089465760552 108.55216376411809 104.61490378693877
2 8 	 # Alloc Shape
1 1 1 1 0 0 0 0
0 0 0 0 1 1 1 1

2 8 	 # U Shape
84.69365194376365 73.67028189174415 48.866381919093826 75.0131414077412 56.9569050148919 94.94865486275796 75.20583174641308 92.48286570102124
72.93150415983645 40.248625248982876 19.331501685492437 66.47567440696743 95.92243317081991 58.74416961491548 60.08310416675114 3.331471917494777
2 4 	 # V Shape
129.20350605266256 94.81189208193427 132.90771716856915 97.98916550280735
109.8328407729923 73.12298187854519 151.6827082183129 61.61612249218546
2 8 	 # Alloc Shape
1 1 0 0 0 0 1 1
0 0 1 1 1 1 0 0

2 8 	 # U Shape
10.217029408681267 12.875327059478824 2.024418760664992 62.687949067805505 91.21196105989729 98.15720080134737 68.8330118121259 2.9802367213243586
61.62674543594454 85.83252259487287 78.84217492943256 81.89030951112737 66.00274181566263 89.49349530198991 36.11243967702688 43.63631692755
2 4 	 # V Shape
13.81046656753343 63.87649111798258 162.1554238842819 69.02934633773137
98.83665081120007 153.65650425141322 100.65499072756506 68.37672411459066
2 8 	 # Alloc Shape
0 0 0 0 1 1 1 1
1 1 1 1 0 0 0 0

2 8 	 # U Shape
65.61508820113534 56.430147863547354 8.882013540483968 16.3629009031519 66.7554147924046 51.31092736949372 38.867970219472404 50.76080959913899
30.156930360378453 21.729512817780584 53.772677840916614 42.719360865355895 84.79664463416167 77.38660960972406 73.5726274504148 45.93988561368073
2 4 	 # V Shape
98.18696066162394 17.98841296865604 101.25779421917484 69.17541033564173
34.924970226183504 71.39414492445133 96.17944000852982 80.89533395931359
2 8 	 # Alloc Shape
1 1 0 0 1 1 0 0
0 0 1 1 0 0 1 1

2 8 	 # U Shape
14.755493310765699 95.07739558071628 95.20456449140178 77.68554453726894 74.57053542337488 41.07411695342841 95.83137362664583 75.54190228481005
58.34230644849069 39.68705090138066 7.583028143611137 69.50342476755125 41.42139521608429 8.851891448576465 76.7542300054648 6.612965458620367
2 4 	 # V Shape
104.60884378976675 117.27746147008932 97.42872303984267 98.57725738077295
73.3067754327702 76.50184511976298 48.537286763286225 82.70289901999013
2 8 	 # Alloc Shape
0 0 1 1 1 1 0 0
1 1 0 0 0 0 1 1

2 8 	 # U Shape
79.9316286220504 61.42478123904871 13.207106430902705 75.43662685541317 25.308860231807838 31.635007008279324 46.16651090414737 40.01672445992392
79.9139715622825 50.267415452989624 30.121296602466018 25.4526124768906 97.04011482328019 27.090520762326587 77.2634658129353 22.389892928701684
2 4 	 # V Shape
119.72833932669545 85.87058667358706 52.044995000330694 46.458970136303925
104.13475998614034 44.66677022916032 118.28740413665494 99.42124003526021
2 8 	 # Alloc Shape
1 1 1 1 0 0 0 0
0 0 0 0 1 1 1 1

2 8 	 # U Shape
54.08761153355559 86.86787712132912 75.59661967584128 25.324879656700627 55.49117978576705 65.72117256440264 85.80668774911912 41.611974575870036
12.716487681701105 38.0033625987893 26.814608893486948 47.78141092596733 44.99177309157194 42.339395896272 27.15121965228623 43.79410354401057
2 4 	 # V Shape
102.13443326606742 96.52548579840843 71.06242153477794 113.01615632899902
45.25501723814953 67.98821363381806 71.82286264008499 56.4421793309659
2 8 	 # Alloc Shape
1 1 0 0 0 0 1 1
0 0 1 1 1 1 0 0

2 8 	 # U Shape
44.880057994806435 49.78811359756742 75.34107502201446 34.313244746751536 44.791785818932375 59.673456882470276 64.99457208157565 90.56809852363622
53.656449479382374 2.494186822581146 62.016886501190385 47.48527031376841 55.06827468164794 44.814611111394306 5.089726574918907 28.48875958311783
2 4 	 # V Shape
85.26374378748554 83.31908516298955 59.68021079120455 103.76529964379549
53.798771722894074 104.50767451919793 91.09978301662186 29.013550493612733
2 8 	 # Alloc Shape
1 1 0 0 0 0 1 1
0 0 1 1 1 1 0 0

2 8 	 # U Shape
20.024514182962662 0.43474053645286004 1.6019908098870883 59.753108723505456 19.74462853700125 33.53918687975427 74.18339420767545 28.28141057109972
14.668101384559161 35.26034095204604 72.47766482764646 15.23803926088596 21.807786792335794 65.84926711165234 94.3434972338698 42.28962746097174
2 4 	 # V Shape
20.110732134127048 60.86483196780049 37.58362892252824 90.25246887281561
38.400825467867435 77.33315261254413 84.32313409051378 102.54048654094201
2 8 	 # Alloc Shape
0 0 0 1 0 0 1 1
1 1 1 0 1 1 0 0

2 8 	 # U Shape
60.09954741787866 16.16177843314056 29.71207583003951 43.2856946374924 78.6329715001383 4.519382737774224 76.9456493603125 1.6757771063981908
66.45577318847717 10.836383684381545 80.36609298470093 51.27030466630732 41.696956867549595 9.04500392091947 89.56978307659924 83.2427363640986
2 4 	 # V Shape
66.28959806139287 57.27836877601775 80.68367193597179 77.50973508710759
74.82849751328604 105.33433195125875 49.13130874952439 94.73798346692551
2 8 	 # Alloc Shape
1 1 0 0 1 1 0 0
0 0 1 1 0 0 1 1

2 8 	 # U Shape
91.30715521606453 44.58115294248392 30.158940637358544 29.55373907122261 22.41663793507963 55.425157284742134 45.185026404495545 52.94016011147696
77.5394665016471 32.92523417701961 25.413719950769163 57.11478346143104 17.89659964584972 83.76202409444723 99.84026145206849 8.542065914661789
2 4 	 # V Shape
119.00837513148677 58.57845844460466 69.63320708840433 65.40943203249125
107.72799386397298 81.86875606479144 93.14600281793535 103.71833275300673
2 8 	 # Alloc Shape
1 1 1 1 0 0 0 0
0 0 0 0 1 1 1 1

2 8 	 # U Shape
54.077240801208795 65.00958374910319 80.77106111962907 43.82852190076648 63.10244147567958 64.03221606921299 72.93920434693271 88.70233660430226
82.58985611379026 80.66932844999519 77.45997343708342 90.44558664754531 95.80957614086613 98.87928496014547 89.31834306565305 76.19416470231917
2 4 	 # V Shape
103.85301451572764 123.24372333443756 94.39635189052086 141.8536350221716
110.98667563571814 131.31797676930458 180.11681896824118 89.88995068838139
2 8 	 # Alloc Shape
0 0 1 1 0 0 1 1
1 1 0 0 1 1 0 0

2 8 	 # U Shape
67.90996785752523 94.11769015143643 40.39528532457697 64.60278713596182 65.62323919841245 41.369084145848674 16.04729244587031 77.64708011707442
47.63595117288699 11.376874582294484 73.17015694110279 20.728111673197592 1.416812428621228 94.82862850303813 2.0364413330128395 41.707968736588
2 4 	 # V Shape
131.48834453345472 102.77158176204297 94.26102274115766 93.22471397753719
55.044986783184605 75.2835025181372 95.83539417783797 43.71871722546214
2 8 	 # Alloc Shape
1 1 0 0 0 0 1 1
0 0 1 1 1 1 0 0

2 8 	 # U Shape
33.79664985575109 47.902603870643375 71.52847506943263 79.87269871549024 9.651802711363421 56.1760682734186 10.798173036958413 21.61966135594723
49.51748772796307 97.90654234996474 22.68183028392585 27.6047472831752 38.80185100720279 13.285304409248354 8.188230743304226 45.05245702542702
2 4 	 # V Shape
74.99434924349384 81.42299478138976 60.346549539590455 31.19774653870717
126.40025965980941 48.75786522471254 40.228436066286655 51.15247219600242
2 8 	 # Alloc Shape
0 0 1 1 1 1 0 0
1 1 0 0 0 0 1 1

2 8 	 # U Shape
3.8088250865481177 91.80291931247652 34.20195342790579 9.008448734711838 26.31486007005548 13.767268711165814 0.4946237488306471 41.73974706811128
59.43883875047712 11.399999855650977 52.32090898251892 65.7661830201122 43.15153800898875 60.97763541455402 91.7973217784858 31.394121769440662
2 4 	 # V Shape
94.5698719248679 37.605782291996796 35.17150514390175 41.90270025353157
67.31689176315925 74.44882222639424 77.85941993109515 104.38551141102819
2 8 	 # Alloc Shape
1 1 0 0 0 0 0 0
0 0 1 1 1 1 1 1

2 8 	 # U Shape
7.106841126975027 97.50931897665053 38.993651067359444 7.878419424295613 91.14194767001523 43.88670502238875 93.67944335710273 83.66920797455552
69.86029480891342 98.08220424217174 84.604492930049 79.5866945860666 53.10888912867172 63.036644923730314 18.454493373071244 70.19314174481441
2 4 	 # V Shape
100.00497682735413 41.54367291157301 98.37654974005038 115.87187971582505
148.34306776655507 97.83322722018488 115.1781766324945 75.63128226525527
2 8 	 # Alloc Shape
0 0 0 0 1 1 1 1
1 1 1 1 0 0 0 0

2 8 	 # U Shape
9.867838539304541 20.164031120453807 26.297875871481423 60.68494154026809 3.5346396551391046 35.12550369955718 11.343816820696507 80.51647847377238
95.22270704489898 16.82609567885427 26.404562741555647 88.66661936375931 92.49337537618236 96.74252196020296 0.19381966038772847 48.584034296695755
2 4 	 # V Shape
25.08623080139436 66.0423537678643 35.941612364728954 82.42534070440891
97.57158049231448 106.99548565989186 180.1523280653689 48.77581624205407
2 8 	 # Alloc Shape
0 0 1 1 0 0 1 1
1 1 0 0 1 1 0 0

2 8 	 # U Shape
54.99268205815626 33.10865672350916 21.897671490490332 43.74563633217009 14.302489845946775 39.87521172421681 48.51977788602674 79.37286409472766
23.366069473278685 26.14453332192126 84.05355090583373 64.81511681425089 33.31332069099366 49.39268327892323 68.857788930392 14.078332157905038
2 4 	 # V Shape
69.2295654131494 48.66396853381874 51.8709056761673 107.37792590102588
44.74865675970484 141.57297657521508 72.97228595437213 69.2826521005965
2 8 	 # Alloc Shape
1 1 0 0 0 0 1 1
0 0 1 1 1 1 0 0

2 8 	 # U Shape
97.0554681136705 68.24528583596413 51.251349576241765 65.04817444712347 29.418894582405052 27.20153175465908 33.474154844148174 4.915404887349517
72.00716001490413 24.163911081820732 91.55723391620383 99.17725962348514 4.095851876895673 53.619299626051145 83.73640710300461 26.76281995515111
2 4 	 # V Shape
143.7361933256897 88.30590393007824 34.587038648462205 34.44455610272234
74.95139870825713 174.24485736245074 56.417198040772696 96.93057823653348
2 8 	 # Alloc Shape
1 1 0 0 1 1 0 0
0 0 1 1 0 0 1 1

2 8 	 # U Shape
94.99374344287772 40.450212636798334 0.9042388054825601 7.124522520338394 82.25241158920737 30.997881428235953 92.99306290131942 93.56578779578807
5.010302023553381 93.29831692507656 99.40726307666645 38.3532426420568 36.26115567585146 69.47977340561238 45.01610012440357 45.03439341585727
2 4 	 # V Shape
128.8126317913406 7.5877861276592915 102.8875106548057 121.43614618840297
96.67601613608932 119.37035482069543 90.0925003275561 66.60169882023906
2 8 	 # Alloc Shape
1 1 0 0 0 0 1 1
0 0 1 1 1 1 0 0

2 8 	 # U Shape
13.261556031526489 48.508575870539275 24.101195176472245 39.27704150770358 73.97135940380993 33.59916435578935 11.749499271430174 20.50783948818946
3.128237516039367 44.44717292352043 42.978437377317334 96.67940025240276 46.69812957851559 1.1865249718811532 12.416588159548658 99.94961903299463
2 4 	 # V Shape
60.66452878765134 49.746412527955584 92.55611425681143 25.144295156568983
45.70420207926577 122.75733166197423 46.705197020256435 101.35810897354204
2 8 	 # Alloc Shape
1 1 0 0 1 1 0 0
0 0 1 1 0 0 1 1

2 8 	 # U Shape
58.15886122122984 71.11713389611309 78.27699816521759 57.89179751478677 7.321969313151289 36.08661104008225 80.61613031861141 75.39784438639137
84.75415150265859 57.381828853719064 51.07654857767214 3.3200176029885786 65.73044946775396 30.410228797118734 40.90252665900752 80.94634224701471
2 4 	 # V Shape
108.6133243512312 130.56730242727002 40.82598265269121 128.4309666815282
112.5270642605544 51.302810591129244 66.8918421257026 102.17985487026459
2 8 	 # Alloc Shape
0 0 1 1 0 0 1 1
1 1 0 0 1 1 0 0

2 8 	 # U Shape
45.982725466920286 89.17000915486365 21.38456807528414 98.40069031752677 65.19196382267303 83.510063236203 84.22941986943526 50.931950300734655
26.496036826813928 25.13870760543091 92.50848411615267 71.45591634620361 34.31430711319832 45.42003603902663 45.87432359000368 46.0906106497587
2 4 	 # V Shape
93.45938437689901 106.63658371871028 148.49942624035214 93.25741250546106
39.2057536836747 101.30485785604344 72.2376292791088 62.066672989625005
2 8 	 # Alloc Shape
1 1 0 0 1 1 0 0
0 0 1 1 0 0 1 1

2 8 	 # U Shape
48.466627991439324 52.12017680659661 25.576011123312604 90.57980198482902 95.99060178744706 52.65499988014953 59.44878973398047 70.95610626290315
62.39721487227733 51.48852174732559 11.100211062063881 56.70677354893871 28.265655088565556 3.66275222911544 85.99314471714747 90.27824382008738
2 4 	 # V Shape
80.63812082054834 111.14606204152209 128.8257573993178 103.74841996739644
71.09672301435097 63.15214035987453 28.839819099963307 97.37178711289184
2 8 	 # Alloc Shape
0 0 1 1 1 1 0 0
1 1 0 0 0 0 1 1

2 8 	 # U Shape
63.95849508376256 26.283544318707097 15.846615520977469 99.56860495740813 55.56347288635576 2.965008140700609 8.122732591936632 16.07585013598688
88.70996860406044 21.636065888154977 94.6082289877019 63.61504173762017 43.45750305910381 11.237468115084436 75.07102956471905 91.22093098036429
2 4 	 # V Shape
81.1272243517222 106.53174273946156 56.549927829280975 22.959645142305686
90.55516011605543 101.67887550912164 51.994547220122584 152.5760708160557
2 8 	 # Alloc Shape
0 0 1 1 1 1 0 0
1 1 0 0 0 0 1 1

2 8 	 # U Shape
39.28168078831102 76.0359730796463 47.319098654448986 97.65185084490162 75.09820711690494 64.19953073948064 95.84595776973703 61.75315893867497
21.397908127007202 44.12118233254083 77.16233151951661 56.6482074042176 44.059261365578095 87.69471242699143 82.87828090365483 23.89070043291206
2 4 	 # V Shape
100.05163388374989 132.04631008099238 123.25471409140982 144.62288640749304
57.901093951261345 112.59152606183557 98.51467442185361 87.38279881541033
2 8 	 # Alloc Shape
1 1 0 0 0 0 1 1
0 0 1 1 1 1 0 0

2 8 	 # U Shape
24.81382058785605 27.900074592595214 39.63371573757816 34.14399974741272 52.726463569232074 65.94091620726599 73.82635204931753 46.99723768587626
58.29109084429349 3.387716864176782 83.30044236218424 49.87089770063502 68.72935453745411 59.190231708627735 8.44491251825531 13.01688570619034
2 4 	 # V Shape
43.96551358101483 67.06690495633704 100.84472938579795 111.12843919974439
61.427983527280276 95.14537331666678 109.40321430533123 17.080484703642945
2 8 	 # Alloc Shape
0 0 0 0 1 1 1 1
1 1 1 1 0 0 0 0

2 8 	 # U Shape
74.07503096859259 50.02153750195162 89.63794486377941 93.04946632604039 76.65463607306108 80.57659836230292 73.17679637256022 75.93946944453931
38.625945781867365 73.76482152643791 7.3060373754520125 50.108387857931945 98.67235775471677 99.48370742132934 29.227503422386437 83.62124520588189
2 4 	 # V Shape
88.20990008197879 117.27734836748607 98.08719807423545 126.18705932443989
73.93743259287314 56.49674959469547 156.40385344737757 104.98224672797019
2 8 	 # Alloc Shape
0 0 1 1 0 0 1 1
1 1 0 0 1 1 0 0

2 8 	 # U Shape
18.791906298537743 41.490311144810164 96.86892344670477 70.78563820303981 12.158051126854286 78.92556880604748 71.82537900103058 84.21441992956706
91.55521496816566 92.685399108314 28.51177246254434 66.1467914681809 68.60613623025736 52.49086862065211 76.01989495343514 97.18405301240922
2 4 	 # V Shape
42.13398218304751 144.873548688893 83.19610916330244 88.33678589225492
181.50676546168785 87.13044197217553 89.41664897577009 159.88770042292714
2 8 	 # Alloc Shape
0 0 1 1 1 1 0 0
1 1 0 0 0 0 1 1

2 8 	 # U Shape
40.21659423364078 56.42914353439746 55.61004849165517 5.688895435684227 69.02949641445366 92.42842089471591 93.0958331198053 16.93337451150364
14.699043928642386 55.002274006983264 15.706252227393414 76.62568783177719 81.56981112059563 40.36986123121249 55.05260163386403 92.76088703384751
2 4 	 # V Shape
83.91538784437724 59.672030598897955 124.20594380721477 105.4702265232876
68.14416665120078 78.38379186611022 94.77274368334437 122.68098969469214
2 8 	 # Alloc Shape
1 1 0 0 1 1 0 0
0 0 1 1 0 0 1 1

2 8 	 # U Shape
10.04779880272314 43.753734576400745 47.08725250636717 64.25259110489023 57.867861597212226 73.36147205960911 93.87281580716713 44.970177601656715
93.55278544521855 43.27282910873434 53.6833158601146 90.76068730050086 18.588997048887578 95.9522786601882 6.7701149478554985 94.09068074162539
2 4 	 # V Shape
52.907966916925204 79.46441924311767 122.98135638958264 100.02766027604261
98.58146747513005 125.53639261622784 98.48291628011894 96.53692697900975
2 8 	 # Alloc Shape
0 0 0 0 1 1 1 1
1 1 1 1 0 0 0 0

2 8 	 # U Shape
2.5003655627231947 12.784786848082385 3.739523884206619 81.77569109558527 16.75322872957906 29.496910340073956 66.27226855943451 56.861759165169836
70.66922338577616 27.325330336892716 20.783927304394012 58.05154659960938 87.9096591705498 13.8361419450311 29.95980108311409 74.98415460433414
2 4 	 # V Shape
13.471809802417997 84.37964810848176 37.433245854015276 90.57801641443774
77.03322255649572 62.675090024006046 96.05957982230308 95.80436026562958
2 8 	 # Alloc Shape
0 0 1 1 0 0 1 1
1 1 0 0 1 1 0 0

2 8 	 # U Shape
18.07182214823819 65.39363736495665 91.86675776507744 59.665873528122226 33.499171464605794 73.21895138655715 36.99666652638756 98.10843143609232
38.31957310704627 73.19607166427869 56.84677335332125 39.12400737222417 65.84971399324837 38.46236784651268 94.4229680603069 64.26123268453645
2 4 	 # V Shape
74.41423640392702 134.03444149164346 90.99894485966871 116.1655386148858
96.27079802841753 77.61441262544831 103.54932940450686 154.84661477703028
2 8 	 # Alloc Shape
0 0 1 1 1 1 0 0
1 1 0 0 0 0 1 1

2 8 	 # U Shape
37.253006666848286 73.24859384663435 50.67994703324401 25.62542898621798 54.243353328676946 57.79963335310019 61.74989447158635 98.70184842677847
33.76257845528361 30.12105115282211 37.41556968749408 42.23227744756335 62.36635764919124 62.423046748193215 72.34745676790787 64.13471747966895
2 4 	 # V Shape
83.91850868358972 76.21483813053058 85.51144547288172 137.0497367731427
58.053001479173076 58.495545330558016 118.15809784313015 97.27953133012704
2 8 	 # Alloc Shape
1 1 0 0 0 0 1 1
0 0 1 1 1 1 0 0

2 8 	 # U Shape
10.111128106757118 72.58098101417379 25.38207885152528 2.495341801486506 10.265222582340972 72.19914194668456 99.90627503215416 1.6267640295907215
5.468796443969093 19.673016178003945 41.31771942105552 19.188241182986122 39.94479828852343 86.96016952731611 10.570108124616674 38.01951290701806
2 4 	 # V Shape
81.48405271605094 27.423060902865885 81.3438456704332 100.64698979945882
22.27049255155762 48.32921738971282 109.76856995827465 43.68253333284651
2 8 	 # Alloc Shape
1 1 0 0 0 0 1 1
0 0 1 1 1 1 0 0

2 8 	 # U Shape
27.57674003906214 48.97207291030724 52.938603103323956 33.934026027717856 36.786496376432495 66.82180802234149 25.221470925157252 22.04577688068473
26.93021414183222 46.44091993201761 42.01064541396844 39.206117962524786 59.607437624946854 71.41601394372312 66.8576781342275 53.5740808999777
2 4 	 # V Shape
53.30560452017767 53.142421298290984 93.21072978054598 40.36779401641795
64.49662083782286 58.00250311102787 103.40861649672199 70.5643470977125
2 8 	 # Alloc Shape
1 1 1 1 0 0 0 0
0 0 0 0 1 1 1 1

2 8 	 # U Shape
46.775765704411945 86.84835935610128 64.90131214192732 62.99136194292151 8.230593248443952 96.95571031940614 82.40172712949813 8.327131040856894
91.58071872234153 58.58388140407315 35.73927253525775 52.52926696316057 76.70907526733754 52.196581270806185 99.04245679638447 56.44626003307934
2 4 	 # V Shape
122.2065391155602 117.457915445963 97.30070580558004 90.36153622704948
101.24607216741582 82.00682656291904 126.09995244647263 135.61674599473335
2 8 	 # Alloc Shape
1 1 1 1 0 0 0 0
0 0 0 0 1 1 1 1

2 8 	 # U Shape
66.52976574159167 90.2540431693825 93.47646608393848 17.550692310633874 97.41500164125878 26.485785227015857 35.74085220923631 84.94370324139337
53.487437042835154 2.3632247034357956 28.896788694746455 83.38289889695263 90.06940325207843 56.01652431463167 54.968005559288 14.032157348178876
2 4 	 # V Shape
91.14422026063478 97.12544606908904 116.08760397496515 108.17894464188545
54.618319686426126 97.90851542997083 127.36572432040292 56.65042717426908
2 8 	 # Alloc Shape
1 1 0 0 0 0 1 1
0 0 1 1 1 1 0 0

2 8 	 # U Shape
94.72614187406022 98.80585876034598 55.64578086877165 1.3259575541569313 85.49610223136946 55.91141255910169 17.229397586192107 23.073605211964722
44.46674499396551 15.177835545522434 76.80350740078764 56.1223487647449 98.44680693076826 10.100054815095415 19.67771038862588 64.6636963114822
2 4 	 # V Shape
106.8697818837661 56.184380304901644 133.62944984060903 35.800824130324536
48.36792438049103 77.20009206760918 106.2704808517256 68.18852670840808
2 8 	 # Alloc Shape
1 1 0 0 1 1 0 0
0 0 1 1 0 0 1 1

2 8 	 # U Shape
58.71650354679478 87.974056623825 50.61238535530877 90.6216218552811 45.53934021067868 40.19935796369754 5.940051098310983 14.98937611618949
43.2811164432645 52.951850500400944 87.57164324015947 4.818962143786976 98.90653339218404 63.2228268240751 56.183845389346956 86.81238390142686
2 4 	 # V Shape
109.88852143305354 114.664696916183 65.88392472707261 15.589169655568343
85.23520910640178 89.09989331241741 117.55742581871633 107.55235021940138
2 8 	 # Alloc Shape
1 1 1 1 0 0 0 0
0 0 0 0 1 1 1 1

2 8 	 # U Shape
86.85192312724827 67.99355658638338 93.02794208455487 97.32004834330797 86.71720457451335 37.56375090707119 18.213051929227664 34.37576758150932
71.76382313799368 45.57494891365289 80.41484974233438 69.28878764483116 59.53328174439913 51.01812516872606 81.89059475323565 50.57772127224263
2 4 	 # V Shape
95.07212650083156 139.04967545216374 91.69115019819995 41.38000265281211
94.65407435037199 112.67340308743164 106.69685911614266 112.67750393732925
2 8 	 # Alloc Shape
1 1 1 1 0 0 0 0
0 0 0 0 1 1 1 1

2 8 	 # U Shape
64.40132965145166 17.37621745409845 24.802955632544755 13.024912743565354 85.3535874211925 23.834019384223105 44.70132443909547 72.58900273334294
83.77278444293485 68.86716465732616 88.15418015254404 3.800734398899963 12.914478446198686 20.875232706004297 66.67449112199145 60.30214929892279
2 4 	 # V Shape
66.75817701315555 32.35107699817798 107.77498273857725 101.98841120083394
150.99071317716806 88.26764878957465 31.421694937772386 76.19706542356303
2 8 	 # Alloc Shape
0 0 0 0 1 1 1 1
1 1 1 1 0 0 0 0

2 8 	 # U Shape
81.69001594878436 4.190042097154112 53.954929074780864 6.555659909616662 70.60583723188816 62.883220654116286 58.53101503633611 77.9160103035091
29.29672909241029 70.67817495277029 25.058087222622426 77.59015749604589 94.63995041934719 25.1170126537859 20.836978215846912 71.84245072964028
2 4 	 # V Shape
82.05072001742917 55.373844608272606 74.23192051952441 113.18462229340527
71.96282370624255 78.28598670762753 115.78507014626236 79.87142732452689
2 8 	 # Alloc Shape
1 1 0 0 0 0 1 1
0 0 1 1 1 1 0 0

2 8 	 # U Shape
75.13302732806851 15.625235522108117 79.73476486084832 11.86767202508362 65.12031349933845 84.74906996271999 16.9592773108719 22.68603239182164
78.97016448534673 82.78879099874418 68.83283209622654 55.628246157626215 61.0984305828538 99.04169345825773 67.62319888410453 9.737322265449865
2 4 	 # V Shape
76.75240624197517 91.52004769277183 142.47722591563831 24.097982130029308
106.93853163021271 68.86398327520129 150.02961635694794 72.5065403183159
2 8 	 # Alloc Shape
0 0 1 1 1 1 0 0
1 1 0 0 0 0 1 1

2 8 	 # U Shape
7.462547774072192 73.34304849301026 29.882395058971234 82.39189543015992 88.43091784526041 83.64641948877612 14.478592591039963 29.106379650600022
83.5975846478818 64.06520740453402 20.79686268735912 1.6066648058251976 15.215365123658842 55.03072664809727 59.94386550282697 14.204426144679438
2 4 	 # V Shape
76.25497864840233 83.01739416896082 169.49258272095312 38.15709518578562
108.52159625652692 21.95539557236412 68.20481241905968 71.27281722826655
2 8 	 # Alloc Shape
0 0 1 1 1 1 0 0
1 1 0 0 0 0 1 1

2 8 	 # U Shape
20.922965864277955 58.21346957327997 41.38953610896395 3.834617441465027 23.58491069962938 72.955982825814 85.91781248652998 66.42023110377934
71.85190676684813 55.30584576105015 45.64600478808831 75.00437650631243 25.825333155022467 42.16304507069889 41.89828530710198 17.334484472526068
2 4 	 # V Shape
59.038507036113074 44.08080393275377 93.03372141674424 130.64305790175152
124.83658155567186 87.42212474829286 57.21771981412583 58.0486316196618
2 8 	 # Alloc Shape
0 0 0 0 1 1 1 1
1 1 1 1 0 0 0 0

2 8 	 # U Shape
12.327948013818856 14.273535418440309 78.19129613352001 7.633549767007198 6.894110988517377 85.33062381047435 76.71530486697786 61.329980738761094
85.61559561831923 45.05529938169966 20.704254048749682 36.19068119158446 81.68387827458406 57.97757429872795 55.7670401534872 26.298458558937476
2 4 	 # V Shape
14.895607130404018 84.6634309427275 86.46654897868652 108.28153135307238
101.94298979478671 45.99738813092332 97.24077986803779 58.5413789076552
2 8 	 # Alloc Shape
0 0 1 1 0 0 1 1
1 1 0 0 1 1 0 0

2 8 	 # U Shape
68.86610865217057 88.80263201439905 33.65624191696342 98.69285283134542 78.69472468752738 14.545563716545452 7.3822684137711425 45.228225506125156
82.7758905053152 51.72716974395403 13.19431086218591 53.67187322592256 61.50806586697082 48.55370917205002 30.461801621109775 34.513187857682816
2 4 	 # V Shape
149.23379428806297 119.15567628743612 83.23671395794003 45.470180488657995
107.34800867984188 59.42995360060504 68.8669338528251 42.157821011652786
2 8 	 # Alloc Shape
1 1 1 1 0 0 0 0
0 0 0 0 1 1 1 1

2 8 	 # U Shape
47.422136051923694 28.158643264269045 40.16700131996115 38.92819473348249 98.21406081710424 3.5092767608779885 78.55239273786198 57.95991866496314
88.62626570012642 48.07711830713075 26.216077306719043 92.07650414188294 24.44367040757427 88.63684880879546 76.53531359184377 57.98339925838278
2 4 	 # V Shape
55.887839714002595 47.26210449969639 98.94407058322076 118.63087323324912
135.660775608641 117.78512947065337 109.20519507716794 131.45040925545786
2 8 	 # Alloc Shape
0 0 0 0 1 1 1 1
1 1 1 1 0 0 0 0

