2 10 	 # U Shape
82.6181351704945 9.281249233182576 88.97081891444658 71.37619339580542 51.78985364280951 78.53887219515013 58.76658496639625 73.68362146044821 67.25102366543084 97.0070988809595
98.85791116682239 77.81031963073633 2.5149276546981736 92.12787361314547 41.09122778819836 18.970270692407187 20.40093772982152 86.40042326148833 15.514488304202201 77.48306140269592
2 5 	 # V Shape
0.0 0.0 0.0 0.0 0.0
0.0 0.0 0.0 0.0 0.0
2 10 	 # Alloc Shape
0 0 1 0 1 1 1 0 1 1
1 1 0 1 0 0 0 1 0 0

2 10 	 # U Shape
79.01011234337895 90.54003208000718 79.26213850799262 56.18187101448784 61.601838507265136 36.14835422032018 16.88172985854528 43.62409336651609 73.28253363481761 6.2887623860700455
2.0732978881171316 77.0548066415019 29.995200943055433 70.11642750435169 73.46677209045018 93.29046271873459 40.03284329218084 35.84379283481562 80.65667909277211 76.44910965444714
2 5 	 # V Shape
0.0 0.0 0.0 0.0 0.0
0.0 0.0 0.0 0.0 0.0
2 10 	 # Alloc Shape
1 1 1 0 0 0 0 1 1 0
0 0 0 1 1 1 1 0 0 1

2 10 	 # U Shape
16.902881059075238 79.38724066348071 83.30374085844274 73.4212987305353 87.52945800236829 64.80564419758134 69.60661747706573 19.30180802665976 76.76322349393081 33.40828943023391
43.795920606277825 31.88702397585751 56.828966892726626 65.86923514330884 57.55585410552345 31.818719398704765 21.800337527051994 84.49385308721757 30.216468778761076 43.822067087734375
2 5 	 # V Shape
0.0 0.0 0.0 0.0 0.0
0.0 0.0 0.0 0.0 0.0
2 10 	 # Alloc Shape
0 1 0 0 1 1 1 0 1 0
1 0 1 1 0 0 0 1 0 1

2 10 	 # U Shape
15.415834373773773 55.693800335952005 80.82094308036525 73.83489532111227 32.128947922895634 91.19745034030484 42.94660696912427 95.27227771022999 41.415296022912266 74.33645420655272
30.018096650897817 25.04963795152747 41.23073163505353 18.60869558184651 67.19429117438393 49.09047156236074 64.81904233407127 15.877451404072552 90.89517088833217 8.083322430374407
2 5 	 # V Shape
0.0 0.0 0.0 0.0 0.0
0.0 0.0 0.0 0.0 0.0
2 10 	 # Alloc Shape
0 1 1 1 0 1 0 1 0 1
1 0 0 0 1 0 1 0 1 0

2 10 	 # U Shape
24.77996424832022 5.411530447521384 97.96933083190055 76.72162846141741 45.4197800127103 47.825664023283686 91.550300409866 35.5830079862602 5.3179828778995635 61.39703292233637
31.254475928120364 68.1559042998229 94.79500297521538 36.057987839676244 24.699815272037572 5.295186810844732 83.16599395304785 7.837980771565989 95.21754802942424 70.61476278277338
2 5 	 # V Shape
0.0 0.0 0.0 0.0 0.0
0.0 0.0 0.0 0.0 0.0
2 10 	 # Alloc Shape
0 0 0 1 1 1 1 1 0 0
1 1 1 0 0 0 0 0 1 1

2 10 	 # U Shape
6.3931454481972905 43.62958714643608 52.43408277604736 58.688597308581635 10.797479399315568 36.295872078383475 42.043329292514606 65.43327133404156 81.67108835419795 5.40423675871049
5.805899373951339 57.14026076535712 25.272821562615654 41.833640295555576 96.57082195820112 15.266940462214196 53.17537514827936 40.76287665102477 89.70154093477016 73.96120521000661
2 5 	 # V Shape
0.0 0.0 0.0 0.0 0.0
0.0 0.0 0.0 0.0 0.0
2 10 	 # Alloc Shape
1 0 1 1 0 1 0 1 1 0
0 1 0 0 1 0 1 0 0 1

2 10 	 # U Shape
88.76190825360582 86.75053674038796 28.788176365471042 87.75483170932688 79.66694656231944 95.33334842623889 10.751133670058632 17.0442472056319 79.70145741463143 96.4969574127571
43.18103309406737 64.83304576454303 49.397735850199034 92.61487089259161 34.93010310746224 90.01400358569892 50.649329506484975 98.24229839391143 60.77158463995532 10.350068120864453
2 5 	 # V Shape
0.0 0.0 0.0 0.0 0.0
0.0 0.0 0.0 0.0 0.0
2 10 	 # Alloc Shape
1 1 0 0 1 0 0 0 1 1
0 0 1 1 0 1 1 1 0 0

2 10 	 # U Shape
69.34500806215817 98.41792226515732 94.68179648560974 7.415698004016469 84.0361383277809 27.189946824722988 63.0246751256618 57.94650099400827 54.81947783615077 71.35378395864446
27.432952913739893 82.54688016799517 79.3336786538186 16.87322530801152 55.35218065966425 37.748480022693386 46.43215810101403 95.55376106575166 73.62569461495671 41.400581666026135
2 5 	 # V Shape
0.0 0.0 0.0 0.0 0.0
0.0 0.0 0.0 0.0 0.0
2 10 	 # Alloc Shape
1 0 1 0 1 0 1 0 0 1
0 1 0 1 0 1 0 1 1 0

2 10 	 # U Shape
1.5716058074189188 46.612051709664435 88.20046494678915 78.02844441963892 65.49281206138899 62.157872341972784 81.6612358880182 29.13424595463794 39.41051418095679 63.06562657571645
82.0955782119158 32.13886772078395 16.847811351592178 27.225627931772056 43.89763536721386 9.846297786639624 62.83355101588168 89.64800274276426 34.219781219585364 95.63789416359198
2 5 	 # V Shape
0.0 0.0 0.0 0.0 0.0
0.0 0.0 0.0 0.0 0.0
2 10 	 # Alloc Shape
0 1 1 1 1 1 1 0 0 0
1 0 0 0 0 0 0 1 1 1

2 10 	 # U Shape
55.49198161064774 67.53220853253727 80.40347673048183 71.19044732692468 90.01985130829965 28.723952812434472 40.06859557196404 24.08642418351713 86.95762946935936 93.86379652417558
7.202315920583747 66.35701257130304 11.648283233523937 45.19012065206377 93.96662808339397 59.46659183033961 68.3342026402251 6.028444541662714 40.20721580943673 35.042886545498384
2 5 	 # V Shape
0.0 0.0 0.0 0.0 0.0
0.0 0.0 0.0 0.0 0.0
2 10 	 # Alloc Shape
1 0 1 1 0 0 0 1 1 1
0 1 0 0 1 1 1 0 0 0

2 10 	 # U Shape
3.6900658417940324 34.5527801300605 89.38272516290294 46.88005606416107 43.39699285171342 30.492016208911366 15.973648714811528 66.88732701919983 39.53409671256616 88.21058642385889
4.319015972113338 87.43493304247222 9.236932347605842 82.35181243394845 45.802506525259126 74.01749397325857 45.088783101182074 15.85357885664811 94.81896613554044 64.24780101396863
2 5 	 # V Shape
0.0 0.0 0.0 0.0 0.0
0.0 0.0 0.0 0.0 0.0
2 10 	 # Alloc Shape
1 0 1 0 1 0 0 1 0 1
0 1 0 1 0 1 1 0 1 0

2 10 	 # U Shape
63.550037854073324 84.19721853830143 23.47933466217542 70.57667105508813 75.2439545407674 69.1218977711084 96.33786259380645 57.98827724508724 44.35560510489397 53.67987725149025
0.47618371226565426 0.6722747082761438 49.360075502985666 37.65930011298833 13.498110501715333 35.428742184314245 64.1454658706931 52.27852740465856 39.640675687477966 77.00442759071208
2 5 	 # V Shape
0.0 0.0 0.0 0.0 0.0
0.0 0.0 0.0 0.0 0.0
2 10 	 # Alloc Shape
1 1 0 1 1 1 0 0 0 0
0 0 1 0 0 0 1 1 1 1

2 10 	 # U Shape
79.65741167296656 91.01628612904085 73.43118604339118 60.98111999732476 14.04884819823683 57.49697704313703 79.6276211383568 69.6634735426696 23.57128197772106 52.03976121468744
37.706570653146144 62.48342753338507 12.298925272363626 59.6503535043488 3.8622631145561748 50.678495186094416 81.03264585139243 19.218684029749113 34.69310302587839 11.638754452722011
2 5 	 # V Shape
0.0 0.0 0.0 0.0 0.0
0.0 0.0 0.0 0.0 0.0
2 10 	 # Alloc Shape
1 1 1 0 1 0 0 1 0 1
0 0 0 1 0 1 1 0 1 0

2 10 	 # U Shape
77.5125902143022 3.9576332612759613 17.998815182663996 75.54089143864515 36.11602150231202 3.793130167592873 63.44860261033622 77.30523006987482 13.608919082609393 59.110690402448085
44.370085898099035 71.62005672219622 75.03610424220204 84.25691175341636 96.19779271273988 56.237498002718134 73.67814420471241 23.09241326650876 71.0763583768709 2.3501785962908195
2 5 	 # V Shape
0.0 0.0 0.0 0.0 0.0
0.0 0.0 0.0 0.0 0.0
2 10 	 # Alloc Shape
1 0 0 1 0 0 1 1 0 1
0 1 1 0 1 1 0 0 1 0

2 10 	 # U Shape
12.983251373876781 39.75059843704833 76.22885113660706 68.53014829780436 40.83483663007335 79.93050539876128 99.32551845976205 47.99540327457359 88.49668973744681 52.089096285535334
38.82710075143139 98.95258011082733 77.19933291125305 13.544587514316241 54.110177873772 37.92051234572871 49.550642511944474 75.56846105315417 33.745984176014645 60.10922155578897
2 5 	 # V Shape
0.0 0.0 0.0 0.0 0.0
0.0 0.0 0.0 0.0 0.0
2 10 	 # Alloc Shape
0 0 0 1 0 1 1 0 1 0
1 1 1 0 1 0 0 1 0 1

2 10 	 # U Shape
17.567635899447964 66.1793228139196 41.3060681406379 11.663565077861227 47.19059878638452 44.348855534424835 41.96441010631167 62.63429608758082 12.29154990344462 81.39386989747985
11.313672674987485 93.19178823654349 36.30686146787904 75.8741340643836 16.34435872610105 34.28271717156461 42.929623483899505 70.82189037140742 62.55999427782043 61.45950682068692
2 5 	 # V Shape
0.0 0.0 0.0 0.0 0.0
0.0 0.0 0.0 0.0 0.0
2 10 	 # Alloc Shape
1 0 1 0 1 1 1 0 0 1
0 1 0 1 0 0 0 1 1 0

2 10 	 # U Shape
87.5318735867117 48.04742803015819 84.3962981873315 42.21635404107863 50.239821699706255 32.10975273077139 19.61243530821597 89.05037971817667 60.23576972742446 26.82215130220169
53.872893570325346 40.485021395092126 3.6844351152854005 69.67572074805037 86.7915993983834 60.873462006334975 14.770033046013154 41.94912817706329 20.36091113761036 17.03278369159429
2 5 	 # V Shape
0.0 0.0 0.0 0.0 0.0
0.0 0.0 0.0 0.0 0.0
2 10 	 # Alloc Shape
1 0 1 0 0 0 0 1 1 1
0 1 0 1 1 1 1 0 0 0

2 10 	 # U Shape
57.920943362168295 4.959327042761563 16.25377151726176 42.247338634385166 45.51276643084755 27.410437624880934 32.52916277197926 72.99367735874908 77.91375650936315 63.19697530970652
86.47930154903273 64.48065510528404 24.832361289176042 2.6999123901333633 81.85770276071354 41.03319057978574 28.6867805410458 40.88253614087177 85.58106684798396 62.46872372058887
2 5 	 # V Shape
0.0 0.0 0.0 0.0 0.0
0.0 0.0 0.0 0.0 0.0
2 10 	 # Alloc Shape
0 0 0 1 0 0 1 1 1 1
1 1 1 0 1 1 0 0 0 0

2 10 	 # U Shape
91.34436924333656 20.04650867422525 64.41243113634827 61.97811427460395 77.20715418619385 36.11518626340643 58.24310901845181 34.82367149606891 78.06182656165187 23.596053478058455
70.30920096758557 89.1471645639178 18.184318291961098 22.89627165544402 57.461159334376596 85.65415095508675 19.061629018680847 40.48343742010234 68.23996876014962 87.96439727010777
2 5 	 # V Shape
0.0 0.0 0.0 0.0 0.0
0.0 0.0 0.0 0.0 0.0
2 10 	 # Alloc Shape
1 0 1 1 1 0 1 0 0 0
0 1 0 0 0 1 0 1 1 1

2 10 	 # U Shape
33.00894249072213 62.629184647450096 45.01422935353586 7.234116124733991 17.105464373659775 66.60530568310199 54.80489951892768 58.848523682577095 90.67988186276617 93.29333476962373
29.395265788153957 88.49387265956355 52.3342701480818 64.29226503566548 10.107681881302256 40.152046060792024 94.87392906343864 93.92140485664528 41.529493124129644 24.61850825290225
2 5 	 # V Shape
0.0 0.0 0.0 0.0 0.0
0.0 0.0 0.0 0.0 0.0
2 10 	 # Alloc Shape
1 0 0 0 1 1 0 0 1 1
0 1 1 1 0 0 1 1 0 0

2 10 	 # U Shape
3.656673811448652 20.55270349791084 38.74658048605157 92.7116322933608 69.58388717292895 66.85925998038171 82.31665195322287 72.22804036461422 6.2683413284811085 89.21935263611566
76.24343913868842 21.555872113030638 59.48051990591714 45.1876933990365 2.9035293279632834 80.21235101795354 34.418661719520074 62.758316920545596 82.0691132212148 93.06304577083132
2 5 	 # V Shape
0.0 0.0 0.0 0.0 0.0
0.0 0.0 0.0 0.0 0.0
2 10 	 # Alloc Shape
0 1 0 1 1 0 1 1 0 0
1 0 1 0 0 1 0 0 1 1

2 10 	 # U Shape
2.4261278450691814 22.013595829753196 96.25598129189666 5.781146856917918 42.56004930279625 90.1423028189902 33.308252008984404 36.59501865094972 22.645399053003644 33.02892473374062
67.83151204463068 65.4054378069418 46.645208451176615 5.6661026752304995 39.88911119207322 27.425898431871175 16.78382515138268 26.840472651173386 61.83226462770571 47.0735635122728
2 5 	 # V Shape
0.0 0.0 0.0 0.0 0.0
0.0 0.0 0.0 0.0 0.0
2 10 	 # Alloc Shape
0 0 1 0 1 1 1 1 0 0
1 1 0 1 0 0 0 0 1 1

2 10 	 # U Shape
4.288746679947075 36.494082992029455 90.16940528296765 26.782402771327483 54.35772876288435 41.95064543531281 0.9997772181269959 4.132208984964548 49.025316500599644 37.83379165077696
88.76876759100303 32.7226810994547 15.778165324699057 11.97513499242896 41.11963949951549 98.48034453927193 89.74568165033958 53.524249998652465 51.94955312553344 62.1040114113252
2 5 	 # V Shape
0.0 0.0 0.0 0.0 0.0
0.0 0.0 0.0 0.0 0.0
2 10 	 # Alloc Shape
0 1 1 1 1 0 0 0 1 0
1 0 0 0 0 1 1 1 0 1

2 10 	 # U Shape
35.273747183590075 64.7927734085644 73.6705301165945 45.11896766856252 13.760031995738764 40.99444518909864 81.6544505518224 27.96932361962319 40.851149984501575 27.338467029743917
36.94303737500879 33.55653922438107 47.84072242187468 82.91171565417044 81.64818567114298 17.26280937679665 23.702199840804283 34.39049991961998 68.03947580997368 73.56484876773345
2 5 	 # V Shape
0.0 0.0 0.0 0.0 0.0
0.0 0.0 0.0 0.0 0.0
2 10 	 # Alloc Shape
1 1 1 0 0 1 1 0 0 0
0 0 0 1 1 0 0 1 1 1

2 10 	 # U Shape
71.53421489667451 41.6190861367148 13.335696520954121 37.37474352209046 40.51676643916513 79.85577221373632 25.547294963445488 58.563730951254556 82.46565232675135 21.735158509920694
69.03144862462793 86.03351472282709 35.963375614351044 35.765359095057406 99.08238860358892 47.235347018279114 33.62620809072535 84.62082232170009 52.66210296679509 41.10394244973114
2 5 	 # V Shape
0.0 0.0 0.0 0.0 0.0
0.0 0.0 0.0 0.0 0.0
2 10 	 # Alloc Shape
1 0 0 1 0 1 0 0 1 0
0 1 1 0 1 0 1 1 0 1

2 10 	 # U Shape
52.75609376897209 32.782898741315435 33.284694763535086 98.62583853515683 10.849556133826288 58.86379358718089 53.707526465213306 94.36676531254102 20.342060693282438 2.962645610056691
88.62315530080788 32.502735907251314 40.93536548631535 11.986118193179852 22.618261425211696 22.596792706440063 68.16586069363501 13.472567088820075 19.077846239513697 40.17274569900808
2 5 	 # V Shape
0.0 0.0 0.0 0.0 0.0
0.0 0.0 0.0 0.0 0.0
2 10 	 # Alloc Shape
0 0 0 1 0 1 0 1 1 0
1 1 1 0 1 0 1 0 0 1

2 10 	 # U Shape
9.288682520399604 71.29348011062388 77.62958450377599 87.66732240711727 85.48917489659713 38.1781454084807 23.761152918833474 56.115257340983234 19.867164973271123 32.26182742061635
17.516731949396714 92.27916492894744 19.94730242684023 23.436202123635695 34.931686053243574 42.54924142447072 84.2562173704088 1.9429138718932148 23.409285945721457 96.04542512003245
2 5 	 # V Shape
0.0 0.0 0.0 0.0 0.0
0.0 0.0 0.0 0.0 0.0
2 10 	 # Alloc Shape
0 0 1 1 1 0 0 1 0 0
1 1 0 0 0 1 1 0 1 1

2 10 	 # U Shape
72.79627831155851 61.41355247329845 49.279475057268094 39.12469281842872 2.8027457610231177 92.0465020319048 38.18005090737498 4.50426458020895 10.342179232202287 59.001275323917405
3.5562092442320004 76.40466770536634 74.25234024961641 0.4860139645292083 64.42859473800125 30.638682789719084 29.078417515824217 85.62368034990952 7.149242115150411 41.70130367047879
2 5 	 # V Shape
0.0 0.0 0.0 0.0 0.0
0.0 0.0 0.0 0.0 0.0
2 10 	 # Alloc Shape
1 0 0 1 0 1 1 0 1 1
0 1 1 0 1 0 0 1 0 0

2 10 	 # U Shape
28.253309055226737 52.92704182481871 53.06517757446431 85.8980150971784 49.88875124093391 97.50227875252595 5.121317844826489 60.735050737019755 42.43182272648084 30.402520938040723
48.7480653261101 99.7293296577192 39.785901992811645 94.01463106970749 53.21813337789201 39.200650725798106 7.232924557683451 8.8737660955439 86.50016105839458 13.346631216307625
2 5 	 # V Shape
0.0 0.0 0.0 0.0 0.0
0.0 0.0 0.0 0.0 0.0
2 10 	 # Alloc Shape
0 0 1 0 1 1 0 1 0 1
1 1 0 1 0 0 1 0 1 0

2 10 	 # U Shape
37.681462013204126 14.699465004051138 95.27386154741866 48.68222554213711 25.900649450785053 54.039740618009255 18.350096774129565 63.447762509087546 79.38041699399896 87.242315785216
41.85633944171412 66.3392629915648 36.46770782800039 89.74358021351777 98.53409262157935 56.889713200166355 69.02013914972122 72.68676349317317 5.325581320114859 67.19041657237422
2 5 	 # V Shape
0.0 0.0 0.0 0.0 0.0
0.0 0.0 0.0 0.0 0.0
2 10 	 # Alloc Shape
1 0 1 0 0 1 0 0 1 1
0 1 0 1 1 0 1 1 0 0

2 10 	 # U Shape
70.34883361296127 87.15131658292007 29.411187541970428 16.51253021517325 33.30316243829423 78.37998189936309 85.64516986630377 40.73132687283449 55.27619976771818 79.8354276093141
76.60644826630208 77.49275733685663 52.50195398321197 65.97132796610572 13.200756325460006 52.50277986494887 1.5547125172259202 45.57276741480616 10.506650463611322 88.16833700580426
2 5 	 # V Shape
0.0 0.0 0.0 0.0 0.0
0.0 0.0 0.0 0.0 0.0
2 10 	 # Alloc Shape
0 1 0 0 1 1 1 0 1 0
1 0 1 1 0 0 0 1 0 1

2 10 	 # U Shape
39.08142799200876 42.96153050918377 79.13999530892924 78.9010128587845 96.76490513579127 92.27327106565635 97.20240333012823 23.5205778247631 72.10823121363075 74.825971591699
82.30213195118716 32.06421988372211 57.499763333248296 69.62003282637336 53.29461506397946 31.331600264775084 82.7076773605821 67.30525392118058 8.4356160274756 37.785604105427375
2 5 	 # V Shape
0.0 0.0 0.0 0.0 0.0
0.0 0.0 0.0 0.0 0.0
2 10 	 # Alloc Shape
0 0 1 0 1 1 0 0 1 1
1 1 0 1 0 0 1 1 0 0

2 10 	 # U Shape
27.914276830316574 8.342481919203115 89.72396239859755 75.19012323367362 35.857916714567494 66.4645872224567 17.8322385381971 34.70720905827823 71.01448370155634 55.033393396287124
62.146388046863734 54.871784474293115 42.45964012735052 47.66215189238269 68.99771875996107 98.72690122827622 22.508601302296928 93.82947672260624 31.153839021130413 51.92986309144888
2 5 	 # V Shape
0.0 0.0 0.0 0.0 0.0
0.0 0.0 0.0 0.0 0.0
2 10 	 # Alloc Shape
0 0 1 1 0 0 1 0 1 1
1 1 0 0 1 1 0 1 0 0

2 10 	 # U Shape
3.5538421723389724 36.79568329831739 66.21613905110605 82.08575623570536 66.361827961608 72.83829716410095 69.05306411974304 48.439016128864274 95.10006449235804 58.13581518362654
92.83290812360634 10.22988063922632 37.663213061740144 79.10136198814796 16.753693385201075 25.38762193501909 53.75324903638471 8.553001467060051 30.888441288872727 86.71069146902357
2 5 	 # V Shape
0.0 0.0 0.0 0.0 0.0
0.0 0.0 0.0 0.0 0.0
2 10 	 # Alloc Shape
0 1 1 0 1 1 0 1 1 0
1 0 0 1 0 0 1 0 0 1

2 10 	 # U Shape
5.053642512735779 74.56297151566768 62.79171576181681 74.51752001600458 75.45720766673766 94.14520028500473 32.79723516379902 83.86433593194249 45.12990844100662 48.7830096737492
3.9633273829572713 88.55002490576716 63.6292728346718 38.91438873652604 7.0854176515325 25.56566047240728 35.45495154910853 63.80816910503321 80.6817180926812 37.17835159028857
2 5 	 # V Shape
0.0 0.0 0.0 0.0 0.0
0.0 0.0 0.0 0.0 0.0
2 10 	 # Alloc Shape
0 0 0 1 1 1 0 1 0 1
1 1 1 0 0 0 1 0 1 0

2 10 	 # U Shape
18.66287514568371 18.8179086610621 8.392947152011443 87.02160297176917 51.00452145577841 13.023549752071395 90.25132375195437 48.625846898634315 17.149464520152545 6.4560024870786155
8.241568427033963 55.883676753427956 36.970988343967534 83.8690238452907 77.58810908831694 55.442604222707836 36.13578235741055 75.30295608970252 81.21766338158137 47.833590448762145
2 5 	 # V Shape
0.0 0.0 0.0 0.0 0.0
0.0 0.0 0.0 0.0 0.0
2 10 	 # Alloc Shape
1 0 0 1 1 0 1 0 0 0
0 1 1 0 0 1 0 1 1 1

2 10 	 # U Shape
84.23266515704138 72.38329542400503 54.1966260379804 36.95987198042435 1.9915355567592385 3.9698080456559537 28.116878220474927 36.695447069649944 38.814067231740836 63.10184387230295
78.05086604598492 66.13909705404754 82.96819340818993 56.14424714428887 86.06809379258266 43.41586681362792 4.67590187502328 88.8604714508878 23.25297806919695 21.00323234957049
2 5 	 # V Shape
0.0 0.0 0.0 0.0 0.0
0.0 0.0 0.0 0.0 0.0
2 10 	 # Alloc Shape
1 1 0 0 0 0 1 0 1 1
0 0 1 1 1 1 0 1 0 0

2 10 	 # U Shape
16.362544948887546 15.722435751259056 5.8900655620421905 96.5530488924523 36.43489661043788 37.75405732332477 93.07796174533699 79.43014568810447 69.13997693832366 70.93447820913796
5.681688970934107 24.82184726866826 16.454441918861583 23.464020767575 15.31945062430049 12.80170028606955 32.843923482246176 67.553354671856 72.77778942567767 48.80111160602097
2 5 	 # V Shape
0.0 0.0 0.0 0.0 0.0
0.0 0.0 0.0 0.0 0.0
2 10 	 # Alloc Shape
1 0 0 1 1 1 1 0 0 0
0 1 1 0 0 0 0 1 1 1

2 10 	 # U Shape
5.067714208817065 28.636942163524182 10.63513012204378 65.07806579229316 66.68431600719214 11.091194481651922 23.52562260933828 57.99800136411748 46.36836203618285 25.51009930345376
98.66862033924242 70.14580476057152 21.48825214574266 81.32150946845145 53.668395792588285 57.30731134787605 55.210748182698765 58.17150607871192 65.45487698777532 63.8894148527755
2 5 	 # V Shape
0.0 0.0 0.0 0.0 0.0
0.0 0.0 0.0 0.0 0.0
2 10 	 # Alloc Shape
0 0 0 1 1 0 0 1 1 0
1 1 1 0 0 1 1 0 0 1

2 10 	 # U Shape
85.51660765525529 16.365990036060907 95.48715030943727 10.880345281382242 57.74500686229326 39.44980862015818 71.72127235446975 30.54054373167624 63.68414861423734 69.72045563499356
6.88908257807962 59.795235332440136 53.2588096582633 36.49143984961524 14.816398864539249 11.27951280690953 73.44986149027334 46.16223188676536 88.83506317771673 28.437674566640148
2 5 	 # V Shape
0.0 0.0 0.0 0.0 0.0
0.0 0.0 0.0 0.0 0.0
2 10 	 # Alloc Shape
1 0 1 0 1 1 0 0 0 1
0 1 0 1 0 0 1 1 1 0

2 10 	 # U Shape
30.78333577512129 72.32882593287073 49.41060960560804 47.55585232664199 4.233875933378684 28.76364931730532 58.064805684502694 13.87358036997497 39.24150665358492 31.644692696920863
52.31384085238451 19.937909923465547 70.18249617514417 35.747090086501586 5.503991418600096 97.37002140488448 76.40516717735586 74.63663289297087 83.43702278028631 14.610121436291124
2 5 	 # V Shape
0.0 0.0 0.0 0.0 0.0
0.0 0.0 0.0 0.0 0.0
2 10 	 # Alloc Shape
0 1 1 1 0 0 1 0 0 1
1 0 0 0 1 1 0 1 1 0

2 10 	 # U Shape
32.65869706431824 41.50180107021056 51.03716982493604 28.311941020215038 29.352640171484634 22.8435899768891 21.782405631829693 17.244887093511764 86.6372353885222 76.00934784721379
98.31857931626658 62.44844074864307 17.436744865889008 49.831168402226076 90.67990062520843 61.35843319362551 81.73352956190166 24.41983953414408 14.137993132240222 96.64379980636258
2 5 	 # V Shape
0.0 0.0 0.0 0.0 0.0
0.0 0.0 0.0 0.0 0.0
2 10 	 # Alloc Shape
0 1 1 0 0 0 0 1 1 1
1 0 0 1 1 1 1 0 0 0

2 10 	 # U Shape
9.492004458692538 7.196235011907448 50.7066617006399 72.6838892611743 64.82125342362005 41.059425092566514 18.885257300186986 42.13548016987113 70.58878416476723 61.310176826775496
94.45129282922966 78.28927769066227 91.29834338903142 91.33100082382427 59.56763439959969 26.06274071682455 13.208797908026316 86.71541440667812 90.46937932393075 49.257327473703526
2 5 	 # V Shape
0.0 0.0 0.0 0.0 0.0
0.0 0.0 0.0 0.0 0.0
2 10 	 # Alloc Shape
0 0 0 1 1 1 1 0 1 1
1 1 1 0 0 0 0 1 0 0

2 10 	 # U Shape
5.333168292279822 66.92033682769619 59.47227371273014 61.78276255107144 79.43520632115492 24.18972563830749 93.42988202411338 88.59953791852512 90.3814279333163 78.01387028675192
26.494521977628715 85.49100491917721 94.85561542914834 95.60983484811881 89.01967883278232 77.12279313562756 22.001160033749212 15.781481592253199 54.30030298596043 89.71340145147975
2 5 	 # V Shape
0.0 0.0 0.0 0.0 0.0
0.0 0.0 0.0 0.0 0.0
2 10 	 # Alloc Shape
0 0 0 0 1 0 1 1 1 0
1 1 1 1 0 1 0 0 0 1

2 10 	 # U Shape
97.89364888877533 45.07068367826638 51.9208188424248 15.077929633666853 32.44848797135907 91.22452001015722 37.078734182066576 56.238317289979335 45.04185522502582 63.28163041667343
35.804045258776284 99.643465656233 97.45753797517796 8.107390280311321 99.84342564384664 68.37008728309405 24.0066993063601 36.37658760662168 46.48035519140507 55.24121337890225
2 5 	 # V Shape
0.0 0.0 0.0 0.0 0.0
0.0 0.0 0.0 0.0 0.0
2 10 	 # Alloc Shape
1 0 0 1 0 1 1 1 0 1
0 1 1 0 1 0 0 0 1 0

2 10 	 # U Shape
48.148966844096734 49.86141360235504 81.27853172068293 56.73100101802532 52.66906229382211 4.465097634233361 41.44680813957415 56.17494488916064 90.7610245928577 30.510622910472275
3.668778374679238 6.833298356750417 69.01761996848755 36.30878283470159 71.16773716332962 48.39035497648329 97.77533702406937 44.96372735130721 47.33603475279563 11.90953872882714
2 5 	 # V Shape
0.0 0.0 0.0 0.0 0.0
0.0 0.0 0.0 0.0 0.0
2 10 	 # Alloc Shape
1 1 0 1 0 0 0 1 1 1
0 0 1 0 1 1 1 0 0 0

2 10 	 # U Shape
10.611620372359553 96.03035035387275 5.263553678004252 55.16459057005385 53.83880383313229 39.31444936927646 91.66382140948647 90.3881650690739 63.829483760956606 88.24730574266636
90.22361603929146 3.0245244580594965 56.69499044429188 45.396155563345594 12.79639690008132 9.027319090375075 7.219782900842054 81.4421986770413 46.20370330337729 86.46425636889776
2 5 	 # V Shape
0.0 0.0 0.0 0.0 0.0
0.0 0.0 0.0 0.0 0.0
2 10 	 # Alloc Shape
0 1 0 1 1 1 1 0 1 0
1 0 1 0 0 0 0 1 0 1

2 10 	 # U Shape
14.106119839749931 89.54506173212745 43.92097014081408 3.716553592948335 39.18864836353841 28.929301985145027 2.3870814354820302 8.863309980951184 80.65166556698304 43.69020771212079
89.29557795200007 14.15287145109707 35.030742931421486 94.1148224696487 57.63630730218382 90.43052592731982 86.65092097460189 57.57174428863128 69.22858492849493 94.49701585037748
2 5 	 # V Shape
0.0 0.0 0.0 0.0 0.0
0.0 0.0 0.0 0.0 0.0
2 10 	 # Alloc Shape
0 1 1 0 1 0 0 0 1 0
1 0 0 1 0 1 1 1 0 1

2 10 	 # U Shape
64.57804905701941 52.614814212165086 97.11561463561131 65.84705308119733 73.67550650896791 1.3863498796747753 82.86170111974023 21.04104917126882 45.55567754476713 94.17959763845786
26.242373711378963 57.91165186958277 20.35308158494139 35.53634774860347 19.230681223790015 80.92470146971836 48.611202255608056 39.292175208292925 67.37312807095512 18.417729701270748
2 5 	 # V Shape
0.0 0.0 0.0 0.0 0.0
0.0 0.0 0.0 0.0 0.0
2 10 	 # Alloc Shape
1 0 1 1 1 0 1 0 0 1
0 1 0 0 0 1 0 1 1 0

2 10 	 # U Shape
35.96430623802345 75.7934428145808 79.57420878392078 11.403779429545246 27.29917957275361 44.11048344630887 6.65930849418589 53.82418851545682 49.33288386264189 76.14110960442355
87.89507105904607 92.55887360250709 8.526141867670434 25.14451391465613 95.17426415014782 78.14919129661658 11.086959385841633 16.55370540937958 10.641458056740593 14.517863888377203
2 5 	 # V Shape
0.0 0.0 0.0 0.0 0.0
0.0 0.0 0.0 0.0 0.0
2 10 	 # Alloc Shape
0 0 1 0 0 0 0 1 1 1
1 1 0 1 1 1 1 0 0 0

2 10 	 # U Shape
78.76792980510302 82.50836433749691 54.663903543446544 65.44759626560156 42.71289838921858 15.539790333175462 84.28803691869456 38.974349455840255 41.5123007988203 97.4951804670962
98.40605049814673 33.12409307509454 83.74704638367685 79.29277712713741 32.39329724626144 57.42047872758328 93.94579125764899 41.28249200007394 43.436709574826224 47.64036603456903
2 5 	 # V Shape
0.0 0.0 0.0 0.0 0.0
0.0 0.0 0.0 0.0 0.0
2 10 	 # Alloc Shape
0 1 0 0 1 0 1 0 1 1
1 0 1 1 0 1 0 1 0 0

2 10 	 # U Shape
59.913933364512616 91.67435511095259 45.19770794047372 79.8925215664701 51.60148183949641 9.78872381329946 66.40686436024507 68.90647650651074 94.14385632530082 17.62211087871165
9.693428287673589 96.23042379955257 29.5742554059112 34.213327758128955 7.871313410780401 33.299985378499386 25.940779388617162 31.948663302462975 56.41280907495505 14.408273757176005
2 5 	 # V Shape
0.0 0.0 0.0 0.0 0.0
0.0 0.0 0.0 0.0 0.0
2 10 	 # Alloc Shape
1 0 0 1 1 0 1 1 0 0
0 1 1 0 0 1 0 0 1 1

2 10 	 # U Shape
40.85768108750572 91.98921792032212 65.18197628285662 25.98684293578948 99.389617881276 53.259075374961014 44.59814825409845 8.187881809117181 12.539375845009559 46.270183494472796
52.25095427948544 83.07034906656226 8.614539997999604 58.15404768085216 24.675783161405505 84.7504689089352 53.11045774958871 81.16073252074906 43.681608289311356 59.3418061288169
2 5 	 # V Shape
0.0 0.0 0.0 0.0 0.0
0.0 0.0 0.0 0.0 0.0
2 10 	 # Alloc Shape
0 1 1 0 1 0 1 0 0 0
1 0 0 1 0 1 0 1 1 1

2 10 	 # U Shape
80.33134348116924 61.62590994201863 98.72782443913596 16.89695273956936 92.92403207206716 97.85204826731348 92.16773588949421 40.32840830475624 24.96496476188278 95.65613883903444
73.36554154474892 60.56352254695512 2.304430260041923 37.73497061330991 11.260579430631335 66.06994835301798 97.58855210116863 10.294149593909886 74.26755690587466 52.94415037919045
2 5 	 # V Shape
0.0 0.0 0.0 0.0 0.0
0.0 0.0 0.0 0.0 0.0
2 10 	 # Alloc Shape
0 0 1 0 1 1 0 1 0 1
1 1 0 1 0 0 1 0 1 0

2 10 	 # U Shape
31.235020459451512 97.28304280153863 26.899403522115296 17.41258398898745 68.81552044941344 83.98335514944246 17.085909930080824 99.27197763676885 2.2156730307929973 24.426087235319528
89.37380506585347 92.48520462231428 74.76620196916738 99.32675035843988 47.65264225077092 17.66376241028769 86.32053228076538 62.792359399287875 80.218419004212 22.387397775656094
2 5 	 # V Shape
0.0 0.0 0.0 0.0 0.0
0.0 0.0 0.0 0.0 0.0
2 10 	 # Alloc Shape
0 1 0 0 1 1 0 1 0 1
1 0 1 1 0 0 1 0 1 0

2 10 	 # U Shape
49.64014539851156 20.76360063460746 41.535473233774844 39.77349424481903 84.176852000112 86.6031579680561 65.22495139010952 32.766556996843164 74.81667118818893 54.11165407630054
58.97119635689631 23.920192376982474 75.82589665568187 54.51149096075526 62.25825759629468 45.60716530830108 82.97546235707223 55.543963306367736 57.0134154952053 65.68458311638088
2 5 	 # V Shape
0.0 0.0 0.0 0.0 0.0
0.0 0.0 0.0 0.0 0.0
2 10 	 # Alloc Shape
1 0 0 0 1 1 0 0 1 0
0 1 1 1 0 0 1 1 0 1

2 10 	 # U Shape
70.16986848345097 85.39732331071808 96.3277369066842 87.98084564750198 28.137743738071062 67.60101627968912 28.407155182059252 18.82457471587119 55.303325831597625 34.59634893802486
52.260817911522054 64.98678966306076 56.619256748292756 30.515389544597017 25.60923853998257 67.3946877449142 8.123991676118425 42.56294900611608 29.06706502059746 92.44082464204922
2 5 	 # V Shape
0.0 0.0 0.0 0.0 0.0
0.0 0.0 0.0 0.0 0.0
2 10 	 # Alloc Shape
1 0 1 1 0 0 1 0 1 0
0 1 0 0 1 1 0 1 0 1

2 10 	 # U Shape
61.642995860379266 55.358109983701965 65.14657966916955 8.153426508062001 37.270951905971515 25.26107258686361 77.1657473082022 63.358939459673536 80.51907381639931 17.73563675070805
96.12562088131035 57.26936649261217 7.7417443130838866 69.68512029463737 45.67866220388209 43.52328775726255 39.68205226557123 96.92252021326094 50.39362619586958 66.47766358663958
2 5 	 # V Shape
0.0 0.0 0.0 0.0 0.0
0.0 0.0 0.0 0.0 0.0
2 10 	 # Alloc Shape
0 1 1 0 1 0 1 0 1 0
1 0 0 1 0 1 0 1 0 1

2 10 	 # U Shape
19.283836673944588 17.97987961044898 46.897394212561686 58.3871284289332 72.32703032580774 83.15354174904034 27.346714939253268 51.110971824327734 60.861960733117094 92.7279852439296
83.88828929177039 86.73244152669935 58.11724771228254 38.877384308846096 23.139499114436447 42.33196622206661 99.83769218469135 76.43137729629092 24.00084695453577 54.599696493719854
2 5 	 # V Shape
0.0 0.0 0.0 0.0 0.0
0.0 0.0 0.0 0.0 0.0
2 10 	 # Alloc Shape
0 0 0 1 1 1 0 0 1 1
1 1 1 0 0 0 1 1 0 0

2 10 	 # U Shape
88.67108854349539 30.77722311749026 93.60808148357258 29.145166011312163 27.633156724949803 57.89432444470324 6.948586580544269 30.990331874054455 12.275273694369293 32.126916042284
86.3768796534328 19.99633563993791 54.506365122414955 59.32704704352164 61.37726794351598 60.593066766804725 65.84395652604852 11.19278833434173 49.92827145296786 87.75032398997492
2 5 	 # V Shape
0.0 0.0 0.0 0.0 0.0
0.0 0.0 0.0 0.0 0.0
2 10 	 # Alloc Shape
1 1 1 0 0 1 0 1 0 0
0 0 0 1 1 0 1 0 1 1

2 10 	 # U Shape
37.11022559963797 75.27370158573734 81.10525769677983 53.188072545284 57.06552317356951 75.47971892483616 48.65149661165115 39.026339590822076 26.78858728996204 80.01684284108708
44.722568982601516 77.64770430989255 50.59877324642742 52.59434747153995 84.38957663805401 13.44609237074257 82.2933772133158 15.413029361344199 30.27466656097215 1.4573616118559563
2 5 	 # V Shape
0.0 0.0 0.0 0.0 0.0
0.0 0.0 0.0 0.0 0.0
2 10 	 # Alloc Shape
0 0 1 1 0 1 0 1 0 1
1 1 0 0 1 0 1 0 1 0

2 10 	 # U Shape
37.745537648231334 66.7545365840197 79.53615487587393 78.6153580933721 79.01520572401823 84.26356674875548 35.87805498183278 99.51981778409818 4.217415539214353 77.00004219435078
50.74149076135136 39.96916336689298 64.46402878404155 29.586442618284526 80.87773494817286 98.45011517743913 28.488707712199325 9.458096733878252 32.54754403176623 49.52492312001097
2 5 	 # V Shape
0.0 0.0 0.0 0.0 0.0
0.0 0.0 0.0 0.0 0.0
2 10 	 # Alloc Shape
0 1 0 1 0 0 1 1 0 1
1 0 1 0 1 1 0 0 1 0

2 10 	 # U Shape
13.077758041790588 14.568739606630832 8.064087986719603 15.222710403633577 87.55232428496835 54.0413502113542 15.3694686621211 99.91851499605355 29.13131754244369 41.540040284255284
20.266992708603127 22.78712090141636 9.22986106242053 22.643734952505955 81.93042155504499 3.1086477692417014 18.808972168893156 41.88226885282559 45.84057568419356 58.588385800881404
2 5 	 # V Shape
0.0 0.0 0.0 0.0 0.0
0.0 0.0 0.0 0.0 0.0
2 10 	 # Alloc Shape
0 0 0 0 1 1 0 1 0 0
1 1 1 1 0 0 1 0 1 1

2 10 	 # U Shape
16.062519938806386 69.87616505366857 81.61224429530385 83.54202033534767 18.249852292918924 63.48246451898709 10.73446040527628 43.75819034694357 1.2241262454733892 72.60363924343288
60.53015607832902 92.56263364908386 52.88666999494477 45.2009504424286 21.889681676350126 30.18108454191466 24.110892460700295 20.708945967227223 14.78473869020689 26.539394812512295
2 5 	 # V Shape
0.0 0.0 0.0 0.0 0.0
0.0 0.0 0.0 0.0 0.0
2 10 	 # Alloc Shape
0 0 1 1 0 1 0 1 0 1
1 1 0 0 1 0 1 0 1 0

2 10 	 # U Shape
34.07388161791328 18.240368638361105 45.72092429468994 16.976899890622978 86.38912039730333 67.02800062441267 88.56638225736893 81.42147638594153 12.154651301030306 22.867218490563324
88.54385530317003 91.13694151110683 6.501151878808631 77.6132598766263 76.04248010394032 85.98845378362631 10.272965283071722 55.16750925560127 88.9143198847568 9.151992662831764
2 5 	 # V Shape
0.0 0.0 0.0 0.0 0.0
0.0 0.0 0.0 0.0 0.0
2 10 	 # Alloc Shape
0 0 1 0 1 0 1 1 0 1
1 1 0 1 0 1 0 0 1 0

2 10 	 # U Shape
27.406210375950167 93.10631150036713 99.65930469269908 58.94260715924271 45.99106631200923 85.69499327394222 63.38220043891026 50.96998878066219 19.7439014436833 35.93502715608833
6.964150949246939 65.0768037347739 68.284941713842 8.836887818127703 29.820357118743747 62.08120233962981 32.68940061707619 48.653949814756935 27.525840250189137 71.37629055451823
2 5 	 # V Shape
0.0 0.0 0.0 0.0 0.0
0.0 0.0 0.0 0.0 0.0
2 10 	 # Alloc Shape
1 1 1 1 0 0 1 0 0 0
0 0 0 0 1 1 0 1 1 1

2 10 	 # U Shape
53.11370529973291 40.11598925048856 80.60068931768953 57.54372411656158 52.00609233028154 81.21050517461168 64.5972085539738 75.03618267704249 95.37330013661621 43.76968156982449
79.64901206500016 14.184337940999814 84.01586523419044 11.768316884895235 79.56002429785968 17.477636613225457 22.099995241437252 26.01769703214091 63.969546498646054 80.85436494170801
2 5 	 # V Shape
0.0 0.0 0.0 0.0 0.0
0.0 0.0 0.0 0.0 0.0
2 10 	 # Alloc Shape
0 1 0 1 0 1 1 1 1 0
1 0 1 0 1 0 0 0 0 1

2 10 	 # U Shape
43.98434551708598 4.54631021502887 81.0212181763854 78.95152048298513 49.104181819091494 73.33854966305847 2.0893305268492868 83.604352233816 60.121884013292856 86.80000243541002
61.98897836716869 13.626712112130212 88.23338995966394 69.98294936477726 92.10429013410509 94.35235597821945 62.40476216980245 95.06477850755043 22.957469675248486 7.094066103151652
2 5 	 # V Shape
0.0 0.0 0.0 0.0 0.0
0.0 0.0 0.0 0.0 0.0
2 10 	 # Alloc Shape
0 0 1 1 0 0 0 0 1 1
1 1 0 0 1 1 1 1 0 0

2 10 	 # U Shape
10.464038780385188 74.69262777469694 93.38761468623278 64.71895969965662 18.645343230441846 82.22153349844265 85.2705860472594 41.6102396977164 19.65448925850042 94.07252156216134
52.007543725049686 9.851829963689651 73.66643647556245 12.857670112214503 35.76808796907304 0.43520580310789647 10.302865812557682 58.213471796865036 7.178740978687214 65.10835101052666
2 5 	 # V Shape
0.0 0.0 0.0 0.0 0.0
0.0 0.0 0.0 0.0 0.0
2 10 	 # Alloc Shape
0 1 0 1 0 1 1 0 1 0
1 0 1 0 1 0 0 1 0 1

2 10 	 # U Shape
4.613178759579362 61.25398493620471 57.14201382567205 4.670114150820837 71.74801342511711 65.26872095171154 4.853500965308378 88.71480876975193 37.9512449569017 6.046019561584048
87.48116924121882 59.03316291199682 93.18152163263058 47.34518075317047 18.087367925824694 87.31584800642217 17.776507001564013 55.14200034925315 74.71591028204261 42.268561845293085
2 5 	 # V Shape
0.0 0.0 0.0 0.0 0.0
0.0 0.0 0.0 0.0 0.0
2 10 	 # Alloc Shape
0 1 0 0 1 1 0 1 0 0
1 0 1 1 0 0 1 0 1 1

2 10 	 # U Shape
68.35649244540788 44.99242127668871 58.9371419698696 6.978771262505445 5.05299076844895 21.972578473888728 8.137960355858509 68.38999985680996 77.52602964085312 17.736665468662437
43.44861405327099 83.96638932866904 99.76880677026693 53.22942599690415 56.24439077096418 58.497770196492695 40.883417184667294 72.68404252919225 89.06225352248835 30.151498983205737
2 5 	 # V Shape
0.0 0.0 0.0 0.0 0.0
0.0 0.0 0.0 0.0 0.0
2 10 	 # Alloc Shape
1 0 0 0 0 0 0 1 1 1
0 1 1 1 1 1 1 0 0 0

2 10 	 # U Shape
13.374484388843888 68.84574173169254 87.76978353506829 84.71469287598836 58.56563540942435 76.51685443125952 16.52004196776723 81.90067064867374 21.5435998297856 11.114375365286422
0.9383835637444049 74.13501431489703 97.13209503230746 55.043722314803325 29.032813501233868 91.79851797192514 93.15971238210813 44.08271711634336 10.587843370492845 11.567068361681166
2 5 	 # V Shape
0.0 0.0 0.0 0.0 0.0
0.0 0.0 0.0 0.0 0.0
2 10 	 # Alloc Shape
1 0 0 1 1 0 0 1 1 1
0 1 1 0 0 1 1 0 0 0

2 10 	 # U Shape
74.36373079856395 61.572769522165636 8.103557617262192 69.1137781591732 30.29372115797988 44.01763011280063 16.339923851047445 13.991879469007952 91.97098005632162 27.4450154746251
82.9721844778139 31.33568414142742 81.21666739438844 95.20767979418355 29.743133196077697 89.47141637634249 12.87603002929707 73.15507799478527 91.0592758003159 6.712403524385014
2 5 	 # V Shape
0.0 0.0 0.0 0.0 0.0
0.0 0.0 0.0 0.0 0.0
2 10 	 # Alloc Shape
1 1 0 0 1 0 1 0 1 1
0 0 1 1 0 1 0 1 0 0

2 10 	 # U Shape
26.960977612320256 24.138145331421377 39.27594590078471 58.716898001505655 59.513478028420266 43.638592464827184 9.112837805361373 20.350943510412055 41.751576500820995 60.529894499712476
5.693781566288969 91.8333528363291 39.10490216547304 98.23577361461572 36.91658212630471 33.70483771827495 2.0979793178029893 83.42269416484966 78.05187312877673 12.002187495432127
2 5 	 # V Shape
0.0 0.0 0.0 0.0 0.0
0.0 0.0 0.0 0.0 0.0
2 10 	 # Alloc Shape
1 0 1 0 1 1 1 0 0 1
0 1 0 1 0 0 0 1 1 0

2 10 	 # U Shape
70.19705893666472 49.34595969250506 55.2777963786095 92.91360167001564 40.06892260533199 93.68612018244046 88.73917700786994 69.59786000021754 74.7392923870795 59.04109189668708
21.69747658909896 79.40353274626699 15.160829464813153 61.8322931575781 45.33167034599717 55.50504066687149 95.6825179149572 46.55769996414083 71.78884177450009 1.605114879308056
2 5 	 # V Shape
0.0 0.0 0.0 0.0 0.0
0.0 0.0 0.0 0.0 0.0
2 10 	 # Alloc Shape
1 0 1 1 0 1 0 1 0 1
0 1 0 0 1 0 1 0 1 0

2 10 	 # U Shape
21.829757972278983 43.65399166611618 45.638531884938004 49.25521455615298 62.389380396394536 0.4698725588119568 26.25658998445246 97.59090706422234 87.24657522746558 56.234721187266025
67.82207851589048 15.181225688726862 62.76037238014 98.41307593748799 58.5165144783223 75.18386253510761 24.406157155201637 61.62682728696013 77.22244217600573 25.264216534913842
2 5 	 # V Shape
0.0 0.0 0.0 0.0 0.0
0.0 0.0 0.0 0.0 0.0
2 10 	 # Alloc Shape
0 1 0 0 1 0 0 1 1 1
1 0 1 1 0 1 1 0 0 0

2 10 	 # U Shape
26.70163616662161 35.42858660155515 42.29276192169156 71.94242091321138 14.49921211935501 66.82563721984978 75.47689569523997 91.76788275390672 39.962467193070815 54.35161720512767
76.46410254638731 56.287470049762 18.979376414181726 87.37298486876433 91.3782492907784 89.67128091722508 41.828747083729844 85.98355933197395 62.7008323262594 31.13796365815451
2 5 	 # V Shape
0.0 0.0 0.0 0.0 0.0
0.0 0.0 0.0 0.0 0.0
2 10 	 # Alloc Shape
0 0 1 1 0 0 1 1 0 1
1 1 0 0 1 1 0 0 1 0

2 10 	 # U Shape
87.93008909809681 45.76341131522621 92.72552750454692 16.138054925736622 70.47384339059542 36.112540814379535 76.30108038237691 62.00817844369097 42.67893669606867 20.23715742293205
80.7778869689436 91.04063017214689 80.25478772612496 81.90234046811698 17.166444302641626 88.2826322727637 99.97637989092128 45.68900812575616 81.48975079462467 79.68834717244083
2 5 	 # V Shape
0.0 0.0 0.0 0.0 0.0
0.0 0.0 0.0 0.0 0.0
2 10 	 # Alloc Shape
1 0 1 0 1 0 1 1 0 0
0 1 0 1 0 1 0 0 1 1

2 10 	 # U Shape
74.66469083503739 65.85674666691416 37.13213850508996 10.003141045244368 59.99819223463692 50.27602525770103 10.902990501738186 15.425788963375808 69.08698633487785 10.71772249716444
2.6716841203818564 56.57383175732774 46.82581013084466 89.62882023733546 56.6315331133965 3.4793508699005993 9.223207796071886 67.07818756226112 76.25448515924059 32.474537380592125
2 5 	 # V Shape
0.0 0.0 0.0 0.0 0.0
0.0 0.0 0.0 0.0 0.0
2 10 	 # Alloc Shape
1 1 0 0 1 1 1 0 0 0
0 0 1 1 0 0 0 1 1 1

2 10 	 # U Shape
54.054359621588866 32.93408600810288 34.718365159602826 67.54746591900546 41.19498399126964 28.93329569912202 9.65971979313569 9.665828214788409 20.87517637870976 9.159768686900161
80.7769511562758 16.029571821652123 29.14365379015481 49.50558000267943 87.23433255414183 82.68755551495785 58.734082645183705 6.792951301055162 41.751237278417065 25.504252119254968
2 5 	 # V Shape
0.0 0.0 0.0 0.0 0.0
0.0 0.0 0.0 0.0 0.0
2 10 	 # Alloc Shape
1 1 1 1 0 0 0 1 0 0
0 0 0 0 1 1 1 0 1 1

2 10 	 # U Shape
16.392392383036412 6.005397348985175 14.46840619090648 61.0524249003195 63.01807591009586 63.218931318420644 46.53098661135384 73.65375167584904 14.608235922770518 88.49419402613496
81.01266191741733 79.02498351302168 90.31672865582968 50.67345421804623 98.65773891779811 31.550102963622273 99.8225356387399 66.27514708599008 16.90815631707473 28.91925225696844
2 5 	 # V Shape
0.0 0.0 0.0 0.0 0.0
0.0 0.0 0.0 0.0 0.0
2 10 	 # Alloc Shape
0 0 0 1 0 1 0 1 1 1
1 1 1 0 1 0 1 0 0 0

2 10 	 # U Shape
12.155188198192368 71.84162973267897 83.46154924262629 69.56069333416349 35.038901490236476 60.69991946052509 31.38318135416104 68.75451016240191 40.93429610646512 6.544164433959343
6.281215930593409 56.244859194107754 91.67278513997145 22.79880528054836 12.910997342388274 93.40603825904357 35.214806660481536 7.942520413632204 62.78765540789044 15.169375777247641
2 5 	 # V Shape
0.0 0.0 0.0 0.0 0.0
0.0 0.0 0.0 0.0 0.0
2 10 	 # Alloc Shape
1 1 0 1 1 0 0 1 0 0
0 0 1 0 0 1 1 0 1 1

2 10 	 # U Shape
4.353260239024381 31.631717443926565 29.21592883013071 34.856244912047664 57.493734017950246 7.264489058415657 19.96174900698887 60.56356813769899 20.83650553107761 91.76376846288446
54.56798727170953 53.379165957687476 94.81872806245674 92.69183653605081 95.52791733299784 25.751373547176293 9.39551199167763 60.47410373164826 2.4745433719168597 88.75137058195605
2 5 	 # V Shape
0.0 0.0 0.0 0.0 0.0
0.0 0.0 0.0 0.0 0.0
2 10 	 # Alloc Shape
0 1 0 0 0 0 1 1 1 1
1 0 1 1 1 1 0 0 0 0

2 10 	 # U Shape
97.6003943074537 55.06535043926627 20.04431406808106 4.060796577893666 8.081014589235169 77.27530013396711 30.18953626509282 56.41711337883626 52.12938612786869 82.48630945591725
71.45642776756861 49.5505495588495 10.620329667652973 64.7122100093706 96.32764278027929 1.8686664183035995 74.34295390794804 24.335783706601266 94.19408316935754 72.50248832549082
2 5 	 # V Shape
0.0 0.0 0.0 0.0 0.0
0.0 0.0 0.0 0.0 0.0
2 10 	 # Alloc Shape
1 1 1 0 0 1 0 1 0 1
0 0 0 1 1 0 1 0 1 0

2 10 	 # U Shape
85.14953630566939 45.73295723938649 82.2602179701999 1.1238077828883197 62.522745486428235 17.530844406058787 50.217888554243416 25.702533164716414 1.2049437907206917 97.78342918227277
93.42149395213741 95.08780272554534 54.41714799870794 0.6203547451976044 41.7980286619529 57.632949431706436 1.8421703663624056 46.75539832729554 82.20850781323176 69.99964682223808
2 5 	 # V Shape
0.0 0.0 0.0 0.0 0.0
0.0 0.0 0.0 0.0 0.0
2 10 	 # Alloc Shape
0 0 1 1 1 0 1 0 0 1
1 1 0 0 0 1 0 1 1 0

2 10 	 # U Shape
71.99388854110512 0.06690779428856208 0.5088822769267365 61.627872306625164 21.75795115137008 69.41643752865149 22.940059417153524 44.48632345451896 71.58667182804777 62.89829727484811
40.45773245496099 75.73244643866373 93.11758612021856 46.1904674044647 5.502819327697295 96.97004124100904 23.440928558960692 18.270196726613207 42.263621191274225 92.5799605020807
2 5 	 # V Shape
0.0 0.0 0.0 0.0 0.0
0.0 0.0 0.0 0.0 0.0
2 10 	 # Alloc Shape
1 0 0 1 1 0 1 1 1 0
0 1 1 0 0 1 0 0 0 1

2 10 	 # U Shape
37.50503844627479 1.4260680402177983 7.961446080356294 94.6134644045969 81.68520305004809 79.46380846003245 84.52990175156947 42.98587195596533 35.51658835770088 72.0824070733395
64.16171874502946 96.28139949297974 7.270009530967803 20.869085738244276 37.99284817152721 21.672713393526934 82.53385668518766 57.65275287416938 30.178405161826316 11.941556372788098
2 5 	 # V Shape
0.0 0.0 0.0 0.0 0.0
0.0 0.0 0.0 0.0 0.0
2 10 	 # Alloc Shape
0 0 0 1 1 1 0 0 1 1
1 1 1 0 0 0 1 1 0 0

2 10 	 # U Shape
38.77939939354541 6.754408076449847 38.09508152885943 51.92641370737219 10.158593640389647 23.96473930882803 28.521556055307272 60.07450739813135 89.73504611541982 58.798907676601786
31.363966914401775 98.88970181893663 8.461246610285434 63.51870046702426 92.9182140048321 13.922356862165685 20.514404546061282 8.510292428895216 28.525839988377864 49.86293326423659
2 5 	 # V Shape
0.0 0.0 0.0 0.0 0.0
0.0 0.0 0.0 0.0 0.0
2 10 	 # Alloc Shape
1 0 1 0 0 1 1 1 1 1
0 1 0 1 1 0 0 0 0 0

2 10 	 # U Shape
71.08736352126603 36.8603969798294 76.94778939359712 13.671926054527129 83.52526336946005 13.768531521681071 54.70532376232741 14.694477401570172 19.469493029772234 61.99006114016097
31.114524345302808 72.80917675541919 17.009570316940014 21.5666200016842 11.243857472340114 97.87437116010048 39.14404004457154 80.44052590507943 84.80801256525791 19.203143814425015
2 5 	 # V Shape
0.0 0.0 0.0 0.0 0.0
0.0 0.0 0.0 0.0 0.0
2 10 	 # Alloc Shape
1 0 1 0 1 0 1 0 0 1
0 1 0 1 0 1 0 1 1 0

2 10 	 # U Shape
73.52187718573818 44.29552787368133 17.484337185687814 70.0928321531976 83.58734226301735 65.8903164909423 25.614279023449992 35.443751811442134 11.560196778112319 56.72280300906547
86.0153965187772 14.799304053595986 26.7961120724192 94.52297143921933 68.45670063197554 0.34466878108562193 62.91653602451125 6.041912088632784 45.497811520740115 82.18778422197882
2 5 	 # V Shape
0.0 0.0 0.0 0.0 0.0
0.0 0.0 0.0 0.0 0.0
2 10 	 # Alloc Shape
1 1 0 0 1 1 0 1 0 0
0 0 1 1 0 0 1 0 1 1

2 10 	 # U Shape
19.575501215611624 77.64059227475687 25.85363833114065 91.86075828799632 9.69779070850122 28.345067686406434 4.677121948556051 67.64654333754599 91.15334243402113 99.12599285228647
22.053917653438326 56.1958258225539 16.49476439834657 9.156957693970947 61.43673330715126 29.15416324225162 87.14341427653164 85.5988102077419 61.51111639409409 16.518858424789983
2 5 	 # V Shape
0.0 0.0 0.0 0.0 0.0
0.0 0.0 0.0 0.0 0.0
2 10 	 # Alloc Shape
0 1 1 1 0 0 0 0 1 1
1 0 0 0 1 1 1 1 0 0

2 10 	 # U Shape
33.977291479230196 99.0889389449137 11.741983296798086 17.225645240935172 29.998557511370315 0.7922473363676019 55.541019963302915 60.85325961321971 19.65412657168827 29.256932017342695
62.369190863992316 44.52150172310591 19.40260190990979 9.91967227577254 95.1044986900132 75.14835663219091 93.0131632531488 51.17979315508519 56.32870848925784 62.57102087193166
2 5 	 # V Shape
0.0 0.0 0.0 0.0 0.0
0.0 0.0 0.0 0.0 0.0
2 10 	 # Alloc Shape
0 1 0 1 0 0 1 1 0 0
1 0 1 0 1 1 0 0 1 1

2 10 	 # U Shape
9.514409923546319 18.17380582093887 26.264475627004114 58.53465878272315 46.36069470166221 95.90336235711342 67.2668139221063 32.8471696144941 90.92164662318176 13.849834877221866
46.68405557456404 86.85644113815495 74.35762856375844 94.2974971835555 45.081875201671316 26.277809874125914 98.86720510330025 80.08755052235897 46.6620842085654 60.906518201871364
2 5 	 # V Shape
0.0 0.0 0.0 0.0 0.0
0.0 0.0 0.0 0.0 0.0
2 10 	 # Alloc Shape
0 0 0 0 1 1 1 0 1 0
1 1 1 1 0 0 0 1 0 1

2 10 	 # U Shape
32.922468262760106 63.2929270147905 53.65351435151617 72.87664411470254 98.27700844358232 64.18042499919768 80.42023787601828 68.79835747290461 51.10743962870762 53.926263033075706
69.3022854980686 92.19156530181411 88.13735357063466 89.21050363357298 21.218775772881692 50.40239702206579 94.2026534618762 13.673376613512634 21.9863042238151 46.717311714348085
2 5 	 # V Shape
0.0 0.0 0.0 0.0 0.0
0.0 0.0 0.0 0.0 0.0
2 10 	 # Alloc Shape
0 0 0 0 1 1 0 1 1 1
1 1 1 1 0 0 1 0 0 0

2 10 	 # U Shape
48.409450130063625 66.00189552668554 0.6810082835998821 43.47811689272106 7.726585577899215 16.177328999296748 50.53406065473196 63.94356110229228 8.270690085555788 33.178767268415896
97.56570482534082 43.096004112037946 28.15305234058877 16.82431707267238 74.84362738537746 56.626966754171946 5.68065391884458 76.97468047685167 38.53853485251854 89.5924438835869
2 5 	 # V Shape
0.0 0.0 0.0 0.0 0.0
0.0 0.0 0.0 0.0 0.0
2 10 	 # Alloc Shape
0 1 0 1 0 0 1 1 0 0
1 0 1 0 1 1 0 0 1 1

2 10 	 # U Shape
74.41926377691345 92.28752093349857 91.98609796601791 80.8773384768133 65.09050861655908 31.995020235489847 19.470251449595487 25.926970041664177 72.66882510681566 53.89454644394442
19.128161738677573 22.19779709060209 51.36344580933856 0.7664844809915139 72.47161377094288 24.63739670515137 55.09898159385143 53.12051745643549 27.56703042140266 87.29289789037689
2 5 	 # V Shape
0.0 0.0 0.0 0.0 0.0
0.0 0.0 0.0 0.0 0.0
2 10 	 # Alloc Shape
1 1 1 1 0 0 0 0 1 0
0 0 0 0 1 1 1 1 0 1

2 10 	 # U Shape
52.03964963853625 34.70476638012605 1.963787153969121 60.74759977155107 85.10759525676738 55.982141509937364 43.61277432131826 90.1131761283531 85.86809928806119 90.14210712623274
47.374382217943534 98.06471924800825 9.687021514705641 61.244193448895835 34.22056445205944 54.84254668140692 12.75031635830578 2.922984998752709 43.75508438271829 52.28929622389459
2 5 	 # V Shape
0.0 0.0 0.0 0.0 0.0
0.0 0.0 0.0 0.0 0.0
2 10 	 # Alloc Shape
0 0 0 0 1 0 1 1 1 1
1 1 1 1 0 1 0 0 0 0

2 10 	 # U Shape
74.3355213780579 1.7486166052866459 40.24528360982771 3.8981091759439424 0.6218261439147499 27.80927232099818 90.18770173947136 85.83546698914498 32.57107336545514 67.97633329924075
8.967664919845465 0.9778724184452692 53.727782408950794 48.60359986255841 75.95364884114079 20.422083454483776 44.56243734118698 93.02446927647566 89.65914506275467 10.697784943073074
2 5 	 # V Shape
0.0 0.0 0.0 0.0 0.0
0.0 0.0 0.0 0.0 0.0
2 10 	 # Alloc Shape
1 1 0 0 0 1 1 0 0 1
0 0 1 1 1 0 0 1 1 0

2 10 	 # U Shape
3.3444002173425913 39.48077157032952 25.536123843462967 52.775615704232514 4.350799691276119 26.062065528214482 50.05873376526316 65.42832540368791 80.23441036114043 31.84227295599745
97.6663310435402 5.169197429879768 6.580706883407927 79.42836703631232 28.48890144076799 0.03352322982886902 3.590264934285592 9.821285340985819 31.58699228050783 45.48940991456983
2 5 	 # V Shape
0.0 0.0 0.0 0.0 0.0
0.0 0.0 0.0 0.0 0.0
2 10 	 # Alloc Shape
0 1 1 0 0 1 1 1 1 0
1 0 0 1 1 0 0 0 0 1

2 10 	 # U Shape
82.63777927063843 47.98878870847212 28.69677665425482 95.41188720652644 26.16027033341073 57.07022390178791 98.54651295859496 22.23143092588681 36.05613601808649 13.011066065757726
13.02530879277991 47.39197640389523 74.81902088783002 66.85563132645214 7.012196894153277 26.843459555449854 4.7609759709981265 86.16240921691187 6.883037537688319 11.388778675097267
2 5 	 # V Shape
0.0 0.0 0.0 0.0 0.0
0.0 0.0 0.0 0.0 0.0
2 10 	 # Alloc Shape
1 0 0 1 1 1 1 0 1 0
0 1 1 0 0 0 0 1 0 1

