2 10 	 # U Shape
51.21922633857766 81.26209616521135 61.25260668293882 72.17553174317996 29.187606817063315 91.77741225129435 71.45757833976906 54.254436801126126 14.217004760152696 37.33407600514692
67.41336150663453 44.18331744229961 43.40139933332937 61.77669784693172 51.31382425543909 65.03971819314673 60.103895340454436 80.52231968327465 52.16471523936341 90.86488808086682
2 5 	 # V Shape
0.0 0.0 0.0 0.0 0.0
0.0 0.0 0.0 0.0 0.0
2 10 	 # Alloc Shape
0 1 1 1 0 1 1 0 0 0
1 0 0 0 1 0 0 1 1 1

2 10 	 # U Shape
82.11056578369285 15.115201964256386 38.411444869219956 94.42607122388011 98.76254749018723 45.63045470947841 82.61228438427398 25.137413420705933 59.73716482308843 90.28317603316273
53.45579488018151 59.02013629854229 3.9281767225387343 35.718175863453624 7.961309015596418 30.54599183428183 33.0719311982132 77.38302962105959 3.9959208689977266 42.94921784316384
2 5 	 # V Shape
0.0 0.0 0.0 0.0 0.0
0.0 0.0 0.0 0.0 0.0
2 10 	 # Alloc Shape
0 0 1 1 1 0 1 0 1 1
1 1 0 0 0 1 0 1 0 0

2 10 	 # U Shape
29.27979762895091 6.425106069482444 97.88191457576426 33.970784363786365 49.50486308824543 97.70807259226818 44.077382490066654 31.82728054789512 51.97969858753802 57.81364298824675
85.39337505004863 6.809727353795003 46.45308077793325 78.19491186191485 71.86028103822503 58.60219800531758 3.7094413234407875 35.0656391283133 56.3190684492745 29.972987242456284
2 5 	 # V Shape
0.0 0.0 0.0 0.0 0.0
0.0 0.0 0.0 0.0 0.0
2 10 	 # Alloc Shape
0 1 1 0 0 1 1 0 0 1
1 0 0 1 1 0 0 1 1 0

2 10 	 # U Shape
90.46647353575491 64.78924298452793 34.530214909730006 6.549785708449718 22.06278632094777 13.737324636325255 74.42959247372988 34.66906590240366 57.76642545443549 16.835293592182808
3.797170428436425 81.71767039909648 81.24648534420864 18.843565991918332 37.306239775159014 74.41921360335503 18.624777424797223 41.37978064984473 23.100531970115114 65.36229290588096
2 5 	 # V Shape
0.0 0.0 0.0 0.0 0.0
0.0 0.0 0.0 0.0 0.0
2 10 	 # Alloc Shape
1 0 0 0 0 0 1 1 1 0
0 1 1 1 1 1 0 0 0 1

2 10 	 # U Shape
84.85091818947146 60.31629758620348 78.10606172902821 61.57368760335693 2.1165191172154985 75.04646104874911 17.60421332836939 45.8514206237273 51.31227077322451 48.40208902868258
84.43857945393476 17.481389482211938 1.46348751032499 84.87640718112321 74.2674577299434 45.66975353201722 41.68984070493777 11.672951094696327 33.86791329893397 9.465904074365305
2 5 	 # V Shape
0.0 0.0 0.0 0.0 0.0
0.0 0.0 0.0 0.0 0.0
2 10 	 # Alloc Shape
0 1 1 0 0 1 0 1 1 1
1 0 0 1 1 0 1 0 0 0

2 10 	 # U Shape
36.07896135239792 44.524562281153315 4.426012162824156 24.749551949651206 46.51333307143495 88.2917339431373 18.092060107934426 35.61744768112537 30.499139565696442 72.60987540262441
26.811569375899 34.51958068727086 35.37218232292645 26.311417021015128 54.276554144838194 25.614819976292424 30.58374227913666 9.867089880131951 82.13681077532084 41.04176887058165
2 5 	 # V Shape
0.0 0.0 0.0 0.0 0.0
0.0 0.0 0.0 0.0 0.0
2 10 	 # Alloc Shape
1 1 0 0 0 1 0 1 0 1
0 0 1 1 1 0 1 0 1 0

2 10 	 # U Shape
6.0050205550819635 98.89169741962012 22.87823332019653 61.470171298016965 36.80266808354594 80.27759363482464 62.756185270562895 82.12164761982604 28.825313879221635 27.47951315927687
60.105189113251 93.85141972093375 70.72963093414373 26.340316495675754 12.233592111500503 45.872422918986366 97.48124993966691 68.05743744444447 19.325373228646104 4.673922716139501
2 5 	 # V Shape
0.0 0.0 0.0 0.0 0.0
0.0 0.0 0.0 0.0 0.0
2 10 	 # Alloc Shape
0 0 0 1 1 1 0 1 1 1
1 1 1 0 0 0 1 0 0 0

2 10 	 # U Shape
10.833073330879161 57.36182708950517 60.22095859451538 7.127344705295213 30.46527511400685 47.13651000258645 42.877537239025045 76.39600082043995 23.942577748347947 59.326934725636285
21.59877091717288 32.855583463033845 6.827274752131252 72.56537772527642 61.22399098558322 11.700493983201266 68.7366499029156 14.501861866387532 96.25283238089534 77.72782160176988
2 5 	 # V Shape
0.0 0.0 0.0 0.0 0.0
0.0 0.0 0.0 0.0 0.0
2 10 	 # Alloc Shape
0 1 1 0 0 1 0 1 0 1
1 0 0 1 1 0 1 0 1 0

2 10 	 # U Shape
51.0331784548845 99.5258784820256 14.651567931680166 44.95147775986764 60.14403761828062 9.727249413988016 28.873488054197527 72.0799901907407 55.08060640409488 83.85770150538873
58.033135146797655 18.45717366096261 61.550211705854075 88.69550884686103 51.67892778204419 62.61436691264234 50.50591175564612 90.96625765865544 41.33046555645703 53.5468716291723
2 5 	 # V Shape
0.0 0.0 0.0 0.0 0.0
0.0 0.0 0.0 0.0 0.0
2 10 	 # Alloc Shape
1 1 0 0 1 0 0 0 1 1
0 0 1 1 0 1 1 1 0 0

2 10 	 # U Shape
8.71283569325122 35.74631981198847 77.32116217522615 13.14716016117561 53.783243385397405 75.47235662269492 27.252617599113517 56.65169959073283 47.668497071666195 55.66206925418394
44.07370574138011 69.37373642619117 71.82371803196472 75.63823578955984 3.7322009011339086 67.88353968929813 47.72208009079344 10.017138767093215 61.41962337146904 83.79145089661961
2 5 	 # V Shape
0.0 0.0 0.0 0.0 0.0
0.0 0.0 0.0 0.0 0.0
2 10 	 # Alloc Shape
0 0 1 0 1 1 0 1 0 0
1 1 0 1 0 0 1 0 1 1

2 10 	 # U Shape
71.02738447959041 62.78623555090681 18.931700678206653 76.41131314841631 89.61528431903454 66.88551802336785 22.077251068170266 43.766394922338016 56.99983336709824 11.098208379454732
52.82834526220459 10.517383014286475 2.9626986270685274 38.36153554165818 73.3303456297864 13.004041863496617 42.40138027848596 34.42402784443945 40.838666328750016 11.152915786355688
2 5 	 # V Shape
0.0 0.0 0.0 0.0 0.0
0.0 0.0 0.0 0.0 0.0
2 10 	 # Alloc Shape
0 1 1 1 0 1 0 0 1 0
1 0 0 0 1 0 1 1 0 1

2 10 	 # U Shape
17.304972347660364 11.452711222626355 79.78805960212307 64.89051514456138 50.174599814699604 28.564020823216516 63.669582848539164 36.83419053302235 53.953854335225195 76.20668019798758
83.98874811543806 10.495741202168796 51.063130834591576 64.54886627441758 15.30668142526591 0.17596491043597728 96.70457532300503 80.78665332650922 27.406758936347153 27.908960707212593
2 5 	 # V Shape
0.0 0.0 0.0 0.0 0.0
0.0 0.0 0.0 0.0 0.0
2 10 	 # Alloc Shape
0 1 1 0 1 1 0 0 1 1
1 0 0 1 0 0 1 1 0 0

2 10 	 # U Shape
14.302218850313253 70.30919165596951 91.62815878695523 24.023809053811384 59.71550908896851 82.01551829558296 60.71042457755422 67.46668428509153 25.42710996797375 6.7632192249138186
71.09093369523617 88.28306253501864 92.9516576515834 70.7208688808081 84.9462053418791 16.681942353739252 14.399257681768674 3.901817261836449 99.83122425500672 77.78455988424162
2 5 	 # V Shape
0.0 0.0 0.0 0.0 0.0
0.0 0.0 0.0 0.0 0.0
2 10 	 # Alloc Shape
0 1 1 0 0 1 1 1 0 0
1 0 0 1 1 0 0 0 1 1

2 10 	 # U Shape
14.05987267853942 22.87556137159159 84.1497971175196 84.43584735081981 22.014599338063867 81.1137639752162 53.59535338891156 61.04284489824332 52.38698831262817 63.96291484955626
0.5156348033917069 2.4738783415619525 69.00263853157124 17.15930195622134 69.39306736886564 28.52656231218128 5.510592078168841 58.22229025860094 29.58187265655955 32.28161355753046
2 5 	 # V Shape
0.0 0.0 0.0 0.0 0.0
0.0 0.0 0.0 0.0 0.0
2 10 	 # Alloc Shape
1 1 0 1 0 1 1 0 1 1
0 0 1 0 1 0 0 1 0 0

2 10 	 # U Shape
51.1215678611379 78.82118923792203 33.47967316748672 11.32531344173897 90.48139767028248 0.4223913508407007 7.350388060676039 13.229136395536234 94.21499192747001 30.29296862426224
21.33130511803032 25.566255251552573 9.592006679437992 40.17978829990967 73.10276403556995 64.82099352415909 25.084558083451903 22.743891395182814 49.581615834046865 86.47649667829786
2 5 	 # V Shape
0.0 0.0 0.0 0.0 0.0
0.0 0.0 0.0 0.0 0.0
2 10 	 # Alloc Shape
1 1 1 0 1 0 0 0 1 0
0 0 0 1 0 1 1 1 0 1

2 10 	 # U Shape
63.93403927232835 16.769630743472273 92.46826037822882 71.73399513633042 15.481361149816685 72.36336058193933 18.64099258251244 82.96645652434765 19.664176333975437 96.13006691117158
54.75975848164579 22.286359973606018 21.272669051414418 62.79879624064401 63.3276129149952 30.32790372858618 81.63677514534665 41.905671700889435 81.38582852339901 26.521517056103107
2 5 	 # V Shape
0.0 0.0 0.0 0.0 0.0
0.0 0.0 0.0 0.0 0.0
2 10 	 # Alloc Shape
1 0 1 0 0 1 0 1 0 1
0 1 0 1 1 0 1 0 1 0

2 10 	 # U Shape
6.542942286782805 71.70386259969244 45.59104342797371 15.148371295050145 64.672019512236 2.923457187959755 75.3520872510052 88.97329460901544 1.0380039277155584 32.742784280664175
82.8491091472489 11.259759396041913 2.46957379137116 81.43535288722657 24.89052719751651 24.919659562913242 15.823680006023388 27.60559485572227 42.87103455736679 25.84218054044709
2 5 	 # V Shape
0.0 0.0 0.0 0.0 0.0
0.0 0.0 0.0 0.0 0.0
2 10 	 # Alloc Shape
0 1 1 0 1 0 1 1 0 0
1 0 0 1 0 1 0 0 1 1

2 10 	 # U Shape
6.107317412485447 86.49330341380082 13.749144403065882 72.79401854106588 60.75157144538782 66.75992755936223 13.86531665701206 51.352902141156754 82.09417365497671 31.104932037412205
86.83831237341575 30.05258650599617 43.55605196882911 36.42802087642531 79.37283470182575 97.84170017854078 76.5299372514147 97.05002497445012 22.502594026287127 87.06174420245001
2 5 	 # V Shape
0.0 0.0 0.0 0.0 0.0
0.0 0.0 0.0 0.0 0.0
2 10 	 # Alloc Shape
0 1 0 1 1 0 0 0 1 0
1 0 1 0 0 1 1 1 0 1

2 10 	 # U Shape
11.37607562487939 16.104217757221107 60.23318418322183 98.0939241992898 56.64028494798152 11.405886530309118 52.417000623308695 7.916192339377204 72.16642542468836 12.006624986679014
74.17686262268323 77.13428993319802 6.811643131249667 47.68252782722475 44.243096136594986 22.410925267462765 64.18249309983912 20.6067510547447 59.11059348014961 20.53903103889653
2 5 	 # V Shape
0.0 0.0 0.0 0.0 0.0
0.0 0.0 0.0 0.0 0.0
2 10 	 # Alloc Shape
0 0 1 1 1 0 0 0 1 0
1 1 0 0 0 1 1 1 0 1

2 10 	 # U Shape
89.92782384935715 95.31837264977054 21.32582349353873 3.80136209209756 56.68486704280946 15.179717969563756 9.452152183985785 70.62092476664121 77.68054491423071 65.68681501402696
83.38787454319963 93.5356900281753 70.45838818183098 39.241111834607054 13.806837340495992 12.047223438561694 8.497145948079844 46.194116762750006 87.37830712555522 68.16395610502204
2 5 	 # V Shape
0.0 0.0 0.0 0.0 0.0
0.0 0.0 0.0 0.0 0.0
2 10 	 # Alloc Shape
1 1 0 0 1 1 0 1 0 0
0 0 1 1 0 0 1 0 1 1

2 10 	 # U Shape
91.99486982636282 69.57540009945255 27.671945047552615 79.31538941794459 99.86391120657998 70.43004302256007 47.48291257933798 79.54633498396203 53.25061124397573 57.463291169247896
96.62299802235343 94.26874804292174 58.926528947792676 22.95584237041064 49.53548691923427 43.565498286437546 33.09705201761817 60.37500670232953 9.468638146306974 11.575757718898316
2 5 	 # V Shape
0.0 0.0 0.0 0.0 0.0
0.0 0.0 0.0 0.0 0.0
2 10 	 # Alloc Shape
0 0 0 1 1 1 1 0 1 1
1 1 1 0 0 0 0 1 0 0

2 10 	 # U Shape
15.262387580774138 74.9994459623443 94.74836190516686 25.07770155656568 15.74392594796008 34.305533571646805 29.23205418355934 27.041317675814792 47.44876227594702 55.86037964227293
0.6347476001110741 84.34576971052346 13.603392792337743 76.24420374753139 8.243690470409959 76.3761153364984 36.33931936773135 24.174586211048698 75.8625483039149 5.581914953661638
2 5 	 # V Shape
0.0 0.0 0.0 0.0 0.0
0.0 0.0 0.0 0.0 0.0
2 10 	 # Alloc Shape
1 1 1 0 1 0 0 1 0 1
0 0 0 1 0 1 1 0 1 0

2 10 	 # U Shape
61.96409538107533 31.27371477733385 49.45188315321827 37.49102429680643 83.58378221966056 71.68379995080801 79.64879952784443 51.70874537502047 96.1079699806403 65.92616342986216
85.48968878417271 35.23419330368339 40.29035928848863 91.5125702278739 77.19443193226483 68.29119824678837 74.90248097152164 38.61489771447273 32.18455567864766 31.223492612795734
2 5 	 # V Shape
0.0 0.0 0.0 0.0 0.0
0.0 0.0 0.0 0.0 0.0
2 10 	 # Alloc Shape
0 0 1 0 1 0 0 1 1 1
1 1 0 1 0 1 1 0 0 0

2 10 	 # U Shape
89.64175130705006 80.68185578640387 78.70374263456895 81.15371477991414 32.456204719687044 62.08359585628048 18.159118615953084 85.26460585286665 95.78372219957907 25.259334926339704
6.943364972012178 72.94520559851257 91.70551838682613 84.34582647629155 1.306861337314913 43.08811013857987 39.54035932301112 42.14124248108002 14.02354961897605 76.12384930199894
2 5 	 # V Shape
0.0 0.0 0.0 0.0 0.0
0.0 0.0 0.0 0.0 0.0
2 10 	 # Alloc Shape
1 0 0 0 1 1 0 1 1 0
0 1 1 1 0 0 1 0 0 1

2 10 	 # U Shape
1.372503233654676 14.037150362885587 57.29362081085393 30.389191833694408 6.480264002954983 10.05078040956211 89.0571552953963 30.124251108590062 96.40430207954833 83.80881355116986
61.00424254373409 86.00049266328298 9.426288492393198 80.13578186849197 58.75474663752694 24.70255691434896 73.33256607132344 96.27502578511307 67.2429599541773 62.84349691939717
2 5 	 # V Shape
0.0 0.0 0.0 0.0 0.0
0.0 0.0 0.0 0.0 0.0
2 10 	 # Alloc Shape
0 0 1 0 0 0 1 0 1 1
1 1 0 1 1 1 0 1 0 0

2 10 	 # U Shape
95.70919550354068 45.844942430181575 73.25601962236107 72.43072717708017 36.13850934270306 57.614850272985606 9.116891942241267 79.391017855673 42.70675742297524 60.14689371746276
5.660504970783419 8.454409755727632 1.8154562228838156 65.10911907876277 43.69341865849707 11.21532057198672 5.423778016957859 63.84092286500843 95.12936703389539 99.84309373462644
2 5 	 # V Shape
0.0 0.0 0.0 0.0 0.0
0.0 0.0 0.0 0.0 0.0
2 10 	 # Alloc Shape
1 1 1 0 0 1 1 1 0 0
0 0 0 1 1 0 0 0 1 1

2 10 	 # U Shape
68.02311492323723 34.3997712158293 13.533827076889205 58.71528339990938 71.88262131378784 41.64541714577881 61.96331741256208 83.98633769602982 0.011310506886430538 98.11566840380816
36.487137627334 87.36346996696308 38.86952523704517 64.34538328828394 71.40364433110099 87.62844383950313 10.413205930885095 66.87135206968982 17.417948781763336 40.08208383468471
2 5 	 # V Shape
0.0 0.0 0.0 0.0 0.0
0.0 0.0 0.0 0.0 0.0
2 10 	 # Alloc Shape
1 0 0 0 0 0 1 1 0 1
0 1 1 1 1 1 0 0 1 0

2 10 	 # U Shape
12.493108260697728 51.67221149865642 35.603600906937594 79.47122116581752 88.74317067891731 86.29141040544316 85.036887937482 43.218591823205145 75.98078427099402 6.020717180756585
24.706180389118437 59.5619512914205 26.833623249532934 93.975335256828 61.34037984800385 93.6261856959035 94.61730649557765 60.0806587625719 93.62711901808134 44.53874654244655
2 5 	 # V Shape
0.0 0.0 0.0 0.0 0.0
0.0 0.0 0.0 0.0 0.0
2 10 	 # Alloc Shape
0 0 1 0 1 1 1 0 0 0
1 1 0 1 0 0 0 1 1 1

2 10 	 # U Shape
75.29853065158498 97.29367471961933 4.8377437598617234 9.664827683400844 75.60699295668066 44.78976116896861 55.8090641317851 36.564230160379616 33.86329393352439 23.58203736845015
22.741518352824396 9.084584446404943 80.13604880752094 18.43352626509892 16.65774834355107 87.658036046777 30.09038897952965 8.246224260539737 57.04847701699387 58.19718051730492
2 5 	 # V Shape
0.0 0.0 0.0 0.0 0.0
0.0 0.0 0.0 0.0 0.0
2 10 	 # Alloc Shape
1 1 0 0 1 0 1 1 0 0
0 0 1 1 0 1 0 0 1 1

2 10 	 # U Shape
30.774657437362286 8.479294929004055 9.152800621372814 15.586142529755008 78.0291097710866 28.43594426874447 29.60239682177843 96.54803796310318 73.10311334920459 3.883748361393946
1.5524690587036316 87.12234607833867 85.37783664660846 31.067778196409478 74.73480048614148 43.19809610352656 31.093699252150476 49.98025835687895 68.07904826516953 39.65098130466744
2 5 	 # V Shape
0.0 0.0 0.0 0.0 0.0
0.0 0.0 0.0 0.0 0.0
2 10 	 # Alloc Shape
1 0 0 0 1 0 0 1 1 0
0 1 1 1 0 1 1 0 0 1

2 10 	 # U Shape
93.92662970818118 72.32943243389232 52.0528368063512 73.63552471090443 86.61323378550537 7.063263155528676 12.404813469596764 11.003071509029239 23.07718142908437 87.2667486390751
78.38909740292421 26.78516945527597 75.51776076189715 96.23748927675585 73.10437961893504 58.621557258412395 68.06733084434804 12.48696513431039 96.78727674569983 8.462145456856529
2 5 	 # V Shape
0.0 0.0 0.0 0.0 0.0
0.0 0.0 0.0 0.0 0.0
2 10 	 # Alloc Shape
1 1 0 0 1 0 0 1 0 1
0 0 1 1 0 1 1 0 1 0

2 10 	 # U Shape
0.5253323457689696 35.831289072666685 4.449429447446274 22.079731250616607 43.903991223835035 14.053586271519968 95.67430081451863 26.989012057050243 19.51463072195714 90.87828287867478
70.73279384566467 86.70738434351173 20.551684587161347 23.736843669262043 88.25217634984357 99.67793452074264 96.07407952348514 50.162809079243345 38.63801399925716 40.45700303368254
2 5 	 # V Shape
0.0 0.0 0.0 0.0 0.0
0.0 0.0 0.0 0.0 0.0
2 10 	 # Alloc Shape
0 0 0 1 0 0 1 1 0 1
1 1 1 0 1 1 0 0 1 0

2 10 	 # U Shape
97.76511316187906 23.970466821286827 12.059059016191787 44.00190962098014 78.21202495865916 43.502082593671666 87.10523086890986 27.462666577600935 47.371986285166514 77.9403312554097
84.97818487077969 45.85144543444213 65.66950512254239 77.14250944269658 62.9090962649588 20.490665514239403 84.72739199350465 83.82349609471311 41.05866007045332 66.27993636988255
2 5 	 # V Shape
0.0 0.0 0.0 0.0 0.0
0.0 0.0 0.0 0.0 0.0
2 10 	 # Alloc Shape
1 0 0 0 1 1 0 0 1 1
0 1 1 1 0 0 1 1 0 0

2 10 	 # U Shape
1.3885558608201398 66.95737944604467 97.67080260738778 39.05862231789099 31.401911214434406 24.744334004685143 39.4621332891979 15.634518603333325 32.052955481637454 50.68037073961843
47.47872621195803 60.19871405304179 82.06113642862755 30.86874205021116 96.0663260549781 16.657301503492395 91.40353443052483 49.63266437733746 37.19845767674499 37.05351230758627
2 5 	 # V Shape
0.0 0.0 0.0 0.0 0.0
0.0 0.0 0.0 0.0 0.0
2 10 	 # Alloc Shape
0 1 1 1 0 1 0 0 0 1
1 0 0 0 1 0 1 1 1 0

2 10 	 # U Shape
57.94192953806522 84.91681513249605 55.90567778062495 16.413498179673358 56.65958018471295 86.06865145791534 19.17520210057705 60.79466245269822 0.030048223308654087 59.9644854758037
90.66722654745323 12.616649234955135 25.34106622805612 91.64076040760915 20.340819793158403 73.20736399666427 56.83945013977814 23.072766845419345 79.38839212240893 47.344349796693095
2 5 	 # V Shape
0.0 0.0 0.0 0.0 0.0
0.0 0.0 0.0 0.0 0.0
2 10 	 # Alloc Shape
0 1 1 0 1 1 0 1 0 1
1 0 0 1 0 0 1 0 1 0

2 10 	 # U Shape
26.70496119397445 28.318139607939287 60.61816877491992 26.59741935868778 25.532252242687715 4.1592324467440545 2.830345104832843 58.08171207478732 39.06316209019345 10.952263102397675
9.285032795296832 62.098234249677944 47.82563175576823 74.31934267164534 31.291644298061772 91.78846918298278 7.174274529671976 78.47401388810653 97.279333584666 50.47066130179489
2 5 	 # V Shape
0.0 0.0 0.0 0.0 0.0
0.0 0.0 0.0 0.0 0.0
2 10 	 # Alloc Shape
1 0 1 0 1 0 0 1 0 0
0 1 0 1 0 1 1 0 1 1

2 10 	 # U Shape
58.01035468574906 50.17907532767999 53.25898387732819 8.281101068951436 18.33309043592046 84.72132231084105 19.088768573132853 42.241586358589736 14.603601159421453 95.05251748944184
7.206770506701055 2.125027679362679 5.030105541540975 40.364348172063025 1.9677901646278029 4.433536432684604 94.39812946409636 6.194491402155 66.17621804792677 62.92591526934219
2 5 	 # V Shape
0.0 0.0 0.0 0.0 0.0
0.0 0.0 0.0 0.0 0.0
2 10 	 # Alloc Shape
1 1 1 0 1 1 0 1 0 0
0 0 0 1 0 0 1 0 1 1

2 10 	 # U Shape
12.523251977686645 83.7216006531832 16.563066983169673 62.026578868902426 52.421369392527716 35.801788839394355 11.278053040947844 66.61217360998751 67.24333762033612 77.07843100914994
25.091438495265407 87.99693575880421 28.563785932012685 69.7387193772135 57.450646056301494 39.04684326376954 28.571568506794666 19.545894929132047 66.64775490939762 82.09682309863416
2 5 	 # V Shape
0.0 0.0 0.0 0.0 0.0
0.0 0.0 0.0 0.0 0.0
2 10 	 # Alloc Shape
0 1 0 0 0 1 0 1 1 0
1 0 1 1 1 0 1 0 0 1

2 10 	 # U Shape
20.069411312312813 50.81362217442616 88.25001639840588 49.11727342759622 95.41227305606255 64.36514862833917 5.859880017805564 23.740708112108923 60.729484571171476 51.53597444844063
75.87734480095168 23.496117804708337 77.71437499400726 77.06168427008873 43.584816639713466 70.3954723101276 95.77244694951817 79.46375870867021 10.922041808660655 81.9411678218866
2 5 	 # V Shape
0.0 0.0 0.0 0.0 0.0
0.0 0.0 0.0 0.0 0.0
2 10 	 # Alloc Shape
0 1 1 0 1 1 0 0 1 0
1 0 0 1 0 0 1 1 0 1

2 10 	 # U Shape
7.16888443915491 48.69531320658139 20.318946760490263 12.944777257538798 29.03058367102247 42.05056852823201 6.524280086462342 27.9032584767834 66.1247845828568 14.136159633905532
71.29104919064413 22.06729747672932 60.515121311127885 33.392154701138466 98.46889323692535 43.70977398727055 34.43764407078702 27.194931792264043 35.27696015815847 4.638430953523043
2 5 	 # V Shape
0.0 0.0 0.0 0.0 0.0
0.0 0.0 0.0 0.0 0.0
2 10 	 # Alloc Shape
0 1 0 0 0 1 0 1 1 1
1 0 1 1 1 0 1 0 0 0

2 10 	 # U Shape
57.44293231689495 5.935511975094299 78.42416618915637 36.982688835052556 69.87867634920802 98.50152274624763 79.4244913511597 2.5396092650194824 1.084474325417173 0.22690198050676624
29.21005452564077 77.79608346761091 70.22235820264277 33.85762854115952 21.168576739457567 51.276332583429365 71.48059326047405 2.933047462391103 37.27720485928471 26.227519572291257
2 5 	 # V Shape
0.0 0.0 0.0 0.0 0.0
0.0 0.0 0.0 0.0 0.0
2 10 	 # Alloc Shape
1 0 1 0 1 1 0 0 0 0
0 1 0 1 0 0 1 1 1 1

2 10 	 # U Shape
53.18535519727353 93.91573563797455 99.3590564784913 66.62755747242525 55.971845926061825 78.37995038866657 31.20672115953962 86.9065913884452 66.20365694074111 97.69342403193983
6.2948984437332545 19.34531424111071 70.07664618641016 94.17172845208111 55.48011051484435 45.89148897055439 20.12924633517431 99.58931377038652 36.78106032600512 91.77846520753015
2 5 	 # V Shape
0.0 0.0 0.0 0.0 0.0
0.0 0.0 0.0 0.0 0.0
2 10 	 # Alloc Shape
1 1 1 0 0 1 1 0 1 0
0 0 0 1 1 0 0 1 0 1

2 10 	 # U Shape
5.5229674645088656 57.05383437319617 78.30721193703005 99.63537390679743 1.7343126983874857 26.538187735693384 63.391111861298754 65.40053050008382 66.92578341854767 18.373969673160673
88.31859007451673 51.51280744228997 14.180646104346916 73.25044289825718 29.961579387799475 97.94717920739294 89.72132944264094 84.98237043851255 97.31141685531252 52.61104530522198
2 5 	 # V Shape
0.0 0.0 0.0 0.0 0.0
0.0 0.0 0.0 0.0 0.0
2 10 	 # Alloc Shape
0 1 1 1 0 0 0 1 0 0
1 0 0 0 1 1 1 0 1 1

2 10 	 # U Shape
19.377689816241737 49.99374527032534 16.241392139098785 69.38571653580779 39.723058936201205 16.289140392961244 93.43512524965615 90.91107122135924 78.2225100164183 58.9808986558085
31.667436382765146 54.18710573978661 86.69728832311132 44.48502216903106 8.875014200356347 3.491406705909128 65.68214985186425 97.54629128679862 10.589202663206054 16.291625774642903
2 5 	 # V Shape
0.0 0.0 0.0 0.0 0.0
0.0 0.0 0.0 0.0 0.0
2 10 	 # Alloc Shape
0 0 0 1 1 1 1 0 1 1
1 1 1 0 0 0 0 1 0 0

2 10 	 # U Shape
75.16318919626816 92.63977611806433 57.721937729441855 44.45622069886797 11.84305364666509 0.3392119753210632 42.989727068529604 44.562152349764574 22.54006325494674 31.591948653799218
25.67577950321599 25.453560016003095 92.17263391735156 75.36616467376828 35.50119319368046 47.91015628030091 90.27305112832352 76.35586190387575 18.758825575304115 33.74580722864429
2 5 	 # V Shape
0.0 0.0 0.0 0.0 0.0
0.0 0.0 0.0 0.0 0.0
2 10 	 # Alloc Shape
1 1 0 0 0 0 0 0 1 1
0 0 1 1 1 1 1 1 0 0

2 10 	 # U Shape
38.47907864918074 21.755713257832067 41.80323642384345 92.33657341556504 18.621149232029598 1.342364778247107 28.15469207268948 80.97198904724007 74.36556633719495 87.88995504900707
72.72380511145403 62.353277286365284 83.14398086169092 62.212895668794346 80.60396190739498 30.26844973337608 85.8312314233369 16.731151966900836 33.63558845106374 25.153161820736425
2 5 	 # V Shape
0.0 0.0 0.0 0.0 0.0
0.0 0.0 0.0 0.0 0.0
2 10 	 # Alloc Shape
0 0 0 1 0 0 0 1 1 1
1 1 1 0 1 1 1 0 0 0

2 10 	 # U Shape
73.97672749159409 1.0890909522523917 65.74676777099639 61.36875926278142 43.474391359550864 84.8700705900511 53.33639316338004 96.70145392209581 40.717927241375094 52.24381236816471
6.735827556768936 91.2326430496139 91.82013378973745 93.88849921242716 54.908650804684164 46.81106050264714 86.96358174378072 98.09946801858267 74.91782709821655 57.701066055163565
2 5 	 # V Shape
0.0 0.0 0.0 0.0 0.0
0.0 0.0 0.0 0.0 0.0
2 10 	 # Alloc Shape
1 0 0 0 1 1 0 1 0 1
0 1 1 1 0 0 1 0 1 0

2 10 	 # U Shape
54.389957485929884 64.79874905562365 49.820892327941145 55.905297606228054 5.346884668168029 78.96372482373391 52.920689333117025 27.397213631042426 2.030277302544581 18.41394114594115
33.01480791694325 98.89070378343887 89.9783681760552 56.53246584426693 70.76454506549138 36.338873608943565 20.153045930104707 74.96183566095993 26.444104700912497 67.42259418398227
2 5 	 # V Shape
0.0 0.0 0.0 0.0 0.0
0.0 0.0 0.0 0.0 0.0
2 10 	 # Alloc Shape
1 0 0 1 0 1 1 0 0 0
0 1 1 0 1 0 0 1 1 1

2 10 	 # U Shape
61.373576673568465 49.256251939079476 39.01537022757942 78.64787142331076 7.0659396265218 26.985036311047107 55.0972867950663 70.24776013412988 50.619773649345454 16.355751453480693
47.297429811219274 32.99071851596427 27.83037801741014 64.5687819916957 45.2377534168417 21.575867159167384 65.79124460650021 12.954168815543976 84.39164631971947 8.671217185003055
2 5 	 # V Shape
0.0 0.0 0.0 0.0 0.0
0.0 0.0 0.0 0.0 0.0
2 10 	 # Alloc Shape
1 1 1 0 0 1 0 1 0 1
0 0 0 1 1 0 1 0 1 0

2 10 	 # U Shape
0.8849898936260869 90.57841488055146 24.524862385794655 97.15877319119964 26.27736804998492 77.70402747102845 65.65242488306049 52.84852136062448 18.581485402229525 82.42536596595306
95.54458372087255 15.90267262839623 19.113372119268767 42.46030975633474 4.942317267934371 4.736407775805307 10.03933559741138 14.8547004864091 8.559375207975018 20.048648297828265
2 5 	 # V Shape
0.0 0.0 0.0 0.0 0.0
0.0 0.0 0.0 0.0 0.0
2 10 	 # Alloc Shape
0 1 0 0 1 1 1 1 0 1
1 0 1 1 0 0 0 0 1 0

2 10 	 # U Shape
41.36269131120688 35.19886412452294 77.99360113989157 43.70071748197876 81.9358467518517 0.9406812625449512 53.27024186084795 63.98490954260115 32.57324041805764 85.34213204353883
67.88630404199507 17.371164319727438 33.53712600081364 12.689939256575089 57.98735177443395 86.22107475596431 99.11988496391825 55.27702746550725 4.320273618352122 81.23342963358759
2 5 	 # V Shape
0.0 0.0 0.0 0.0 0.0
0.0 0.0 0.0 0.0 0.0
2 10 	 # Alloc Shape
0 1 1 1 1 0 0 1 1 0
1 0 0 0 0 1 1 0 0 1

2 10 	 # U Shape
5.818161199355021 94.54653140092296 56.454900034452514 31.377544356494823 88.98483489758901 21.730413117308135 90.27714132980103 23.669542165835765 18.955369114172694 34.971868259659
31.35894648177554 35.438430071621774 76.59429761824515 72.88892664054598 68.64864937330249 45.902985856430554 50.43627768955194 60.248868962558134 4.755658847709454 62.43812239248974
2 5 	 # V Shape
0.0 0.0 0.0 0.0 0.0
0.0 0.0 0.0 0.0 0.0
2 10 	 # Alloc Shape
0 1 0 0 1 0 1 0 1 0
1 0 1 1 0 1 0 1 0 1

2 10 	 # U Shape
45.814828292811136 27.24082086472911 89.18185928452237 68.80417300418054 98.09742862124754 45.87686355968695 89.21192752561767 44.96693736012606 85.48674608930824 64.99230764988503
8.914519817649024 97.42340082767662 53.38487366766448 63.625170507289155 61.15858045680821 12.115233025304695 51.13483003926093 35.59768338190701 45.55312177715937 65.9290061245778
2 5 	 # V Shape
0.0 0.0 0.0 0.0 0.0
0.0 0.0 0.0 0.0 0.0
2 10 	 # Alloc Shape
1 0 1 0 1 1 1 0 1 0
0 1 0 1 0 0 0 1 0 1

2 10 	 # U Shape
25.522704036119492 53.43326342043001 22.971192633100436 77.1937872835554 47.78238013757286 57.617477523927526 56.00443043446207 36.239152439432665 44.02414915187948 44.396773449968386
24.29694031521269 93.21179241793749 74.9862043110935 86.15156210253515 0.02734266745958447 51.09176556349699 77.32697225620628 4.579321708009976 99.31324883531597 6.772954439271461
2 5 	 # V Shape
0.0 0.0 0.0 0.0 0.0
0.0 0.0 0.0 0.0 0.0
2 10 	 # Alloc Shape
1 0 0 1 1 1 0 1 0 1
0 1 1 0 0 0 1 0 1 0

2 10 	 # U Shape
10.688499943755957 67.7375946733831 86.07290516094969 43.75167250893841 0.3296943997985302 86.12626995690302 23.1726978229573 44.14071587046976 24.249807700014436 5.682990731532356
53.25588391819078 7.60796574757221 9.838560457460165 86.65831232694369 9.732051135476627 55.784487890331356 3.7977209419459035 71.33486577863955 8.054922885483773 24.05284061606514
2 5 	 # V Shape
0.0 0.0 0.0 0.0 0.0
0.0 0.0 0.0 0.0 0.0
2 10 	 # Alloc Shape
0 1 1 0 0 1 1 0 1 0
1 0 0 1 1 0 0 1 0 1

2 10 	 # U Shape
11.778618382479866 73.58227225968463 87.76069757990722 9.183076676125857 60.44470572474059 89.64823991250796 79.2924127506039 98.15351920001237 87.44248918925419 22.077736539283155
29.74356844772569 90.13896719746953 48.308357997175264 40.186821004331904 70.81655367485341 31.8443348770051 44.52702358499905 44.241686888196995 16.40686570906702 6.275002592132195
2 5 	 # V Shape
0.0 0.0 0.0 0.0 0.0
0.0 0.0 0.0 0.0 0.0
2 10 	 # Alloc Shape
0 0 1 0 0 1 1 1 1 1
1 1 0 1 1 0 0 0 0 0

2 10 	 # U Shape
59.507894604488385 5.84024516252396 61.124875849171545 4.875127944585067 56.27476663978399 26.620022902308584 86.15080754745614 24.041033874249283 78.95040680760236 91.5963173420109
45.98645121101076 71.60962936001519 75.59937233842072 37.03688552825152 69.27608868779818 85.88182185276226 54.95547890714592 4.386863719528522 63.68252068254145 97.9271984396945
2 5 	 # V Shape
0.0 0.0 0.0 0.0 0.0
0.0 0.0 0.0 0.0 0.0
2 10 	 # Alloc Shape
1 0 0 0 0 0 1 1 1 1
0 1 1 1 1 1 0 0 0 0

2 10 	 # U Shape
35.65043704556232 88.72542452859055 17.075038536202747 15.137544654013613 60.30505611785056 81.77427654236438 59.74607914090539 35.81479321259403 7.627780545228557 35.41166533645583
7.602814647337752 77.62887162132071 53.45440354660662 14.341311323845696 44.36998994855561 78.78635390843137 58.49225438880937 67.11527001095673 98.26390667215536 27.673293072769724
2 5 	 # V Shape
0.0 0.0 0.0 0.0 0.0
0.0 0.0 0.0 0.0 0.0
2 10 	 # Alloc Shape
1 1 0 0 1 1 0 0 0 1
0 0 1 1 0 0 1 1 1 0

2 10 	 # U Shape
46.46277278403201 8.752074191367665 85.46930292034037 2.2770779845259437 58.40990737115723 28.050175457401494 68.69190059181186 98.09205056841841 33.299564214047805 77.94303578945068
10.485171110895442 41.10920532844013 13.965197006300867 85.65358169677101 84.31696666964093 66.23608102945309 88.95539806717817 65.39035744899716 88.89465311848585 48.77182653207157
2 5 	 # V Shape
0.0 0.0 0.0 0.0 0.0
0.0 0.0 0.0 0.0 0.0
2 10 	 # Alloc Shape
1 0 1 0 0 0 0 1 0 1
0 1 0 1 1 1 1 0 1 0

2 10 	 # U Shape
1.140797599229293 8.184250431205854 90.42079612866118 89.79491942667515 86.9373724494945 35.383884635632015 47.54988589174608 46.942316747321186 18.87409583134234 91.48221048400892
65.59195021254881 18.97196903434769 76.02151618545422 44.83594846888537 71.31453192939813 87.9632358051081 34.93184807385423 75.90567490943513 41.898863180099056 54.8792375495095
2 5 	 # V Shape
0.0 0.0 0.0 0.0 0.0
0.0 0.0 0.0 0.0 0.0
2 10 	 # Alloc Shape
0 0 1 1 1 0 1 0 0 1
1 1 0 0 0 1 0 1 1 0

2 10 	 # U Shape
94.31414378094401 0.5506678106133034 47.89210192309277 68.39374514393498 58.6392419398405 97.9320803088292 77.42451562791469 27.299922113324303 46.61990548081975 33.79281819239063
58.43396420706164 60.490750273238845 12.847778710502523 52.33119668492488 28.81037484089838 58.161988878890526 34.991830255913136 38.73961954125227 4.134237914114458 53.3454565211224
2 5 	 # V Shape
0.0 0.0 0.0 0.0 0.0
0.0 0.0 0.0 0.0 0.0
2 10 	 # Alloc Shape
1 0 1 0 1 1 1 0 1 0
0 1 0 1 0 0 0 1 0 1

2 10 	 # U Shape
72.55706215180251 40.886837478074334 66.7936042739548 57.50723434624986 43.01264176137959 43.27040969831479 86.73965027623451 64.09521105018594 6.383548910142467 3.821707096749305
76.67465376028329 92.06313680584397 45.193134535064615 90.41152390879044 53.135893072970475 18.08968890888405 7.759949825709445 33.62785089645938 42.915354550073815 78.77147111151467
2 5 	 # V Shape
0.0 0.0 0.0 0.0 0.0
0.0 0.0 0.0 0.0 0.0
2 10 	 # Alloc Shape
1 0 1 0 0 1 1 1 0 0
0 1 0 1 1 0 0 0 1 1

2 10 	 # U Shape
49.090023356850686 78.53504712665563 25.545706888367604 64.5027612167402 7.713537975538909 24.371284536844616 91.21843839404924 58.93141629367916 2.089696259412832 71.76006842452644
23.873725076319584 75.51118305082409 64.04628274696222 74.71556257088177 88.72321619966998 21.06118637387987 59.270437052466406 19.598516756004024 27.4664679793896 74.05102757049
2 5 	 # V Shape
0.0 0.0 0.0 0.0 0.0
0.0 0.0 0.0 0.0 0.0
2 10 	 # Alloc Shape
1 1 0 0 0 1 1 1 0 0
0 0 1 1 1 0 0 0 1 1

2 10 	 # U Shape
84.37382137843925 16.252117653190247 54.44399140228525 59.2440446814913 58.947750622663555 81.73068237603059 49.74719160827309 50.62632441244171 14.057034910320843 19.871226834319465
78.11152214396519 96.82057600317295 44.195974139007156 92.35114141139802 68.40105690309022 5.712647675011273 50.38227476097207 51.2578972975671 36.14730156912771 77.99157348697229
2 5 	 # V Shape
0.0 0.0 0.0 0.0 0.0
0.0 0.0 0.0 0.0 0.0
2 10 	 # Alloc Shape
1 0 1 0 0 1 1 1 0 0
0 1 0 1 1 0 0 0 1 1

2 10 	 # U Shape
80.62815238930422 88.52312785667702 74.86478241806307 70.6775583833451 41.74099947449509 90.8456501349412 89.13657098249219 91.31410212815683 38.681543769469705 1.0430346715941008
50.83412044386974 6.0795891348656035 27.819843506888486 68.08296166132753 95.03436558214108 84.6257809323161 16.956089966157727 75.59600828802733 4.869574881291728 29.904418377732544
2 5 	 # V Shape
0.0 0.0 0.0 0.0 0.0
0.0 0.0 0.0 0.0 0.0
2 10 	 # Alloc Shape
1 1 1 0 0 0 1 0 1 0
0 0 0 1 1 1 0 1 0 1

2 10 	 # U Shape
24.44877520503619 71.9506952807687 89.92733506518391 39.180930775859956 36.678949393520845 91.52671930752474 92.24212878304331 82.7309503155579 76.78513758413371 60.647959944418176
82.97153966545707 70.63031663342812 57.38526398425024 5.6825382502037725 4.259270732970899 63.57218335430572 23.99937024851717 8.991265875875031 17.923856683358853 3.1810306046104797
2 5 	 # V Shape
0.0 0.0 0.0 0.0 0.0
0.0 0.0 0.0 0.0 0.0
2 10 	 # Alloc Shape
0 0 0 1 1 0 1 1 1 1
1 1 1 0 0 1 0 0 0 0

2 10 	 # U Shape
89.13423748283714 52.395037942679735 11.306593040741564 93.22781059213612 30.646285012083187 2.86511442727988 15.312441933031607 18.278298816353022 12.16334362737561 16.563768369995348
9.104223576422655 52.1943539338748 84.18312670837649 34.22337026964669 74.13582080113174 78.77380778959267 85.99291160337029 17.85936295973657 37.672864054687004 62.83701235338209
2 5 	 # V Shape
0.0 0.0 0.0 0.0 0.0
0.0 0.0 0.0 0.0 0.0
2 10 	 # Alloc Shape
1 1 0 1 0 0 0 1 0 0
0 0 1 0 1 1 1 0 1 1

2 10 	 # U Shape
62.71367107544774 14.293155830449056 49.76616544670638 68.28014158128303 61.874821073570004 58.56440969187295 45.08275979043188 34.84376155424227 69.64300910504004 18.444384757938835
48.64466025728724 8.811713378279828 52.460437992739436 69.59947545240931 40.030357914293056 51.52491033336277 23.057787795632333 20.528640917190945 62.326446373351786 38.99520410925981
2 5 	 # V Shape
0.0 0.0 0.0 0.0 0.0
0.0 0.0 0.0 0.0 0.0
2 10 	 # Alloc Shape
1 1 0 0 1 1 1 1 0 0
0 0 1 1 0 0 0 0 1 1

2 10 	 # U Shape
38.94217009413021 22.505198698031148 0.4766093259711557 81.0381041579353 99.72392224599757 55.22454922537686 34.324861472995416 78.47270288398187 87.2790367952563 51.94430863961353
64.98249460482991 22.479817502715317 92.75119136647302 96.61314262669904 35.581552210832236 54.97719479794563 36.08874308544648 84.32004938440998 72.47352764168643 10.339357947763395
2 5 	 # V Shape
0.0 0.0 0.0 0.0 0.0
0.0 0.0 0.0 0.0 0.0
2 10 	 # Alloc Shape
0 1 0 0 1 1 1 0 1 1
1 0 1 1 0 0 0 1 0 0

2 10 	 # U Shape
7.77671651773958 85.03283633445167 9.028353003791755 16.710175389498726 87.96144410891337 3.5334004923953777 15.225055768757178 30.594316147518107 61.677255797792085 31.408987957814848
49.86135819792763 15.162251440329133 94.87194845036585 44.401330562145944 71.84446245548864 21.88991726055941 93.29350725237124 71.79455923730707 66.79290719476771 33.09000003179662
2 5 	 # V Shape
0.0 0.0 0.0 0.0 0.0
0.0 0.0 0.0 0.0 0.0
2 10 	 # Alloc Shape
0 1 0 0 1 0 0 0 1 1
1 0 1 1 0 1 1 1 0 0

2 10 	 # U Shape
44.72170748681048 26.957508875371182 85.57859538351744 24.56703350000382 67.08662543684535 16.344265512161193 39.426447066455275 69.8024045203139 91.57307856644728 39.55582707810672
4.191309617654005 20.16154845561442 3.9947295619653045 44.12455496849977 15.167010162356986 42.486541565583494 31.55259146210466 16.07779748654479 4.905309104756228 19.703971844583723
2 5 	 # V Shape
0.0 0.0 0.0 0.0 0.0
0.0 0.0 0.0 0.0 0.0
2 10 	 # Alloc Shape
1 0 1 0 1 0 0 1 1 0
0 1 0 1 0 1 1 0 0 1

2 10 	 # U Shape
59.31919988691791 31.25712495638846 85.87832966480052 64.81389271325459 11.299082156765428 3.4359794570063773 78.07360764231122 49.97293150512356 17.40230616620232 58.603122949521634
42.944369270081296 31.42620613173873 53.92173796053042 86.84576750012249 45.06421783729597 21.853012031617148 34.9264902738069 37.75566523881769 32.57297092074225 62.993810871384646
2 5 	 # V Shape
0.0 0.0 0.0 0.0 0.0
0.0 0.0 0.0 0.0 0.0
2 10 	 # Alloc Shape
1 0 1 0 0 0 1 1 0 0
0 1 0 1 1 1 0 0 1 1

2 10 	 # U Shape
49.88465685541693 51.89964492384382 26.728636269683548 20.337329325631426 79.25852477271525 17.660746342969592 66.99782893573139 89.35101153914631 6.795053829275122 98.43142204149262
91.02897469353735 91.16035384722909 40.578339073162 6.802200037307038 71.25208879636197 57.59433172348584 74.73242468798823 24.474589023885052 7.385446417005959 52.81887101015881
2 5 	 # V Shape
0.0 0.0 0.0 0.0 0.0
0.0 0.0 0.0 0.0 0.0
2 10 	 # Alloc Shape
0 0 0 1 1 0 0 1 1 1
1 1 1 0 0 1 1 0 0 0

2 10 	 # U Shape
28.40383965669695 64.21777044890571 2.0947668774251804 56.75271225522715 80.9540461234365 85.43539928745619 59.01142778977246 32.33447568918536 15.0755980494224 14.520375933669616
47.55357403567555 61.27558834436855 37.6284255432451 98.47264012712714 96.74265298726546 36.93110438450411 7.920978724003169 57.76553645578198 54.23175937909329 96.22731438854106
2 5 	 # V Shape
0.0 0.0 0.0 0.0 0.0
0.0 0.0 0.0 0.0 0.0
2 10 	 # Alloc Shape
0 1 0 0 1 1 1 0 0 0
1 0 1 1 0 0 0 1 1 1

2 10 	 # U Shape
54.40359196984812 71.38482382821971 54.117393225214286 63.74630527683161 98.86911560540885 49.89155652955268 91.98025115759188 89.54244042201981 81.35776541522618 68.4919195431647
74.1119639338668 37.69765426330024 6.745387722697272 17.650967932200977 56.22389831655583 26.416938274385704 36.91991006361359 47.55968955820844 30.27922335148131 25.487221526930504
2 5 	 # V Shape
0.0 0.0 0.0 0.0 0.0
0.0 0.0 0.0 0.0 0.0
2 10 	 # Alloc Shape
0 0 1 1 0 1 1 0 1 1
1 1 0 0 1 0 0 1 0 0

2 10 	 # U Shape
12.463952728640793 53.054693796499286 13.777684648960387 11.356723883269936 26.17504630705032 45.31414284361718 83.22675731636728 60.21824931243914 27.40182261072285 73.62035217625895
48.99272912536689 42.12506265170426 9.212836650657852 61.7197148964128 82.86741335592293 34.00432105985276 18.301860259652834 56.30471675711443 0.5794082017914204 60.77920556333901
2 5 	 # V Shape
0.0 0.0 0.0 0.0 0.0
0.0 0.0 0.0 0.0 0.0
2 10 	 # Alloc Shape
0 1 1 0 0 1 1 0 1 1
1 0 0 1 1 0 0 1 0 0

2 10 	 # U Shape
93.84910109383486 46.83309200695667 54.86807619365207 65.64567858910492 78.8108027295043 45.86151018985816 49.026900142171904 0.5044429843889531 40.28423209203487 71.65746815804339
43.377278773560654 74.02030835901581 92.36926897201367 32.12003390492866 23.26610529500279 88.91937207083413 84.51063563466776 27.472085228495423 3.27941061282927 90.032289658032
2 5 	 # V Shape
0.0 0.0 0.0 0.0 0.0
0.0 0.0 0.0 0.0 0.0
2 10 	 # Alloc Shape
1 0 0 1 1 0 0 0 1 1
0 1 1 0 0 1 1 1 0 0

2 10 	 # U Shape
5.843799862638899 81.18056740936503 40.24298565848782 45.05214733097803 72.94539925915787 46.30205561691885 15.143637880422023 37.93542113951618 51.051899201045714 58.965574476180564
68.88480625887729 17.852617572604302 43.242919404128656 56.37204707822415 42.44387199070867 24.086577658074848 13.532437676071197 51.893575837153996 47.57062097084499 2.283553036602237
2 5 	 # V Shape
0.0 0.0 0.0 0.0 0.0
0.0 0.0 0.0 0.0 0.0
2 10 	 # Alloc Shape
0 1 0 0 1 1 1 0 0 1
1 0 1 1 0 0 0 1 1 0

2 10 	 # U Shape
9.324019166908194 90.64561807136066 12.34104800425695 51.18759147219163 91.33531743945768 6.194565345170511 27.87508064310905 14.79076844545595 11.890581997732685 86.31348816571078
69.2246467481485 24.768701389852144 75.42471838565528 50.51305787495583 96.2442713213671 45.87012552465123 67.20495085072294 45.017009069034074 80.750784516883 94.62390041930058
2 5 	 # V Shape
0.0 0.0 0.0 0.0 0.0
0.0 0.0 0.0 0.0 0.0
2 10 	 # Alloc Shape
0 1 0 1 1 0 0 0 0 1
1 0 1 0 0 1 1 1 1 0

2 10 	 # U Shape
12.216449477704206 95.68328012640158 76.05185230713103 27.095583968855586 96.7946014124015 47.03088983814078 2.6844021750595193 8.496548056494158 2.673519022677362 61.286505300293484
15.739338071192865 67.54123981972619 50.79201376976127 76.97122919105398 37.84319144999058 81.7716475152834 44.77588940743965 61.73916170574473 62.36389059453952 73.03382457035778
2 5 	 # V Shape
0.0 0.0 0.0 0.0 0.0
0.0 0.0 0.0 0.0 0.0
2 10 	 # Alloc Shape
0 1 1 0 1 0 0 0 0 1
1 0 0 1 0 1 1 1 1 0

2 10 	 # U Shape
40.02213823912237 78.60901581581565 27.533668879506557 73.313707190817 29.14536515201558 45.631681017647374 90.21727714525173 79.60201694893992 24.998792534435545 39.96736158021763
25.038903025317317 47.445199371065364 54.49438841368477 88.76188966690626 2.78598891096834 84.58713131815688 59.27559729993149 41.78051328692476 78.86300973572976 59.50424317635464
2 5 	 # V Shape
0.0 0.0 0.0 0.0 0.0
0.0 0.0 0.0 0.0 0.0
2 10 	 # Alloc Shape
1 1 0 0 1 0 1 1 0 0
0 0 1 1 0 1 0 0 1 1

2 10 	 # U Shape
84.57125209894622 47.3320512925945 32.51488212726419 56.54757535727403 97.57392666553713 20.97819429195632 93.39864656054114 1.9780141244786997 85.63870519706191 56.47218274204106
30.117089913486737 22.24252376774164 9.393270999627878 77.84338777349737 59.73217784604731 75.0415865811903 8.754498154933044 34.53301403743232 73.81333080367153 49.88855766083804
2 5 	 # V Shape
0.0 0.0 0.0 0.0 0.0
0.0 0.0 0.0 0.0 0.0
2 10 	 # Alloc Shape
1 1 1 0 1 0 1 0 0 0
0 0 0 1 0 1 0 1 1 1

2 10 	 # U Shape
35.05107884739724 34.445066904991265 41.813139098207884 14.416993913112652 60.13674468750173 60.37040223128146 2.4632441032779617 80.96616505353002 29.084286103485468 12.24412858030397
37.09594016148174 87.92502508898419 75.37800791156099 74.63907194176805 69.0640505286635 26.204100891709782 89.6835252813109 32.1395406067335 64.16410471902819 34.681511695678715
2 5 	 # V Shape
0.0 0.0 0.0 0.0 0.0
0.0 0.0 0.0 0.0 0.0
2 10 	 # Alloc Shape
1 0 0 0 1 1 0 1 0 0
0 1 1 1 0 0 1 0 1 1

2 10 	 # U Shape
33.590351230754756 56.59464594764951 62.39702254378091 87.35795510229096 93.3654477026588 94.67354206252341 44.15996295092876 51.0157675743846 53.550027990997215 20.87137327040599
74.44394172333618 90.07526100059194 78.59984980835188 15.856207127956745 80.05112996181917 11.048286879189684 25.04727555481572 90.88958720777545 41.37152045301151 27.7285944163807
2 5 	 # V Shape
0.0 0.0 0.0 0.0 0.0
0.0 0.0 0.0 0.0 0.0
2 10 	 # Alloc Shape
0 0 0 1 1 1 1 0 1 0
1 1 1 0 0 0 0 1 0 1

2 10 	 # U Shape
45.74009385789973 61.289727109872295 97.27811506660626 32.64322310653493 96.11320546564124 40.03821606558071 5.344558664159493 95.88101850999597 65.31663456216738 66.18005441915412
82.31399469339141 31.416361981942543 10.689710250634876 14.50888521265835 93.02155088908036 92.85200286781242 82.01807636294016 23.943810819264833 94.0196567103774 33.5919768409504
2 5 	 # V Shape
0.0 0.0 0.0 0.0 0.0
0.0 0.0 0.0 0.0 0.0
2 10 	 # Alloc Shape
0 1 1 1 1 0 0 1 0 1
1 0 0 0 0 1 1 0 1 0

2 10 	 # U Shape
27.62701407526992 64.2367379835589 78.89094800869816 55.15815676022575 34.50573901920877 31.91983860117036 39.28905256058576 28.463269244995036 83.16337990645381 79.8398665601434
97.91333795153805 39.758825907980885 82.13234653873137 46.304248201093934 89.51369184581795 42.440647776766006 63.80896857877322 4.904434781896061 42.91627114397939 50.9921236357666
2 5 	 # V Shape
0.0 0.0 0.0 0.0 0.0
0.0 0.0 0.0 0.0 0.0
2 10 	 # Alloc Shape
0 1 0 1 0 0 0 1 1 1
1 0 1 0 1 1 1 0 0 0

2 10 	 # U Shape
17.590904164133512 85.04601788650838 2.2183121978716636 56.22652624024671 59.732630039277204 1.3699676154013463 11.763306038018207 32.762908635318446 41.772195337581074 88.91636309171393
41.81665781591411 34.05820073429867 91.98807201359939 11.414169385366534 30.42844886091476 48.33950503076241 26.94698569801358 68.26673368685088 96.82937461431762 38.42298100593353
2 5 	 # V Shape
0.0 0.0 0.0 0.0 0.0
0.0 0.0 0.0 0.0 0.0
2 10 	 # Alloc Shape
0 1 0 1 1 0 0 0 0 1
1 0 1 0 0 1 1 1 1 0

2 10 	 # U Shape
0.4902851525860674 41.2665959694691 44.833782599239456 83.58128956114615 65.95725069129803 23.466717142255966 48.865071057438705 58.453055300064946 41.32719379311265 93.32486389488662
64.90466411142613 80.71721009136758 14.345721367717445 10.018224370366468 96.09760987259041 85.19214333321685 39.6285328923445 25.349083016811125 93.16401092591275 39.12990018255802
2 5 	 # V Shape
0.0 0.0 0.0 0.0 0.0
0.0 0.0 0.0 0.0 0.0
2 10 	 # Alloc Shape
0 0 1 1 0 0 1 1 0 1
1 1 0 0 1 1 0 0 1 0

2 10 	 # U Shape
19.338005305301355 88.97489620856942 52.12601589988822 40.26405916633651 70.14048154753442 15.065602185514281 11.84731502515377 14.036889243998129 70.27108212783193 46.31007778212163
4.148859260320648 89.95718746196563 0.42297757833600347 55.87302925823333 19.903840938601135 69.70862615506216 95.60586395118735 5.179818847914708 64.37375889051515 24.951946475247546
2 5 	 # V Shape
0.0 0.0 0.0 0.0 0.0
0.0 0.0 0.0 0.0 0.0
2 10 	 # Alloc Shape
1 0 1 0 1 0 0 1 1 1
0 1 0 1 0 1 1 0 0 0

2 10 	 # U Shape
52.75827101858563 97.19047354565194 63.69926879433272 18.815004279218673 96.29638914521256 43.320796991898845 50.45400378442921 57.71252954744482 53.70780684712605 18.67103009573704
78.26413438653651 84.32356451925229 32.28507470744844 23.744431941102185 83.42109520422245 52.761663662374566 96.01346370034994 81.29625175526877 90.60478059499809 20.48663656313986
2 5 	 # V Shape
0.0 0.0 0.0 0.0 0.0
0.0 0.0 0.0 0.0 0.0
2 10 	 # Alloc Shape
0 1 1 0 1 1 0 0 0 1
1 0 0 1 0 0 1 1 1 0

2 10 	 # U Shape
46.52892523974794 56.35906082235122 42.19449656266847 32.21406315977653 82.7626970962796 95.62874012839502 66.80265781322365 37.24459437218043 83.2493420123941 32.3680740493815
3.5208795037025453 1.7543674166259682 90.39845458385317 26.996112813580286 51.105711676873476 37.666910868368696 15.199767471120351 24.246066468769854 95.39990814797869 89.15382914878234
2 5 	 # V Shape
0.0 0.0 0.0 0.0 0.0
0.0 0.0 0.0 0.0 0.0
2 10 	 # Alloc Shape
1 1 0 0 1 1 1 1 0 0
0 0 1 1 0 0 0 0 1 1

2 10 	 # U Shape
55.63588147587431 41.60699782507364 17.86029921183068 61.36669074585341 46.76792905389713 95.05115890243671 28.935456330033237 93.90369541871351 83.99894114956345 97.43703714953709
26.709786693625116 3.1182497612912363 97.59169613915792 59.0296865559458 44.182821784532244 16.67091284435711 10.347719789314747 90.10094810691243 40.15624954352959 63.76790158459623
2 5 	 # V Shape
0.0 0.0 0.0 0.0 0.0
0.0 0.0 0.0 0.0 0.0
2 10 	 # Alloc Shape
1 1 0 0 0 1 1 0 1 1
0 0 1 1 1 0 0 1 0 0

2 10 	 # U Shape
60.3407500442201 84.3445079076727 62.37338183907585 0.6216198359210057 63.40378003414236 15.964144469942587 30.14192427963308 97.19333229479489 9.666039643523694 11.505983198810855
88.29867027340514 65.53083499048171 10.778854263678884 64.3687363569182 15.01721880812551 0.26968968077059063 29.568380243670333 93.23609690565199 33.622255611855664 41.20223474368648
2 5 	 # V Shape
0.0 0.0 0.0 0.0 0.0
0.0 0.0 0.0 0.0 0.0
2 10 	 # Alloc Shape
0 1 1 0 1 1 0 1 0 0
1 0 0 1 0 0 1 0 1 1

2 10 	 # U Shape
75.41952601471091 20.344955154056233 17.588224373928508 30.739790099759723 86.48606215921984 28.4908888515778 27.241987814854763 14.218015721016497 78.38148602456624 25.730471896074324
86.22916090590404 91.52719495224473 19.822728610271422 43.495117947045856 83.97014037050138 5.353776476014582 56.56876277792699 39.0433271579723 21.94389310677152 21.304226442242435
2 5 	 # V Shape
0.0 0.0 0.0 0.0 0.0
0.0 0.0 0.0 0.0 0.0
2 10 	 # Alloc Shape
0 0 1 0 1 1 0 0 1 1
1 1 0 1 0 0 1 1 0 0

2 10 	 # U Shape
24.493116916724144 9.896996594945762 55.268445563669566 27.649366189085057 75.76116565312391 81.86958411793668 50.66905346248326 29.622988680178352 33.342498731361445 67.25573043574494
44.41079661332839 12.266191581578845 64.94168067985925 17.653786093823996 80.23642578524522 94.62840592493286 70.84320802367453 77.74425195184664 50.060833284779406 40.60045232319067
2 5 	 # V Shape
0.0 0.0 0.0 0.0 0.0
0.0 0.0 0.0 0.0 0.0
2 10 	 # Alloc Shape
0 0 0 1 1 1 0 0 0 1
1 1 1 0 0 0 1 1 1 0

2 10 	 # U Shape
34.89325638136431 30.364856496485228 65.67768334971198 20.214141959002074 28.93023290592819 25.861985768526818 15.127149301445876 24.60531064467153 95.82854086040965 26.769975697837268
98.31624426363265 70.68371468436928 36.00430087502704 6.518242437180877 94.49761129102707 87.27089750008982 14.067369364813887 28.185382561550654 43.833574011999445 49.08479921235113
2 5 	 # V Shape
0.0 0.0 0.0 0.0 0.0
0.0 0.0 0.0 0.0 0.0
2 10 	 # Alloc Shape
0 0 1 1 0 0 1 1 1 0
1 1 0 0 1 1 0 0 0 1

2 10 	 # U Shape
68.18813921478005 75.24602536594578 15.240693203033972 6.591159359409082 0.9866415250805338 10.22496700799077 55.75183503081731 81.7887864416707 22.458729588707836 66.54209904875994
76.49200295609603 57.23638702809994 56.19763225643991 36.29460348960516 24.890662207424484 26.85693214976139 81.43519200776794 88.69308820569944 88.98730133166003 53.67196155135431
2 5 	 # V Shape
0.0 0.0 0.0 0.0 0.0
0.0 0.0 0.0 0.0 0.0
2 10 	 # Alloc Shape
1 1 0 0 0 0 0 1 0 1
0 0 1 1 1 1 1 0 1 0

2 10 	 # U Shape
38.683813769769635 36.83196050382583 75.4250606100156 56.96733826758673 42.94326286520531 44.09058585968163 50.540928852480235 45.254617345438675 1.9523976044326652 70.08970711534656
26.31018476585013 48.656225864647155 95.0886141593849 15.91226261897919 58.27003937119153 75.59220056507043 42.264328861019465 85.05151689796519 37.428708783718825 71.72943125242321
2 5 	 # V Shape
0.0 0.0 0.0 0.0 0.0
0.0 0.0 0.0 0.0 0.0
2 10 	 # Alloc Shape
1 0 1 1 0 0 1 0 0 1
0 1 0 0 1 1 0 1 1 0

2 10 	 # U Shape
22.288442960880815 77.85259381687905 66.17424813772038 82.27506322646455 4.419990487965375 61.62645521308955 35.99453536640831 35.065954973360924 80.07981590221378 90.19301291689116
2.671725384762491 65.18172834954599 38.85084904560122 6.026135430490321 80.44773973757572 40.941797437755 17.731257726642124 57.753630499079 26.465320494506283 38.93953434486846
2 5 	 # V Shape
0.0 0.0 0.0 0.0 0.0
0.0 0.0 0.0 0.0 0.0
2 10 	 # Alloc Shape
1 0 1 1 0 0 1 0 1 1
0 1 0 0 1 1 0 1 0 0

2 10 	 # U Shape
76.77676950411056 59.06091940873603 65.96830819518956 60.19516262053348 53.074986995286245 52.72340435826459 38.4431759602989 41.847843325316326 96.567406095471 88.67835821591986
16.531061653313863 79.6108061142733 25.00426374125262 59.83913630554826 13.686518493631972 15.951076808492214 90.24703244612668 27.52901523562301 27.48625034329524 26.066055624510486
2 5 	 # V Shape
0.0 0.0 0.0 0.0 0.0
0.0 0.0 0.0 0.0 0.0
2 10 	 # Alloc Shape
1 0 1 0 1 1 0 0 1 1
0 1 0 1 0 0 1 1 0 0

