2 10 	 # U Shape
24.74935392952624 96.63270712336434 15.142228210831043 21.895969815570304 29.45065791350423 34.532969723824216 99.13350548775414 22.6584753119491 97.58937796242493 11.181192927145345
17.300408557125902 79.94742130853665 91.99716498921566 53.431320382351 9.6597721436257 11.76223133280877 26.507860557740738 71.84649282847568 17.04022130931724 98.28114590298321
2 5 	 # V Shape
0.0 0.0 0.0 0.0 0.0
0.0 0.0 0.0 0.0 0.0
2 10 	 # Alloc Shape
1 1 0 0 1 1 1 0 1 0
0 0 1 1 0 0 0 1 0 1

2 10 	 # U Shape
18.37651447387142 45.23435766434491 22.108777022869276 49.978794154292295 71.36225197214323 18.061159633139635 90.79763405197876 10.83477024445072 73.05155600196885 76.73161001573766
33.25531603475677 75.46175654990421 76.95666815211962 60.23400881912353 59.52032219843977 89.1725789384384 8.989741227829706 58.971161941932195 60.98601749060418 29.469374774981905
2 5 	 # V Shape
0.0 0.0 0.0 0.0 0.0
0.0 0.0 0.0 0.0 0.0
2 10 	 # Alloc Shape
0 0 0 0 1 0 1 0 1 1
1 1 1 1 0 1 0 1 0 0

2 10 	 # U Shape
93.500696830084 99.50503029569349 66.23180737805964 35.41302720760841 43.915701403233655 77.55158765326317 62.869061880210374 9.799092114564267 65.15860600727822 96.86160083513528
23.695196706301513 39.272374702011646 8.26652146717024 82.35508004604837 28.949630379187496 16.399808241071 16.31350503011425 27.796369277115407 0.7062522868663268 74.87555976570333
2 5 	 # V Shape
0.0 0.0 0.0 0.0 0.0
0.0 0.0 0.0 0.0 0.0
2 10 	 # Alloc Shape
1 1 1 0 0 1 1 0 1 0
0 0 0 1 1 0 0 1 0 1

2 10 	 # U Shape
37.98081761570704 47.68780040083739 13.01536970709083 27.219737646072815 94.58379717387389 47.43555266819119 15.242661730936845 55.214703517322725 62.0669205199192 84.90265900880529
42.85688244951663 95.80869515395113 19.56904000252556 51.6589293988249 40.15942087704071 27.88163745855844 60.40894955045737 7.96724169393287 49.51479078272803 47.407198550859356
2 5 	 # V Shape
0.0 0.0 0.0 0.0 0.0
0.0 0.0 0.0 0.0 0.0
2 10 	 # Alloc Shape
0 0 0 0 1 1 0 1 1 1
1 1 1 1 0 0 1 0 0 0

2 10 	 # U Shape
9.147924548450192 52.05341493580471 59.765240648602756 77.26413691329293 52.51120281554128 63.92751375510108 54.036689209035046 26.55824352378039 31.09784917360907 44.30711279584959
37.684684568187755 56.731837983441146 41.287517029972484 95.34019253511123 59.66790155943681 47.4086027042263 99.54995385290914 22.53937767754437 45.43218475802414 43.41976608271322
2 5 	 # V Shape
0.0 0.0 0.0 0.0 0.0
0.0 0.0 0.0 0.0 0.0
2 10 	 # Alloc Shape
0 1 1 0 0 1 0 1 0 1
1 0 0 1 1 0 1 0 1 0

2 10 	 # U Shape
51.99297524382928 96.60030147421982 61.05629462602431 63.482577029101726 55.25027768441883 51.60449356069093 84.01556338113794 10.50565714094155 0.7784874103525574 68.91801790725933
2.0380497727165325 96.02759711124496 43.49442250803969 15.84894280022774 71.31326578453681 94.24680567791833 64.61445922418268 80.82877576177879 81.74673361186602 12.139096729330333
2 5 	 # V Shape
0.0 0.0 0.0 0.0 0.0
0.0 0.0 0.0 0.0 0.0
2 10 	 # Alloc Shape
1 1 1 1 0 0 1 0 0 1
0 0 0 0 1 1 0 1 1 0

2 10 	 # U Shape
7.13300404398769 38.01113697089416 37.333329508232936 14.754168458585914 93.73316463012038 72.88271387695335 75.41516436855063 14.54041797685559 96.18148864261607 83.4854705934415
46.56533782530078 45.21380489272211 50.98890581809691 22.80892394112396 62.018312856824394 63.99330419241866 61.8864960876516 97.02113415647177 45.104794919448864 68.03007517418482
2 5 	 # V Shape
0.0 0.0 0.0 0.0 0.0
0.0 0.0 0.0 0.0 0.0
2 10 	 # Alloc Shape
0 0 0 0 1 0 1 0 1 1
1 1 1 1 0 1 0 1 0 0

2 10 	 # U Shape
97.43729598527916 42.23266328419537 33.2462540281946 83.03891886436551 96.25555535081773 6.125709448844452 99.27676452621196 73.26781917303676 18.41436693394617 11.18693145882581
7.5179599173402885 61.6994929838213 31.722596325378692 52.72816356960266 18.00785772571856 96.721129967827 57.448874960365806 83.71521111766238 33.369117337842965 90.73274560269708
2 5 	 # V Shape
0.0 0.0 0.0 0.0 0.0
0.0 0.0 0.0 0.0 0.0
2 10 	 # Alloc Shape
1 0 1 1 1 0 1 0 0 0
0 1 0 0 0 1 0 1 1 1

2 10 	 # U Shape
84.95385710926837 36.76638134814009 29.762472582356725 55.560920914250325 43.556726442329186 24.93584118221659 50.28103588292622 47.542161202637445 66.60121373762803 99.40554446469334
52.927931356406944 98.35752668542685 83.23080559092237 35.30543021975223 54.85925419891542 91.03356619413911 36.04854666489441 22.011354689304486 96.47247508826256 25.399223692980954
2 5 	 # V Shape
0.0 0.0 0.0 0.0 0.0
0.0 0.0 0.0 0.0 0.0
2 10 	 # Alloc Shape
1 0 0 1 0 0 1 1 0 1
0 1 1 0 1 1 0 0 1 0

2 10 	 # U Shape
21.5649836309144 69.24103771111861 6.912266757012942 94.39752753326349 38.025048334512476 52.67561425460602 72.57944600352184 12.040611896405295 77.82997733917692 53.05203247744528
6.902141857731026 50.6358866207801 43.04524482872495 84.8830577188711 93.03565134742465 89.5260818294871 18.628941607662806 67.65162358442996 78.43875714548497 55.351442007650334
2 5 	 # V Shape
0.0 0.0 0.0 0.0 0.0
0.0 0.0 0.0 0.0 0.0
2 10 	 # Alloc Shape
1 1 0 1 0 0 1 0 1 0
0 0 1 0 1 1 0 1 0 1

2 10 	 # U Shape
8.176320722855534 52.254608764752916 65.18194393535104 81.70383979382132 51.16098067691206 0.7739536436820682 39.40628422433282 76.34647822318956 4.695446960356575 97.38707780600917
54.72082086209588 19.705094753990128 90.91709403391611 21.96121369095273 89.16663687609959 17.350844503203433 84.4626529574592 17.888901245130906 39.640551067556785 60.44620155479442
2 5 	 # V Shape
0.0 0.0 0.0 0.0 0.0
0.0 0.0 0.0 0.0 0.0
2 10 	 # Alloc Shape
0 1 0 1 0 0 0 1 0 1
1 0 1 0 1 1 1 0 1 0

2 10 	 # U Shape
15.15851304183239 68.91811590707493 2.968104418016637 24.68318361273876 52.65487809358361 48.942999219272856 96.05465590115296 0.03243331705271579 96.68708221083413 51.54005031887087
74.47845192403247 68.75088839208765 99.16867868976443 31.357685877629837 8.86651817815265 93.42674289161131 61.250192064402306 11.83762146651529 34.65632343227113 78.44475305544417
2 5 	 # V Shape
0.0 0.0 0.0 0.0 0.0
0.0 0.0 0.0 0.0 0.0
2 10 	 # Alloc Shape
0 1 0 0 1 0 1 0 1 0
1 0 1 1 0 1 0 1 0 1

2 10 	 # U Shape
66.30668135293202 96.51768112616918 5.53326365151261 24.465630330847954 54.981982769041885 61.85446423655535 58.2170647949532 30.4495946105352 34.8570406309404 4.732142415196683
52.50788921526323 51.74585435572978 45.69154806926533 80.18815060750734 44.837446654754466 18.59526941937909 9.03773722479434 31.641080932833777 89.46079024733574 39.79086421332626
2 5 	 # V Shape
0.0 0.0 0.0 0.0 0.0
0.0 0.0 0.0 0.0 0.0
2 10 	 # Alloc Shape
1 1 0 0 1 1 1 0 0 0
0 0 1 1 0 0 0 1 1 1

2 10 	 # U Shape
6.116696305980518 73.23585669054313 10.081134105550882 61.352909355906604 4.17626957791496 55.55883682478613 39.009469734047165 74.57017733548696 89.85184717421004 49.781189203630774
68.25159349268242 8.38669993159301 26.711604808972677 22.317063486917366 90.07901085433714 2.4928813453840903 23.455132405804925 20.39777213432824 96.27620142731294 77.71709923600643
2 5 	 # V Shape
0.0 0.0 0.0 0.0 0.0
0.0 0.0 0.0 0.0 0.0
2 10 	 # Alloc Shape
0 1 0 1 0 1 1 1 0 0
1 0 1 0 1 0 0 0 1 1

2 10 	 # U Shape
52.25976657317888 45.87342771262959 53.814607957211905 14.336320060298547 55.064748719614144 94.04244378822378 62.66157769974473 72.89149130964977 26.11303096923754 87.20550984044843
12.74721868296641 0.6201122607390586 80.94218044160972 99.3460337906547 51.584584640454025 85.66404534300808 99.2426016260613 78.88142838299234 43.111256967781145 77.50082417712775
2 5 	 # V Shape
0.0 0.0 0.0 0.0 0.0
0.0 0.0 0.0 0.0 0.0
2 10 	 # Alloc Shape
1 1 0 0 1 1 0 0 0 1
0 0 1 1 0 0 1 1 1 0

2 10 	 # U Shape
72.21156837606716 5.8737085508797415 40.2871733451554 58.12903434433273 29.41532180266162 77.6510015265695 2.651912104129117 14.351335446848212 41.01967995806726 92.29526088323097
17.77337034070614 14.22945046607591 17.719105167725292 93.13089533798723 63.12113992801665 80.56808069836137 32.87661745147091 65.16199229432482 95.31304424550962 80.76279103504133
2 5 	 # V Shape
0.0 0.0 0.0 0.0 0.0
0.0 0.0 0.0 0.0 0.0
2 10 	 # Alloc Shape
1 0 1 0 0 1 0 0 0 1
0 1 0 1 1 0 1 1 1 0

2 10 	 # U Shape
33.06614311869902 2.506957385804842 83.48641058787548 49.28249309683594 59.763570219666896 17.82147655314308 64.22160175052821 25.907373568069435 3.981582352852786 0.6749864620427037
41.393975779112566 31.205434622717053 22.05693452283384 94.77070231850287 29.402811000352756 14.169309799849817 74.97468276702031 71.49860987206765 67.4814311381064 67.1214455777249
2 5 	 # V Shape
0.0 0.0 0.0 0.0 0.0
0.0 0.0 0.0 0.0 0.0
2 10 	 # Alloc Shape
1 0 1 0 1 1 1 0 0 0
0 1 0 1 0 0 0 1 1 1

2 10 	 # U Shape
11.23374939947903 22.42916404353479 79.93924107424326 10.964051095063908 34.594003829638034 23.96859133851429 95.017939775731 25.449075904248485 75.24680652812053 8.014388538316519
66.66135532942917 31.700441385361643 69.5669210850636 91.32629586027853 21.895636585768596 75.67740806008013 76.77673179197788 53.32031987897731 10.445194425678938 42.407467811758096
2 5 	 # V Shape
0.0 0.0 0.0 0.0 0.0
0.0 0.0 0.0 0.0 0.0
2 10 	 # Alloc Shape
0 0 1 0 1 0 1 0 1 0
1 1 0 1 0 1 0 1 0 1

2 10 	 # U Shape
86.80314370351986 87.63413262554131 78.80446587591176 16.94772715116095 57.20333921242825 31.59440605945121 30.201913267178206 52.357994405160554 70.76347950816032 72.9388942075462
73.03157430945906 92.60357965006214 58.05060728678645 27.66924012228903 39.03182119398778 49.17545226377891 74.07295209614153 12.92090179426133 10.747915006572628 81.21492963380436
2 5 	 # V Shape
0.0 0.0 0.0 0.0 0.0
0.0 0.0 0.0 0.0 0.0
2 10 	 # Alloc Shape
1 0 1 0 1 0 0 1 1 0
0 1 0 1 0 1 1 0 0 1

2 10 	 # U Shape
82.95123420876777 75.6570565910256 5.447849460498477 60.01471980978149 12.120286729941032 43.97564439301658 92.9766307402863 56.01552066483784 46.71894168471471 2.251283225356371
96.53879610273918 56.50962933275826 56.49018321753516 47.18255043439083 88.93682356464046 52.15366866623463 45.857737208812225 43.759528790942625 62.52275954440307 54.31326638328516
2 5 	 # V Shape
0.0 0.0 0.0 0.0 0.0
0.0 0.0 0.0 0.0 0.0
2 10 	 # Alloc Shape
0 1 0 1 0 1 1 1 0 0
1 0 1 0 1 0 0 0 1 1

2 10 	 # U Shape
31.54947736256006 6.575133589098881 41.81085113548969 27.172997231896822 29.694771851932444 87.21513263083678 68.23036579820868 36.29262053597942 5.848908954564691 55.099933145715106
27.62376115605093 85.3358764899384 39.39925926350432 55.666093855281595 40.83612178804954 47.39661748336081 0.4435657061075404 9.939943089956738 60.91473296151466 80.1246676220017
2 5 	 # V Shape
0.0 0.0 0.0 0.0 0.0
0.0 0.0 0.0 0.0 0.0
2 10 	 # Alloc Shape
1 0 1 0 0 1 1 1 0 0
0 1 0 1 1 0 0 0 1 1

2 10 	 # U Shape
90.52975936830265 87.65328905994062 25.408314254005347 65.50227023010571 89.28386718945158 43.7054662323201 6.468279221058193 89.59829558902419 83.3608115315527 92.29004665925648
67.1843071438011 45.675984862767315 53.81938758437488 93.81460691723915 87.98147634362931 65.80330970873095 96.3049974555876 84.50559239073033 52.232075476154314 40.90883775103623
2 5 	 # V Shape
0.0 0.0 0.0 0.0 0.0
0.0 0.0 0.0 0.0 0.0
2 10 	 # Alloc Shape
1 1 0 0 0 0 0 1 1 1
0 0 1 1 1 1 1 0 0 0

2 10 	 # U Shape
0.36287406871975403 27.18206905120222 49.81070435902685 17.66912262341458 63.365280203696926 77.59536602699328 83.57718756092575 99.58813926408693 50.48835136845605 25.952921624580615
40.091272114625035 23.684359118584396 75.39516297432995 2.4443340170681616 90.17834862858393 63.79174948546902 71.31069911889306 44.11232283240945 43.796256319430995 6.858065895028975
2 5 	 # V Shape
0.0 0.0 0.0 0.0 0.0
0.0 0.0 0.0 0.0 0.0
2 10 	 # Alloc Shape
0 0 0 1 0 1 1 1 0 1
1 1 1 0 1 0 0 0 1 0

2 10 	 # U Shape
12.590941692830192 25.45346394058152 7.902025988387051 83.4908317191325 67.8550215751891 9.067446839177107 82.68478172622737 51.19855627168375 58.977355353200736 45.18465170900393
54.718030037554236 14.725643320898673 94.42730289105059 97.91625968178543 51.84442500613411 36.57482236428894 53.365853597564005 75.55169802247181 70.5361257774215 51.38959860604878
2 5 	 # V Shape
0.0 0.0 0.0 0.0 0.0
0.0 0.0 0.0 0.0 0.0
2 10 	 # Alloc Shape
0 1 0 1 1 0 1 0 0 1
1 0 1 0 0 1 0 1 1 0

2 10 	 # U Shape
11.118118785872323 48.01578478747357 85.2216971099245 45.4524302811002 47.78758105110587 75.89471682490004 23.381076172479787 85.4320477976957 31.595491171260836 53.608124057999404
70.03291087185166 50.7977843272399 69.734653221081 16.760126867420087 76.53986753372672 38.28504016968416 99.03564462178147 87.4811634559277 68.24760017182678 41.91474743868609
2 5 	 # V Shape
0.0 0.0 0.0 0.0 0.0
0.0 0.0 0.0 0.0 0.0
2 10 	 # Alloc Shape
0 0 1 1 0 1 0 1 0 1
1 1 0 0 1 0 1 0 1 0

2 10 	 # U Shape
25.984026585825003 3.8448717179534464 75.76677375722628 35.79032053011185 84.02718216516243 90.96675457335623 87.15867280273285 74.06576716672036 37.989668652159835 3.8050996228807255
50.99502295182747 47.15459478064502 40.54695134854646 30.406751979655667 61.45732988561557 88.33171455835154 44.3532998118803 56.07376807468868 5.272680748340841 59.99930683353496
2 5 	 # V Shape
0.0 0.0 0.0 0.0 0.0
0.0 0.0 0.0 0.0 0.0
2 10 	 # Alloc Shape
0 0 1 0 1 0 1 1 1 0
1 1 0 1 0 1 0 0 0 1

2 10 	 # U Shape
86.04043737402294 18.874885885216163 43.09418873036917 21.90102000133154 36.16749860884866 65.6501468567572 24.820992294688317 21.468645151395894 19.317939463513888 17.518316131213997
84.26238561853467 25.07574488230373 9.068938124850556 86.5264752244202 70.0594988998034 41.72687562644618 61.64379796372821 44.01588350770494 86.59498898537836 30.53786114544852
2 5 	 # V Shape
0.0 0.0 0.0 0.0 0.0
0.0 0.0 0.0 0.0 0.0
2 10 	 # Alloc Shape
1 1 1 0 0 1 0 0 0 0
0 0 0 1 1 0 1 1 1 1

2 10 	 # U Shape
45.288330115730844 23.46439962984198 12.277660955322112 35.90534759932541 40.28060987133317 44.5110506169794 73.00899983214607 65.3678993692732 40.056277954282 61.944368108912265
23.292446773064125 69.5889243151871 61.68878746012629 46.50349549065266 87.12348461257169 98.90511443429607 12.97405291679089 44.31925872675274 64.74959312288917 39.333834568330836
2 5 	 # V Shape
0.0 0.0 0.0 0.0 0.0
0.0 0.0 0.0 0.0 0.0
2 10 	 # Alloc Shape
1 0 0 1 0 0 1 1 0 1
0 1 1 0 1 1 0 0 1 0

2 10 	 # U Shape
95.52222535631451 13.332008513675431 81.29019729676678 78.91919674266497 30.66538084453524 82.33490641215285 80.38372135534445 98.03743437380811 68.25360503216184 95.26728784335313
80.0286426848574 28.381689438683523 66.55284064836503 27.28088997125877 59.5863138457855 26.738157193795164 10.105342086542723 87.2254301581495 57.536498218760165 64.65026280172896
2 5 	 # V Shape
0.0 0.0 0.0 0.0 0.0
0.0 0.0 0.0 0.0 0.0
2 10 	 # Alloc Shape
0 0 1 1 0 1 1 0 0 1
1 1 0 0 1 0 0 1 1 0

2 10 	 # U Shape
60.91927939153655 54.77173315680698 48.346803963443186 32.29518289081462 51.39063870290418 52.61040830446534 32.01375873315777 59.80178511660985 13.59358546054007 58.46077326287576
14.704521236422508 18.943448904439496 53.77966591995855 20.543022068081264 13.389453349948576 37.00209488693381 57.70091205420918 23.441499000257913 31.63149781300949 79.58438270836739
2 5 	 # V Shape
0.0 0.0 0.0 0.0 0.0
0.0 0.0 0.0 0.0 0.0
2 10 	 # Alloc Shape
1 1 0 1 1 1 0 1 0 0
0 0 1 0 0 0 1 0 1 1

2 10 	 # U Shape
27.387015892468792 80.54606095318198 79.439672930389 24.328070067102747 63.61893709642396 84.79100059239755 89.7725900202646 17.65981756342273 29.11273761742742 51.30587185346423
83.65513147347976 32.51597880179437 4.430461932005225 45.12823070663623 95.07526773893727 92.14780594666979 72.0782854696933 37.41871385893399 25.54975551028196 15.077367216241766
2 5 	 # V Shape
0.0 0.0 0.0 0.0 0.0
0.0 0.0 0.0 0.0 0.0
2 10 	 # Alloc Shape
0 1 1 0 0 0 1 0 1 1
1 0 0 1 1 1 0 1 0 0

2 10 	 # U Shape
78.45920285560874 1.3351139664567468 73.38605614347605 69.8256982899683 70.95566792311263 36.88509543031693 9.345732316060207 81.52471869119023 55.146660456981245 65.92635263694724
98.89883155780736 68.38858761107022 46.314706003825634 78.33608802261841 75.64336160328946 51.1497696515804 68.06785521314342 95.01852568757455 56.10705597868923 33.16960271645425
2 5 	 # V Shape
0.0 0.0 0.0 0.0 0.0
0.0 0.0 0.0 0.0 0.0
2 10 	 # Alloc Shape
0 0 1 1 1 0 0 0 1 1
1 1 0 0 0 1 1 1 0 0

2 10 	 # U Shape
77.9404299334132 54.180579770565586 69.08420611720378 71.94055890200846 88.30365162208726 21.316515695125947 60.34802290280259 57.250745458332084 90.85446703147367 32.33080873984934
53.31363822175545 68.72916436058719 59.30549523655192 2.461347130109537 21.420792795533885 47.69152416161835 10.328212031820483 45.487423822412346 26.935004441619448 39.68455116499526
2 5 	 # V Shape
0.0 0.0 0.0 0.0 0.0
0.0 0.0 0.0 0.0 0.0
2 10 	 # Alloc Shape
1 0 0 1 1 0 1 0 1 0
0 1 1 0 0 1 0 1 0 1

2 10 	 # U Shape
65.64511828744624 80.59713553988556 70.24937069369524 91.76159757679882 59.353170409302955 47.00933097024746 58.976050607327714 65.25903603166127 33.97878806244034 66.50081582402872
88.47968983456997 95.34887895967816 94.87218202989743 53.57267331870636 84.95628814945924 98.51947285191548 64.73629274355926 46.72982875068479 81.95744757164081 28.658379597110574
2 5 	 # V Shape
0.0 0.0 0.0 0.0 0.0
0.0 0.0 0.0 0.0 0.0
2 10 	 # Alloc Shape
0 1 0 1 0 0 1 1 0 1
1 0 1 0 1 1 0 0 1 0

2 10 	 # U Shape
25.18442423868357 69.50602815169336 67.09314942610285 49.42431925845556 71.58418202521669 0.3693989559608979 52.00161498754243 20.087167128988526 71.30771838205764 96.75346360368398
42.56360536804921 98.80459157632073 99.70254670300432 55.722299879552985 18.117886523155324 31.33440180902165 26.32275774989693 53.53203225626597 6.335387893175126 96.10178774842826
2 5 	 # V Shape
0.0 0.0 0.0 0.0 0.0
0.0 0.0 0.0 0.0 0.0
2 10 	 # Alloc Shape
0 0 0 0 1 0 1 0 1 1
1 1 1 1 0 1 0 1 0 0

2 10 	 # U Shape
30.630166019817917 86.6239569124685 83.68283119562116 21.843921267457944 77.01744793448974 98.62657596528747 90.04510863205928 53.283135276629615 87.41043586184895 26.428854734557618
99.37451095214516 62.044214263317365 53.84204346091638 84.81787662291201 60.7786133635211 53.78869935452785 12.415827421159264 75.97561243570674 76.37604404441485 39.39466841316883
2 5 	 # V Shape
0.0 0.0 0.0 0.0 0.0
0.0 0.0 0.0 0.0 0.0
2 10 	 # Alloc Shape
0 1 1 0 1 1 1 0 0 0
1 0 0 1 0 0 0 1 1 1

2 10 	 # U Shape
64.4239548189008 1.9012510620230572 36.33787229017275 67.92976673779762 48.341639192945564 75.85277491188216 98.04166379793173 46.57387384414379 31.62937405532261 14.919672425573427
60.88986016892526 56.70828751813277 73.54022772300051 36.11722169657613 32.18508792841332 85.09476144358143 99.79190394515024 68.35668716526781 90.63367740173194 12.889135378985216
2 5 	 # V Shape
0.0 0.0 0.0 0.0 0.0
0.0 0.0 0.0 0.0 0.0
2 10 	 # Alloc Shape
1 0 0 1 1 0 1 0 0 1
0 1 1 0 0 1 0 1 1 0

2 10 	 # U Shape
90.28446078223698 20.245257984992904 55.81660917519138 42.678829974036645 20.096686442556834 91.25103837637877 75.23417701039432 64.31389434643557 89.9985393930903 60.18399126072654
14.498971286014594 45.778879813843254 83.81726593625619 11.1171922417305 58.95720560247795 7.942610437228437 8.869515097636693 50.241035945707225 14.722342935301825 19.850082794671543
2 5 	 # V Shape
0.0 0.0 0.0 0.0 0.0
0.0 0.0 0.0 0.0 0.0
2 10 	 # Alloc Shape
1 0 0 1 0 1 1 0 1 1
0 1 1 0 1 0 0 1 0 0

2 10 	 # U Shape
38.86050912728405 63.43502478528965 39.158343056948695 54.10486338626467 26.530345568990743 53.90924973003891 13.064545380645088 22.468467112213574 14.35048916976026 16.045896759246215
84.21708356077035 37.85179942402836 70.15584921195781 76.57580788769806 1.9261374229375572 66.88320683658021 95.3835779431855 47.42992509102477 23.543124816599416 57.6240123180774
2 5 	 # V Shape
0.0 0.0 0.0 0.0 0.0
0.0 0.0 0.0 0.0 0.0
2 10 	 # Alloc Shape
0 1 0 1 1 1 0 0 1 0
1 0 1 0 0 0 1 1 0 1

2 10 	 # U Shape
17.03084507261561 48.04564345476652 40.80639802258113 63.540203888893195 89.37625070151319 25.982824527384086 60.32958490356955 50.61093592502057 35.526781062718015 11.536217342044708
21.084193706164477 54.75275513070479 45.522147104263254 91.03135631694697 9.020137649943482 35.436002691221255 92.05832050332873 96.73931717118371 74.49376877904244 64.63432140224687
2 5 	 # V Shape
0.0 0.0 0.0 0.0 0.0
0.0 0.0 0.0 0.0 0.0
2 10 	 # Alloc Shape
1 1 1 1 1 0 0 0 0 0
0 0 0 0 0 1 1 1 1 1

2 10 	 # U Shape
89.10808184448462 39.637565324634274 93.32457905372499 31.022658306026983 61.840748413394884 14.059343831705174 63.686993155989136 42.256108220688006 31.123296593592286 0.7438071387439904
20.351098238533595 15.65882559015036 65.61353517804226 96.77907018997328 96.40545996939038 69.30556678653228 31.501667662145195 67.31605213478919 55.99258902476615 66.90363650520266
2 5 	 # V Shape
0.0 0.0 0.0 0.0 0.0
0.0 0.0 0.0 0.0 0.0
2 10 	 # Alloc Shape
1 1 1 0 0 0 1 0 0 0
0 0 0 1 1 1 0 1 1 1

2 10 	 # U Shape
57.39727268375204 29.723366608519996 71.36236966608038 74.17874918872911 58.00688365800026 52.63906424750664 19.24313038065282 52.69474807866978 15.72099409467571 74.40491495338695
62.888298127323935 76.62761911035794 13.66894597055448 69.48083733854634 7.078749795529515 78.5275833272291 88.43016717493578 59.6928503439524 58.01941585197763 23.125122297025957
2 5 	 # V Shape
0.0 0.0 0.0 0.0 0.0
0.0 0.0 0.0 0.0 0.0
2 10 	 # Alloc Shape
1 0 1 1 1 0 0 0 0 1
0 1 0 0 0 1 1 1 1 0

2 10 	 # U Shape
61.86371519181425 5.10407202338834 4.276061595713299 50.11035510238071 6.334180501991604 33.621265706953785 85.73746953634674 45.332619464591254 29.19084511451637 57.335434358496954
0.843163726721996 12.82482451012098 53.197639324380965 33.68079018692791 92.43625228826772 19.53040936533814 26.528656356279324 75.21388221357242 24.05107191859116 28.3843455319288
2 5 	 # V Shape
0.0 0.0 0.0 0.0 0.0
0.0 0.0 0.0 0.0 0.0
2 10 	 # Alloc Shape
1 0 0 1 0 1 1 0 0 1
0 1 1 0 1 0 0 1 1 0

2 10 	 # U Shape
61.95038759547029 70.93566022679454 87.74847532203289 54.069199685405536 57.34004351649411 61.5623567901348 77.95134083614066 7.1718568535503735 38.295734039283545 1.676132791327889
25.90986370719639 43.408539796770874 38.398406070023064 37.37448449011534 15.882499556490748 62.957395324237865 73.11868406519582 97.68117323785653 49.21718305699606 56.83198500203428
2 5 	 # V Shape
0.0 0.0 0.0 0.0 0.0
0.0 0.0 0.0 0.0 0.0
2 10 	 # Alloc Shape
1 1 1 1 1 0 0 0 0 0
0 0 0 0 0 1 1 1 1 1

2 10 	 # U Shape
85.70308962812459 45.89415704790207 86.89469759801744 36.84894355259013 37.283021148656694 76.1581816796033 20.976895668639028 23.432510150948637 62.224287762687005 71.41671352803516
99.95064293868349 85.5606480182704 15.94298921578109 48.770167829432786 57.65508751517102 82.10656651808205 27.36288180168689 44.22730555595938 56.78230095886908 13.41946720964
2 5 	 # V Shape
0.0 0.0 0.0 0.0 0.0
0.0 0.0 0.0 0.0 0.0
2 10 	 # Alloc Shape
0 0 1 0 0 1 0 0 1 1
1 1 0 1 1 0 1 1 0 0

2 10 	 # U Shape
86.88802817000783 92.67073691321417 98.33205427288986 49.42704467614371 95.4465544850946 20.37667487841445 15.068965542768431 55.53082659653239 52.520083599668276 87.64290119326834
86.82888394620066 38.80490383810721 89.4934183616083 97.5114197603757 84.43626745074002 71.87702920047336 64.03736363214387 93.23736480562643 90.5676214975166 87.10943864706677
2 5 	 # V Shape
0.0 0.0 0.0 0.0 0.0
0.0 0.0 0.0 0.0 0.0
2 10 	 # Alloc Shape
1 1 1 0 1 0 0 0 0 1
0 0 0 1 0 1 1 1 1 0

2 10 	 # U Shape
59.45350391420452 75.0859947620575 95.9828999038291 1.9362814886417445 2.2230195356852667 79.26462948225935 12.942808524064397 25.710338514338616 4.586373465357263 65.87455833441336
94.8369830018095 32.918702602626425 66.94838045035523 5.229177961760945 27.43569328778498 78.59479157923258 17.73393816732596 74.46350785510803 40.99972815234081 54.72586477551141
2 5 	 # V Shape
0.0 0.0 0.0 0.0 0.0
0.0 0.0 0.0 0.0 0.0
2 10 	 # Alloc Shape
0 1 1 0 0 1 0 0 0 1
1 0 0 1 1 0 1 1 1 0

2 10 	 # U Shape
5.125299620252499 19.954968608053502 65.22441318099793 29.966315289099864 63.09257341346483 65.41764892262792 83.01350296710109 92.3250635238868 95.02252929776155 57.16026272467156
37.87199060188103 78.44920555075964 56.694158564226115 84.22219760565348 42.014067232391575 34.266290873802504 87.10903614552879 46.8511667876423 69.12006721494515 35.21857741227182
2 5 	 # V Shape
0.0 0.0 0.0 0.0 0.0
0.0 0.0 0.0 0.0 0.0
2 10 	 # Alloc Shape
0 0 0 0 1 1 0 1 1 1
1 1 1 1 0 0 1 0 0 0

2 10 	 # U Shape
26.888772974628683 69.56535638719508 32.65601122060784 7.1159778512489 88.74535116524875 81.00780154413371 27.66842835389354 30.221497614890282 50.92541461351892 26.75933134290337
68.40996070994386 94.07292677082569 65.30703252393069 53.95375780532496 17.459626645919833 74.77255700756676 88.78904802915972 69.15875627864992 8.792312963333016 9.518342146280922
2 5 	 # V Shape
0.0 0.0 0.0 0.0 0.0
0.0 0.0 0.0 0.0 0.0
2 10 	 # Alloc Shape
0 1 0 0 1 1 0 0 1 1
1 0 1 1 0 0 1 1 0 0

2 10 	 # U Shape
22.114928600752727 75.74353830834552 34.40710816766509 55.762187287020524 66.59171011884392 57.98910627723922 12.019866383637357 60.49537467148309 61.0531394444093 52.627382449949735
49.76895613413852 65.71147642653877 78.25058106331669 12.640215401135013 76.35774978134668 33.046460524355666 9.278346006237658 54.666580514208526 36.66250022402947 57.36898741216597
2 5 	 # V Shape
0.0 0.0 0.0 0.0 0.0
0.0 0.0 0.0 0.0 0.0
2 10 	 # Alloc Shape
0 1 0 1 0 1 1 1 1 0
1 0 1 0 1 0 0 0 0 1

2 10 	 # U Shape
37.25142091882439 14.187522320572088 41.645972683714696 62.96009624156538 48.26772710926647 55.9648117305357 36.576219628368065 45.987997064252205 64.17245540390802 32.54815625133458
91.76224565842503 52.132731333105454 15.835930272245601 53.890807624335636 33.06537070322758 5.356681664769436 4.345661242049004 80.37246883771894 32.53987684532633 8.276601022688123
2 5 	 # V Shape
0.0 0.0 0.0 0.0 0.0
0.0 0.0 0.0 0.0 0.0
2 10 	 # Alloc Shape
0 0 1 0 1 1 1 0 1 1
1 1 0 1 0 0 0 1 0 0

2 10 	 # U Shape
80.58514418329197 16.054278295646984 53.58954192997268 55.7333834793781 57.981343880678736 61.353993092249326 32.2718720220513 39.90154695191607 55.332555958864326 58.41645605424818
88.0286655364254 58.09227571413012 77.9118564977909 98.47679975651891 2.5374864827247934 73.24093382169838 17.9365021023291 34.3752236996732 86.15583241436826 85.88637368362323
2 5 	 # V Shape
0.0 0.0 0.0 0.0 0.0
0.0 0.0 0.0 0.0 0.0
2 10 	 # Alloc Shape
1 0 0 0 1 1 1 1 0 0
0 1 1 1 0 0 0 0 1 1

2 10 	 # U Shape
29.31384595965021 38.44420081117026 89.5262846017108 35.84795583063515 1.9634797604278553 37.71531258145717 54.32801020068193 1.7369907477263635 56.596681696610005 28.55225242069368
71.54903569387653 67.39143742881238 87.48246395345977 77.6276254375721 98.72750466022167 11.524075288324786 8.896242256526177 26.263233657797446 22.87144729429482 65.05065028165905
2 5 	 # V Shape
0.0 0.0 0.0 0.0 0.0
0.0 0.0 0.0 0.0 0.0
2 10 	 # Alloc Shape
0 0 1 0 0 1 1 0 1 0
1 1 0 1 1 0 0 1 0 1

2 10 	 # U Shape
67.29510809525962 56.22079886324869 95.76279658811508 56.36052403718064 99.8440958836726 59.78422552244754 32.133366399165176 40.012090483371686 53.90498045855582 25.65967640943141
52.67123069635418 93.85824011086915 41.31235100862948 38.4692917379571 27.484804922051243 51.81919456985015 48.928445280949184 35.585840867911045 88.193884796112 9.801202300963185
2 5 	 # V Shape
0.0 0.0 0.0 0.0 0.0
0.0 0.0 0.0 0.0 0.0
2 10 	 # Alloc Shape
1 0 1 1 1 0 0 0 0 1
0 1 0 0 0 1 1 1 1 0

2 10 	 # U Shape
29.39739795020192 61.07933890937919 89.69408769455067 23.734599235201447 30.044308313730028 3.825482246517642 88.74370391731055 22.18467155573106 23.962028012396953 73.6014902844016
20.437190033855245 60.00513327821941 18.81040769652067 73.5080411205346 84.29698334803174 63.6739575096052 7.306616586161796 51.80006072625459 9.68574341241737 13.837681614882225
2 5 	 # V Shape
0.0 0.0 0.0 0.0 0.0
0.0 0.0 0.0 0.0 0.0
2 10 	 # Alloc Shape
1 0 1 0 0 0 1 0 1 1
0 1 0 1 1 1 0 1 0 0

2 10 	 # U Shape
99.2496558144557 28.009201092160694 99.42338192016462 20.751863463047616 17.273550173587914 63.70640069582627 54.56145978483541 80.47747858719264 96.56625669318159 73.46265896888023
12.116245757709699 95.4254985752154 92.32254241860582 1.1158038203617937 23.260291157038004 6.408723094973945 67.59978756636869 10.690760611894879 66.8078202655769 19.745628933018565
2 5 	 # V Shape
0.0 0.0 0.0 0.0 0.0
0.0 0.0 0.0 0.0 0.0
2 10 	 # Alloc Shape
1 0 0 1 0 1 0 1 1 1
0 1 1 0 1 0 1 0 0 0

2 10 	 # U Shape
36.908415387067215 16.018593776064115 71.35227852923235 52.06463209622232 37.45102179510976 89.28771292190183 89.09462669652373 40.26238078663579 7.014297905960031 83.255722591114
62.66051218059672 76.91684322560512 23.12650200664137 16.433260079110234 12.74802935542313 39.99138327062446 58.70683851030248 97.70106096761664 82.30778452787729 72.43644285668921
2 5 	 # V Shape
0.0 0.0 0.0 0.0 0.0
0.0 0.0 0.0 0.0 0.0
2 10 	 # Alloc Shape
0 0 1 1 1 1 1 0 0 1
1 1 0 0 0 0 0 1 1 0

2 10 	 # U Shape
28.072349362150064 66.5067602940079 90.87882636690145 1.6575489102942154 34.18115846534403 69.80413151788804 87.30146496709685 60.17944277100372 31.754153918449425 88.0033110678903
83.64250579001406 76.59212084883372 28.825918277154173 69.33549077795708 81.69609583847513 13.505416494190781 47.49972444248765 10.186254098536063 70.69110683725334 11.592587703272672
2 5 	 # V Shape
0.0 0.0 0.0 0.0 0.0
0.0 0.0 0.0 0.0 0.0
2 10 	 # Alloc Shape
0 0 1 0 0 1 1 1 0 1
1 1 0 1 1 0 0 0 1 0

2 10 	 # U Shape
70.21567646103554 0.6225367015371686 13.000240354955483 46.841753624166294 34.190764452893475 88.709463630995 72.15212775764726 85.48777252976011 76.66270159686768 49.42025478411931
60.26431876040556 50.80163023448381 14.85566040017492 17.17321248857854 88.6218328445591 94.64815327790251 27.890608782016415 2.5039867244871283 48.11482871367918 86.71676640569187
2 5 	 # V Shape
0.0 0.0 0.0 0.0 0.0
0.0 0.0 0.0 0.0 0.0
2 10 	 # Alloc Shape
1 0 0 1 0 0 1 1 1 0
0 1 1 0 1 1 0 0 0 1

2 10 	 # U Shape
54.612372006812784 6.351456629524154 89.93549399961059 4.180639131862618 88.47106751681741 98.17357341159209 57.90196276636708 98.85789258781399 68.38469584136668 37.31834579771455
8.898531307120638 93.2201617880528 6.1503073253362235 75.16452636506615 75.96958137350649 40.71819846994234 10.004737318526558 97.60281100126564 52.54515222589965 65.32799606999143
2 5 	 # V Shape
0.0 0.0 0.0 0.0 0.0
0.0 0.0 0.0 0.0 0.0
2 10 	 # Alloc Shape
1 0 1 0 1 1 1 0 1 0
0 1 0 1 0 0 0 1 0 1

2 10 	 # U Shape
38.875056089445394 93.09093443654218 60.022250694500286 8.011579328141528 24.1691331397061 87.23085933006494 21.55839177658048 68.87877518273051 82.89969057888871 37.08351556699013
25.088502978389048 87.20403240059748 6.0654758639418045 0.8280993901957467 0.4805440467687494 74.07259870719155 97.28741405318415 6.010180989671743 15.183992046550653 63.395882630148535
2 5 	 # V Shape
0.0 0.0 0.0 0.0 0.0
0.0 0.0 0.0 0.0 0.0
2 10 	 # Alloc Shape
1 0 1 1 1 1 0 1 1 0
0 1 0 0 0 0 1 0 0 1

2 10 	 # U Shape
50.69080024734092 79.67907378923509 92.1404310944085 90.08373053010925 2.6119887076883397 82.71382882953223 28.642778165275384 19.056683589067326 6.6191339063075505 53.19622268068055
92.2695127154378 82.21789905523563 36.773990781678734 26.03122335866386 63.21235249189946 77.6300019013553 25.455350733586933 51.14765671366467 87.99558718612424 84.3856238999553
2 5 	 # V Shape
0.0 0.0 0.0 0.0 0.0
0.0 0.0 0.0 0.0 0.0
2 10 	 # Alloc Shape
0 1 1 1 0 1 1 0 0 0
1 0 0 0 1 0 0 1 1 1

2 10 	 # U Shape
65.9906260243137 44.69040141756649 83.89723265085296 85.93921330518327 46.29856749718807 69.86343647631584 99.26197087601254 22.12270923756795 42.766252953975304 62.92869753530043
78.19840715868645 25.455319704182024 62.40143073879453 69.63951835511824 1.0271709199129342 69.37589512808464 22.66708122120035 0.7709108943109055 18.539082676689656 70.38443100476263
2 5 	 # V Shape
0.0 0.0 0.0 0.0 0.0
0.0 0.0 0.0 0.0 0.0
2 10 	 # Alloc Shape
0 1 1 0 1 0 1 1 1 0
1 0 0 1 0 1 0 0 0 1

2 10 	 # U Shape
64.85008128153248 48.52104865274991 4.002811488954605 39.869568705665614 90.77603077447377 99.5022125751578 24.141374050805766 50.76169932834961 12.470897452603658 0.051266067474065036
67.52911010664513 71.07150436173274 36.00199270401927 1.4006524507023 10.375057252094821 62.8923441792846 86.23431226463244 27.020583534242526 69.33374322192111 34.79548470290287
2 5 	 # V Shape
0.0 0.0 0.0 0.0 0.0
0.0 0.0 0.0 0.0 0.0
2 10 	 # Alloc Shape
1 0 0 1 1 1 0 1 0 0
0 1 1 0 0 0 1 0 1 1

2 10 	 # U Shape
45.86989869297019 24.858500410339325 44.29347865957911 69.36064371663309 56.4643663984925 50.199125903133 52.86182262227646 46.1989178605861 39.49594240360752 82.58773833806924
94.6116558698266 33.2097690936854 2.499679911143282 9.908896416045298 0.30776132396697076 91.31380325929946 72.23516418538684 74.68449444816974 26.146795562872395 77.13686975566308
2 5 	 # V Shape
0.0 0.0 0.0 0.0 0.0
0.0 0.0 0.0 0.0 0.0
2 10 	 # Alloc Shape
0 0 1 1 1 0 0 0 1 1
1 1 0 0 0 1 1 1 0 0

2 10 	 # U Shape
60.43995568951336 60.25580452916789 52.81314192254466 84.73526613616829 68.405617922124 99.32186072187221 36.576867090165834 79.82808164527599 5.33534592971503 36.75357872127649
74.02182560104184 62.91281009024517 3.8295626274360006 10.68656599753095 31.217602816912326 83.31822658058336 80.63998818729422 7.984726751354487 84.26176911193903 48.49285717293977
2 5 	 # V Shape
0.0 0.0 0.0 0.0 0.0
0.0 0.0 0.0 0.0 0.0
2 10 	 # Alloc Shape
0 0 1 1 1 1 0 1 0 0
1 1 0 0 0 0 1 0 1 1

2 10 	 # U Shape
72.4907510968152 30.52667765246794 44.48862756962282 45.892465047948114 8.686152757579713 90.38535359194351 45.33475716295662 2.8011827966297975 73.00930290829882 29.56509696600519
26.38927900668484 9.556887353027232 14.51481893586256 73.34801540112107 24.07475565019819 50.40624295742311 19.427763394359708 62.39873673577154 5.665813695303957 53.75546362743804
2 5 	 # V Shape
0.0 0.0 0.0 0.0 0.0
0.0 0.0 0.0 0.0 0.0
2 10 	 # Alloc Shape
1 1 1 0 0 1 1 0 1 0
0 0 0 1 1 0 0 1 0 1

2 10 	 # U Shape
40.52433525464567 43.07332439009044 53.236380792475636 54.89417266784644 15.47427321642182 5.959139530062629 24.364422871689108 10.126258183334148 74.71461590262659 1.051055917840149
66.84813797937905 77.31648024333644 27.01085047890893 48.68521538112572 30.054796911503466 61.341464308941994 55.80339917676308 21.9771426249029 11.27212762615425 89.10459295158014
2 5 	 # V Shape
0.0 0.0 0.0 0.0 0.0
0.0 0.0 0.0 0.0 0.0
2 10 	 # Alloc Shape
1 0 1 1 0 0 0 0 1 0
0 1 0 0 1 1 1 1 0 1

2 10 	 # U Shape
60.47995817812335 68.53360765215923 20.624884083280637 7.295806736921229 86.04508469375874 82.4889670768565 59.6822747352604 41.718037624125 79.27198944974648 53.37253872408977
26.006159686287823 75.99673775088483 18.914200446984452 77.04830454230394 96.4605687995167 17.74164398296907 63.05279602661965 48.65543177326172 23.264293226570366 74.5002694227501
2 5 	 # V Shape
0.0 0.0 0.0 0.0 0.0
0.0 0.0 0.0 0.0 0.0
2 10 	 # Alloc Shape
1 0 1 0 0 1 1 0 1 0
0 1 0 1 1 0 0 1 0 1

2 10 	 # U Shape
59.98415953942919 63.38659269882788 79.12087967726028 57.35665118428466 86.6603361067028 41.97942363172794 50.21185038209103 68.94524759877385 0.24499552842200956 2.847597907531685
54.29493696450868 62.73526194364748 84.61595823297618 24.402737219455616 51.90872786428082 55.243310818183886 9.935382714491647 19.918386207624838 82.86085345088979 52.66655019256423
2 5 	 # V Shape
0.0 0.0 0.0 0.0 0.0
0.0 0.0 0.0 0.0 0.0
2 10 	 # Alloc Shape
1 0 0 1 1 0 1 1 0 0
0 1 1 0 0 1 0 0 1 1

2 10 	 # U Shape
21.019964045546903 58.22626845420861 28.05104651270196 58.155276811185864 72.38442190286695 45.7566456141788 93.35477565650154 89.672144417749 86.95985483259632 51.12814704716093
89.74565851443286 53.45368616094528 86.18763334422808 39.42571746784495 74.00478370226791 80.8636054642771 35.457223575597375 14.11617254944274 30.093174969027913 29.98093202596118
2 5 	 # V Shape
0.0 0.0 0.0 0.0 0.0
0.0 0.0 0.0 0.0 0.0
2 10 	 # Alloc Shape
0 0 0 1 0 0 1 1 1 1
1 1 1 0 1 1 0 0 0 0

2 10 	 # U Shape
22.394063940314236 66.19566386283229 52.66786737309058 95.7903547608022 86.66175221872372 31.060239010596636 67.08670724212126 7.998658422924643 89.03136769227996 15.658276003684568
95.46674742244107 92.279120047941 38.928085998039876 12.595362393957332 82.26263628572602 28.9012002360414 54.00923204760336 94.6360541763791 98.43121384914845 61.739898442529054
2 5 	 # V Shape
0.0 0.0 0.0 0.0 0.0
0.0 0.0 0.0 0.0 0.0
2 10 	 # Alloc Shape
0 0 1 1 1 1 1 0 0 0
1 1 0 0 0 0 0 1 1 1

2 10 	 # U Shape
7.1364243006523225 61.86985926340892 5.113443370760895 33.20272026436011 78.87119292661848 98.19965133975042 98.49457690727172 60.04107960017316 36.72218867560721 3.7071496628902634
86.76485376564762 51.977945090174636 62.38660764146078 61.416225979649184 61.75295780821121 76.53095292546598 17.695332869867475 69.86481763080931 18.976026113241385 8.297481128817907
2 5 	 # V Shape
0.0 0.0 0.0 0.0 0.0
0.0 0.0 0.0 0.0 0.0
2 10 	 # Alloc Shape
0 1 0 0 1 1 1 0 1 0
1 0 1 1 0 0 0 1 0 1

2 10 	 # U Shape
35.77071164471598 11.389395428843462 47.11452261088527 73.16976376251331 57.19542681854652 18.86137586193414 57.44594068307924 15.688761739583946 64.21916512373586 6.183450904033494
47.376291993860164 83.16272582833196 73.68991848305107 1.3049087843915896 82.36967781122372 62.889296112193286 9.31754062968001 57.30045044985673 24.03500361321167 41.548242507764435
2 5 	 # V Shape
0.0 0.0 0.0 0.0 0.0
0.0 0.0 0.0 0.0 0.0
2 10 	 # Alloc Shape
1 0 0 1 0 0 1 0 1 0
0 1 1 0 1 1 0 1 0 1

2 10 	 # U Shape
35.36937557728095 97.76384877309133 34.58167755377248 13.15959618534449 52.18703735752619 69.88531557453321 49.53817607892326 87.08443674668266 24.98563908879178 85.80259402878227
81.04812488684897 55.87060387655859 67.23637083549568 83.95387942810613 58.102821940783436 49.37977285382241 1.3072713730695518 40.76944845609276 77.06582003131399 13.480506083550914
2 5 	 # V Shape
0.0 0.0 0.0 0.0 0.0
0.0 0.0 0.0 0.0 0.0
2 10 	 # Alloc Shape
0 1 0 0 0 1 1 1 0 1
1 0 1 1 1 0 0 0 1 0

2 10 	 # U Shape
3.9048417963324034 17.31910871938196 19.75542255381407 52.18162331852964 40.285055710509745 33.89930339376257 86.60743662744625 7.204553800921554 63.117368591064796 45.81257851165802
85.589736749326 70.66345950972752 6.925763686487496 92.81577624162689 92.99234754214585 45.64218445214407 63.39009476210441 77.66700185299362 72.04241255780079 52.19200539965059
2 5 	 # V Shape
0.0 0.0 0.0 0.0 0.0
0.0 0.0 0.0 0.0 0.0
2 10 	 # Alloc Shape
0 0 1 0 0 1 1 0 1 1
1 1 0 1 1 0 0 1 0 0

2 10 	 # U Shape
18.003541892404108 45.83805967640144 67.03225625199703 24.75299669825034 93.39760718158607 47.24726963711714 11.274411943366825 46.81031312271967 13.682393155689454 10.785475068730877
94.07191463005312 18.972686135237847 60.02108534947499 74.31187287321455 45.96768703594286 14.047740362680772 4.54407016108298 71.1355419886797 35.089687525805004 35.71418525127778
2 5 	 # V Shape
0.0 0.0 0.0 0.0 0.0
0.0 0.0 0.0 0.0 0.0
2 10 	 # Alloc Shape
0 1 1 0 1 1 1 0 0 0
1 0 0 1 0 0 0 1 1 1

2 10 	 # U Shape
91.01602418999552 88.28854967527968 58.86596516795197 3.068860641700577 63.28695680563754 81.61549131436321 66.75033951799104 75.60283742909063 97.00952586381027 78.34295083823437
87.86944008196468 60.78899131926639 28.14314128428318 49.95243832343912 45.24517136623274 77.3293570451387 4.198890188351068 86.01493737519365 45.132171147297115 70.28667054976418
2 5 	 # V Shape
0.0 0.0 0.0 0.0 0.0
0.0 0.0 0.0 0.0 0.0
2 10 	 # Alloc Shape
0 1 1 0 1 0 1 0 1 0
1 0 0 1 0 1 0 1 0 1

2 10 	 # U Shape
6.738309356269978 54.652852183442114 32.87864886414562 57.03567706383582 13.047951541578872 54.08882157196538 76.88946495657738 93.25941388355665 93.11258729819116 24.081764828165795
23.690600000457774 45.89465829898356 21.220837257570757 59.87703665619931 63.18818968722868 45.83933299409695 40.61680583261956 89.88615973331036 85.96899074414662 39.851023443205435
2 5 	 # V Shape
0.0 0.0 0.0 0.0 0.0
0.0 0.0 0.0 0.0 0.0
2 10 	 # Alloc Shape
0 1 1 0 0 1 1 0 1 0
1 0 0 1 1 0 0 1 0 1

2 10 	 # U Shape
15.675330153685252 72.21861868386944 17.077483343426547 72.17458595408793 35.15153050837028 86.00980603348532 29.551687420374485 1.7305511082545522 2.3501079607809117 8.880429688882096
46.783720527244824 73.56714192999225 27.972725664298093 63.33032769069074 4.499588314433911 1.8959010052383762 59.18463962341406 30.080565996436583 10.328969589868874 27.251005046507927
2 5 	 # V Shape
0.0 0.0 0.0 0.0 0.0
0.0 0.0 0.0 0.0 0.0
2 10 	 # Alloc Shape
0 1 0 1 1 1 0 0 0 0
1 0 1 0 0 0 1 1 1 1

2 10 	 # U Shape
44.063589872772 17.066868278908586 65.04346073131617 39.888647100098765 4.105854359890248 75.77844783149207 49.5983828073989 16.073800506393543 80.42372827638097 72.63743568217579
11.848768379446351 26.19676680279416 86.35042288046768 85.68997905633945 83.73145469295031 37.28507532615545 89.16121733491204 51.934161628557504 14.483868493688778 16.16750068230951
2 5 	 # V Shape
0.0 0.0 0.0 0.0 0.0
0.0 0.0 0.0 0.0 0.0
2 10 	 # Alloc Shape
1 0 0 0 0 1 0 0 1 1
0 1 1 1 1 0 1 1 0 0

2 10 	 # U Shape
15.342717418474228 43.46481276041524 60.57548122305737 47.3103909306753 71.85418223781319 38.44649469914704 72.984218025687 23.498393667196847 95.84806487571188 69.4111042450176
50.80467067909027 80.28162625820514 59.19511010702445 45.31002274751555 78.79858883316736 3.960226906421438 73.97845244389907 82.55642205087611 3.390084309544339 36.56263570840104
2 5 	 # V Shape
0.0 0.0 0.0 0.0 0.0
0.0 0.0 0.0 0.0 0.0
2 10 	 # Alloc Shape
0 0 1 1 0 1 0 0 1 1
1 1 0 0 1 0 1 1 0 0

2 10 	 # U Shape
66.43920121663024 26.387509944496614 76.50899275782412 59.204206684827 32.53132516884607 16.487622149961247 84.68901080768892 48.62256400845087 94.07069152965234 9.160073593401641
29.529445094762742 76.33088086752883 58.76190507722202 56.606625178859716 79.7566682433117 87.19999167797631 58.298478780799144 10.175457550770851 86.37310690167497 12.286162987259786
2 5 	 # V Shape
0.0 0.0 0.0 0.0 0.0
0.0 0.0 0.0 0.0 0.0
2 10 	 # Alloc Shape
1 0 1 0 0 0 1 1 1 0
0 1 0 1 1 1 0 0 0 1

2 10 	 # U Shape
26.643186905859473 54.9079383593712 97.981609611406 48.230775679811444 35.62082965238549 95.09288370824609 40.62372578505029 75.69376436026975 65.80948075434175 96.06116922508974
12.868207835487999 92.1949589537256 95.01673261812608 17.11288404129061 56.68516629894022 61.900336531387566 86.64424920667922 21.75869785637252 74.48686047029491 56.00416681706197
2 5 	 # V Shape
0.0 0.0 0.0 0.0 0.0
0.0 0.0 0.0 0.0 0.0
2 10 	 # Alloc Shape
1 0 0 1 0 1 0 1 0 1
0 1 1 0 1 0 1 0 1 0

2 10 	 # U Shape
83.14755898809553 71.45110740542374 48.987139779033086 67.36560991771329 31.72514181825936 33.045300921872375 78.15848186307926 20.119901851551337 16.154056085049994 58.671837158273036
35.755550799160616 49.87498971109695 95.00485125123907 64.18355545674868 58.39971143500111 39.35036659984183 20.098615287952406 48.97369555940677 69.29117439638792 41.57107431447379
2 5 	 # V Shape
0.0 0.0 0.0 0.0 0.0
0.0 0.0 0.0 0.0 0.0
2 10 	 # Alloc Shape
1 1 0 1 0 0 1 0 0 1
0 0 1 0 1 1 0 1 1 0

2 10 	 # U Shape
7.481851481638568 49.90963411611378 55.32576161931897 96.55275396303435 63.11090287823663 4.286994610165817 76.76787716560571 3.2865232522520937 81.04135484306076 66.53256396081562
85.51671393112376 52.798588484274454 87.08316297675354 18.019553337978046 70.86722592983075 12.581911842071591 32.14149988961091 9.259664843014882 91.71581615774701 34.69367107651088
2 5 	 # V Shape
0.0 0.0 0.0 0.0 0.0
0.0 0.0 0.0 0.0 0.0
2 10 	 # Alloc Shape
0 1 0 1 0 0 1 0 0 1
1 0 1 0 1 1 0 1 1 0

2 10 	 # U Shape
46.833889513411506 67.4789448394801 60.821260274224464 21.692906913380384 65.33618883311216 58.44181024523879 15.637520930241477 69.67613724922806 38.551136141246864 86.86854979109197
56.66798906196744 89.5445257017124 8.541398966122626 84.54952012902251 42.67130585533726 39.27944167539148 76.96102886110143 25.717968590865304 68.36204347934346 76.70536943300797
2 5 	 # V Shape
0.0 0.0 0.0 0.0 0.0
0.0 0.0 0.0 0.0 0.0
2 10 	 # Alloc Shape
0 0 1 0 1 1 0 1 0 1
1 1 0 1 0 0 1 0 1 0

2 10 	 # U Shape
78.61139154922941 97.39300576990469 49.68522089976513 25.665144226845737 69.43940862207535 25.278557674292646 35.70669818805543 88.57211589751176 31.913877920759326 57.147769478444985
67.84004078197545 62.71294220930053 85.03527510475607 5.727384019124349 33.98558063658159 0.3626750702817816 3.7893158345565947 77.12498610698393 69.69003368723794 63.38632875286107
2 5 	 # V Shape
0.0 0.0 0.0 0.0 0.0
0.0 0.0 0.0 0.0 0.0
2 10 	 # Alloc Shape
1 1 0 1 1 1 1 0 0 0
0 0 1 0 0 0 0 1 1 1

2 10 	 # U Shape
84.91532379955554 69.7540276077487 27.169057240478235 43.10609283866573 92.13032074250857 33.86530692007691 96.94039287232297 81.53022834917711 62.27655949137154 29.872307767157125
84.84437350838877 25.172731645441438 89.34469015738209 33.380491965888595 30.89163548222251 27.524156188645456 17.553078936928134 84.43555060359762 96.83862219633109 87.91172326478781
2 5 	 # V Shape
0.0 0.0 0.0 0.0 0.0
0.0 0.0 0.0 0.0 0.0
2 10 	 # Alloc Shape
1 1 0 1 1 1 1 0 0 0
0 0 1 0 0 0 0 1 1 1

2 10 	 # U Shape
38.04270396441773 68.3594841398572 52.824151634007286 5.472572144336263 55.371324511715514 19.374029859397456 41.83038705569376 87.05972989738486 39.4010592898232 56.669610308117925
64.84498922094068 14.528499883365775 63.06316894021398 71.30412299309114 25.931721155274758 2.460610012434461 84.45234467460396 49.83696285196459 58.26670571037814 69.28728881540161
2 5 	 # V Shape
0.0 0.0 0.0 0.0 0.0
0.0 0.0 0.0 0.0 0.0
2 10 	 # Alloc Shape
0 1 1 0 1 1 0 1 0 0
1 0 0 1 0 0 1 0 1 1

2 10 	 # U Shape
62.196233888114286 54.48796961692549 59.39578146667832 19.47183662470363 41.141305563766025 3.1275732840557513 7.2832571273798274 92.00463341355278 73.28974425572848 47.46156789480986
20.350978606988967 82.25301039286258 65.46361357595528 31.01048458569089 76.0439110784712 68.40341214468344 72.02642152791302 86.17727696258339 59.35660558486501 70.48805205173056
2 5 	 # V Shape
0.0 0.0 0.0 0.0 0.0
0.0 0.0 0.0 0.0 0.0
2 10 	 # Alloc Shape
1 0 1 0 0 0 0 1 1 0
0 1 0 1 1 1 1 0 0 1

2 10 	 # U Shape
69.1498496901481 35.359321981361234 53.23451176598651 90.60016760218531 73.04954146702639 53.27527744122137 78.12280025596117 37.82832141710847 26.36949052798205 82.32598888525871
27.28668093796658 59.620491174757426 65.73629898524835 6.077400847026082 61.6897885949512 1.7137838553412221 10.836469584993525 82.83783701196056 66.77993544298789 5.710693369027265
2 5 	 # V Shape
0.0 0.0 0.0 0.0 0.0
0.0 0.0 0.0 0.0 0.0
2 10 	 # Alloc Shape
1 0 0 1 0 1 1 0 0 1
0 1 1 0 1 0 0 1 1 0

2 10 	 # U Shape
11.980644253789585 36.1314673601292 36.0750750434557 24.397434145583063 44.35050305610611 44.5019313576646 72.68209747662118 60.23047103995357 51.76945113496885 82.41901042712347
21.943432462935007 27.98927320903927 32.10326387752572 46.801590682970115 60.12069445619993 25.824184308399744 89.43721617215189 18.4268703227633 25.603327582341407 34.618066755620006
2 5 	 # V Shape
0.0 0.0 0.0 0.0 0.0
0.0 0.0 0.0 0.0 0.0
2 10 	 # Alloc Shape
0 1 0 0 0 1 0 1 1 1
1 0 1 1 1 0 1 0 0 0

2 10 	 # U Shape
42.623851072510476 18.107663257417116 88.0300957446837 0.6907788724634378 82.43571106866825 7.49069822463092 22.91053853730689 85.56938879691256 50.1932869573081 92.79934677034117
42.72780813030691 29.79947619751964 59.13837071313349 92.34947431938974 45.794988797533556 71.36740858611654 84.54514651972366 82.98319477924184 96.69152022563222 48.0804269334694
2 5 	 # V Shape
0.0 0.0 0.0 0.0 0.0
0.0 0.0 0.0 0.0 0.0
2 10 	 # Alloc Shape
1 0 1 0 1 0 0 1 0 1
0 1 0 1 0 1 1 0 1 0

2 10 	 # U Shape
79.3528975535578 72.12310160924712 31.1329057511183 3.8049666566398965 79.12879805418565 29.648850876299203 78.87044656908942 56.68571563888587 46.50565195396621 99.53984564184944
7.0906289642586495 52.370500154202574 22.28161154823558 25.323175784951268 91.38600632310782 71.36546612759525 10.852369636025639 51.42302658399952 74.42823734437695 82.52023542319483
2 5 	 # V Shape
0.0 0.0 0.0 0.0 0.0
0.0 0.0 0.0 0.0 0.0
2 10 	 # Alloc Shape
1 1 1 0 0 0 1 0 0 1
0 0 0 1 1 1 0 1 1 0

2 10 	 # U Shape
70.77150862261264 68.28514457505806 46.97606464783867 7.966890407157456 58.51557781099025 66.55391898717492 13.962313100713676 93.23704083369314 32.43686798799417 22.983604688751
54.97882255366241 20.5297734708455 97.86617373349787 6.3413966051864 88.53914523310185 98.93771840667111 72.59133238923727 59.82180931620924 52.11785309897826 42.64078661324305
2 5 	 # V Shape
0.0 0.0 0.0 0.0 0.0
0.0 0.0 0.0 0.0 0.0
2 10 	 # Alloc Shape
1 1 0 1 0 0 0 1 1 0
0 0 1 0 1 1 1 0 0 1

2 10 	 # U Shape
86.17153252273965 47.52295282726284 1.479561017396347 37.15482937380775 77.40208777646781 37.918402221415235 77.01200684005649 65.74661550935943 50.40094683781514 90.27850798036212
98.95061563844394 77.66275234701699 40.07747094499028 68.01102799961276 85.90583975291132 78.26660105090197 49.326017881372266 31.42771507784262 26.782845780644536 34.1815263544489
2 5 	 # V Shape
0.0 0.0 0.0 0.0 0.0
0.0 0.0 0.0 0.0 0.0
2 10 	 # Alloc Shape
0 0 0 0 1 0 1 1 1 1
1 1 1 1 0 1 0 0 0 0

2 10 	 # U Shape
89.88764685906264 11.318768094413745 36.932779891165744 70.63478966749351 34.75266779967189 72.94722720723259 11.492930128840595 5.568630721045942 52.123261402057366 69.17857219264486
74.76780069739016 94.31324964813757 7.2725957291551735 78.41342147583786 0.35040994853893226 99.76778117105191 39.487324416021764 43.324718938769294 2.083829060848308 31.713443053229973
2 5 	 # V Shape
0.0 0.0 0.0 0.0 0.0
0.0 0.0 0.0 0.0 0.0
2 10 	 # Alloc Shape
1 0 1 0 1 0 0 0 1 1
0 1 0 1 0 1 1 1 0 0

2 10 	 # U Shape
47.271272937057965 46.92984881847613 81.90726347093688 86.79944090777211 20.554649946052827 76.06826473093668 29.241895244310044 15.672163473997081 44.713832355315766 37.03910707615861
50.45151270193951 41.02393878141047 34.84673747463545 96.50833856348122 92.40258595703219 18.073985565903218 21.79586700067233 67.56750787901692 69.55737998691689 20.373051097043582
2 5 	 # V Shape
0.0 0.0 0.0 0.0 0.0
0.0 0.0 0.0 0.0 0.0
2 10 	 # Alloc Shape
1 1 1 0 0 1 1 0 0 1
0 0 0 1 1 0 0 1 1 0

2 10 	 # U Shape
38.13603670226835 8.582424328244286 87.31749648870733 11.659353162699315 85.0415751238138 76.64905635349238 39.02822295788966 11.667869353965587 2.3371675979730777 78.05622149194858
48.14031833562882 93.9638208476406 77.09631850495585 94.52585156171764 48.69381846114692 70.04637234659965 24.144653203509357 31.16667010802965 40.39615533384108 84.41241318535728
2 5 	 # V Shape
0.0 0.0 0.0 0.0 0.0
0.0 0.0 0.0 0.0 0.0
2 10 	 # Alloc Shape
0 0 1 0 1 1 1 0 0 0
1 1 0 1 0 0 0 1 1 1

