2 4 	 # U Shape
8.299956500689287 67.19770812804666 80.65937981616575 98.2741914544214
63.56607347968526 21.59232560471803 54.902743208427964 54.55599580092261
2 2 	 # V Shape
0.0 0.0
0.0 0.0
2 4 	 # Alloc Shape
0 1 0 1
1 0 1 0

2 4 	 # U Shape
61.10922814014129 70.37771762552264 14.33950636013418 97.453850707772
33.25053285819004 91.07554427298194 61.1101021687508 77.9033750778338
2 2 	 # V Shape
0.0 0.0
0.0 0.0
2 4 	 # Alloc Shape
1 0 0 1
0 1 1 0

2 4 	 # U Shape
27.789370772642307 39.82442692692868 10.03674938850464 18.29048588830522
93.18153573553174 74.05185875622809 24.415841597196998 86.66880089808664
2 2 	 # V Shape
0.0 0.0
0.0 0.0
2 4 	 # Alloc Shape
0 1 1 0
1 0 0 1

2 4 	 # U Shape
3.127758666552116 85.91044903080123 18.252879402305165 72.83094463286277
96.73682786626925 89.83157458733268 83.43715027909192 59.05078040283765
2 2 	 # V Shape
0.0 0.0
0.0 0.0
2 4 	 # Alloc Shape
0 1 0 1
1 0 1 0

2 4 	 # U Shape
27.853304269880464 87.46103864120998 74.35795471084639 71.86338801136566
33.52482520843496 66.90624907683382 95.78432732211525 70.22516656958899
2 2 	 # V Shape
0.0 0.0
0.0 0.0
2 4 	 # Alloc Shape
0 1 0 1
1 0 1 0

2 4 	 # U Shape
90.07239593674959 33.598178502311804 92.46746456777734 8.622527734067187
61.46960989881849 9.40065855763531 99.12647580775004 16.37026666360779
2 2 	 # V Shape
0.0 0.0
0.0 0.0
2 4 	 # Alloc Shape
1 1 0 0
0 0 1 1

2 4 	 # U Shape
18.483750337087535 20.46498271305862 31.07357557269227 46.694084268047796
87.76216868853156 88.42539840336549 76.22904543320847 81.68056224406087
2 2 	 # V Shape
0.0 0.0
0.0 0.0
2 4 	 # Alloc Shape
0 0 1 1
1 1 0 0

2 4 	 # U Shape
91.02521116894621 30.33046825081763 33.142930215218634 5.6686266327217405
2.9364493641441447 12.613087143994761 9.960114391646325 16.2180741260738
2 2 	 # V Shape
0.0 0.0
0.0 0.0
2 4 	 # Alloc Shape
1 0 1 0
0 1 0 1

2 4 	 # U Shape
31.18984598798553 25.215345299998027 52.546590847057 55.74421797709572
59.48565014855293 60.55366411662503 7.536713361265246 55.97179628355657
2 2 	 # V Shape
0.0 0.0
0.0 0.0
2 4 	 # Alloc Shape
0 0 1 1
1 1 0 0

2 4 	 # U Shape
59.371493098051516 74.47905627836555 84.69962489307773 51.21036801743922
12.489571073937256 23.37106733572256 27.274570667578026 83.30606568301508
2 2 	 # V Shape
0.0 0.0
0.0 0.0
2 4 	 # Alloc Shape
1 1 1 0
0 0 0 1

2 4 	 # U Shape
36.93480574066159 25.941069263452967 60.880616951299615 19.921243462619167
10.207212789607068 68.74332491951878 1.7843880579658133 94.36496355875792
2 2 	 # V Shape
0.0 0.0
0.0 0.0
2 4 	 # Alloc Shape
1 0 1 0
0 1 0 1

2 4 	 # U Shape
44.46188477516115 33.34170636143172 22.51957083167826 31.528709720608163
14.802901927812396 64.17193905198543 52.643768843088054 19.26123361340779
2 2 	 # V Shape
0.0 0.0
0.0 0.0
2 4 	 # Alloc Shape
1 0 0 1
0 1 1 0

2 4 	 # U Shape
59.54151258307911 9.243052796434458 93.91915186366177 95.35701855415188
52.37772878351951 65.96387129554249 47.934951251809046 49.919534177933635
2 2 	 # V Shape
0.0 0.0
0.0 0.0
2 4 	 # Alloc Shape
0 0 1 1
1 1 0 0

2 4 	 # U Shape
68.36042211741609 4.681679720300725 75.15738661832998 24.05283410679555
34.70107326497346 93.24745342008993 2.2144289343563384 71.01228132623079
2 2 	 # V Shape
0.0 0.0
0.0 0.0
2 4 	 # Alloc Shape
1 0 1 0
0 1 0 1

2 4 	 # U Shape
63.002770191767034 36.53332364537416 89.6899061088446 73.2361862940488
61.49198892672592 83.787946609322 67.93946260325609 72.01669376618976
2 2 	 # V Shape
0.0 0.0
0.0 0.0
2 4 	 # Alloc Shape
1 0 1 0
0 1 0 1

2 4 	 # U Shape
83.69284518430479 11.401973532734555 45.51006897197985 55.92521408671192
77.20407037730706 22.793979202271387 82.82551634168797 51.308912910577455
2 2 	 # V Shape
0.0 0.0
0.0 0.0
2 4 	 # Alloc Shape
1 0 0 1
0 1 1 0

2 4 	 # U Shape
71.75912165394719 77.20540388991715 48.98743190881294 48.818924654364004
85.69142863339384 33.93671912409479 29.56681399884179 0.72993718474893
2 2 	 # V Shape
0.0 0.0
0.0 0.0
2 4 	 # Alloc Shape
0 1 1 1
1 0 0 0

2 4 	 # U Shape
79.43365640947773 12.074559325072265 2.3251633557041074 10.117916502015534
83.55923926055615 67.21389956550617 67.26525953156872 11.91770675391467
2 2 	 # V Shape
0.0 0.0
0.0 0.0
2 4 	 # Alloc Shape
1 0 0 1
0 1 1 0

2 4 	 # U Shape
22.952054924488895 78.27187044851071 12.833591690060864 88.63905499479094
76.39818784357627 49.53350780057034 85.44787156590115 15.937568085119958
2 2 	 # V Shape
0.0 0.0
0.0 0.0
2 4 	 # Alloc Shape
0 1 0 1
1 0 1 0

2 4 	 # U Shape
14.16510114098516 30.009584472076877 33.909563338806926 74.26168136811837
13.392857467044017 43.87152293381461 83.2189414081547 48.1772922529419
2 2 	 # V Shape
0.0 0.0
0.0 0.0
2 4 	 # Alloc Shape
1 0 0 1
0 1 1 0

2 4 	 # U Shape
19.55991408488661 8.978307168285916 9.687492049327274 59.820890473843214
75.52794714449938 67.6833549055417 21.84702336960579 29.395619177179487
2 2 	 # V Shape
0.0 0.0
0.0 0.0
2 4 	 # Alloc Shape
0 0 1 1
1 1 0 0

2 4 	 # U Shape
61.58822398114274 74.22245856066995 52.84427830910361 44.559074408661736
20.164140878371406 53.232437766832795 96.38473240177946 77.49644455007515
2 2 	 # V Shape
0.0 0.0
0.0 0.0
2 4 	 # Alloc Shape
1 1 0 0
0 0 1 1

2 4 	 # U Shape
38.0003450984854 99.41288242804912 47.42594376998458 97.93645576830703
15.32144419672683 49.53316263478571 97.26786471675513 15.3403332244335
2 2 	 # V Shape
0.0 0.0
0.0 0.0
2 4 	 # Alloc Shape
1 1 0 1
0 0 1 0

2 4 	 # U Shape
6.9485267083135955 98.85339770987788 40.74689704004347 80.4776561551722
0.8470206584324846 10.674681039226696 15.05848006630297 20.373301826829504
2 2 	 # V Shape
0.0 0.0
0.0 0.0
2 4 	 # Alloc Shape
1 1 0 0
0 0 1 1

2 4 	 # U Shape
51.594635977841705 28.084421125816604 53.33450632813115 78.77750101648189
55.83592454083185 42.65133177333252 46.3724541733041 97.54888233619559
2 2 	 # V Shape
0.0 0.0
0.0 0.0
2 4 	 # Alloc Shape
1 0 1 0
0 1 0 1

2 4 	 # U Shape
91.24014188975035 60.401828881918306 60.74147558709227 35.46058917377045
65.88476927089474 75.23100661703064 8.114252193196714 81.70886825696691
2 2 	 # V Shape
0.0 0.0
0.0 0.0
2 4 	 # Alloc Shape
1 0 1 0
0 1 0 1

2 4 	 # U Shape
23.620239810273404 1.4911714483096028 43.430067206226454 26.153177591436883
35.12247332167949 94.48013973674563 8.937897132779538 21.684660784992438
2 2 	 # V Shape
0.0 0.0
0.0 0.0
2 4 	 # Alloc Shape
0 0 1 1
1 1 0 0

2 4 	 # U Shape
56.30624299618642 81.89145516073127 61.17139767584951 76.72712520423214
4.284667365294426 72.8485617622767 3.9074605555322273 9.261285279727272
2 2 	 # V Shape
0.0 0.0
0.0 0.0
2 4 	 # Alloc Shape
1 0 1 1
0 1 0 0

2 4 	 # U Shape
0.8191371776415379 36.87691956004515 91.84983561120941 30.64651602661327
55.360482066053216 24.010871325401528 96.5561379533687 42.57786896319746
2 2 	 # V Shape
0.0 0.0
0.0 0.0
2 4 	 # Alloc Shape
0 1 1 0
1 0 0 1

2 4 	 # U Shape
8.112635320772366 1.197635742207459 19.634817491186197 64.48679599442261
28.665964257466413 77.62920242617206 79.57919324513179 42.670195156171516
2 2 	 # V Shape
0.0 0.0
0.0 0.0
2 4 	 # Alloc Shape
0 0 0 1
1 1 1 0

2 4 	 # U Shape
31.200298111845992 95.90529813937633 7.101146768965993 24.523756012518984
10.71317958389807 81.22003739638185 31.729123929827363 61.262414553975105
2 2 	 # V Shape
0.0 0.0
0.0 0.0
2 4 	 # Alloc Shape
1 1 0 0
0 0 1 1

2 4 	 # U Shape
95.91844054447448 89.45969729031185 33.518005884418 57.4674142546554
1.5492776169580336 82.48487995276035 14.179179214165904 78.49533941585301
2 2 	 # V Shape
0.0 0.0
0.0 0.0
2 4 	 # Alloc Shape
1 0 1 0
0 1 0 1

2 4 	 # U Shape
97.47291720441635 17.49330273429681 35.148596089229535 13.13451191824071
28.252787123122147 12.592927937666076 82.6884135617594 91.36307785642323
2 2 	 # V Shape
0.0 0.0
0.0 0.0
2 4 	 # Alloc Shape
1 1 0 0
0 0 1 1

2 4 	 # U Shape
33.40260261121505 49.131239021708154 34.2572111194416 45.37055801458004
77.71952027084976 80.66822888726432 58.521108245154466 33.33655777590522
2 2 	 # V Shape
0.0 0.0
0.0 0.0
2 4 	 # Alloc Shape
0 1 0 1
1 0 1 0

2 4 	 # U Shape
38.265726109608146 7.236750781159884 77.93824552079698 77.25357092641812
13.823085759362918 21.340258010933123 47.67747007986082 62.34947315558015
2 2 	 # V Shape
0.0 0.0
0.0 0.0
2 4 	 # Alloc Shape
1 0 1 0
0 1 0 1

2 4 	 # U Shape
60.54529417358513 73.19108146605144 46.57043550437425 27.738879975055696
2.9440196659889617 49.87212292876884 27.795663146549522 34.35320066572503
2 2 	 # V Shape
0.0 0.0
0.0 0.0
2 4 	 # Alloc Shape
1 0 1 0
0 1 0 1

2 4 	 # U Shape
22.0753420841713 31.863870996224087 89.28713704680095 26.867550090431536
40.220814463375895 68.83779132705128 29.464701519693826 93.43828782728394
2 2 	 # V Shape
0.0 0.0
0.0 0.0
2 4 	 # Alloc Shape
0 0 1 0
1 1 0 1

2 4 	 # U Shape
75.98916999813389 55.931805694941126 97.80205748671165 29.025471177693984
93.16989435540809 81.85389976988246 41.73023465354221 22.411938360049977
2 2 	 # V Shape
0.0 0.0
0.0 0.0
2 4 	 # Alloc Shape
0 0 1 1
1 1 0 0

2 4 	 # U Shape
94.42388583129355 58.269180868341465 95.4814031163388 76.08324884595673
8.055268175308461 63.456776559548686 54.42625224688674 89.50485801127543
2 2 	 # V Shape
0.0 0.0
0.0 0.0
2 4 	 # Alloc Shape
1 0 1 0
0 1 0 1

2 4 	 # U Shape
73.42943419799838 62.426390770735566 41.81755245333398 99.28522416385488
20.387949947873185 86.07735836964292 94.14246812428814 1.2344163157499533
2 2 	 # V Shape
0.0 0.0
0.0 0.0
2 4 	 # Alloc Shape
1 0 0 1
0 1 1 0

2 4 	 # U Shape
16.59980177438315 4.258529146809797 1.9512134913769241 60.381474924369186
26.98823164142512 36.96250823352734 63.08546403211519 33.81021854068075
2 2 	 # V Shape
0.0 0.0
0.0 0.0
2 4 	 # Alloc Shape
1 0 0 1
0 1 1 0

2 4 	 # U Shape
72.63168025356026 0.3091325176660553 69.30213065647793 92.70107642050965
22.581268631263928 99.00766191600623 45.07636806295597 63.6375698852177
2 2 	 # V Shape
0.0 0.0
0.0 0.0
2 4 	 # Alloc Shape
1 0 0 1
0 1 1 0

2 4 	 # U Shape
49.84618028414523 27.118849588491713 61.016030115953804 13.081592038633827
64.53981556959499 88.43087815767882 59.98489243622266 48.89290978920625
2 2 	 # V Shape
0.0 0.0
0.0 0.0
2 4 	 # Alloc Shape
1 0 1 0
0 1 0 1

2 4 	 # U Shape
16.41111423252739 55.10715332790559 19.08333958624382 72.47487845545632
61.75575385941977 31.59107141053927 0.14586071267581602 66.59040503404809
2 2 	 # V Shape
0.0 0.0
0.0 0.0
2 4 	 # Alloc Shape
0 1 1 0
1 0 0 1

2 4 	 # U Shape
96.90879945995759 44.748682004918315 20.289616835662805 53.0408371263359
79.61757368525073 40.608838634496045 1.0870653022849397 96.06143111467794
2 2 	 # V Shape
0.0 0.0
0.0 0.0
2 4 	 # Alloc Shape
1 0 1 0
0 1 0 1

2 4 	 # U Shape
29.211213201730445 6.132093152365314 23.02868588404432 19.169442240403768
37.62559626520884 42.73694581381046 15.207056483641356 32.06179775930846
2 2 	 # V Shape
0.0 0.0
0.0 0.0
2 4 	 # Alloc Shape
1 0 1 0
0 1 0 1

2 4 	 # U Shape
6.359619543009709 3.654906020377946 80.60521472922836 32.857997178556516
55.553997524133166 88.14869374509338 95.31399802774514 5.220500645180648
2 2 	 # V Shape
0.0 0.0
0.0 0.0
2 4 	 # Alloc Shape
0 0 1 1
1 1 0 0

2 4 	 # U Shape
75.43078328449651 19.272212405111723 61.1867041069302 60.252602934079405
88.02347515848065 65.31145973184026 46.3047460828577 89.89829286382005
2 2 	 # V Shape
0.0 0.0
0.0 0.0
2 4 	 # Alloc Shape
1 0 1 0
0 1 0 1

2 4 	 # U Shape
81.45193979756287 19.04829643368827 30.839408693522984 3.535970211202666
0.8741636598340374 62.98662501930475 37.89982978396908 40.442296617451646
2 2 	 # V Shape
0.0 0.0
0.0 0.0
2 4 	 # Alloc Shape
1 0 1 0
0 1 0 1

2 4 	 # U Shape
55.05407631900108 39.97087787383623 10.956494166195407 98.11922936461504
20.017373115433458 54.79141173938559 37.51356117638428 67.26752318819952
2 2 	 # V Shape
0.0 0.0
0.0 0.0
2 4 	 # Alloc Shape
1 0 0 1
0 1 1 0

2 4 	 # U Shape
0.16279271599773937 45.58178288676644 47.30518511938045 95.60124787753223
65.48018210118333 79.48419203488636 24.80559075986678 36.922043136092086
2 2 	 # V Shape
0.0 0.0
0.0 0.0
2 4 	 # Alloc Shape
0 0 1 1
1 1 0 0

2 4 	 # U Shape
38.391322948971954 86.30626843034177 77.88460799616722 25.150743330955507
73.89329794911511 11.471310836124848 82.0073967827611 89.59038419424562
2 2 	 # V Shape
0.0 0.0
0.0 0.0
2 4 	 # Alloc Shape
0 1 1 0
1 0 0 1

2 4 	 # U Shape
74.58002235524252 82.05086015493421 44.20378176653844 93.6091520686005
58.05941064936045 66.91421282712759 44.58424934487593 20.375158247138568
2 2 	 # V Shape
0.0 0.0
0.0 0.0
2 4 	 # Alloc Shape
1 0 0 1
0 1 1 0

2 4 	 # U Shape
23.09165710697847 28.56971854603927 32.8066643957138 45.979618933997116
91.4551386562409 97.35172263205342 32.23985681053713 36.83031490257331
2 2 	 # V Shape
0.0 0.0
0.0 0.0
2 4 	 # Alloc Shape
0 0 1 1
1 1 0 0

2 4 	 # U Shape
59.08806400693318 3.213751411140575 78.39399921742621 30.467857130904598
33.09676239965991 15.648466764987578 49.91257017598859 95.03084093900827
2 2 	 # V Shape
0.0 0.0
0.0 0.0
2 4 	 # Alloc Shape
1 0 1 0
0 1 0 1

2 4 	 # U Shape
54.95331604396002 67.69343411612405 79.90644664715077 63.275737289180775
47.05367683497084 28.672806183639622 76.17528792904233 29.246516450061943
2 2 	 # V Shape
0.0 0.0
0.0 0.0
2 4 	 # Alloc Shape
0 1 0 1
1 0 1 0

2 4 	 # U Shape
24.20432422003309 85.96445842222826 23.590881620959138 46.41571887867963
58.688948114693105 74.21290955357257 88.55060670556261 71.68556444183747
2 2 	 # V Shape
0.0 0.0
0.0 0.0
2 4 	 # Alloc Shape
0 1 0 1
1 0 1 0

2 4 	 # U Shape
95.35971709762407 50.15097774142397 94.53527464338718 33.4663352330741
15.21183499497668 25.082166878121757 29.299866765249472 58.31508348016865
2 2 	 # V Shape
0.0 0.0
0.0 0.0
2 4 	 # Alloc Shape
1 0 1 0
0 1 0 1

2 4 	 # U Shape
60.16274212007349 18.116759912718837 9.38242231724644 72.24509200804235
61.115292735691426 31.2613915287147 61.465442785554266 46.06002057949055
2 2 	 # V Shape
0.0 0.0
0.0 0.0
2 4 	 # Alloc Shape
1 0 0 1
0 1 1 0

2 4 	 # U Shape
84.25701551940897 40.797530888895594 51.674002039164435 83.23907496525248
91.25602511634918 56.46128395290423 38.421231169832794 52.00885403343432
2 2 	 # V Shape
0.0 0.0
0.0 0.0
2 4 	 # Alloc Shape
0 0 1 1
1 1 0 0

2 4 	 # U Shape
14.671896296234422 12.154876837617913 99.9896016265908 6.269432892727522
96.03860644889942 18.660772188785323 76.7715585877033 75.59279392057837
2 2 	 # V Shape
0.0 0.0
0.0 0.0
2 4 	 # Alloc Shape
0 1 1 0
1 0 0 1

2 4 	 # U Shape
78.1278257721499 53.599710874006945 9.626284931337892 14.255260690815753
13.791310291309522 78.78662084133636 17.74888406589944 85.74522763988995
2 2 	 # V Shape
0.0 0.0
0.0 0.0
2 4 	 # Alloc Shape
1 0 1 0
0 1 0 1

2 4 	 # U Shape
46.17415922376629 14.35527838066517 42.84108486480815 54.771842491165714
6.336013165963717 83.87497793364264 33.1755202948894 57.77796147368501
2 2 	 # V Shape
0.0 0.0
0.0 0.0
2 4 	 # Alloc Shape
1 0 1 0
0 1 0 1

2 4 	 # U Shape
37.08075261138375 20.807353764294202 72.59459454866834 40.28294109138771
22.62590927303776 37.08114372466274 71.40234762868728 49.74827193204542
2 2 	 # V Shape
0.0 0.0
0.0 0.0
2 4 	 # Alloc Shape
1 0 1 0
0 1 0 1

2 4 	 # U Shape
68.82675490229566 72.33980426713865 1.6984559233720664 63.204715779061296
94.59481392610553 45.86706943903417 54.32528730804368 31.583566746657
2 2 	 # V Shape
0.0 0.0
0.0 0.0
2 4 	 # Alloc Shape
0 1 0 1
1 0 1 0

2 4 	 # U Shape
85.37509300196106 22.505835595736023 9.428058145572038 59.21749770904465
69.8374544625528 82.15539889481063 48.67577894199595 90.25399667674087
2 2 	 # V Shape
0.0 0.0
0.0 0.0
2 4 	 # Alloc Shape
1 0 0 1
0 1 1 0

2 4 	 # U Shape
44.96313878249511 73.33721540638943 23.445493068972745 94.38745057870491
16.9608308185888 54.660007326846994 60.874516473432436 19.10524223135166
2 2 	 # V Shape
0.0 0.0
0.0 0.0
2 4 	 # Alloc Shape
1 0 0 1
0 1 1 0

2 4 	 # U Shape
71.2555294011411 9.36195251569627 0.9559375245053903 59.5277463793924
64.8245223650623 26.918210989336455 44.416373490185876 4.155641682788325
2 2 	 # V Shape
0.0 0.0
0.0 0.0
2 4 	 # Alloc Shape
1 0 0 1
0 1 1 0

2 4 	 # U Shape
56.737154064612895 44.160404536777406 57.93848127967244 6.525884334555765
45.59801779594353 50.284382949839156 82.63407279808031 8.097241199762239
2 2 	 # V Shape
0.0 0.0
0.0 0.0
2 4 	 # Alloc Shape
1 1 0 0
0 0 1 1

2 4 	 # U Shape
84.41903090305375 5.428515008165036 22.13037022138432 22.810439058904276
64.37663138972856 62.993578202317856 32.51136821163505 58.70832694054617
2 2 	 # V Shape
0.0 0.0
0.0 0.0
2 4 	 # Alloc Shape
1 0 0 0
0 1 1 1

2 4 	 # U Shape
84.30004098368629 90.92971281663183 37.45660226565429 21.306224093654436
64.34752674728227 96.33548922705081 65.51045817097881 65.61931991373147
2 2 	 # V Shape
0.0 0.0
0.0 0.0
2 4 	 # Alloc Shape
1 1 0 0
0 0 1 1

2 4 	 # U Shape
23.6697968197786 84.09760653628867 52.410064580405944 22.045236043363793
74.4570351252405 89.49739790107625 49.674941729880295 12.957711451815367
2 2 	 # V Shape
0.0 0.0
0.0 0.0
2 4 	 # Alloc Shape
0 1 0 1
1 0 1 0

2 4 	 # U Shape
80.82798762609241 62.147373158919564 35.21561731488318 94.86816969185294
59.859924606580414 29.25917708918383 49.49332151883748 32.89653268154381
2 2 	 # V Shape
0.0 0.0
0.0 0.0
2 4 	 # Alloc Shape
0 1 0 1
1 0 1 0

2 4 	 # U Shape
4.147184779704094 93.120837415903 80.48169497296702 38.39586827596519
32.83513057990246 77.28490191873114 24.18194331839404 90.4090737801764
2 2 	 # V Shape
0.0 0.0
0.0 0.0
2 4 	 # Alloc Shape
0 1 1 0
1 0 0 1

2 4 	 # U Shape
76.23992804920152 87.01580120911672 88.45646334612404 26.679915844535852
64.812748216369 67.50573462741174 4.301110634921146 21.676762367767854
2 2 	 # V Shape
0.0 0.0
0.0 0.0
2 4 	 # Alloc Shape
0 0 1 1
1 1 0 0

2 4 	 # U Shape
17.052830980906286 50.813699723724184 91.32406999620245 27.156631319002067
91.26067846208728 58.43522582591854 10.04662942790101 22.30437679595989
2 2 	 # V Shape
0.0 0.0
0.0 0.0
2 4 	 # Alloc Shape
0 0 1 1
1 1 0 0

2 4 	 # U Shape
84.14352649802814 10.135827463255309 23.019212322801263 72.36167669515
54.70644538136491 62.69889491579686 31.70049982161185 64.93647844091204
2 2 	 # V Shape
0.0 0.0
0.0 0.0
2 4 	 # Alloc Shape
1 0 0 1
0 1 1 0

2 4 	 # U Shape
26.825093727073067 44.29625640088065 14.512688494539605 63.89922892738233
48.584820214899025 96.16381816187112 36.968734532081626 50.386600532382744
2 2 	 # V Shape
0.0 0.0
0.0 0.0
2 4 	 # Alloc Shape
1 0 0 1
0 1 1 0

2 4 	 # U Shape
82.12430501969283 42.00220525529706 55.21473074841471 68.13736372220106
62.421761576527935 64.03781817060461 34.02426612200341 77.53642311234789
2 2 	 # V Shape
0.0 0.0
0.0 0.0
2 4 	 # Alloc Shape
1 0 1 0
0 1 0 1

2 4 	 # U Shape
15.67695501301527 52.359958355297245 48.20958250665362 47.75082665842532
95.81811069088731 86.1680368223243 53.61273879623474 67.81059730743922
2 2 	 # V Shape
0.0 0.0
0.0 0.0
2 4 	 # Alloc Shape
0 0 1 1
1 1 0 0

2 4 	 # U Shape
67.81474462451543 28.382738170831622 9.204015676446298 89.14111549935244
13.58323783943527 12.352589555846105 1.3228198240969213 81.86801194191045
2 2 	 # V Shape
0.0 0.0
0.0 0.0
2 4 	 # Alloc Shape
1 1 1 0
0 0 0 1

2 4 	 # U Shape
84.95780049862682 77.36799476239523 8.472062567001482 10.526534113140295
58.54504112689211 89.7857646706695 24.126576130021814 35.849429374474774
2 2 	 # V Shape
0.0 0.0
0.0 0.0
2 4 	 # Alloc Shape
1 0 0 0
0 1 1 1

2 4 	 # U Shape
58.71399644734877 8.365624639696001 61.82130418183582 9.483336737332737
9.514408945992548 31.218125411324426 30.88912221276281 16.385706121864573
2 2 	 # V Shape
0.0 0.0
0.0 0.0
2 4 	 # Alloc Shape
1 0 1 0
0 1 0 1

2 4 	 # U Shape
40.77082482931269 65.22208800317098 55.21334773506796 43.259763912864635
17.862735430309883 76.32049324224394 42.38976570952756 86.90844945944235
2 2 	 # V Shape
0.0 0.0
0.0 0.0
2 4 	 # Alloc Shape
1 0 1 0
0 1 0 1

2 4 	 # U Shape
0.3343138964746917 51.09477925490946 42.56814408978655 96.59188529308092
89.40979951021197 83.833980189419 44.69911562199271 75.07734543355684
2 2 	 # V Shape
0.0 0.0
0.0 0.0
2 4 	 # Alloc Shape
0 0 1 1
1 1 0 0

2 4 	 # U Shape
49.93354629409426 60.12638175320196 14.790583257394985 51.684348495322155
41.785928445146105 81.2126813310917 64.09281677821083 72.2873606963102
2 2 	 # V Shape
0.0 0.0
0.0 0.0
2 4 	 # Alloc Shape
1 1 0 0
0 0 1 1

2 4 	 # U Shape
47.2900936232148 40.391940211767995 72.59079936959156 81.81470463454194
30.48310281959139 94.26565375298303 21.750773015177284 68.20398563520736
2 2 	 # V Shape
0.0 0.0
0.0 0.0
2 4 	 # Alloc Shape
1 0 1 0
0 1 0 1

2 4 	 # U Shape
54.038381256527224 8.195026536125315 66.5794453849964 58.34033358211539
24.694563668028678 18.774426567515444 84.62740689582095 34.658486485443106
2 2 	 # V Shape
0.0 0.0
0.0 0.0
2 4 	 # Alloc Shape
1 0 0 1
0 1 1 0

2 4 	 # U Shape
79.19970191046609 60.98324733826651 3.8973092588694525 37.388130978828116
52.94927950499585 81.95590999038818 11.868401528029382 43.77541083562885
2 2 	 # V Shape
0.0 0.0
0.0 0.0
2 4 	 # Alloc Shape
1 0 0 1
0 1 1 0

2 4 	 # U Shape
56.475455284457475 40.66402457082855 35.74254607240428 89.33899132903052
69.054065845112 52.43546749534161 2.70718035776073 87.89072693772899
2 2 	 # V Shape
0.0 0.0
0.0 0.0
2 4 	 # Alloc Shape
0 0 1 1
1 1 0 0

2 4 	 # U Shape
30.395485241872912 65.13419231305105 48.72435980338137 92.71655792575761
50.4869101591457 26.125839473892544 23.510327756578953 61.2201203698089
2 2 	 # V Shape
0.0 0.0
0.0 0.0
2 4 	 # Alloc Shape
0 1 1 0
1 0 0 1

2 4 	 # U Shape
31.161849493276282 47.74424107908042 77.07030236181095 31.312519145772967
83.12552925689248 36.88295603204542 30.009353022744488 44.26917988476179
2 2 	 # V Shape
0.0 0.0
0.0 0.0
2 4 	 # Alloc Shape
0 1 1 0
1 0 0 1

2 4 	 # U Shape
15.37385393354188 92.94246085722448 21.13718079714131 14.842979297433478
28.342414185207808 21.093992749409608 84.1685705974961 34.13039685758109
2 2 	 # V Shape
0.0 0.0
0.0 0.0
2 4 	 # Alloc Shape
0 1 0 0
1 0 1 1

2 4 	 # U Shape
1.562572958471864 67.63890967729697 9.184636629622545 59.797914234215895
11.17518464985009 21.71767172041381 95.10738920079258 63.426856508445184
2 2 	 # V Shape
0.0 0.0
0.0 0.0
2 4 	 # Alloc Shape
0 1 0 1
1 0 1 0

2 4 	 # U Shape
53.33310363150746 3.0874421290305154 28.570252745887625 80.69757677653384
32.11193742422327 6.960555147277359 91.53226051409284 76.62596024314851
2 2 	 # V Shape
0.0 0.0
0.0 0.0
2 4 	 # Alloc Shape
1 0 0 1
0 1 1 0

2 4 	 # U Shape
1.933914541987214 56.55988685136803 76.65114456142211 68.12839934110198
66.80166889676812 56.526612904679716 80.77055442655467 69.60188058685875
2 2 	 # V Shape
0.0 0.0
0.0 0.0
2 4 	 # Alloc Shape
0 1 0 1
1 0 1 0

2 4 	 # U Shape
61.121335759597336 86.16577624673741 37.96470254089167 93.46635341363331
87.99486201842433 84.78333703859498 35.83544226020049 72.83093628036869
2 2 	 # V Shape
0.0 0.0
0.0 0.0
2 4 	 # Alloc Shape
0 0 1 1
1 1 0 0

2 4 	 # U Shape
60.34188748465253 14.558552333834085 90.34724721245163 89.14279934019756
10.683674397266296 38.623447461424696 1.873974406017731 45.66346737059591
2 2 	 # V Shape
0.0 0.0
0.0 0.0
2 4 	 # Alloc Shape
1 0 1 0
0 1 0 1

2 4 	 # U Shape
81.41772885621806 81.33474470409267 3.012004246658373 5.838528969082302
7.966903671813064 31.412639768116215 56.82947923297414 76.8932041169689
2 2 	 # V Shape
0.0 0.0
0.0 0.0
2 4 	 # Alloc Shape
1 1 0 0
0 0 1 1

2 4 	 # U Shape
89.35474637019902 51.022241428682 28.62584790484769 83.15926665565195
33.48275957803484 69.45371995307391 61.547172481111936 8.163344798288675
2 2 	 # V Shape
0.0 0.0
0.0 0.0
2 4 	 # Alloc Shape
1 0 0 1
0 1 1 0

