2 4 	 # U Shape
75.16615138131563 60.734334420805055 79.40213504553834 38.80429843218492
34.03471859919765 66.19121603552212 90.5547798115853 72.00305227716338
2 2 	 # V Shape
0.0 0.0
0.0 0.0
2 4 	 # Alloc Shape
1 1 0 0
0 0 1 1

2 4 	 # U Shape
93.91065487220239 53.83881324363677 47.013785713839276 62.443252701375286
68.97781389193906 28.876603300730462 5.283655977782398 78.76702155662866
2 2 	 # V Shape
0.0 0.0
0.0 0.0
2 4 	 # Alloc Shape
1 1 1 0
0 0 0 1

2 4 	 # U Shape
27.195552942899127 61.81132100183178 58.96591612588744 68.65774560308135
30.02188686883882 62.3910376824384 8.892723455528383 53.76188949088665
2 2 	 # V Shape
0.0 0.0
0.0 0.0
2 4 	 # Alloc Shape
0 0 1 1
1 1 0 0

2 4 	 # U Shape
99.58596172754386 53.362059271995165 9.084774223440917 27.55046715791315
18.595404803535722 45.03093764582238 42.40557934706731 0.29106526890401163
2 2 	 # V Shape
0.0 0.0
0.0 0.0
2 4 	 # Alloc Shape
1 0 0 1
0 1 1 0

2 4 	 # U Shape
22.658787689942837 87.24318623454285 13.635835175923795 23.638016015282027
59.53992453523792 56.3922609078715 95.89347319832972 45.32393332235999
2 2 	 # V Shape
0.0 0.0
0.0 0.0
2 4 	 # Alloc Shape
0 1 0 0
1 0 1 1

2 4 	 # U Shape
42.16854578871543 63.068621580646955 37.84935488872042 2.140332819446955
97.87259345455817 75.84356267014928 3.1185847124287736 59.22589204961422
2 2 	 # V Shape
0.0 0.0
0.0 0.0
2 4 	 # Alloc Shape
0 1 1 0
1 0 0 1

2 4 	 # U Shape
91.47858452013558 20.978228136956233 31.26196497996204 20.941107142573046
54.19123417098787 35.861244822905746 89.77244515299736 62.130506835024576
2 2 	 # V Shape
0.0 0.0
0.0 0.0
2 4 	 # Alloc Shape
1 0 0 0
0 1 1 1

2 4 	 # U Shape
7.972011775621979 17.167529767716484 83.81490322209999 56.416027886181105
34.97822136010315 14.500296285546677 9.85190759170267 56.01814183160807
2 2 	 # V Shape
0.0 0.0
0.0 0.0
2 4 	 # Alloc Shape
0 1 1 0
1 0 0 1

2 4 	 # U Shape
86.92688002827899 85.79336565832706 32.2348939449214 40.49322622008869
43.9539710467189 88.36584548371536 89.19464028943334 39.47468031411334
2 2 	 # V Shape
0.0 0.0
0.0 0.0
2 4 	 # Alloc Shape
1 0 0 1
0 1 1 0

2 4 	 # U Shape
99.65909972205648 86.94276524302548 63.96437868563761 28.45561795691298
91.46136181770078 17.452686066963462 96.85200162184809 75.5009613285223
2 2 	 # V Shape
0.0 0.0
0.0 0.0
2 4 	 # Alloc Shape
1 1 0 0
0 0 1 1

2 4 	 # U Shape
73.16177873328607 92.33753095611755 18.145762882566007 92.5909640668737
14.247406731288525 31.6715619978304 81.0735547564215 72.35500895947973
2 2 	 # V Shape
0.0 0.0
0.0 0.0
2 4 	 # Alloc Shape
1 1 0 0
0 0 1 1

2 4 	 # U Shape
40.72112500340459 91.56769446495623 45.632374934121344 67.8655466688539
24.81133690610047 67.67637379155624 55.08155388095959 68.31635156194962
2 2 	 # V Shape
0.0 0.0
0.0 0.0
2 4 	 # Alloc Shape
1 1 0 0
0 0 1 1

2 4 	 # U Shape
66.89037930967858 14.352054836853013 79.28879809301641 21.5512697151754
95.59500306879225 8.285801012063597 64.10300846501192 61.344624540601785
2 2 	 # V Shape
0.0 0.0
0.0 0.0
2 4 	 # Alloc Shape
0 1 1 0
1 0 0 1

2 4 	 # U Shape
76.74015051186733 68.57875990098627 27.309396011782994 16.353307883213052
10.29163661719199 48.938156061703516 83.30846652741157 32.32566764847034
2 2 	 # V Shape
0.0 0.0
0.0 0.0
2 4 	 # Alloc Shape
1 1 0 0
0 0 1 1

2 4 	 # U Shape
7.706168196491092 47.43696291039694 95.5539748182794 1.77841272315451
11.591267721617172 53.95621901893743 3.1992944459879435 13.167652548594722
2 2 	 # V Shape
0.0 0.0
0.0 0.0
2 4 	 # Alloc Shape
0 0 1 0
1 1 0 1

2 4 	 # U Shape
5.4336741179771275 54.56692281594621 15.275763636954864 35.28836635151593
69.7170747982277 59.15385222570217 34.794034996190724 21.311636152941105
2 2 	 # V Shape
0.0 0.0
0.0 0.0
2 4 	 # Alloc Shape
0 1 0 1
1 0 1 0

2 4 	 # U Shape
42.055406097852924 30.79285250317978 11.645299583605972 4.239463428969836
46.28721193440405 76.35029227891347 18.483886868933695 77.32096406365962
2 2 	 # V Shape
0.0 0.0
0.0 0.0
2 4 	 # Alloc Shape
1 0 1 0
0 1 0 1

2 4 	 # U Shape
50.24918501138289 26.154314028399416 79.67787559433181 15.507878896953397
86.59777198314929 46.10232275902189 56.17452412785726 31.224626582455816
2 2 	 # V Shape
0.0 0.0
0.0 0.0
2 4 	 # Alloc Shape
0 0 1 0
1 1 0 1

2 4 	 # U Shape
77.26394398435724 99.13709810231138 41.593246055602826 21.464574557780058
92.18865879320106 81.44875806380291 91.38979879200605 21.0700325868905
2 2 	 # V Shape
0.0 0.0
0.0 0.0
2 4 	 # Alloc Shape
0 1 0 1
1 0 1 0

2 4 	 # U Shape
6.029837715196784 3.4727893949739297 33.484669107965736 75.12200856876015
28.157732981820217 67.38307353578905 27.647291808917828 57.449031031234576
2 2 	 # V Shape
0.0 0.0
0.0 0.0
2 4 	 # Alloc Shape
0 0 1 1
1 1 0 0

2 4 	 # U Shape
14.100425819988416 85.39194254387951 72.7540444007251 6.912932506394953
62.14300291700716 43.298992533864414 88.73809450857725 61.80099123132202
2 2 	 # V Shape
0.0 0.0
0.0 0.0
2 4 	 # Alloc Shape
0 1 1 0
1 0 0 1

2 4 	 # U Shape
69.74605923147593 47.37527480658923 5.760354641651455 13.788991958710838
27.113121163525378 2.1924951992596364 15.92114911396707 22.088557324377344
2 2 	 # V Shape
0.0 0.0
0.0 0.0
2 4 	 # Alloc Shape
1 1 0 0
0 0 1 1

2 4 	 # U Shape
25.9458301492818 99.42182239444904 44.55165857404742 77.17928513447323
46.52680696305701 58.627641346337214 50.64823556540923 86.92050538193617
2 2 	 # V Shape
0.0 0.0
0.0 0.0
2 4 	 # Alloc Shape
0 1 1 0
1 0 0 1

2 4 	 # U Shape
58.90703191084491 62.15951688718421 85.83884005911736 95.01726778033009
80.55285729393307 87.50499437542855 34.47877569916551 31.892309597346546
2 2 	 # V Shape
0.0 0.0
0.0 0.0
2 4 	 # Alloc Shape
0 0 1 1
1 1 0 0

2 4 	 # U Shape
96.57133434706942 53.19236903678011 46.36849986260837 89.98651566884881
82.83401897379221 47.78438655616931 42.34414976702424 40.75446608555613
2 2 	 # V Shape
0.0 0.0
0.0 0.0
2 4 	 # Alloc Shape
0 1 0 1
1 0 1 0

2 4 	 # U Shape
69.7891619533744 33.85338400514285 91.46519814960016 78.07632236534118
4.354047247221482 65.91782061913052 5.219049241219553 64.5568408255403
2 2 	 # V Shape
0.0 0.0
0.0 0.0
2 4 	 # Alloc Shape
1 0 1 0
0 1 0 1

2 4 	 # U Shape
88.03618402785287 29.34834659320331 21.65462848097195 8.86172599137277
48.56871054835214 13.059910453566914 64.63898656774009 27.093635216611347
2 2 	 # V Shape
0.0 0.0
0.0 0.0
2 4 	 # Alloc Shape
1 1 0 0
0 0 1 1

2 4 	 # U Shape
88.63214292373479 70.02902390291167 23.14890804931228 79.1916839627217
5.372000908483232 8.955772440347065 23.555529011988607 75.87456457715554
2 2 	 # V Shape
0.0 0.0
0.0 0.0
2 4 	 # Alloc Shape
1 1 0 0
0 0 1 1

2 4 	 # U Shape
71.96914609630558 66.37332787765109 57.343137263405666 94.86124916070513
80.0735049697734 48.163882547746795 40.6037942558783 22.0713767740505
2 2 	 # V Shape
0.0 0.0
0.0 0.0
2 4 	 # Alloc Shape
0 0 1 1
1 1 0 0

2 4 	 # U Shape
1.2071931503588762 89.7016478349729 49.988794372192125 19.347905748067916
59.509649791120786 17.41333439877574 88.05436493254781 53.49225641219968
2 2 	 # V Shape
0.0 0.0
0.0 0.0
2 4 	 # Alloc Shape
0 1 0 0
1 0 1 1

2 4 	 # U Shape
65.28860762398584 4.808905997355051 12.228350848374546 93.13812655624874
35.74598846072694 22.67533271739618 21.852084314786325 93.41409790636058
2 2 	 # V Shape
0.0 0.0
0.0 0.0
2 4 	 # Alloc Shape
1 0 0 0
0 1 1 1

2 4 	 # U Shape
75.45078905941257 81.49444297558229 46.180569116224255 41.03296009564381
64.71614622041749 93.44340030104384 32.79322914154263 60.73569322379283
2 2 	 # V Shape
0.0 0.0
0.0 0.0
2 4 	 # Alloc Shape
1 0 1 0
0 1 0 1

2 4 	 # U Shape
22.811320208789542 58.54908052659679 10.157897472267607 83.18204674950293
31.595698549031436 82.41501738055362 81.63099273423717 37.39277080895428
2 2 	 # V Shape
0.0 0.0
0.0 0.0
2 4 	 # Alloc Shape
1 0 0 1
0 1 1 0

2 4 	 # U Shape
57.58174362445533 24.221232186873753 0.5604089899198694 70.73048394992638
88.08237982988786 60.25018362665696 75.50654114298185 89.48655555762267
2 2 	 # V Shape
0.0 0.0
0.0 0.0
2 4 	 # Alloc Shape
1 0 0 1
0 1 1 0

2 4 	 # U Shape
10.583251413327144 19.144290757823924 72.75902968249709 14.780434476077541
86.87905051441777 99.28799605212063 36.638578260507835 21.135275446180003
2 2 	 # V Shape
0.0 0.0
0.0 0.0
2 4 	 # Alloc Shape
0 0 1 1
1 1 0 0

2 4 	 # U Shape
63.41071275571921 7.313276831160264 10.921373737099438 21.008439262544552
42.56365058348764 48.51996937563654 74.8412988858732 88.81033512270014
2 2 	 # V Shape
0.0 0.0
0.0 0.0
2 4 	 # Alloc Shape
1 0 0 0
0 1 1 1

2 4 	 # U Shape
77.57875365490159 54.7982422485988 83.05526345309147 34.278307085371566
0.8807492231377556 34.83352171663279 65.85246195864656 32.69187525476479
2 2 	 # V Shape
0.0 0.0
0.0 0.0
2 4 	 # Alloc Shape
1 1 0 0
0 0 1 1

2 4 	 # U Shape
58.241829275425786 48.94849843709771 82.81857868959013 59.969488108909886
45.37712726381857 62.06639160189113 39.86496796946282 67.57767176844848
2 2 	 # V Shape
0.0 0.0
0.0 0.0
2 4 	 # Alloc Shape
1 0 1 0
0 1 0 1

2 4 	 # U Shape
12.71912822212512 92.81877693571259 12.12871261501669 31.918001771272653
27.18137857091549 33.56688723050928 19.032793259580817 24.574627165178033
2 2 	 # V Shape
0.0 0.0
0.0 0.0
2 4 	 # Alloc Shape
0 1 0 0
1 0 1 1

2 4 	 # U Shape
10.527567762060253 20.04108058737809 22.738965355925046 20.68138756707494
49.706137698717136 29.482946887032046 60.40759527552062 73.67238044020448
2 2 	 # V Shape
0.0 0.0
0.0 0.0
2 4 	 # Alloc Shape
0 1 1 0
1 0 0 1

2 4 	 # U Shape
96.18293980027623 69.30611427814799 53.273684861401826 51.211240983222005
73.07888041703741 14.923552077495462 85.81969459108242 57.832440885467484
2 2 	 # V Shape
0.0 0.0
0.0 0.0
2 4 	 # Alloc Shape
1 1 0 0
0 0 1 1

2 4 	 # U Shape
54.649200366366166 3.7702052730020807 88.82648796439356 48.61872499755644
81.03218000072529 30.424274271873053 68.86567654991926 91.87017961981115
2 2 	 # V Shape
0.0 0.0
0.0 0.0
2 4 	 # Alloc Shape
0 0 1 0
1 1 0 1

2 4 	 # U Shape
3.185386026354675 65.71595535584477 14.812747374863921 68.72629412303934
48.557950649286084 34.464307577142414 47.316507571707966 7.258259150445323
2 2 	 # V Shape
0.0 0.0
0.0 0.0
2 4 	 # Alloc Shape
0 1 0 1
1 0 1 0

2 4 	 # U Shape
52.22846206661554 90.97631267801837 9.035377828422341 72.06602574624713
81.24101746351249 18.264690848365795 64.95431796264634 24.884015835787487
2 2 	 # V Shape
0.0 0.0
0.0 0.0
2 4 	 # Alloc Shape
0 1 0 1
1 0 1 0

2 4 	 # U Shape
26.397884384151805 77.50005383840667 67.96690185398762 10.510205652261039
64.13181396783759 37.56315080422642 45.98766835694879 39.72906479794695
2 2 	 # V Shape
0.0 0.0
0.0 0.0
2 4 	 # Alloc Shape
0 1 1 0
1 0 0 1

2 4 	 # U Shape
53.90236983030612 38.01057086288897 87.72014981761659 76.56156713580032
90.46903961895973 30.02210924959816 75.3793824688078 7.5021838701257675
2 2 	 # V Shape
0.0 0.0
0.0 0.0
2 4 	 # Alloc Shape
0 0 1 1
1 1 0 0

2 4 	 # U Shape
92.96476447885176 73.58435784502224 52.77969036379577 58.30303394538273
41.28800770632398 79.51565509935791 66.00276742336608 57.45492274932948
2 2 	 # V Shape
0.0 0.0
0.0 0.0
2 4 	 # Alloc Shape
1 0 0 1
0 1 1 0

2 4 	 # U Shape
91.68015306735438 49.75135647905271 67.68613678775034 97.82034374005673
8.514026390946295 53.46514871622211 54.56500685847567 6.3074766625328955
2 2 	 # V Shape
0.0 0.0
0.0 0.0
2 4 	 # Alloc Shape
1 0 0 1
0 1 1 0

2 4 	 # U Shape
18.58322431033922 40.483578964239605 6.824287646914318 41.011255047563246
73.4948802656049 35.01100283970332 77.02356035821319 44.99344139677473
2 2 	 # V Shape
0.0 0.0
0.0 0.0
2 4 	 # Alloc Shape
0 1 0 1
1 0 1 0

2 4 	 # U Shape
67.82920284219051 19.855156716296097 41.50647827556432 92.03924096472427
39.98771772743525 99.34059310280608 14.738282131963077 60.12417294305694
2 2 	 # V Shape
0.0 0.0
0.0 0.0
2 4 	 # Alloc Shape
1 0 1 1
0 1 0 0

2 4 	 # U Shape
8.290351610160329 51.06830893887748 4.878102630998271 20.353138493286348
1.8462797997596536 58.31995201321578 58.75505430294209 22.190350855002716
2 2 	 # V Shape
0.0 0.0
0.0 0.0
2 4 	 # Alloc Shape
1 1 0 0
0 0 1 1

2 4 	 # U Shape
17.165324392654746 37.59086355371355 77.95587630981035 83.91650502422559
62.23901434086778 50.80893029727272 7.784314232521938 31.368416751796424
2 2 	 # V Shape
0.0 0.0
0.0 0.0
2 4 	 # Alloc Shape
0 0 1 1
1 1 0 0

2 4 	 # U Shape
50.692446837025415 79.02597397864733 6.661958970536386 44.15206439870008
28.589944551475877 13.728196289335436 61.298862727237335 40.289843301683604
2 2 	 # V Shape
0.0 0.0
0.0 0.0
2 4 	 # Alloc Shape
1 1 0 0
0 0 1 1

2 4 	 # U Shape
2.5509304384833786 25.716486061195454 13.329083249219586 13.204683368581726
57.29460823072748 82.45535551065343 33.142727323246326 15.05168747452168
2 2 	 # V Shape
0.0 0.0
0.0 0.0
2 4 	 # Alloc Shape
0 0 1 1
1 1 0 0

2 4 	 # U Shape
69.14822679101043 28.259886911463006 41.27404060468566 86.28814600565352
81.28581091849415 15.352992169821055 55.611717021186735 8.453977991606877
2 2 	 # V Shape
0.0 0.0
0.0 0.0
2 4 	 # Alloc Shape
0 1 0 1
1 0 1 0

2 4 	 # U Shape
90.11419425602249 91.19220632104319 37.22957142859222 66.93016555268602
88.56984320786687 30.300128118871594 70.07429944124483 63.46048104393917
2 2 	 # V Shape
0.0 0.0
0.0 0.0
2 4 	 # Alloc Shape
0 1 0 1
1 0 1 0

2 4 	 # U Shape
62.92398158002824 78.05815731594204 50.17558167478635 4.92588716099972
8.51256599412431 82.82800826978975 82.99533780980568 8.537455804888406
2 2 	 # V Shape
0.0 0.0
0.0 0.0
2 4 	 # Alloc Shape
1 1 0 0
0 0 1 1

2 4 	 # U Shape
84.60184097136751 54.54420348703455 19.236356017996048 49.76902042393202
61.29782078313889 52.17922148445854 58.852362210368305 53.583832438780924
2 2 	 # V Shape
0.0 0.0
0.0 0.0
2 4 	 # Alloc Shape
1 1 0 0
0 0 1 1

2 4 	 # U Shape
86.37941398881887 41.23196879150988 63.60194267149293 48.85522710988216
20.564478637718974 19.48993483633955 47.248463153148364 69.37206106379179
2 2 	 # V Shape
0.0 0.0
0.0 0.0
2 4 	 # Alloc Shape
1 1 0 0
0 0 1 1

2 4 	 # U Shape
62.49183517697681 47.774946676291194 80.10264408385456 44.32237978882376
63.75344516565322 80.22479877027942 84.75371962455736 48.48469200278937
2 2 	 # V Shape
0.0 0.0
0.0 0.0
2 4 	 # Alloc Shape
1 0 1 0
0 1 0 1

2 4 	 # U Shape
19.86514431023817 52.33399633184652 57.1386091682077 27.42740924266789
84.54046717966479 18.920263647815773 78.29106749306348 53.27708665442178
2 2 	 # V Shape
0.0 0.0
0.0 0.0
2 4 	 # Alloc Shape
0 1 1 0
1 0 0 1

2 4 	 # U Shape
76.09142404441215 32.160632217907946 74.22689022342446 94.07910281321847
89.39740569094636 43.678570286197214 55.40645732546845 36.61864542122009
2 2 	 # V Shape
0.0 0.0
0.0 0.0
2 4 	 # Alloc Shape
0 0 1 1
1 1 0 0

2 4 	 # U Shape
51.25608725812315 61.756453482025776 63.78164014267481 63.34361351995261
38.3529620673591 91.39143256043599 68.50542720572014 87.02548061937873
2 2 	 # V Shape
0.0 0.0
0.0 0.0
2 4 	 # Alloc Shape
1 0 1 0
0 1 0 1

2 4 	 # U Shape
47.250186621130844 29.855218976084462 85.95963649503429 61.89780544469472
36.43911411980668 53.60054625225058 70.32630463479654 0.6619090431687291
2 2 	 # V Shape
0.0 0.0
0.0 0.0
2 4 	 # Alloc Shape
1 0 0 1
0 1 1 0

2 4 	 # U Shape
99.01621780201802 65.60574317327557 8.55206866112611 87.47858090657267
25.562916456589036 25.916760418734942 36.64700557794301 6.637471658853434
2 2 	 # V Shape
0.0 0.0
0.0 0.0
2 4 	 # Alloc Shape
1 0 0 1
0 1 1 0

2 4 	 # U Shape
32.815965377894685 48.48531161010657 79.83855924747051 19.993269897197685
24.12411001334972 66.68193012124222 33.36102169802372 2.257297949103465
2 2 	 # V Shape
0.0 0.0
0.0 0.0
2 4 	 # Alloc Shape
0 0 1 1
1 1 0 0

2 4 	 # U Shape
90.76062351021798 18.62021337970985 18.686413878978215 58.04352734697711
79.55324848606803 50.8073533520426 21.337066016723227 63.37760469079578
2 2 	 # V Shape
0.0 0.0
0.0 0.0
2 4 	 # Alloc Shape
1 0 1 0
0 1 0 1

2 4 	 # U Shape
23.28126154124076 2.613723831823833 99.5647846923807 0.4630868324585369
62.29595669962799 44.01426436334515 7.918361157927745 77.7555983128011
2 2 	 # V Shape
0.0 0.0
0.0 0.0
2 4 	 # Alloc Shape
0 0 1 0
1 1 0 1

2 4 	 # U Shape
31.351958920296664 78.79085535521739 63.42395029228215 67.55415436237892
24.211472636620446 22.173146638192197 96.5448768430508 5.955278960173171
2 2 	 # V Shape
0.0 0.0
0.0 0.0
2 4 	 # Alloc Shape
0 1 0 1
1 0 1 0

2 4 	 # U Shape
82.27214042431132 51.90350118859821 7.203223957610483 74.11774864864977
43.94256174185324 11.012327718437076 94.25062967906706 64.78691768584027
2 2 	 # V Shape
0.0 0.0
0.0 0.0
2 4 	 # Alloc Shape
1 1 0 0
0 0 1 1

2 4 	 # U Shape
71.49169250459008 83.92312792373025 26.85410992744578 4.953055937561013
13.160428180367855 43.35619860690492 7.469743570095167 34.46640159441894
2 2 	 # V Shape
0.0 0.0
0.0 0.0
2 4 	 # Alloc Shape
1 0 1 0
0 1 0 1

2 4 	 # U Shape
83.0767915109203 31.043079441019238 55.46965675860167 8.59816447721553
25.269185478707357 85.06316382035966 98.45352530490011 56.727477999370855
2 2 	 # V Shape
0.0 0.0
0.0 0.0
2 4 	 # Alloc Shape
1 0 0 0
0 1 1 1

2 4 	 # U Shape
98.38215211336696 63.14375289882482 92.24205349414231 78.33312877674497
65.79924072284182 52.14959251428749 56.809575554899794 5.185863004034785
2 2 	 # V Shape
0.0 0.0
0.0 0.0
2 4 	 # Alloc Shape
0 0 1 1
1 1 0 0

2 4 	 # U Shape
81.46786197170512 39.98296429421189 21.044612107620473 44.42158577983724
32.0745747416188 33.47476178703048 82.60187737447606 37.66014943049591
2 2 	 # V Shape
0.0 0.0
0.0 0.0
2 4 	 # Alloc Shape
1 0 0 1
0 1 1 0

2 4 	 # U Shape
74.10939994512628 24.107311656619757 87.51467553837878 79.53545672098225
66.673863779955 15.28844397557979 43.063151338676896 52.86376676265837
2 2 	 # V Shape
0.0 0.0
0.0 0.0
2 4 	 # Alloc Shape
0 0 1 1
1 1 0 0

2 4 	 # U Shape
27.27947281094305 4.051943856643425 31.13747421441939 3.9343716091136183
21.03948031285836 83.8356460592736 55.816710198651606 63.1164922601281
2 2 	 # V Shape
0.0 0.0
0.0 0.0
2 4 	 # Alloc Shape
1 0 1 0
0 1 0 1

2 4 	 # U Shape
63.93326191815907 21.267903766423444 67.20337260212106 33.92938812864412
77.26846778829997 1.5691633919904913 45.83922604025257 98.64068791269435
2 2 	 # V Shape
0.0 0.0
0.0 0.0
2 4 	 # Alloc Shape
0 1 1 0
1 0 0 1

2 4 	 # U Shape
23.929623863504567 8.28356368396086 74.9368845019947 97.12100881113903
80.76256379564364 11.532500987580917 21.256060065608807 64.12376526322721
2 2 	 # V Shape
0.0 0.0
0.0 0.0
2 4 	 # Alloc Shape
0 0 1 1
1 1 0 0

2 4 	 # U Shape
94.40022251672966 46.742636474366684 57.62684225747843 2.764425925719005
69.45691168731568 17.637333699120827 41.981264343081804 12.151916439578835
2 2 	 # V Shape
0.0 0.0
0.0 0.0
2 4 	 # Alloc Shape
0 1 1 0
1 0 0 1

2 4 	 # U Shape
47.96972544241803 89.67092291656884 42.67292074058502 10.840880932798946
60.085391418850044 72.81015307394877 58.8239096506332 73.68067883929484
2 2 	 # V Shape
0.0 0.0
0.0 0.0
2 4 	 # Alloc Shape
1 1 0 0
0 0 1 1

2 4 	 # U Shape
13.80009414494433 0.6632483776426334 25.782852936247814 94.01620375996693
58.056932532477525 21.183727665237107 46.83421771675301 75.56036707892406
2 2 	 # V Shape
0.0 0.0
0.0 0.0
2 4 	 # Alloc Shape
0 0 0 1
1 1 1 0

2 4 	 # U Shape
30.00175611883168 57.29780263564164 93.9039484593386 60.84894192384985
8.52118417569172 10.158807821038994 11.841536546798414 45.32994200862033
2 2 	 # V Shape
0.0 0.0
0.0 0.0
2 4 	 # Alloc Shape
1 1 1 0
0 0 0 1

2 4 	 # U Shape
79.3798076106721 76.68770355612794 60.797666238868665 69.19781498708072
34.645916248611556 94.77175537086856 48.320953579245796 7.684308200195056
2 2 	 # V Shape
0.0 0.0
0.0 0.0
2 4 	 # Alloc Shape
1 0 0 1
0 1 1 0

2 4 	 # U Shape
58.63926426736784 44.54840123219136 91.57890020657504 73.63932452055495
67.96822393594148 91.1963178720298 26.569384809315643 48.33363057486133
2 2 	 # V Shape
0.0 0.0
0.0 0.0
2 4 	 # Alloc Shape
0 0 1 1
1 1 0 0

2 4 	 # U Shape
35.081310572807034 60.85584696591106 97.59533886692492 94.69621368946093
16.58151387284079 70.81111445466829 91.67063337811344 26.223780495158955
2 2 	 # V Shape
0.0 0.0
0.0 0.0
2 4 	 # Alloc Shape
1 0 0 1
0 1 1 0

2 4 	 # U Shape
35.1500302155452 88.34260813418041 53.28115395352885 40.98337652210853
95.7436145830707 69.74821265556757 56.86784520753421 46.732081168907236
2 2 	 # V Shape
0.0 0.0
0.0 0.0
2 4 	 # Alloc Shape
0 1 1 0
1 0 0 1

2 4 	 # U Shape
14.864015881605198 13.117378686032566 55.11838482592542 24.203586305273983
65.50499503656117 64.12646526610439 73.08374644137984 70.64389473314223
2 2 	 # V Shape
0.0 0.0
0.0 0.0
2 4 	 # Alloc Shape
0 0 1 0
1 1 0 1

2 4 	 # U Shape
20.23305924171779 2.2115241062246715 61.13184995036116 70.07216052642141
19.876069959115995 24.6201520493438 43.04597906716445 9.756130586167588
2 2 	 # V Shape
0.0 0.0
0.0 0.0
2 4 	 # Alloc Shape
0 0 0 1
1 1 1 0

2 4 	 # U Shape
71.38451557261197 51.071695973635265 71.41752521343801 9.483200980780616
43.7521049353372 87.06725129488072 1.1226957381254232 28.095570743229914
2 2 	 # V Shape
0.0 0.0
0.0 0.0
2 4 	 # Alloc Shape
1 0 1 0
0 1 0 1

2 4 	 # U Shape
5.080673533350321 34.103511140982235 45.769454708748746 33.50710947353056
33.97080667754573 69.6689481515761 19.031932245693383 4.029707072695143
2 2 	 # V Shape
0.0 0.0
0.0 0.0
2 4 	 # Alloc Shape
0 0 1 1
1 1 0 0

2 4 	 # U Shape
28.61139596988118 89.87183747110863 84.74828567920703 18.467215697786067
34.072723587925516 53.090099281408776 64.04844191316354 41.80570469107754
2 2 	 # V Shape
0.0 0.0
0.0 0.0
2 4 	 # Alloc Shape
0 1 1 0
1 0 0 1

2 4 	 # U Shape
71.80815924842541 75.21022330524237 94.02648004407413 2.326375872207842
40.8231533541547 6.233694792935451 82.9044718474639 23.654993960911952
2 2 	 # V Shape
0.0 0.0
0.0 0.0
2 4 	 # Alloc Shape
1 1 0 0
0 0 1 1

2 4 	 # U Shape
48.241381845372814 86.85003644694112 64.35924618430369 20.897700466836987
97.94103549031813 69.39060112428027 76.02876546971889 28.415677071084446
2 2 	 # V Shape
0.0 0.0
0.0 0.0
2 4 	 # Alloc Shape
0 1 1 0
1 0 0 1

2 4 	 # U Shape
75.18751279789063 81.45084596499798 99.7305153800388 23.7591166443201
2.4740592620210777 18.25074714463659 9.995479123310991 8.289306796298558
2 2 	 # V Shape
0.0 0.0
0.0 0.0
2 4 	 # Alloc Shape
1 0 1 0
0 1 0 1

2 4 	 # U Shape
44.171447738398214 92.04462232517469 76.50396785255009 22.4694059777907
32.882171260346915 73.72419699750327 46.852032972688384 34.47646809818181
2 2 	 # V Shape
0.0 0.0
0.0 0.0
2 4 	 # Alloc Shape
1 0 1 0
0 1 0 1

2 4 	 # U Shape
78.569750095337 56.68339568934796 70.57434341387605 96.42600887506855
19.048148539794507 61.78708290184519 25.91420930087327 82.02607635609117
2 2 	 # V Shape
0.0 0.0
0.0 0.0
2 4 	 # Alloc Shape
1 0 1 0
0 1 0 1

2 4 	 # U Shape
83.77223681168489 20.843213680776916 77.0307796925522 94.6233881656615
15.509097590543064 50.84608714114136 66.30649372785487 7.96498960008305
2 2 	 # V Shape
0.0 0.0
0.0 0.0
2 4 	 # Alloc Shape
1 0 0 1
0 1 1 0

2 4 	 # U Shape
9.311663459813147 80.67796080494341 45.27173356323303 6.934231389313005
69.0002130984788 22.61176218756116 8.854688750180506 30.5407595011275
2 2 	 # V Shape
0.0 0.0
0.0 0.0
2 4 	 # Alloc Shape
0 1 1 0
1 0 0 1

2 4 	 # U Shape
41.564195445939674 14.585953429838138 68.03480669973553 60.91130875011373
50.41421365904074 72.70361548650779 66.31141035893478 82.16437558534928
2 2 	 # V Shape
0.0 0.0
0.0 0.0
2 4 	 # Alloc Shape
1 0 1 0
0 1 0 1

2 4 	 # U Shape
93.94761463032303 99.07909109186244 36.691836996348236 85.24984372366593
65.24912423911559 17.628604486905818 4.151354498084769 60.81554822336882
2 2 	 # V Shape
0.0 0.0
0.0 0.0
2 4 	 # Alloc Shape
0 1 1 0
1 0 0 1

