2 4 	 # U Shape
26.5566126772097 26.360284602895234 15.037786726176595 68.38184293612342
81.66018352206666 33.60715844645519 89.08165306793224 19.812181303297027
2 2 	 # V Shape
0.0 0.0
0.0 0.0
2 4 	 # Alloc Shape
0 1 0 1
1 0 1 0

2 4 	 # U Shape
82.60822477490753 10.540183348780108 28.357667858256576 6.556326635477827
5.644418747007062 76.54558182151854 1.178802938496426 61.19433411110109
2 2 	 # V Shape
0.0 0.0
0.0 0.0
2 4 	 # Alloc Shape
1 0 1 0
0 1 0 1

2 4 	 # U Shape
73.17346246487423 13.878246545007478 76.68800492350034 83.19897677872527
30.977805521076686 59.75822902915008 87.2392459839109 98.30208668523403
2 2 	 # V Shape
0.0 0.0
0.0 0.0
2 4 	 # Alloc Shape
1 0 1 0
0 1 0 1

2 4 	 # U Shape
82.61228438427398 25.137413420705933 59.73716482308843 90.28317603316273
53.45579488018151 59.02013629854229 3.9281767225387343 35.718175863453624
2 2 	 # V Shape
0.0 0.0
0.0 0.0
2 4 	 # Alloc Shape
0 0 1 1
1 1 0 0

2 4 	 # U Shape
23.264106273587913 55.65181878450556 52.3810884938364 35.095822377137196
70.5331613164973 82.07037412633495 13.456300346431615 60.47261600361441
2 2 	 # V Shape
0.0 0.0
0.0 0.0
2 4 	 # Alloc Shape
0 1 1 0
1 0 0 1

2 4 	 # U Shape
6.425106069482444 97.88191457576426 33.970784363786365 49.50486308824543
97.70807259226818 44.077382490066654 31.82728054789512 51.97969858753802
2 2 	 # V Shape
0.0 0.0
0.0 0.0
2 4 	 # Alloc Shape
0 1 1 0
1 0 0 1

2 4 	 # U Shape
10.33810697475811 49.05546792770487 2.9179555725059814 59.48609498083124
20.58454755729263 20.28029735223642 84.4125875145672 6.156637652890984
2 2 	 # V Shape
0.0 0.0
0.0 0.0
2 4 	 # Alloc Shape
0 1 0 1
1 0 1 0

2 4 	 # U Shape
51.7844067876134 94.96699910045304 69.59738673774402 90.46647353575491
64.78924298452793 34.530214909730006 6.549785708449718 22.06278632094777
2 2 	 # V Shape
0.0 0.0
0.0 0.0
2 4 	 # Alloc Shape
0 1 1 1
1 0 0 0

2 4 	 # U Shape
14.853345135645856 42.84507389678964 69.38900663424117 10.461974452285316
43.960523777459045 16.620214770453366 50.69786292640474 81.90358641362126
2 2 	 # V Shape
0.0 0.0
0.0 0.0
2 4 	 # Alloc Shape
0 1 1 0
1 0 0 1

2 4 	 # U Shape
3.0684840372946276 45.31050002012334 74.48640769500678 55.72954062363969
38.51135995654865 16.80727975326186 83.82613207036928 59.90517974614926
2 2 	 # V Shape
0.0 0.0
0.0 0.0
2 4 	 # Alloc Shape
0 1 0 1
1 0 1 0

2 4 	 # U Shape
48.40208902868258 84.43857945393476 17.481389482211938 1.46348751032499
84.87640718112321 74.2674577299434 45.66975353201722 41.68984070493777
2 2 	 # V Shape
0.0 0.0
0.0 0.0
2 4 	 # Alloc Shape
0 1 0 0
1 0 1 1

2 4 	 # U Shape
35.12135029964087 9.344037694376706 81.3316083670804 78.48667182769469
39.34191124365154 86.44791938019533 38.40307681157324 25.730288720500383
2 2 	 # V Shape
0.0 0.0
0.0 0.0
2 4 	 # Alloc Shape
0 0 1 1
1 1 0 0

2 4 	 # U Shape
18.092060107934426 35.61744768112537 30.499139565696442 72.60987540262441
26.811569375899 34.51958068727086 35.37218232292645 26.311417021015128
2 2 	 # V Shape
0.0 0.0
0.0 0.0
2 4 	 # Alloc Shape
0 0 0 1
1 1 1 0

2 4 	 # U Shape
53.81475171399585 55.908651640325836 12.250998143741986 37.76419185740802
42.874732912904264 51.120864628546535 89.17625699356942 30.021061159401306
2 2 	 # V Shape
0.0 0.0
0.0 0.0
2 4 	 # Alloc Shape
1 1 0 1
0 0 1 0

2 4 	 # U Shape
22.87823332019653 61.470171298016965 36.80266808354594 80.27759363482464
62.756185270562895 82.12164761982604 28.825313879221635 27.47951315927687
2 2 	 # V Shape
0.0 0.0
0.0 0.0
2 4 	 # Alloc Shape
0 0 1 1
1 1 0 0

2 4 	 # U Shape
87.5009045353079 87.80783411312396 78.63287989694552 0.5609078913205612
25.295793983266147 19.33664500634107 41.09221319177436 44.67061619964898
2 2 	 # V Shape
0.0 0.0
0.0 0.0
2 4 	 # Alloc Shape
1 1 0 0
0 0 1 1

2 4 	 # U Shape
42.25522573344933 41.882679897637544 86.85508176395132 10.833073330879161
57.36182708950517 60.22095859451538 7.127344705295213 30.46527511400685
2 2 	 # V Shape
0.0 0.0
0.0 0.0
2 4 	 # Alloc Shape
0 0 1 0
1 1 0 1

2 4 	 # U Shape
69.17746075764666 18.902945285563533 80.30075367168979 51.47637498567128
75.72860403156147 17.77887486170979 8.262029129549276 48.20719697228585
2 2 	 # V Shape
0.0 0.0
0.0 0.0
2 4 	 # Alloc Shape
0 0 1 1
1 1 0 0

2 4 	 # U Shape
55.72719426485148 99.6989762789397 37.38451243037514 70.0930402750168
54.39887620500772 44.438345773480684 30.07102925822702 61.0080439674346
2 2 	 # V Shape
0.0 0.0
0.0 0.0
2 4 	 # Alloc Shape
0 1 1 0
1 0 0 1

2 4 	 # U Shape
88.69550884686103 51.67892778204419 62.61436691264234 50.50591175564612
90.96625765865544 41.33046555645703 53.5468716291723 34.26431255645266
2 2 	 # V Shape
0.0 0.0
0.0 0.0
2 4 	 # Alloc Shape
0 1 1 1
1 0 0 0

2 4 	 # U Shape
13.205512727198688 90.75429465160511 91.0230636659763 58.10579071349049
8.749305252390538 11.687943957439817 77.10712553078545 73.2795268796522
2 2 	 # V Shape
0.0 0.0
0.0 0.0
2 4 	 # Alloc Shape
1 1 0 0
0 0 1 1

2 4 	 # U Shape
55.66206925418394 44.07370574138011 69.37373642619117 71.82371803196472
75.63823578955984 3.7322009011339086 67.88353968929813 47.72208009079344
2 2 	 # V Shape
0.0 0.0
0.0 0.0
2 4 	 # Alloc Shape
0 1 0 1
1 0 1 0

2 4 	 # U Shape
83.8491762190224 64.29768520274159 25.527448966613008 34.09119855738164
25.073788340317094 28.61426173287246 92.37574440277018 30.62530966510215
2 2 	 # V Shape
0.0 0.0
0.0 0.0
2 4 	 # Alloc Shape
1 1 0 0
0 0 1 1

2 4 	 # U Shape
76.41131314841631 89.61528431903454 66.88551802336785 22.077251068170266
43.766394922338016 56.99983336709824 11.098208379454732 52.82834526220459
2 2 	 # V Shape
0.0 0.0
0.0 0.0
2 4 	 # Alloc Shape
1 0 1 0
0 1 0 1

2 4 	 # U Shape
11.152915786355688 58.6174118811297 95.14159695128666 24.702134661676077
59.68174083239638 48.8151299142498 6.225402393777935 96.18380713307909
2 2 	 # V Shape
0.0 0.0
0.0 0.0
2 4 	 # Alloc Shape
0 1 1 0
1 0 0 1

2 4 	 # U Shape
84.13986575018212 44.317708702734734 17.304972347660364 11.452711222626355
79.78805960212307 64.89051514456138 50.174599814699604 28.564020823216516
2 2 	 # V Shape
0.0 0.0
0.0 0.0
2 4 	 # Alloc Shape
1 0 0 0
0 1 1 1

2 4 	 # U Shape
10.486441826109393 87.05860138525556 62.20771169220476 16.280211716212033
96.96334758451553 28.75126114538927 80.33347795330134 39.94154029706674
2 2 	 # V Shape
0.0 0.0
0.0 0.0
2 4 	 # Alloc Shape
0 1 1 0
1 0 0 1

2 4 	 # U Shape
14.647095922681508 78.91887879251763 90.92222456715098 83.8170548530705
71.20311863871623 30.73794185374644 35.37845547709894 23.63533952237783
2 2 	 # V Shape
0.0 0.0
0.0 0.0
2 4 	 # Alloc Shape
0 1 1 1
1 0 0 0

2 4 	 # U Shape
29.507589390599865 18.33385505595009 1.9732459506620614 74.33212319725496
3.82934041858366 43.36796689738486 83.20847613127486 1.3458558499757745
2 2 	 # V Shape
0.0 0.0
0.0 0.0
2 4 	 # Alloc Shape
1 0 0 1
0 1 1 0

2 4 	 # U Shape
8.084240379080565 8.191454230184858 80.93673338215349 80.06940028849979
1.6909811354707704 86.12943252306178 91.13002243524484 40.08766846351621
2 2 	 # V Shape
0.0 0.0
0.0 0.0
2 4 	 # Alloc Shape
1 0 0 1
0 1 1 0

2 4 	 # U Shape
63.21681038322183 52.898610773585645 48.083507746181745 7.364903394249334
31.78896160776822 30.352854497750382 69.712748506362 22.629984985240302
2 2 	 # V Shape
0.0 0.0
0.0 0.0
2 4 	 # Alloc Shape
1 1 0 0
0 0 1 1

2 4 	 # U Shape
40.178185247448894 9.284764508729115 50.484380646169924 74.25907409447407
0.5290509169382895 9.016116884502079 5.618398091194033 88.43256633664335
2 2 	 # V Shape
0.0 0.0
0.0 0.0
2 4 	 # Alloc Shape
1 1 1 0
0 0 0 1

2 4 	 # U Shape
11.32531344173897 90.48139767028248 0.4223913508407007 7.350388060676039
13.229136395536234 94.21499192747001 30.29296862426224 21.33130511803032
2 2 	 # V Shape
0.0 0.0
0.0 0.0
2 4 	 # Alloc Shape
0 1 0 0
1 0 1 1

2 4 	 # U Shape
63.406375312284645 75.44924749082648 43.71231912677318 40.02120902427818
72.29163139452544 37.23685794123146 55.25980303993004 8.046361735719143
2 2 	 # V Shape
0.0 0.0
0.0 0.0
2 4 	 # Alloc Shape
0 1 0 1
1 0 1 0

2 4 	 # U Shape
5.928293772035953 96.72755284495068 36.059652630001224 39.35945528696506
92.99468485094332 37.78780022612408 20.07829376856979 47.56132003278554
2 2 	 # V Shape
0.0 0.0
0.0 0.0
2 4 	 # Alloc Shape
0 1 1 0
1 0 0 1

2 4 	 # U Shape
30.32790372858618 81.63677514534665 41.905671700889435 81.38582852339901
26.521517056103107 98.34254714034867 87.23053226599075 44.85245893649456
2 2 	 # V Shape
0.0 0.0
0.0 0.0
2 4 	 # Alloc Shape
1 0 0 1
0 1 1 0

2 4 	 # U Shape
63.712081544069676 12.371873339971485 85.33926614930645 29.894678255119477
87.0916917751659 88.70750435030405 53.108042326703774 73.98974602328943
2 2 	 # V Shape
0.0 0.0
0.0 0.0
2 4 	 # Alloc Shape
1 0 1 0
0 1 0 1

2 4 	 # U Shape
14.54486014581552 96.5677657072228 23.963398504775558 83.40618373032922
43.40179134078716 9.17287412971004 89.0676887022233 79.00748571459647
2 2 	 # V Shape
0.0 0.0
0.0 0.0
2 4 	 # Alloc Shape
0 1 0 1
1 0 1 0

2 4 	 # U Shape
96.6974203293783 89.66985473416658 37.32753797966627 64.82792162720237
31.14418154612556 80.99721019217031 80.47728967088162 79.44176886703367
2 2 	 # V Shape
0.0 0.0
0.0 0.0
2 4 	 # Alloc Shape
1 1 0 0
0 0 1 1

2 4 	 # U Shape
71.41498933545607 23.723420298054943 80.57173684799352 91.8296297398204
98.46218462188033 99.70471450204329 51.59239606629441 70.00843086171844
2 2 	 # V Shape
0.0 0.0
0.0 0.0
2 4 	 # Alloc Shape
0 0 1 1
1 1 0 0

2 4 	 # U Shape
42.03205079109033 40.54039612521759 99.80776646486923 15.667537544190058
43.69589067938195 27.023265430982445 96.8963436599663 58.98090415158255
2 2 	 # V Shape
0.0 0.0
0.0 0.0
2 4 	 # Alloc Shape
0 1 1 0
1 0 0 1

2 4 	 # U Shape
66.39989175927695 23.92749202329082 18.59147295529532 31.277571604355604
36.632896636726585 58.99067902122353 75.92389399123937 32.235077827544444
2 2 	 # V Shape
0.0 0.0
0.0 0.0
2 4 	 # Alloc Shape
1 0 0 1
0 1 1 0

2 4 	 # U Shape
71.7766461087949 1.2360842571165431 8.029437505532744 57.63729453488462
81.36217164732041 56.15362336483851 60.35916961612696 22.05808252164121
2 2 	 # V Shape
0.0 0.0
0.0 0.0
2 4 	 # Alloc Shape
1 0 0 1
0 1 1 0

2 4 	 # U Shape
94.97097563140352 54.97037162982481 52.442620917032976 87.35848104416326
64.6725820158072 32.923076971827626 1.0449319729087692 13.709540824039445
2 2 	 # V Shape
0.0 0.0
0.0 0.0
2 4 	 # Alloc Shape
0 0 1 1
1 1 0 0

2 4 	 # U Shape
93.5356900281753 70.45838818183098 39.241111834607054 13.806837340495992
12.047223438561694 8.497145948079844 46.194116762750006 87.37830712555522
2 2 	 # V Shape
0.0 0.0
0.0 0.0
2 4 	 # Alloc Shape
1 1 0 0
0 0 1 1

2 4 	 # U Shape
51.77706405135226 96.8976459901584 39.86096682269529 25.44486556082437
64.32145486770266 46.00058656615194 8.480161648723994 7.894648400880532
2 2 	 # V Shape
0.0 0.0
0.0 0.0
2 4 	 # Alloc Shape
0 1 1 1
1 0 0 0

2 4 	 # U Shape
53.25061124397573 57.463291169247896 96.62299802235343 94.26874804292174
58.926528947792676 22.95584237041064 49.53548691923427 43.565498286437546
2 2 	 # V Shape
0.0 0.0
0.0 0.0
2 4 	 # Alloc Shape
0 1 0 1
1 0 1 0

2 4 	 # U Shape
71.82306450921885 92.4231708589222 33.18044812709412 84.26055292261412
60.49224057992506 84.18139823787438 8.78369290597415 35.04948614782295
2 2 	 # V Shape
0.0 0.0
0.0 0.0
2 4 	 # Alloc Shape
0 0 1 1
1 1 0 0

2 4 	 # U Shape
94.74836190516686 25.07770155656568 15.74392594796008 34.305533571646805
29.23205418355934 27.041317675814792 47.44876227594702 55.86037964227293
2 2 	 # V Shape
0.0 0.0
0.0 0.0
2 4 	 # Alloc Shape
1 1 0 0
0 0 1 1

2 4 	 # U Shape
5.581914953661638 44.877361511359204 90.08256383327532 90.72852358789412
46.8881293183638 83.10449656508918 66.78914318545452 26.171405060874708
2 2 	 # V Shape
0.0 0.0
0.0 0.0
2 4 	 # Alloc Shape
0 0 1 1
1 1 0 0

2 4 	 # U Shape
40.79400188546065 84.33784449166895 61.96409538107533 31.27371477733385
49.45188315321827 37.49102429680643 83.58378221966056 71.68379995080801
2 2 	 # V Shape
0.0 0.0
0.0 0.0
2 4 	 # Alloc Shape
1 1 0 0
0 0 1 1

2 4 	 # U Shape
77.19443193226483 68.29119824678837 74.90248097152164 38.61489771447273
32.18455567864766 31.223492612795734 94.76379244574909 88.9048855180924
2 2 	 # V Shape
0.0 0.0
0.0 0.0
2 4 	 # Alloc Shape
1 1 0 0
0 0 1 1

2 4 	 # U Shape
79.6735084799636 96.72984501720407 18.896966498059353 43.669220435999
72.64073206317931 31.527286195325978 18.084142876975584 89.52010190873652
2 2 	 # V Shape
0.0 0.0
0.0 0.0
2 4 	 # Alloc Shape
1 1 0 0
0 0 1 1

2 4 	 # U Shape
25.259334926339704 6.943364972012178 72.94520559851257 91.70551838682613
84.34582647629155 1.306861337314913 43.08811013857987 39.54035932301112
2 2 	 # V Shape
0.0 0.0
0.0 0.0
2 4 	 # Alloc Shape
0 1 1 1
1 0 0 0

2 4 	 # U Shape
40.780242926611386 45.545188918218436 47.97268238501724 97.11884287647467
60.92268131760723 91.80151414356114 29.981770830411904 75.79597548043485
2 2 	 # V Shape
0.0 0.0
0.0 0.0
2 4 	 # Alloc Shape
0 0 1 1
1 1 0 0

2 4 	 # U Shape
96.40430207954833 83.80881355116986 61.00424254373409 86.00049266328298
9.426288492393198 80.13578186849197 58.75474663752694 24.70255691434896
2 2 	 # V Shape
0.0 0.0
0.0 0.0
2 4 	 # Alloc Shape
1 0 0 1
0 1 1 0

2 4 	 # U Shape
81.40728584023842 76.61478153697632 60.03367690478092 90.10032942416368
44.288148242230186 36.2286490775591 48.09430113258877 97.33465858583686
2 2 	 # V Shape
0.0 0.0
0.0 0.0
2 4 	 # Alloc Shape
1 1 0 0
0 0 1 1

2 4 	 # U Shape
17.28437883864976 2.700308033204757 22.909131492607425 40.19586177696851
51.558872760436635 21.015325230810824 16.51125780086524 68.99479852479291
2 2 	 # V Shape
0.0 0.0
0.0 0.0
2 4 	 # Alloc Shape
0 0 1 1
1 1 0 0

2 4 	 # U Shape
57.628396794315975 24.593206795461718 99.24586947447051 56.62711282772746
51.67864455272888 88.14339679725217 1.1913395629944978 73.024320970152
2 2 	 # V Shape
0.0 0.0
0.0 0.0
2 4 	 # Alloc Shape
1 0 1 0
0 1 0 1

2 4 	 # U Shape
44.40785771625574 36.479795235393716 36.30840639422704 21.404950758183617
36.81195357354448 15.42097957168085 70.91867671879616 82.45692241181685
2 2 	 # V Shape
0.0 0.0
0.0 0.0
2 4 	 # Alloc Shape
1 1 0 0
0 0 1 1

2 4 	 # U Shape
43.08186558945438 11.908643991366652 25.796910805341287 47.102938170577524
87.87967343228979 77.89561501543261 79.59634630696436 0.4418088734142178
2 2 	 # V Shape
0.0 0.0
0.0 0.0
2 4 	 # Alloc Shape
1 0 0 1
0 1 1 0

2 4 	 # U Shape
1.36048070442224 24.56781657011361 60.426998043887934 48.58011528293186
37.284684274294285 6.408881781043196 28.085140404132012 22.34790384375468
2 2 	 # V Shape
0.0 0.0
0.0 0.0
2 4 	 # Alloc Shape
0 1 1 0
1 0 0 1

2 4 	 # U Shape
77.58112569774406 46.5602889208148 86.20975137755558 17.856062156157083
25.410268415639592 7.316076458101406 15.855693769656998 93.79247087641616
2 2 	 # V Shape
0.0 0.0
0.0 0.0
2 4 	 # Alloc Shape
1 1 1 0
0 0 0 1

2 4 	 # U Shape
15.777466997333677 41.47413555517131 68.6495322941087 35.66202389317096
65.68617129363271 17.153049419266033 48.49372906420839 25.506073540648934
2 2 	 # V Shape
0.0 0.0
0.0 0.0
2 4 	 # Alloc Shape
0 1 1 0
1 0 0 1

2 4 	 # U Shape
23.58203736845015 22.741518352824396 9.084584446404943 80.13604880752094
18.43352626509892 16.65774834355107 87.658036046777 30.09038897952965
2 2 	 # V Shape
0.0 0.0
0.0 0.0
2 4 	 # Alloc Shape
1 1 0 1
0 0 1 0

2 4 	 # U Shape
92.26350504489396 96.79307765092823 17.781774635851644 18.987386900845994
46.406215038482046 33.30417732820327 81.78083065304193 49.2501643062211
2 2 	 # V Shape
0.0 0.0
0.0 0.0
2 4 	 # Alloc Shape
1 1 0 0
0 0 1 1

2 4 	 # U Shape
9.152800621372814 15.586142529755008 78.0291097710866 28.43594426874447
29.60239682177843 96.54803796310318 73.10311334920459 3.883748361393946
2 2 	 # V Shape
0.0 0.0
0.0 0.0
2 4 	 # Alloc Shape
0 0 1 1
1 1 0 0

2 4 	 # U Shape
98.37021425298528 49.247410220051556 87.66072913120419 19.97387179767336
8.657260852568339 72.9068866207079 10.701545300146353 81.33094795587648
2 2 	 # V Shape
0.0 0.0
0.0 0.0
2 4 	 # Alloc Shape
1 0 1 0
0 1 0 1

2 4 	 # U Shape
49.17879472618274 38.12938162929886 88.80653718153265 92.1032344820762
26.785450328985107 53.42337047355817 33.0011703998209 80.15307494255208
2 2 	 # V Shape
0.0 0.0
0.0 0.0
2 4 	 # Alloc Shape
1 0 1 0
0 1 0 1

2 4 	 # U Shape
96.95271560912553 89.9423569201475 84.11506420718241 37.22480632739109
48.24979721765536 58.20075840726694 12.173900162762719 35.39321652146755
2 2 	 # V Shape
0.0 0.0
0.0 0.0
2 4 	 # Alloc Shape
1 0 1 0
0 1 0 1

2 4 	 # U Shape
71.83481082263836 25.51675763406952 70.50368126301127 29.166289041821113
47.94694270188199 0.5253323457689696 35.831289072666685 4.449429447446274
2 2 	 # V Shape
0.0 0.0
0.0 0.0
2 4 	 # Alloc Shape
0 1 1 1
1 0 0 0

2 4 	 # U Shape
86.70738434351173 20.551684587161347 23.736843669262043 88.25217634984357
99.67793452074264 96.07407952348514 50.162809079243345 38.63801399925716
2 2 	 # V Shape
0.0 0.0
0.0 0.0
2 4 	 # Alloc Shape
1 0 0 1
0 1 1 0

2 4 	 # U Shape
13.646171935781249 80.44103204618683 1.4390653665222297 21.913133045984388
61.378794565612196 96.73146277449449 90.94277994690535 92.3587539666623
2 2 	 # V Shape
0.0 0.0
0.0 0.0
2 4 	 # Alloc Shape
0 1 0 0
1 0 1 1

2 4 	 # U Shape
84.14054756956298 12.86713441738475 70.04221065297969 80.6684790922566
2.9200229484695583 31.726796669285772 76.43200216548523 49.61728053472262
2 2 	 # V Shape
0.0 0.0
0.0 0.0
2 4 	 # Alloc Shape
1 0 0 1
0 1 1 0

2 4 	 # U Shape
16.27048115006582 67.20673512000994 94.79510949960206 42.00049555537289
33.79055801247382 26.969706444641105 36.402967341894445 91.09766250185906
2 2 	 # V Shape
0.0 0.0
0.0 0.0
2 4 	 # Alloc Shape
0 1 1 0
1 0 0 1

2 4 	 # U Shape
80.84480316481408 12.840363882164496 42.082013917496816 17.900065623660545
46.31742262394659 78.05910724956045 90.98198145227234 72.10930895533053
2 2 	 # V Shape
0.0 0.0
0.0 0.0
2 4 	 # Alloc Shape
1 0 0 0
0 1 1 1

2 4 	 # U Shape
47.312769570935195 74.47687117050225 36.34426616605396 72.59752036799729
1.5862733146993158 49.92144854049266 81.98238928463877 69.03971099763125
2 2 	 # V Shape
0.0 0.0
0.0 0.0
2 4 	 # Alloc Shape
1 1 0 0
0 0 1 1

2 4 	 # U Shape
36.48842493361371 19.940341495893144 64.30731579879294 22.31986815293715
57.94192953806522 84.91681513249605 55.90567778062495 16.413498179673358
2 2 	 # V Shape
0.0 0.0
0.0 0.0
2 4 	 # Alloc Shape
0 0 1 1
1 1 0 0

2 4 	 # U Shape
91.64076040760915 20.340819793158403 73.20736399666427 56.83945013977814
23.072766845419345 79.38839212240893 47.344349796693095 83.83480152551277
2 2 	 # V Shape
0.0 0.0
0.0 0.0
2 4 	 # Alloc Shape
1 0 1 0
0 1 0 1

2 4 	 # U Shape
70.44040681265695 9.777558221533077 21.432627220156174 7.768823652706491
62.98968348041116 50.683475707933376 88.04620017635494 97.12860082615138
2 2 	 # V Shape
0.0 0.0
0.0 0.0
2 4 	 # Alloc Shape
1 0 0 0
0 1 1 1

2 4 	 # U Shape
10.952263102397675 9.285032795296832 62.098234249677944 47.82563175576823
74.31934267164534 31.291644298061772 91.78846918298278 7.174274529671976
2 2 	 # V Shape
0.0 0.0
0.0 0.0
2 4 	 # Alloc Shape
0 0 1 1
1 1 0 0

2 4 	 # U Shape
3.7273924706047623 54.739454122993145 96.50248941651994 68.74838609580888
27.640726332886334 99.06692306763057 80.9775187614569 0.5625003712199317
2 2 	 # V Shape
0.0 0.0
0.0 0.0
2 4 	 # Alloc Shape
0 0 1 1
1 1 0 0

2 4 	 # U Shape
11.603620710083096 70.8130338663838 45.52777547181637 93.71679662979221
48.203694390070325 48.16570739897787 68.235714696739 38.11314781909264
2 2 	 # V Shape
0.0 0.0
0.0 0.0
2 4 	 # Alloc Shape
0 1 0 1
1 0 1 0

2 4 	 # U Shape
62.92591526934219 69.45226363625888 41.87999818170399 98.62123874926311
29.972207687843188 23.67210925272517 84.65523910560665 44.00086130187218
2 2 	 # V Shape
0.0 0.0
0.0 0.0
2 4 	 # Alloc Shape
1 1 0 1
0 0 1 0

2 4 	 # U Shape
24.340259978189238 78.70005431727255 64.27913578996599 66.60887992362555
40.442105665544524 12.523251977686645 83.7216006531832 16.563066983169673
2 2 	 # V Shape
0.0 0.0
0.0 0.0
2 4 	 # Alloc Shape
0 1 0 1
1 0 1 0

2 4 	 # U Shape
28.563785932012685 69.7387193772135 57.450646056301494 39.04684326376954
28.571568506794666 19.545894929132047 66.64775490939762 82.09682309863416
2 2 	 # V Shape
0.0 0.0
0.0 0.0
2 4 	 # Alloc Shape
1 1 0 0
0 0 1 1

2 4 	 # U Shape
60.02271015901961 48.77984460212511 30.70228499336204 84.62740453125296
29.209076588895964 32.26395270243365 62.41306412669799 30.148628677769594
2 2 	 # V Shape
0.0 0.0
0.0 0.0
2 4 	 # Alloc Shape
1 0 0 1
0 1 1 0

2 4 	 # U Shape
95.41227305606255 64.36514862833917 5.859880017805564 23.740708112108923
60.729484571171476 51.53597444844063 75.87734480095168 23.496117804708337
2 2 	 # V Shape
0.0 0.0
0.0 0.0
2 4 	 # Alloc Shape
1 1 0 0
0 0 1 1

2 4 	 # U Shape
64.82217391489421 90.57491450099383 55.969171965264444 42.50836435908241
11.469759818143688 56.8542616286835 40.878494559235214 72.28984015680209
2 2 	 # V Shape
0.0 0.0
0.0 0.0
2 4 	 # Alloc Shape
1 1 0 0
0 0 1 1

2 4 	 # U Shape
29.0848054525918 81.71792662661755 2.8357492411058116 69.5459635030089
92.97292850189345 82.8385363671971 68.96760468575567 50.04061928319378
2 2 	 # V Shape
0.0 0.0
0.0 0.0
2 4 	 # Alloc Shape
0 1 0 1
1 0 1 0

2 4 	 # U Shape
43.17454997180723 64.066736465904 3.728142071869567 85.79371529476289
61.71188866116344 52.32003602724022 26.352030884203536 53.28790292223157
2 2 	 # V Shape
0.0 0.0
0.0 0.0
2 4 	 # Alloc Shape
0 1 0 1
1 0 1 0

2 4 	 # U Shape
14.961406685399147 11.150410087280772 80.96039756173165 57.44293231689495
5.935511975094299 78.42416618915637 36.982688835052556 69.87867634920802
2 2 	 # V Shape
0.0 0.0
0.0 0.0
2 4 	 # Alloc Shape
1 0 1 0
0 1 0 1

2 4 	 # U Shape
59.52026003212178 23.51293864051287 66.51829955933395 42.40375404229402
88.06846571664886 79.6220874966448 40.02254728080508 69.34043722425824
2 2 	 # V Shape
0.0 0.0
0.0 0.0
2 4 	 # Alloc Shape
1 0 1 0
0 1 0 1

2 4 	 # U Shape
76.57489477793658 57.60646653908316 92.56479511538042 41.08022698020962
54.746379686082804 56.962590189893056 53.18535519727353 93.91573563797455
2 2 	 # V Shape
0.0 0.0
0.0 0.0
2 4 	 # Alloc Shape
1 0 1 0
0 1 0 1

2 4 	 # U Shape
67.10861414183165 24.88792441842441 36.999837265698076 34.671285416782716
82.49131922342991 84.1648699352834 9.45942401580001 27.340393042423273
2 2 	 # V Shape
0.0 0.0
0.0 0.0
2 4 	 # Alloc Shape
0 0 1 1
1 1 0 0

2 4 	 # U Shape
12.46570003117914 49.3537872486702 27.18385852867393 1.3460642713719828
12.798750635805256 79.19986749289545 93.91186519981109 98.06978175296652
2 2 	 # V Shape
0.0 0.0
0.0 0.0
2 4 	 # Alloc Shape
1 1 0 0
0 0 1 1

2 4 	 # U Shape
63.391111861298754 65.40053050008382 66.92578341854767 18.373969673160673
88.31859007451673 51.51280744228997 14.180646104346916 73.25044289825718
2 2 	 # V Shape
0.0 0.0
0.0 0.0
2 4 	 # Alloc Shape
0 1 1 0
1 0 0 1

2 4 	 # U Shape
50.44684353366923 64.54137749407963 10.244246455539763 80.59078592376355
59.91158196940995 99.97847434773549 48.40686044907891 56.839275929580765
2 2 	 # V Shape
0.0 0.0
0.0 0.0
2 4 	 # Alloc Shape
1 0 0 1
0 1 1 0

2 4 	 # U Shape
16.241392139098785 69.38571653580779 39.723058936201205 16.289140392961244
93.43512524965615 90.91107122135924 78.2225100164183 58.9808986558085
2 2 	 # V Shape
0.0 0.0
0.0 0.0
2 4 	 # Alloc Shape
0 1 1 0
1 0 0 1

2 4 	 # U Shape
68.79879557693283 54.35288967339111 93.06391637529838 32.813486294891206
57.670453322130925 25.767149054780745 68.71875476503683 80.57347930213405
2 2 	 # V Shape
0.0 0.0
0.0 0.0
2 4 	 # Alloc Shape
0 1 1 0
1 0 0 1

