2 8 	 # U Shape
62.97576132346906 85.992408065359 4.127256531777368 74.25662209096899 57.04173584583558 3.4313193539459386 21.551321485037846 48.75690166087345
27.270585709625006 11.906343398625586 29.963408025747995 37.78540587647867 0.11238999495335467 47.76318115108378 52.46712967458921 4.645720711872503
2 4 	 # V Shape
32.50895173734752 40.46000998013013 29.67565145411095 66.5133558625291
51.762018887726356 75.83992428505223 17.65160426406105 51.249241703274784
2 8 	 # Alloc Shape
1 1 0 0 1 0 1 1
0 0 1 1 0 1 0 0

2 8 	 # U Shape
44.49960661200688 88.7982434157199 79.72677299953102 6.797872826362639 96.07877564667781 65.92053923760217 71.87760832244346 74.35767651340966
88.77363518856369 13.394566757579296 77.69745806055802 83.7991512195325 82.93047639084283 2.9156996519808853 39.037449127658455 43.725199216804086
2 4 	 # V Shape
52.063506351133185 49.28726741656841 13.042928220861905 98.43835309944721
6.570232191808534 57.928407774407 58.077482508672794 95.43378655569242
2 8 	 # Alloc Shape
0 1 0 0 1 1 1 1
1 0 1 1 0 0 0 0

2 8 	 # U Shape
64.98507055370592 72.51533665546762 91.2999173370326 27.055332126271338 39.25602188370111 67.48556335160484 48.8694009876973 52.43967382988608
33.12980782485101 95.8990709634066 23.066957477757622 76.1436527426634 15.913789767122088 98.0634454293083 25.036947792528064 15.83760130470605
2 4 	 # V Shape
54.04276036185686 14.857476632006417 60.987658024091864 56.826322164893575
84.78356046216565 1.7502076834489788 36.49817618196527 62.22051270167803
2 8 	 # Alloc Shape
0 0 1 0 1 1 1 1
1 1 0 1 0 0 0 0

2 8 	 # U Shape
84.65414951170503 85.88620568468966 31.050361394319147 11.938639397855333 52.09594813305007 44.895006829702844 89.72872749318091 49.310233858652666
50.447751799159114 36.51236493904061 78.30061210921407 94.79230192085654 13.00150130737544 66.11126735260707 16.373230849016775 30.893876440744794
2 4 	 # V Shape
96.66301542725805 48.28546746654463 54.07474451942931 71.11731350688189
68.74317440662988 3.6969147565038107 88.81705659558571 18.85842080331316
2 8 	 # Alloc Shape
1 1 0 0 0 0 1 1
0 0 1 1 1 1 0 0

2 8 	 # U Shape
44.9200041244199 39.518797088739056 69.02722312738483 69.8589087703895 60.54036425444518 94.33671775089346 37.04075485505709 2.62549322888882
16.617830223495844 55.74574421886089 44.31606919654981 99.95560109207652 31.771201485178846 91.13352907042231 86.2652821469039 76.41976405374453
2 4 	 # V Shape
18.439390683524625 35.14559242881569 1.6148967431796724 70.87076640132774
31.86633612037797 63.24481620617679 74.00734488576441 17.065195375223162
2 8 	 # Alloc Shape
1 1 1 1 0 0 0 0
0 0 0 0 1 1 1 1

2 8 	 # U Shape
95.6188272045114 98.68104591813473 82.9378843353453 53.788945969180176 8.353762038601175 31.388748900192965 10.611344922958054 20.490864579387015
32.551839631228006 50.16089872551187 87.83187538109141 26.1008943361129 53.01367725528584 84.38626421168804 13.65644864046166 40.022401028929956
2 4 	 # V Shape
56.848528655579734 18.60412125600558 1.3715933293031335 59.27890557476297
1.571523208981529 58.599372357212154 40.86629013157247 22.862394187870493
2 8 	 # Alloc Shape
1 1 0 0 0 0 1 1
0 0 1 1 1 1 0 0

2 8 	 # U Shape
98.68105563430491 53.974519649749055 49.730707772250035 89.8127378005123 96.1526851217467 0.2205093485656895 83.11018280041694 55.726111778643514
93.50166956280363 71.84412414969505 95.80848088622251 75.91504901990412 26.389422589032495 13.575153226767522 90.15894457842273 51.607324791665455
2 4 	 # V Shape
84.94364888772068 5.529715747505692 42.995199792293384 20.556706817393245
87.05912992132012 69.40339916443199 6.242920116452943 61.47630611906695
2 8 	 # Alloc Shape
1 1 0 0 1 1 0 0
0 0 1 1 0 0 1 1

2 8 	 # U Shape
18.261776061642387 39.110338664312884 36.02030767759318 39.79421629995827 99.02168554955388 19.874258373635488 36.92533101705139 76.93942246513328
44.54704572227711 55.627020498289305 76.38007314854575 99.97833836496167 81.7925096622923 43.895814172745396 34.19766060842667 33.60116871555001
2 4 	 # V Shape
87.94629784389713 75.15606054244411 7.712045666568645 52.6244631632767
67.30674227044754 48.762092818895766 52.3962618185111 85.88670385345478
2 8 	 # Alloc Shape
1 1 0 0 0 0 1 1
0 0 1 1 1 1 0 0

2 8 	 # U Shape
97.02577363167124 82.45667174362886 98.20478879082061 75.72085834541708 56.62190732315223 66.0075429945042 71.10063077710511 89.20018423338229
76.33009156389285 81.51096134360725 56.50810842321234 13.393920659096125 67.19379295737721 95.06046337243299 32.79439120232907 64.16318526881331
2 4 	 # V Shape
25.60592886307691 51.414238931863075 50.26513159501243 7.304338372879826
64.82598913325333 97.0658689483157 76.34708336427674 77.48715641894509
2 8 	 # Alloc Shape
0 0 1 1 0 0 1 1
1 1 0 0 1 1 0 0

2 8 	 # U Shape
48.77869949917194 43.93027593735299 44.83062114960561 53.90257288000539 89.99656268160857 55.006349132994345 10.56996731164247 41.4781066043323
46.158030373513405 66.19461387056359 35.08440917364801 96.81178905513482 38.85412936157757 47.60036206177085 31.039469956590537 34.321319277858464
2 4 	 # V Shape
56.63841337648816 51.56421948744008 77.94083049925182 86.72131313324404
41.22512207690452 91.79837780845509 47.119958065814174 38.911086406843566
2 8 	 # Alloc Shape
0 0 0 0 1 1 1 1
1 1 1 1 0 0 0 0

2 8 	 # U Shape
69.88609124663937 43.93958897820289 65.57870191749669 79.69503778553548 54.839396345846005 30.525118653194472 32.92105645054222 21.03960741297344
78.74584000566249 40.418223421314735 70.98663774109556 28.761505143554068 28.61254028906376 33.33160111450552 50.542597062890074 92.18198185756552
2 4 	 # V Shape
72.17049798495994 26.69556919924848 3.743961513831806 44.227462910340634
28.97600873734223 77.18713438712774 40.05980312032889 18.62264390359266
2 8 	 # Alloc Shape
1 1 1 1 0 0 0 0
0 0 0 0 1 1 1 1

2 8 	 # U Shape
9.742238065454167 95.92018521013217 31.996704343257644 51.85512426819253 98.06771879922114 51.964300198878746 47.49707535840345 78.23813359275692
23.182207602770333 56.00340030582003 84.68887605987125 4.579799024276521 71.56000840545458 27.113327525419308 13.102386658070476 20.381257233103977
2 4 	 # V Shape
57.795632157952035 6.37031986957658 97.67189483403314 72.87827406009461
11.607229051712565 61.32165254146612 83.52335354221233 89.29412668505115
2 8 	 # Alloc Shape
1 1 0 0 0 0 1 1
0 0 1 1 1 1 0 0

2 8 	 # U Shape
98.33243751558938 41.79280379245019 95.09063075044133 39.475997215181934 40.27422063230124 9.500749515849582 82.24646958272437 30.100281659587715
59.96990456405016 59.60146463264056 48.35509248572999 2.785164147033614 29.6265013402216 90.80891472259323 53.89430360358843 14.604689707378437
2 4 	 # V Shape
15.160182821721847 40.531040738189084 13.177769253327876 80.70549298435687
43.864415252185815 20.195659758923213 20.898242343956632 3.2011491828504046
2 8 	 # Alloc Shape
0 0 1 1 0 0 1 1
1 1 0 0 1 1 0 0

2 8 	 # U Shape
21.967653244891704 58.536335827608795 93.68017620385145 37.79943326955117 39.891825103831614 25.489406115948388 47.45927037209554 70.96728202183978
99.79749206347023 82.52534198698488 79.64383755676086 87.87473592978526 48.90145816115181 18.91453477375682 7.993592157753948 50.56962054621312
2 4 	 # V Shape
15.60405109202232 56.80344348741892 4.362447835115956 87.678479335453
66.0016916757231 96.73080094702308 2.474655416273963 67.18408063341109
2 8 	 # Alloc Shape
0 0 0 0 1 1 1 1
1 1 1 1 0 0 0 0

2 8 	 # U Shape
96.30782631204826 97.16108939526175 84.2755744700984 68.06677715336265 38.697867997182996 80.67642480862685 44.89546808459046 82.50367680393472
37.213268079626516 61.74471079448271 83.28807052679319 34.68428953323115 98.6402560083664 74.83693101128232 89.00192795623923 41.30905155366113
2 4 	 # V Shape
26.943936373340584 72.27433296617798 62.82005543957009 90.6270411624716
24.93459369185277 31.05817742620345 98.800502494382 2.5436747629356327
2 8 	 # Alloc Shape
1 1 1 1 0 0 0 1
0 0 0 0 1 1 1 0

2 8 	 # U Shape
85.43073703968071 69.52355987257289 65.53202310456194 95.96899257803977 15.695889679805964 90.7087458342412 52.709420449855095 2.4895254380492893
41.87584016466004 63.717042520588876 75.90490461966841 10.100931782057076 98.6326687099734 5.655169101433577 56.840144374628466 84.8607581536406
2 4 	 # V Shape
76.14028595817373 66.65156451541793 3.6930543128419924 86.46079443869972
2.1590066492838456 1.3392180220207939 81.77239017876246 25.10362491352286
2 8 	 # Alloc Shape
1 1 1 1 0 0 0 0
0 0 0 0 1 1 1 1

2 8 	 # U Shape
32.2579470879054 53.57596957155019 90.91186254156536 45.07525162294409 91.95250031170357 2.3922000044225844 58.048124263458654 85.33678105193181
51.13724455314088 41.100438095399774 52.28319559864932 77.90957336193499 25.10005202148362 53.69475694218927 63.7598158324675 33.31523586818766
2 4 	 # V Shape
85.91215993119783 50.11398138358696 85.58214579897559 43.588782218396084
56.967234687891555 35.278568100093054 68.09540119213386 47.89072338035919
2 8 	 # Alloc Shape
0 0 0 0 1 1 1 1
1 1 1 1 0 0 0 0

2 8 	 # U Shape
32.31953928000878 98.43054433192336 97.32739594567366 75.14060402278513 88.768862553539 3.6209049957290795 7.942712004917285 52.84491960933184
49.145766063479776 58.62854140135444 18.083056906889226 8.694092737345505 65.05337174154593 35.735104686447336 20.35614521184487 35.610778440566484
2 4 	 # V Shape
32.44162115896867 14.216207021855299 25.12925969909383 22.82985707583859
88.75174122436673 44.47425351344832 32.82277387294842 79.49629748354444
2 8 	 # Alloc Shape
0 0 1 1 1 0 0 0
1 1 0 0 0 1 1 1

2 8 	 # U Shape
41.31233059690578 11.095754549925152 38.31155019465567 70.9565749734559 1.3735479882087342 14.06772108804335 53.18743200788326 69.27443230515622
98.7691945326875 68.7530869661141 67.5121309425067 18.47819267629004 57.77284643635119 78.36963784889386 88.82789686495923 40.280832379101305
2 4 	 # V Shape
82.7635917371633 9.883702058535448 75.60670593672538 23.375279213062004
20.144257770586805 95.36197154728626 31.395623472022283 52.59651518436507
2 8 	 # Alloc Shape
1 1 0 0 0 0 1 1
0 0 1 1 1 1 0 0

2 8 	 # U Shape
78.15533790096553 34.76150840029939 3.067423397202984 84.22802328551367 5.815194552282266 84.39229920815335 7.7487786422904215 13.223299042229131
92.30754003276847 49.21892048479734 47.22613175423634 83.99801376258111 68.04495159265784 79.64861702261811 79.86400795064016 63.59438858608218
2 4 	 # V Shape
47.656959516830675 51.38380560121448 38.77610953615645 57.08265345093131
20.261262788447855 95.48149292994154 26.87087445909315 27.725215405255057
2 8 	 # Alloc Shape
1 1 0 0 1 1 0 0
0 0 1 1 0 0 1 1

2 8 	 # U Shape
77.28627697056622 41.00941861607736 74.14746914323703 57.94287127639892 92.70066820476197 4.995108986220442 60.15322978465753 47.23490650959386
73.28196283491663 86.22322704573455 77.08847238149471 7.724514111781067 40.70048683716573 50.429608890667765 29.67686176241259 42.29218986617268
2 4 	 # V Shape
14.38626466057935 75.56076480725115 68.84494496229485 36.21866412733379
97.68254743105254 74.51062919769667 81.62189399436141 32.65577621282335
2 8 	 # Alloc Shape
0 0 1 1 0 0 1 1
1 1 0 0 1 1 0 0

2 8 	 # U Shape
67.8124458353275 25.180364676431356 68.32848503668212 71.54936048182559 96.06445493063156 86.37938442015538 81.72043351689457 23.332432888524924
58.902632672277974 73.51508970634559 92.44426707062911 70.91197706580695 74.20116347832571 62.817263822228185 36.15584041444052 80.71930522950419
2 4 	 # V Shape
57.087905743906205 35.142949971218165 43.37440627055778 21.015089175386848
63.610702265177146 35.132537556812984 34.02702328670162 20.873142738815233
2 8 	 # Alloc Shape
0 0 0 0 1 1 1 0
1 1 1 1 0 0 0 1

2 8 	 # U Shape
62.57970842277678 75.4325066554465 80.81806418508299 63.99421941117376 43.48634278587159 67.46841100095737 33.74990727014665 16.61943629465068
24.423287064238675 5.679112264987484 47.55420297716908 86.33873348881487 51.004472214769116 69.34461779943943 86.80322979483627 98.78164497309608
2 4 	 # V Shape
80.82735535520685 91.0077311844089 95.16713233860968 96.12456604425444
37.45898474857717 43.594441120085925 56.948719973209684 46.26931822111663
2 8 	 # Alloc Shape
1 1 1 1 0 0 0 0
0 0 0 0 1 1 1 1

2 8 	 # U Shape
52.86529931281259 22.585272083209617 76.74533002669772 9.498048967811823 17.883748749524397 66.93704041424576 82.26265541640927 16.38301370959121
18.012144092759186 0.31509676244356744 52.38591039608645 55.62263273962367 69.31799625492609 40.74036703808388 1.1145206553506037 50.69196656822152
2 4 	 # V Shape
98.00314577697053 47.77784866927725 29.62358731191088 57.21144465448048
84.20963798356597 58.87146445825869 84.33907043352217 40.95509674888127
2 8 	 # Alloc Shape
1 1 0 0 0 0 1 1
0 0 1 1 1 1 0 0

2 8 	 # U Shape
7.9134783191124995 75.81077480068089 93.14099234181276 92.96686458456766 37.15276729146553 80.0013617523033 64.97530440970229 15.516104876996584
48.116385220181 20.03921375115063 10.96022695244393 42.44783574198399 37.06813477547968 18.34656264181599 66.1956828531529 49.89883870835533
2 4 	 # V Shape
1.3580200190114855 12.552895766520933 52.36955198453458 58.50052543907417
82.69950863007362 50.73393176478507 10.687671641057916 68.45134059493019
2 8 	 # Alloc Shape
0 0 1 1 1 1 0 0
1 1 0 0 0 0 1 1

2 8 	 # U Shape
41.20773329859709 71.59303711937332 42.23441640683884 87.67315804854073 83.35782724680425 44.26759932421851 51.37423308194283 19.151901944534487
30.849316572562703 56.12968673926525 83.26520510869638 99.81612621532948 49.75683186620121 6.6754164342339495 97.34665032820907 66.32398816809992
2 4 	 # V Shape
9.561400917418272 34.48687088786245 25.148180716919022 38.20350898121777
78.51757648312007 56.235903237320336 32.28039862715634 24.249053884189674
2 8 	 # Alloc Shape
1 1 0 0 1 1 0 0
0 0 1 1 0 0 1 1

2 8 	 # U Shape
13.566602945815054 51.049965039211074 32.975619627082274 95.15221612644808 23.532167827028548 87.7056492751356 58.191534140274406 78.80407532891519
60.48169199096441 85.10414395210717 78.34790734136243 97.23875569848512 89.82618678574289 1.4104114581714233 64.91262549642516 83.22218330116355
2 4 	 # V Shape
79.45705480777652 63.14118544150621 78.15997984155578 90.43522287798605
1.9480482322233872 98.38503723981687 7.194548668419576 99.40300590714351
2 8 	 # Alloc Shape
0 0 0 0 1 1 1 1
1 1 1 1 0 0 0 0

2 8 	 # U Shape
45.84100447848143 86.49330099646942 86.12659659822258 24.583683302188298 50.32548789594742 50.70930963204315 44.36682360607388 0.3320893039375994
50.00338213013443 45.56979016141982 40.66138184247874 57.347805992810905 77.79706664595273 75.0353644724671 39.79888320234743 55.467538773835635
2 4 	 # V Shape
51.07340140501421 72.88759489318237 3.877601067687886 91.43400935512359
5.33112671137419 63.1237997404973 82.25240363733182 44.543367303888836
2 8 	 # Alloc Shape
1 1 1 1 0 0 0 0
0 0 0 0 1 1 1 1

2 8 	 # U Shape
67.09317961175945 39.23383983221375 46.776357294604644 99.16931834600608 91.30413876183748 15.827392989748946 39.549491972433394 90.14854467538873
76.59390515450109 40.09363522996262 99.99126461808146 57.67506901706284 39.67626192555653 81.50331305510332 2.6853944643498884 70.97591075452466
2 4 	 # V Shape
2.150977236973728 26.162542093707852 28.91332493474714 72.5546479247015
39.959446925698494 59.51551417725342 49.27151687711333 88.2626753692493
2 8 	 # Alloc Shape
0 0 0 0 1 0 1 1
1 1 1 1 0 1 0 0

2 8 	 # U Shape
9.896576580420414 67.8944023556969 39.84315056271592 45.365251402211626 21.729033920798756 26.678581602589936 67.87418831022252 59.71525164596101
91.97811914649638 47.24364763461 89.54725125898335 91.77975444407981 59.95681180863628 71.0322127110601 86.82705098963501 34.38494369511641
2 4 	 # V Shape
10.079845437261259 7.400165645580348 88.3735086128446 43.993811656978835
85.30893505632135 46.572363078065806 7.361114604553576 17.11999819593134
2 8 	 # Alloc Shape
0 0 0 0 1 1 1 1
1 1 1 1 0 0 0 0

2 8 	 # U Shape
68.1284184358651 22.95770176380527 43.08863848857206 4.794539188435731 32.39062597288659 52.323097531963526 82.93982226612795 82.52717709548776
4.817326629702801 0.923929361105269 13.365139295567975 81.8524724214295 25.222240087829807 79.02212569723807 6.313470785418929 24.11610357235727
2 4 	 # V Shape
3.87527684200204 70.77904121352387 87.1797496215179 60.57004142266015
38.5634403889347 46.57053235928701 49.158237578107375 20.04029367655359
2 8 	 # Alloc Shape
1 1 0 0 0 0 1 1
0 0 1 1 1 1 0 0

2 8 	 # U Shape
93.93935436817983 11.01802943427609 74.66414497050187 44.844053552045416 9.405335747103061 70.15050766595459 61.111063327271054 53.78976968484124
24.709437097574828 28.9592897774129 86.45003073103292 7.590262003142822 68.4303612852263 90.23143961391138 48.03432175904331 69.4449386193761
2 4 	 # V Shape
56.239269917130976 97.55762807730629 44.54618275826672 49.90772647548515
2.1269877751346034 8.0781637313443 89.94843143969494 59.22764025437872
2 8 	 # Alloc Shape
1 1 1 1 0 0 0 0
0 0 0 0 1 1 1 1

2 8 	 # U Shape
44.6976704369619 68.74425806618729 45.441620033504456 49.423509356903786 95.16723613901416 45.45327374381311 74.86563379843312 16.762183737979697
77.61835052500057 52.448736941150955 17.9910277978096 83.50104342390856 50.49633506332965 18.488102756333923 57.94028665803356 16.439055300690896
2 4 	 # V Shape
66.88995798846378 63.65542126420046 63.7583817428245 73.97410121449013
78.38919501446888 48.01965044249178 59.77266607639691 24.125946234517905
2 8 	 # Alloc Shape
0 0 0 0 1 1 1 1
1 1 1 1 0 0 0 0

2 8 	 # U Shape
60.019283419031964 47.5095520820471 79.11887384292294 56.042594758063046 31.50705041035756 82.46542397583563 71.5639817157119 0.7423990924102619
19.428779672733253 33.66540033908617 7.619415754027237 6.989122637025657 89.35883585503952 23.2295061634605 61.854782314580525 32.630788655009546
2 4 	 # V Shape
21.26837429224683 44.09924191392627 2.0053369678791233 80.20321718115723
9.69003821114991 24.040776564132173 82.6709701566407 46.48453586534285
2 8 	 # Alloc Shape
1 1 1 1 0 0 0 0
0 0 0 0 1 1 1 1

2 8 	 # U Shape
20.379012742075254 73.54879505365768 69.16276734354977 39.43961898974755 41.846493363775195 64.57100699244386 29.82371842942497 93.3815498561479
85.32123724981771 95.88511757366497 6.045609163697597 93.28400701941982 93.91233250341516 3.0994081613696878 37.74853848022657 40.12577533376227
2 4 	 # V Shape
88.71977548803406 74.18496821164841 61.13755745213948 11.024277106959147
37.28749183522322 43.918479424619086 97.32188799894871 59.32639566568027
2 8 	 # Alloc Shape
0 0 1 1 0 0 1 1
1 1 0 0 1 1 0 0

2 8 	 # U Shape
25.569579111482 59.868090974459406 60.70584524279026 26.743867623252438 41.98443692732329 40.28792529522094 96.80868403657561 46.87237758134177
16.006632630472794 89.36945373739808 49.37570832084134 78.90361207816669 59.70364304212373 17.99339581793674 5.827853855018161 87.45929789308784
2 4 	 # V Shape
37.92724162041087 33.95390080291776 21.993026052323252 19.60496926306017
5.525969345428083 71.16078540114457 63.80416884370066 17.924878267376886
2 8 	 # Alloc Shape
1 1 0 0 0 0 1 1
0 0 1 1 1 1 0 0

2 8 	 # U Shape
68.18746083322246 61.060069499873634 85.71433443851652 98.11033601766528 95.72996444002366 76.88704763286516 27.96731844036372 73.69559276576295
88.67184520813748 25.473795009565436 1.7595655485424189 65.05704422073936 49.3459110861243 83.08724241293291 71.03684796829448 74.19687578297584
2 4 	 # V Shape
93.27992270139369 72.91721946585153 21.553844079680175 43.33626975924674
89.18133608507421 96.24840246344112 1.9261320044993036 40.62980357569348
2 8 	 # Alloc Shape
0 0 1 1 1 1 0 0
1 1 0 0 0 0 1 1

2 8 	 # U Shape
98.11973005762503 14.89517104447533 45.167117653579595 43.07338571296662 15.979574244670957 25.840413567585053 13.530461081992595 63.50389879771402
43.01710934234114 41.89716710965388 58.64093890773561 8.300670179516167 16.94366974018171 5.399218402984884 93.41203809378106 50.96855924883188
2 4 	 # V Shape
46.039405567268155 60.901085981389116 62.78281267467677 23.47840387215414
60.79328071796043 63.44434849277937 95.31788178981107 63.40247788470901
2 8 	 # Alloc Shape
1 1 1 1 0 0 0 0
0 0 0 0 1 1 1 1

2 8 	 # U Shape
43.104375820840445 89.18405415046198 75.27454306885629 99.26550218666812 66.28228984811606 6.788717232105368 31.1325800052242 59.464304851644954
98.45372789797122 85.01124307946772 73.86656926749406 14.067927305040062 24.031022151453264 96.60580457755978 49.24969339688858 96.83483272917259
2 4 	 # V Shape
39.43148152104524 72.14633347560728 66.29021023313061 72.05859348200741
60.70019975530209 34.820156938806434 59.32447230404815 70.09628262656932
2 8 	 # Alloc Shape
0 0 1 1 1 1 0 0
1 1 0 0 0 0 1 1

2 8 	 # U Shape
89.67618125295613 11.64923187739647 55.85383527328594 79.24967438955802 40.7436247534398 16.254828283605704 58.46126411469399 56.137104189634144
35.32030768902412 58.982412431214456 8.563668104904941 73.39670265801192 23.87034302331491 79.68304963236275 7.526425458086017 13.463260028803447
2 4 	 # V Shape
61.200959146611744 11.11465706403344 36.66094301732309 23.335278750317812
9.52369467915326 71.90914894955168 3.086346655714234 12.568581920495026
2 8 	 # Alloc Shape
1 1 0 0 1 0 1 1
0 0 1 1 0 1 0 0

2 8 	 # U Shape
6.023232500687858 95.93346285945611 66.59586506862183 9.33827810128951 54.301666195476116 13.326810088277451 45.612279899702 59.136387521780605
94.3111789028784 37.774886707226344 69.66552409673503 30.738067450439722 28.03706760993727 10.476250691583944 98.52281460267996 94.14611847280538
2 4 	 # V Shape
42.1664695484833 22.584911973186216 13.06662317963313 68.07074405652084
18.65166675596618 10.756854287889272 60.17838776149904 77.55771692315669
2 8 	 # Alloc Shape
0 1 1 1 1 1 0 0
1 0 0 0 0 0 1 1

2 8 	 # U Shape
77.18965439463109 48.78073591709212 36.79048528575246 99.2821900160076 99.42541894829745 57.37060730465813 73.91979436449539 58.10545308408965
74.940835473407 18.465022713146904 16.572956620809876 45.86575627858351 20.85907460046883 39.15503864854972 33.83011676041892 17.369361107104766
2 4 	 # V Shape
36.7399303406652 77.33415593416534 78.07140557597995 71.73645439409603
23.427263592925907 90.74828009470349 80.27654323774908 23.149295570557136
2 8 	 # Alloc Shape
0 0 0 0 1 1 1 1
1 1 1 1 0 0 0 0

2 8 	 # U Shape
27.243464380578576 38.64312373314465 64.13773155310132 11.867718488687817 90.64482923222663 73.93729611953196 23.71337378969197 4.111882229197327
9.08383687989528 19.166730526222896 97.21672111242194 78.58064442674473 95.49015350486339 32.44742883180825 67.3318355811805 29.827295270897025
2 4 	 # V Shape
6.419312071869621 4.028219514321862 29.25519517674059 55.849609757537536
6.256372909357555 85.67070849443608 27.15888315393451 45.404865066741586
2 8 	 # Alloc Shape
1 1 0 0 1 1 0 0
0 0 1 1 0 0 1 1

2 8 	 # U Shape
61.17512393573629 37.583551972494355 28.21818166430077 15.207087742644877 67.34143478905786 50.187168306252374 21.893444926007987 16.30186782240649
13.815546419700597 59.06880826546671 71.82678417128928 59.54110473795898 54.620333351457084 96.27672373679663 62.90199627354589 61.68661144049531
2 4 	 # V Shape
1.3706893691063038 63.85121359589713 5.926172840568766 63.331826227463274
7.266019025774861 93.64296942024791 90.72205937114126 13.851077649260922
2 8 	 # Alloc Shape
1 1 0 0 0 0 1 1
0 0 1 1 1 1 0 0

2 8 	 # U Shape
25.759586489185537 92.46190091848501 66.95043406032568 86.44597163798716 1.2063783389129057 73.6148122314967 66.85234104290248 57.829655422056014
50.683994498854304 79.53667449249822 6.574350766556791 77.64198383540581 53.99595775334832 46.582373380664066 62.88956935634465 75.71616293382101
2 4 	 # V Shape
79.24033454793313 39.49861935319231 20.648421717153575 42.872068780938
68.25303301369762 39.28431620129801 23.210889198511808 69.47836812919613
2 8 	 # Alloc Shape
1 1 1 1 0 0 0 0
0 0 0 0 1 1 1 1

2 8 	 # U Shape
4.098992222995057 50.65296150305366 36.60921881431756 39.08071381364188 25.595102943878935 61.84358743790064 65.32211332685745 32.13393729609384
38.031100832180734 52.98576894409307 39.26747882841379 37.13004225730591 78.46843685113895 40.43999238900929 72.68896849779652 82.30684698662868
2 4 	 # V Shape
75.57143630037253 87.9688479665349 33.0202022554936 75.71260471972772
66.76042186652286 70.51059290750271 27.1529727203067 51.57050139567202
2 8 	 # Alloc Shape
1 1 1 1 0 0 0 0
0 0 0 0 1 1 1 1

2 8 	 # U Shape
57.631788996098564 5.539816841881184 1.351618328348403 18.734824031352602 62.6408870662495 44.94924333653173 44.18922280216383 8.303656642289292
10.803232434675003 97.10074521070125 68.3563778609145 68.78393253013788 28.089649972545494 66.46738473082632 55.82983461697284 13.6437128850314
2 4 	 # V Shape
20.427894647168465 95.14943446680711 29.409075308214273 10.864103415850135
2.066468724735915 97.37804423887371 31.622975415596876 20.32267315184445
2 8 	 # Alloc Shape
1 0 0 0 1 1 1 1
0 1 1 1 0 0 0 0

2 8 	 # U Shape
17.05474250768785 51.51574524884898 49.694583234495205 50.82733814671718 25.40581872682224 24.052773650793824 48.09762930724162 68.6386740787032
8.822465343508224 62.394816042124724 25.114155495336878 72.92099173152077 82.09096689690517 29.414116683602554 74.0844802045046 52.90820635193377
2 4 	 # V Shape
86.92238235787305 67.52448053515893 52.03694583776234 93.84405868809755
18.48592459053293 59.63073449447142 24.835439201597353 4.9158566613482835
2 8 	 # Alloc Shape
1 1 0 0 0 0 1 1
0 0 1 1 1 1 0 0

2 8 	 # U Shape
4.139119741157571 25.929602539016116 19.37288041591333 35.09844243822873 88.60161455900678 21.678722333911416 51.35537359569571 23.921628450598398
20.73378145525289 40.98870865505654 16.277057150458006 95.03916111653712 38.90928658008368 34.4328704473864 27.41329394971669 60.207060540019405
2 4 	 # V Shape
1.1789206503905025 52.419720879913754 7.324464955164078 99.30078411933081
53.500332309257715 70.97626538346759 4.882153117920307 11.381474909453871
2 8 	 # Alloc Shape
0 0 0 0 1 0 1 1
1 1 1 1 0 1 0 0

2 8 	 # U Shape
61.750607554835135 82.49198359158562 0.8476453037571496 5.332424218830201 6.194030890662495 27.639889273217623 25.484841945351675 57.27178534235633
72.05324593160962 14.922751180302141 18.31189061313753 95.37502495370337 35.078367155541955 60.700982827349 74.0224825519942 79.31526209898692
2 4 	 # V Shape
22.66903679954829 48.58119357265581 56.50928250996875 1.176458232153621
99.13628087577948 31.799844952729337 89.98750599371542 96.21776664047856
2 8 	 # Alloc Shape
1 1 0 0 1 1 0 0
0 0 1 1 0 0 1 1

2 8 	 # U Shape
5.248995150407032 33.92457679225198 49.17912432322997 90.85310418406833 68.5593514146162 67.11772349117507 31.356294862219702 64.80031466139961
15.85611932440707 81.29468173169305 31.56081002285115 20.11254304733301 10.172844330323604 1.0359851969949596 87.98141451230016 18.69290582211437
2 4 	 # V Shape
57.036488409319574 48.531612136675186 1.691132979568899 31.49688286229483
23.07111696963019 30.46717749785869 2.4106675311050485 6.499466532955478
2 8 	 # Alloc Shape
0 0 1 1 1 1 0 1
1 1 0 0 0 0 1 0

2 8 	 # U Shape
44.74998392897355 95.05618069472361 91.37364608622386 50.358540022106254 29.503606033299334 6.839722052895592 51.94185113348468 23.3228791101439
6.983029234173754 72.93381691176424 96.91368440729671 98.50948548739234 88.96010805807282 88.02814711694609 18.331260805882522 30.570915922415352
2 4 	 # V Shape
66.5120676439925 93.24019816667018 64.5296440831707 20.036584277264456
28.29085956302154 70.3598708660231 9.065758206289464 62.38870411799099
2 8 	 # Alloc Shape
1 1 0 0 0 0 1 1
0 0 1 1 1 1 0 0

2 8 	 # U Shape
33.135048412633196 91.74418781068121 9.070972844939751 90.27915059941665 75.81610447078116 17.909492293242923 61.27317670548088 14.381396256264633
79.12388300946871 71.11401577928493 6.545061009005382 87.22394380341628 62.013945858338836 58.55579456669696 93.94408141011647 27.685896845989866
2 4 	 # V Shape
73.75352660058363 8.246786887355507 76.88671811559149 58.201972499731944
41.35044895484255 76.25084927257532 75.28641481902795 29.725640172587507
2 8 	 # Alloc Shape
1 1 0 0 0 0 1 1
0 0 1 1 1 1 0 0

2 8 	 # U Shape
57.58111689907584 41.64130400556715 70.22005461637436 25.403073734423177 99.96186342587133 59.11293246390065 18.47630315302552 36.20162779799645
0.18115706987659186 68.43907465741546 72.8279100538899 56.34442986180348 87.44065957456189 1.4831658159037198 15.604549722302242 91.55288512363992
2 4 	 # V Shape
87.0161391834803 32.19742258673202 85.73813836601312 64.0331925428686
14.433203070534717 85.04778608696601 20.13258794390933 58.916650612763945
2 8 	 # Alloc Shape
1 1 0 0 1 1 0 0
0 0 1 1 0 0 1 1

2 8 	 # U Shape
12.689405742677618 70.90686400901872 24.502713691414822 67.19233149364167 28.656422495936106 56.18329774069124 46.46727416323324 46.3444958793906
88.4228602077423 41.802797552351976 75.80968604705612 2.191332004840729 85.1773955441788 88.91960240695556 83.68363380114091 8.570750216507573
2 4 	 # V Shape
97.98333465026428 44.15091360291991 92.50886518599248 34.55111301069558
72.06835124236981 19.384276674512623 5.740712858150843 72.62192788942691
2 8 	 # Alloc Shape
0 0 1 1 1 1 0 0
1 1 0 0 0 0 1 1

2 8 	 # U Shape
15.543965441553432 55.7535571804722 62.74681027886043 7.546432039636808 44.82467445364931 34.98192572629818 98.4978985108622 4.601087213660337
27.833439140914596 69.738802082107 38.3142095534275 56.666113244153834 5.328506349864881 47.61130230611088 17.791712280471817 19.254270119274796
2 4 	 # V Shape
86.87154178368314 86.85709758676464 14.681661218765596 72.59938716585982
21.826868326254278 30.539486018673212 25.918873638491547 79.57661554389546
2 8 	 # Alloc Shape
1 1 0 0 0 0 1 1
0 0 1 1 1 1 0 0

2 8 	 # U Shape
38.39457944001459 42.536816808901015 60.941834083823096 80.91981674962877 35.5836571513838 25.268104416031136 86.28539558685873 47.48881622251048
49.72705771276047 51.666575088187386 59.54724944904556 67.68323639442634 88.58071109458068 39.475021087698146 67.40369601607442 21.83145656289237
2 4 	 # V Shape
90.11050532926387 64.18381563768897 46.25916128637324 82.74079456186246
23.694672726465004 96.85472619580122 71.6821055636475 13.636120610866309
2 8 	 # Alloc Shape
1 1 0 0 0 0 1 1
0 0 1 1 1 1 0 0

2 8 	 # U Shape
78.6687014515445 16.328680295303254 74.1363924795166 61.46152552251222 86.57099420150547 45.62012277061325 95.96538369271975 99.87037428550903
40.10782861567744 72.09718011672098 97.86234444631269 80.3654811804145 36.19950942561817 78.88616808718244 57.45429873250596 44.699360872020975
2 4 	 # V Shape
93.8471694362312 94.58878262348651 92.25387215446518 31.860516799388893
81.26367588672242 53.92714267836156 73.11560365787541 97.30156602144787
2 8 	 # Alloc Shape
0 0 0 0 1 1 1 1
1 1 1 1 0 0 0 0

2 8 	 # U Shape
41.107579788602045 45.50490664294827 87.11576742828491 46.17164928410432 92.74004504474497 80.61765158958796 77.87002697654442 56.7649258155379
78.23080932333995 7.249788046385719 18.74677127615667 57.72397742912398 85.48211490085438 40.81256185189027 95.74362135386237 35.570456954046406
2 4 	 # V Shape
60.498837213195344 27.78842641222893 60.56801879333894 97.71882213851642
21.48508211201541 77.27591189576842 26.58816888178127 60.422812993535615
2 8 	 # Alloc Shape
1 1 0 0 1 1 0 0
0 0 1 1 0 0 1 1

2 8 	 # U Shape
31.065959942933517 79.27073205508734 43.47834895851314 1.1280729149177438 38.17351503010512 21.410647792600244 35.05799108173504 22.97096475224616
88.23178234942391 71.83852431744171 66.26115758584628 76.15142663849801 45.07349919276456 46.40661169981365 69.57414312983516 10.912204945258875
2 4 	 # V Shape
35.442492719595364 35.37065704265666 20.827150215256086 4.124457322145092
25.5074707921475 63.75508801735206 95.1984166117063 50.41107678096337
2 8 	 # Alloc Shape
1 1 0 0 0 0 1 1
0 0 1 1 1 1 0 0

2 8 	 # U Shape
2.027905162158017 14.624407430789832 86.52900199267896 79.86963964568183 43.95938867949746 14.450887831455294 39.11011367558479 40.17614822460881
25.337590647622843 35.54140004355998 50.34696742764401 0.15353282257201117 50.22471248587282 24.876582610223117 55.89171837522111 61.58195339865532
2 4 	 # V Shape
70.16101780766567 90.43461678780402 61.48194225425028 10.459863090656063
26.449330073287502 8.735255169483358 9.543761439989396 36.58941600238958
2 8 	 # Alloc Shape
0 0 1 1 1 1 0 0
1 1 0 0 0 0 1 1

2 8 	 # U Shape
55.31092191993526 15.122784938789835 7.983705688581222 78.432591372302 26.370936119763766 0.9525460420148013 86.53008110990503 60.581317644468754
85.96745636804387 12.433316557452512 67.6960220622089 23.223142436461373 52.93786592054506 48.279962780271134 1.972575230104756 81.63352110959659
2 4 	 # V Shape
39.719015819377155 56.59666425170655 86.99792291600194 39.122056427771554
60.84774514403419 73.90474687350809 14.795762465660268 19.812087153535106
2 8 	 # Alloc Shape
0 0 0 0 1 1 1 1
1 1 1 1 0 0 0 0

2 8 	 # U Shape
35.28389838432049 68.77620466639696 30.057248684053985 32.70848354572885 25.30569051875611 47.37302009478621 61.9895999831653 40.321714777952344
55.947087770968515 88.1534132479626 45.079190616151976 65.89117790731528 5.337089160710229 83.76821408422089 8.831687822787648 74.55480695828048
2 4 	 # V Shape
9.152739106766916 36.225285139751264 35.81708791179536 20.470165229423575
19.042996030004044 80.94953211958264 45.397626757828235 98.98211536885697
2 8 	 # Alloc Shape
1 1 0 0 1 1 0 0
0 0 1 1 0 0 1 1

2 8 	 # U Shape
92.87529034494268 10.866003834359129 13.17031936826596 71.10078387535205 8.165364486085824 72.0188473966813 92.32131863452753 3.0601008650853134
44.42978529731898 37.57039143603925 3.590862780477755 26.624488648892974 74.76086526151568 11.47775535406298 15.298281491500031 27.426421490078546
2 4 	 # V Shape
45.28766775024178 83.64118328250785 0.13155292681534814 75.5726373101393
29.04933084337139 62.55070263132166 74.45134842483327 58.36923273016528
2 8 	 # Alloc Shape
0 0 1 1 0 0 1 1
1 1 0 0 1 1 0 0

2 8 	 # U Shape
35.452647005589455 27.854615549719952 29.92168892230217 32.53393763054569 47.832343532849954 60.79049215041439 93.58951315634464 33.169485080115024
19.760341374045087 85.83345184424797 16.6676153779854 31.46906153968616 83.20503963074538 2.548990273670859 12.182663781321324 94.88325249177527
2 4 	 # V Shape
26.76220203671128 44.68760432855012 14.771807663356206 22.926193102126312
76.6766326440419 43.31710926934787 58.86469127298388 85.87856451002294
2 8 	 # Alloc Shape
0 0 1 1 0 1 1 0
1 1 0 0 1 0 0 1

2 8 	 # U Shape
58.986477033002515 94.9369903235929 52.63528226614147 33.780000785371826 48.53646956237788 52.321463922108556 52.023867588866004 76.8775021511499
11.04164449972581 39.83328456702838 75.9397316927243 13.06808344372551 80.48578656703135 19.237857170368965 4.279362881333759 35.42608739373111
2 4 	 # V Shape
14.30283377611714 38.140821758604815 65.337351011843 96.53821714028084
7.437316350002277 23.667262983903527 58.19356362035924 54.31275311205239
2 8 	 # Alloc Shape
1 1 0 0 0 0 1 1
0 0 1 1 1 1 0 0

2 8 	 # U Shape
51.14463367850145 35.304440321986185 9.128990403836534 36.951957125122924 67.91703441639444 11.262544596698486 71.46428570473617 61.04237025413062
24.46915142307715 70.53317243470877 77.29480972982267 84.92433534127841 80.49014048945345 50.669678633008154 33.9248557460155 68.15139597748853
2 4 	 # V Shape
69.98926471394498 68.91897624334045 85.97774626865771 39.603114337091995
56.23935963247232 73.22112674170965 29.144607262568513 43.735491515935095
2 8 	 # Alloc Shape
0 0 0 0 1 1 1 1
1 1 1 1 0 0 0 0

2 8 	 # U Shape
44.552770592842975 75.10038867291432 89.9254134382938 41.45126063181523 57.24117710865083 5.778183135924908 6.96911737329885 2.3479004239334023
11.392753079566509 7.0449284031297355 60.72049602236744 68.1648134152381 51.71307590334262 22.15774746913224 54.1575119751133 10.942887014977076
2 4 	 # V Shape
19.272748113277594 39.543562908391195 77.54688087853313 75.14165383973094
80.63345471969822 93.51805503799112 14.6910464886155 89.26680464433244
2 8 	 # Alloc Shape
1 1 0 0 1 1 0 0
0 0 1 1 0 0 1 1

2 8 	 # U Shape
17.41523593608366 32.39609999093638 61.37987341983102 76.57220488532295 51.8120188003058 27.84559336137994 27.106653406420943 14.1361922550589
66.39105288482054 72.01013918686124 24.138004911155964 95.12720499380376 10.92798912870807 53.189514302247396 72.17042350097928 56.691277290273156
2 4 	 # V Shape
61.10142773239588 48.239444727155956 61.25750944978815 39.15454898997426
33.272431335495455 16.748347852422096 69.95517302507592 35.471906402172806
2 8 	 # Alloc Shape
0 0 1 1 1 1 0 0
1 1 0 0 0 0 1 1

2 8 	 # U Shape
76.65866073565381 14.244837340234028 89.59504474599225 95.81920713825846 97.1719881047764 10.161546144623813 21.772627887699137 67.19880468022906
88.09971058979747 20.623261349977962 1.0759149414585 23.706938065283932 59.62858261488233 21.437474063564686 18.52849162723238 2.0939110191197874
2 4 	 # V Shape
45.436039334967774 0.8442522183322199 37.42538325305836 90.65015015658274
43.78076538650267 21.155814032657506 57.6113074697539 13.254436040442918
2 8 	 # Alloc Shape
0 0 1 1 0 0 1 1
1 1 0 0 1 1 0 0

2 8 	 # U Shape
87.49549538669363 71.45737430968396 57.85942238476969 51.677311920565614 1.6955884047127001 69.66150214766141 44.945540610326695 93.6210960984958
15.736889936352515 89.78636222364281 59.13313242034807 15.660712408920963 70.41263655246807 19.566595954802224 57.367290451179045 76.8968251940137
2 4 	 # V Shape
25.78584604973553 70.9362280392258 25.17404626573886 55.48617812709773
22.97673893132035 86.63331494128894 47.8758341435499 71.89015225434103
2 8 	 # Alloc Shape
1 1 1 1 0 0 0 0
0 0 0 0 1 1 1 1

2 8 	 # U Shape
43.02389000494842 3.7729140944049666 61.38030037639937 21.095595857919726 34.041771325899376 3.4739112821515428 2.254894831570853 83.90179674839014
70.61273793690386 10.71672114095189 44.312190765837734 96.73474264604043 15.02619399951659 9.371693420259785 23.34747211256556 31.192006003368444
2 4 	 # V Shape
66.11392577347466 97.11095490276 56.929568158361846 27.300882298714914
62.08265503159581 72.37405499530409 13.541095889298738 43.717696787517355
2 8 	 # Alloc Shape
0 0 0 0 1 1 1 1
1 1 1 1 0 0 0 0

2 8 	 # U Shape
31.315988910066906 10.919073963823022 75.93828868218672 55.0988068418944 45.25513290238398 11.097507447567123 24.685631107277384 48.91867754278374
31.940096362270875 14.876817231556727 35.15736736638815 16.416620760149193 14.580389941092875 16.267219960523526 0.9514765294472705 43.95294350454696
2 4 	 # V Shape
90.30365541851006 52.89931833375774 72.8817135824881 64.0519304547348
52.33143454402344 86.48883988471842 62.07538008251685 95.31560159612283
2 8 	 # Alloc Shape
0 0 1 1 1 1 0 0
1 1 0 0 0 0 1 1

2 8 	 # U Shape
44.51488034454436 16.225460316027007 76.68465382285541 98.84460341069057 15.434709982321348 43.88059419831172 16.316197366229666 33.44276093039093
21.06483636471378 41.854794363098044 15.377472387397917 48.0592489066089 67.09421410300232 47.371744229658844 68.62555740556424 91.39622141283151
2 4 	 # V Shape
79.76930209809014 1.1883721973914074 95.73781860580644 55.8748570068532
10.15732573955096 75.67194919420221 67.4498925756459 17.037796144310146
2 8 	 # Alloc Shape
1 1 1 1 0 0 0 0
0 0 0 0 1 1 1 1

2 8 	 # U Shape
41.724606707375024 78.29130032827901 92.14051636417608 11.723340017232776 20.560718212008833 19.631668790832002 89.25917059086153 58.697137876823646
8.634408096021474 20.79737320113474 2.603101510044692 84.81017003830483 82.46533162816907 17.64086618484019 39.5969212970808 24.31925073197686
2 4 	 # V Shape
41.85285237159088 27.19653501462005 89.76287834260776 64.53566485106911
27.159747282917635 15.680791127881955 12.62329188001331 47.73989165876644
2 8 	 # Alloc Shape
1 1 1 0 0 0 1 1
0 0 0 1 1 1 0 0

2 8 	 # U Shape
62.112929050282595 57.69646537854616 29.16079600487459 44.22546339545723 14.063199731505128 88.772277364617 12.541243993874573 39.679003922508315
78.29660738292164 73.77011394998127 51.136211112744355 81.74832741343347 0.8552929501630557 18.897700485083725 61.518598736685014 70.51161600550225
2 4 	 # V Shape
17.822412815847777 99.19795567378343 31.047293632618167 95.18342411169296
21.620824650896875 43.313796949265374 82.48382838248085 36.76884963397037
2 8 	 # Alloc Shape
0 0 1 1 1 1 0 0
1 1 0 0 0 0 1 1

2 8 	 # U Shape
25.88047044792966 10.132718002684637 80.02308014023372 99.18493545152693 61.304806694929184 13.149844551265033 47.23165029231452 21.660511055326403
7.718155296269213 21.49444879844118 74.8260084954767 19.486028712694914 36.869401878199106 39.877988223382374 30.304357496837188 52.47722108042537
2 4 	 # V Shape
39.719861621946414 50.131138045445724 50.77967374122634 17.090848304008645
59.37920732265255 20.444356825220446 29.37745446737522 34.224938384205764
2 8 	 # Alloc Shape
0 0 1 1 1 1 0 0
1 1 0 0 0 0 1 1

2 8 	 # U Shape
50.92307857639727 8.120892071074248 37.67662293621281 64.82408963250934 71.22371932540213 9.708394449566137 35.427375485407666 15.203046142493282
18.21557798360428 81.71904662413563 41.71727497560004 71.46116291929849 56.54407777986361 5.386200905015204 56.021004659507575 44.01342806832223
2 4 	 # V Shape
24.6274642817479 2.977636713392995 33.603654986577816 23.022804201085055
18.56218265396986 51.096428378471806 76.23157589095753 82.0999296742345
2 8 	 # Alloc Shape
1 0 1 1 1 1 0 0
0 1 0 0 0 0 1 1

2 8 	 # U Shape
94.39697158623194 41.365332160080946 59.334355290912065 54.200092610771364 74.47770765409147 91.86470283224537 11.377164137635775 62.26829899294197
36.29280756049701 58.09667962957017 11.554296066392633 84.0607260665203 40.48143465749063 52.80029818340534 24.19827238776967 33.83729640312361
2 4 	 # V Shape
80.50937627773177 50.55586285756164 26.29916908341645 96.02401459945364
4.11681990468008 99.95736954495726 4.3787563412784785 74.27007540584506
2 8 	 # Alloc Shape
1 1 0 0 1 1 0 0
0 0 1 1 0 0 1 1

2 8 	 # U Shape
45.4700483310314 0.3392631251339151 73.31931436293156 30.586116781660643 20.174902425017915 36.413385732939894 98.45808999849346 79.16907571514685
60.029562287614944 86.11399831006594 61.996142853990186 83.85633076627704 30.85219049840793 98.72653556681324 57.8963285985672 9.417739238149892
2 4 	 # V Shape
95.85971657624702 32.05359286348428 60.18840413942702 84.03868977758043
37.844417172882835 50.30677100186976 50.7250385149092 24.007175233127008
2 8 	 # Alloc Shape
1 1 0 0 0 0 1 1
0 0 1 1 1 1 0 0

2 8 	 # U Shape
5.922034932912245 54.484255675151886 59.066405295597036 42.458725173672185 13.36730188497598 60.7498099837043 23.499567627284314 16.905856860649383
44.827878050372796 38.006809701594655 94.44536004513765 4.243372906859344 8.3720843439811 90.36959188648396 26.00977201413064 19.17540407343058
2 4 	 # V Shape
82.89944765992965 23.669204419146883 13.717331349804763 84.31574077356682
72.30749750701436 6.106780981730065 54.36066058235968 57.48412985194873
2 8 	 # Alloc Shape
0 0 1 1 0 0 1 1
1 1 0 0 1 1 0 0

2 8 	 # U Shape
51.75328391048708 51.208398429747405 76.5208915727674 1.711964489519835 31.57291620630356 97.04623825339473 89.97848800166285 4.6187038768260695
92.11666582651321 70.09543832101495 32.601550669269706 6.90898768793825 50.24461363269398 11.338887733076664 55.42770763488603 86.38438609803511
2 4 	 # V Shape
26.041433129155234 33.88395240138548 61.36643518192373 90.04001808647006
61.097390403048294 63.55710024673659 68.34627676564429 9.259506972738386
2 8 	 # Alloc Shape
0 0 0 0 1 1 1 1
1 1 1 1 0 0 0 0

2 8 	 # U Shape
31.224106754829506 50.55501700219713 65.90332124589794 45.982572523294095 70.42096862586035 95.4431408946651 38.515305793440376 96.08071552999668
25.925806273770235 89.4264636782078 66.5850103078312 79.19146097223253 13.196176014173233 25.9448070529128 70.32306744173057 77.71212421640831
2 4 	 # V Shape
0.2906842540252197 46.95431030301622 43.631592861542835 54.829536167074366
20.510600552370395 2.9041309104506863 96.17131574076895 75.07732780236147
2 8 	 # Alloc Shape
0 0 1 1 1 1 0 0
1 1 0 0 0 0 1 1

2 8 	 # U Shape
77.63642499401577 90.8465836027387 66.24817042314736 68.82041845403155 59.7690449588282 90.63782074199351 2.554667534856392 33.87159748635975
14.154155884068132 88.88730728299188 49.002155861683796 41.825658160453806 30.11804940225299 17.349682264545653 38.93814480159378 76.0444597495078
2 4 	 # V Shape
8.701158282960863 8.080262633141011 77.59118221964486 63.88360485461726
36.550877879444 76.87183156492009 19.892928093530713 27.481162395515067
2 8 	 # Alloc Shape
1 1 0 0 1 1 0 0
0 0 1 1 0 0 1 1

2 8 	 # U Shape
12.610560278219618 7.717767693406918 98.27525910818433 99.50380284497031 48.64690830010119 2.1451674160168355 17.28088119474611 61.268538588887765
85.7010226410288 38.77909576119235 80.2901588447828 92.0985538786554 46.43217092921643 39.84503692098048 45.74199366046976 49.386628877926356
2 4 	 # V Shape
36.71198549661583 89.3984071359922 16.56568045466127 85.39899564879718
30.523518869085976 40.353896698002764 52.61389621310251 9.866046492795688
2 8 	 # Alloc Shape
0 0 1 1 0 0 1 1
1 1 0 0 1 1 0 0

2 8 	 # U Shape
72.21888668762124 99.66608717042732 72.85283754668777 84.65528913781904 9.578263935719733 55.83480182632962 32.5370877681589 26.896332434326297
12.560635526478059 30.901286473292476 56.519411821863756 8.855479322994043 49.53807863331841 48.272002622102896 26.46680803307665 50.60003904205897
2 4 	 # V Shape
30.642756763149137 87.15767577810762 60.445589111292854 26.06863660701294
85.06196033264143 86.82633524981149 4.040295041974007 77.59016750071065
2 8 	 # Alloc Shape
1 1 1 1 0 0 0 0
0 0 0 0 1 1 1 1

2 8 	 # U Shape
50.199504737314236 82.14251596460963 66.65870455825794 30.585068339866528 87.40926615022188 71.13350116207073 89.31157399881617 57.893529213062344
18.320591236457908 62.201428302902364 47.26651463069168 92.48233684076 62.5767599468457 36.27479853010922 68.74669485761889 84.61688492868635
2 4 	 # V Shape
21.53366842152935 51.76709454624485 75.77845027355048 39.86282832998174
82.50504977201153 55.05457726795508 51.325287082717765 81.79908624524947
2 8 	 # Alloc Shape
1 1 0 0 1 1 0 0
0 0 1 1 0 0 1 1

2 8 	 # U Shape
77.22150150705588 52.120765863308385 38.57223770713546 76.26304006115305 12.22539845922629 23.203925322105423 7.625310603596313 41.6316655800066
93.3855319750327 7.343703730403261 44.7271758927413 73.44700924800935 78.06797871950839 31.57141869638712 13.626254703804774 49.254671506641145
2 4 	 # V Shape
18.9121109054175 33.76640607617095 39.54119289402501 24.509230534249028
41.43309776542237 96.3960628942727 31.774427226667925 47.2496361443687
2 8 	 # Alloc Shape
1 1 0 0 0 0 1 1
0 0 1 1 1 1 0 0

2 8 	 # U Shape
7.42297721517462 17.018160782087964 69.49068425575528 38.117216721236055 48.490683079328164 66.2045559037243 12.650807724324753 76.6644996310138
39.53123023425784 10.409419043386503 66.77556275653134 16.328298986993783 20.929298538400964 73.28039028558584 41.83209602895695 56.98105142626323
2 4 	 # V Shape
50.61376794578957 78.72692403463039 43.80325347835231 29.561056762481275
30.923178318827393 11.242622558948401 52.710358079995764 29.258401453846794
2 8 	 # Alloc Shape
0 0 1 1 1 1 0 0
1 1 0 0 0 0 1 1

2 8 	 # U Shape
44.83486594654343 52.9523668615793 69.8372105327027 48.530787229386895 59.94275040083703 86.52502129987329 66.50360749882668 81.35648070957312
93.81337387093713 56.045014015361886 33.37508588571292 96.76224260074568 27.89689793087946 21.171961515360373 23.79551808243816 73.89484421974353
2 4 	 # V Shape
66.4628181278526 41.03094062416489 73.53858118447991 67.52953141372005
57.53776186825833 93.86507547467134 42.948975747231664 76.2300369618425
2 8 	 # Alloc Shape
0 0 0 0 1 1 1 1
1 1 1 1 0 0 0 0

2 8 	 # U Shape
60.16248703415251 2.142900106221557 0.003564998272298503 60.38829935562665 82.83832051691199 4.88401300435709 64.73834202316782 99.54143350555398
74.62710661673727 93.03724180865656 83.72070210720864 95.6822342025565 20.5691356504494 31.402502960447354 7.795194673390493 56.91838343619278
2 4 	 # V Shape
80.59576816922373 64.52268274601322 46.79406185052793 60.28554444979244
97.39898659119743 1.4510124537745694 77.11659373383624 65.2870955837421
2 8 	 # Alloc Shape
0 0 0 0 1 1 1 1
1 1 1 1 0 0 0 0

2 8 	 # U Shape
98.94116447467825 30.89595410988363 14.47857113504256 0.2600519547466207 95.28938831103156 21.41644573955218 79.37549186938519 94.56039438424692
68.07961250465482 35.82084018326398 58.47614565611373 61.72420104350967 36.43736483536817 0.9286577762042669 93.50170542857015 86.42253968150317
2 4 	 # V Shape
40.11286293801744 86.78792189727804 45.78131157216551 94.34281963725168
11.452861496373224 98.18177576855808 13.293650705065485 76.8008788698029
2 8 	 # Alloc Shape
1 1 0 0 1 1 0 0
0 0 1 1 0 0 1 1

2 8 	 # U Shape
50.85320529630697 34.791229929859156 14.900686097405025 97.38127991742932 52.81220046613324 81.49511767877048 63.98789075333142 45.138604802324465
46.971943918434356 73.52301348290017 84.46149011136447 42.66037137864976 13.828321080147433 5.198079732005856 18.152096833206233 39.63481465535244
2 4 	 # V Shape
3.706110217349323 31.886276054778772 40.79203252078112 51.72214694792046
45.101624563972855 87.76908652975811 22.167918051967796 52.503158241567775
2 8 	 # Alloc Shape
0 0 0 0 1 1 1 1
1 1 1 1 0 0 0 0

2 8 	 # U Shape
55.96806673843212 47.591267638465496 49.494177155624186 51.58164359056152 48.70490167982723 5.880388489211629 57.19214826647342 25.78924049849698
75.84414339004405 13.15547865815494 94.17059047092148 45.6543262343049 42.305814427252855 92.69281482174813 89.66390048693742 91.41439202379573
2 4 	 # V Shape
82.26822811829278 43.29290851322476 44.993511444172995 42.0236147056479
10.022202886949627 91.92830702300303 37.51200626879216 64.02176337071728
2 8 	 # Alloc Shape
1 1 1 1 0 0 0 0
0 0 0 0 1 1 1 1

2 8 	 # U Shape
13.534415733364336 44.37978186896249 6.743929711482178 84.12420641759823 17.835156119280615 55.628290565103214 85.80601159161995 90.17346307247863
53.894040131493284 71.49957843406133 6.608367105454183 71.27584326065815 83.27431879884804 15.347697375287739 23.888521087794945 44.52808713951934
2 4 	 # V Shape
8.785573022684979 51.61883687559909 47.01442246235498 6.323766025007982
90.3957406006724 25.878288853976393 26.542212541971477 31.946443393920443
2 8 	 # Alloc Shape
0 0 1 1 0 1 1 1
1 1 0 0 1 0 0 0

2 8 	 # U Shape
41.55115978324787 26.370409120424874 16.316110705932495 88.86724426782278 79.75330946188055 1.411581698649722 12.633665824617335 37.45852434008812
39.196445328648956 62.72125182695579 30.943308898840648 33.14818853696937 72.65044302107255 64.3542045014477 44.79929932501064 15.692655774171838
2 4 	 # V Shape
73.99087355664501 64.86788001517631 96.26496715786791 13.571372744176069
63.64963293744055 67.43672250736175 13.126425195227043 70.8239014568427
2 8 	 # Alloc Shape
0 0 1 1 1 1 0 0
1 1 0 0 0 0 1 1

2 8 	 # U Shape
99.8179093679901 25.086735997540966 64.56442661982898 90.63526824464897 18.41570039306064 76.27822799140935 28.52227869115961 97.14590804392331
57.81806409340216 32.503883547213995 33.71592877395074 89.52685252205336 68.46735269095964 44.616067418899505 43.22343454822668 18.139773268729375
2 4 	 # V Shape
9.999803136701813 24.178481300796417 35.982312597472976 56.891915317890884
79.26666242520007 22.271244733333706 45.1533739127262 97.63570633313898
2 8 	 # Alloc Shape
0 0 1 1 0 0 1 1
1 1 0 0 1 1 0 0

2 8 	 # U Shape
23.11842330798396 71.11178936810543 25.109859265454904 70.71468182938358 91.90004395901671 99.7687209696014 20.990436668345225 20.558834898206403
79.65100370138019 32.96131057092862 54.98494935660775 60.98520960460158 68.4725000936705 39.81042018615032 41.47012525155854 70.66175627852581
2 4 	 # V Shape
91.83123231265732 87.66637416745316 39.04251001741634 81.51687716483592
85.77247021169512 33.95933964192647 46.76928986494752 31.52461581002799
2 8 	 # Alloc Shape
0 0 1 1 1 1 0 0
1 1 0 0 0 0 1 1

2 8 	 # U Shape
80.77339547172848 32.87232736465574 93.53990102004494 27.619456493353546 84.00306767257742 28.317339974573986 75.46451798768923 93.83253438569035
52.49482951610048 82.59062220555775 53.70101915242842 70.75746560605961 47.817774450862615 73.26119813989527 74.04270402772852 23.06939395711103
2 4 	 # V Shape
89.00050350770996 55.163301391020255 90.04383490176042 23.07320728736808
1.7659972245674838 54.77758705908376 20.371908068580147 33.86264559689697
2 8 	 # Alloc Shape
1 1 0 0 0 0 1 1
0 0 1 1 1 1 0 0

2 8 	 # U Shape
61.71035174872915 44.24133694359518 23.317567968089747 10.657889447598324 56.41626737870021 16.892769606145208 82.77245039196761 7.207096475733643
14.120764114444452 34.70767530151369 8.142058844646927 52.87693422324732 72.5621587182535 87.86396702953036 55.959144969502496 9.144376741865557
2 4 	 # V Shape
69.74407143726624 33.5834410625245 45.912980042290094 79.03585831647199
55.20192879828746 40.44385092959655 38.27709434869922 51.65287626914626
2 8 	 # Alloc Shape
1 1 0 0 0 0 1 1
0 0 1 1 1 1 0 0

