2 8 	 # U Shape
80.65937981616575 98.2741914544214 63.56607347968526 21.59232560471803 54.902743208427964 54.55599580092261 23.40760731470016 11.372584300707944
49.965926704895466 15.210842242178801 53.268608055726965 38.7006768446549 68.83273834221643 37.29271564083929 94.61600449633926 77.73579181067069
2 4 	 # V Shape
60.80343030674544 61.523203658606896 64.29876012693234 26.848350713033465
75.01561486032266 28.683048942015333 70.93760578262341 6.478677547176559
2 8 	 # Alloc Shape
1 1 1 1 0 0 0 0
0 0 0 0 1 1 1 1

2 8 	 # U Shape
4.416722266296825 7.65365615356286 1.0343895110245693 99.43048222579424 59.944389709692715 17.97388027647032 36.437840196608306 86.38367270431519
45.02555009625034 97.13697684849716 13.565977671520734 71.56744827027805 92.09482505872631 93.53644225478608 93.63029088679248 67.27740448846122
2 4 	 # V Shape
93.89926354427293 52.42277302153967 44.89217570018435 3.127758666552116
85.91044903080123 18.252879402305165 72.83094463286277 96.73682786626925
2 8 	 # Alloc Shape
0 0 1 1 0 0 0 1
1 1 0 0 1 1 1 0

2 8 	 # U Shape
98.85867833900252 58.37713649038366 37.50193705951066 27.853304269880464 87.46103864120998 74.35795471084639 71.86338801136566 33.52482520843496
66.90624907683382 95.78432732211525 70.22516656958899 32.740784060362095 69.34995744350451 16.052483281843998 31.547908291880912 68.11911118116751
2 4 	 # V Shape
8.927461229817634 74.7194856213263 32.435363100594614 57.98082207386922
19.778543769260505 85.58017924865054 78.24837512338267 90.07239593674959
2 8 	 # Alloc Shape
1 0 0 0 1 1 0 0
0 1 1 1 0 0 1 1

2 8 	 # U Shape
86.15719444525364 50.404405852822755 64.44665911172743 14.038917562732989 40.16265075525981 52.62171401439388 18.483750337087535 20.46498271305862
31.07357557269227 46.694084268047796 87.76216868853156 88.42539840336549 76.22904543320847 81.68056224406087 66.52554332897374 7.768769172656609
2 4 	 # V Shape
65.23655734448155 83.30565863377653 2.0671789655256956 8.75578044652734
66.60949086179284 10.639981967623068 32.42939852941939 33.81618656464269
2 8 	 # Alloc Shape
1 1 1 1 0 0 0 0
0 0 0 0 1 1 1 1

2 8 	 # U Shape
55.98006166047904 34.80439103883216 34.941538274791654 61.37055535512614 7.022964247308394 59.75705765753162 31.18984598798553 25.215345299998027
52.546590847057 55.74421797709572 59.48565014855293 60.55366411662503 7.536713361265246 55.97179628355657 38.764844903889404 20.73784250938192
2 4 	 # V Shape
37.98911969876221 18.36164144725356 48.636239703774564 6.0526567455402525
4.2419133629680195 66.71035088709226 7.007925347440236 59.371493098051516
2 8 	 # Alloc Shape
1 1 0 0 1 1 0 0
0 0 1 1 0 0 1 1

2 8 	 # U Shape
75.83082384989844 25.963477779218614 87.13771844166463 24.418834657693942 5.03274171252378 52.076188094235974 47.76234508328031 89.82937013336966
34.41770817541763 84.70515087557428 8.203183389714397 10.632956221260637 78.4312915867613 86.44172191561195 36.487598048204276 9.833603119427892
2 4 	 # V Shape
85.86359397906354 11.010505217052724 11.659282648731484 42.50028772481438
2.7473008201872595 12.359902522121269 1.7534314743064883 41.160931606723594
2 8 	 # Alloc Shape
1 0 1 1 0 0 1 1
0 1 0 0 1 1 0 0

2 8 	 # U Shape
85.47154303493278 64.5578001750405 60.911958311824264 47.47646837876166 14.068825528270256 52.27006163747352 13.316319028097823 44.36699424988405
23.666770929192772 56.96344505719859 77.1440275439144 34.43897328545072 50.26789492680736 29.01996194974714 40.58429084154257 46.12148027061783
2 4 	 # V Shape
78.82764932034178 79.1921097962389 55.12419317635797 35.37213018488102
48.808566107746465 60.180600988640606 80.52692024567169 0.8171298646085456
2 8 	 # Alloc Shape
1 1 0 0 0 0 1 1
0 0 1 1 1 1 0 0

2 8 	 # U Shape
41.72053638608515 15.282440000454978 74.32985398212696 45.77500920520032 12.78628031348774 39.830299483347154 20.38676940658898 59.70352296789297
94.07708554803533 42.255596965201846 80.45330911968098 79.75720367743023 28.65322895218563 60.175908764211705 55.85962310956404 34.318230413720016
2 4 	 # V Shape
63.002770191767034 36.53332364537416 89.6899061088446 73.2361862940488
61.49198892672592 83.787946609322 67.93946260325609 72.01669376618976
2 8 	 # Alloc Shape
0 0 0 0 1 1 1 1
1 1 1 1 0 0 0 0

2 8 	 # U Shape
20.264181019874606 53.03706067571673 30.493130619838627 82.27976594500295 58.542431562581754 72.63206971588782 18.394258043125113 0.6081184955352259
23.80823158702934 17.007573137860998 75.24545866152866 84.99061603685185 38.82763409306922 33.80953801284126 1.0803173960604928 27.250144531607013
2 4 	 # V Shape
81.7695416417244 15.32325276552976 71.66839523021432 99.42704401155883
11.35557628288063 50.51192332574299 60.24826641333638 36.6101535377414
2 8 	 # Alloc Shape
1 1 0 0 1 1 1 1
0 0 1 1 0 0 0 0

2 8 	 # U Shape
68.39811339552443 90.0127404337716 19.21241285149129 42.831461206957066 64.99423372417121 46.96024706374033 89.70242490817054 7.657498210055424
23.480683390608835 81.2670338440099 54.29808369674094 87.63502225017615 25.724272787121226 7.682958793376471 32.144574384880585 49.15729396787013
2 4 	 # V Shape
8.130092324850914 18.18789020569451 71.90160470420163 64.89611177348993
17.909448689472608 18.719649975292786 73.46789372263987 95.68202681491901
2 8 	 # Alloc Shape
1 1 0 0 1 1 0 0
0 0 1 1 0 0 1 1

2 8 	 # U Shape
83.07191004919153 38.88340751949772 92.03323669738758 46.066238983791784 48.80676101343096 50.68877945388002 0.6544831683600094 32.076492780588126
42.36764571202764 7.381865143546895 22.80111038302679 26.669388372165358 99.69130231917586 12.113622535732915 34.37305657797787 98.97792086946167
2 4 	 # V Shape
96.22533159682722 90.14356225621437 19.55991408488661 8.978307168285916
9.687492049327274 59.820890473843214 75.52794714449938 67.6833549055417
2 8 	 # Alloc Shape
1 1 1 1 0 0 0 0
0 0 0 0 1 1 1 1

2 8 	 # U Shape
41.95896504220653 68.01384714718182 47.69176472354605 63.26925949445533 94.30409501658721 54.58727071318237 72.44756851016786 28.913522661955206
75.7669355961117 52.96569240379878 96.85482366007896 15.589071179530112 84.12867180081703 16.337522218023494 5.771034021606292 21.55635570178138
2 4 	 # V Shape
12.094139825899685 29.721207472238454 0.8110081570639638 66.18492631614464
82.3346480683452 13.423875327601609 21.063085630062627 81.59466397256735
2 8 	 # Alloc Shape
0 0 0 1 1 1 1 1
1 1 1 0 0 0 0 0

2 8 	 # U Shape
20.939412846708237 91.6541625426831 39.67939962632534 63.44559693751205 8.91404032268931 63.43565006749879 21.7257902543882 67.73717104534356
45.700212871632694 43.764560524207766 63.912427431695306 88.34387295450777 36.20968695773541 81.63247421661988 83.05530687908154 57.91637497235428
2 4 	 # V Shape
54.59625550428176 10.179076462800552 45.34320641786288 81.85266682804456
45.8145329774488 77.82106620289625 0.470442709286778 17.932972521218804
2 8 	 # Alloc Shape
1 1 0 0 0 0 1 1
0 0 1 1 1 1 0 0

2 8 	 # U Shape
94.30607437679946 43.76300293824331 98.0899451609377 45.31067873407092 42.82287216704418 72.24300880106577 62.522902615556895 23.28158163458214
46.83991939128808 39.5758566315582 48.66699081257424 12.444867684578664 41.34370964192603 83.29081839408168 93.7898805864816 54.901420894145694
2 4 	 # V Shape
64.95062041943129 44.5068326448119 96.4020536785831 78.54344933582763
90.52256243324847 36.00113765198677 79.02381169412574 79.0367270892896
2 8 	 # Alloc Shape
1 1 1 1 0 0 0 0
0 0 0 0 1 1 1 1

2 8 	 # U Shape
21.684660784992438 95.89420361281296 50.01905132929537 25.453178863534397 28.22272847541446 73.67869627245871 98.59006499521118 71.71962286879517
61.367331904221025 56.30624299618642 81.89145516073127 61.17139767584951 76.72712520423214 4.284667365294426 72.8485617622767 3.9074605555322273
2 4 	 # V Shape
9.261285279727272 67.94173154829144 33.478514548142094 10.12682415517846
84.54854549566271 8.687420474552422 18.497884128670695 19.489726198269764
2 8 	 # Alloc Shape
0 0 0 0 1 1 1 1
1 1 1 1 0 0 0 0

2 8 	 # U Shape
24.010871325401528 96.5561379533687 42.57786896319746 75.12649551567246 6.146283152459464 26.262463239166568 53.65164689366693 46.843957800471294
15.846302220846741 62.950385347616646 88.42532240385746 56.39705587363611 22.538164318447073 80.84661886988307 48.2906790050478 93.3616724944621
2 4 	 # V Shape
44.37090328831943 93.56635047219099 76.09290092869992 13.434537818060777
47.177947531705264 29.87655158642045 7.649171051406745 5.136790362570176
2 8 	 # Alloc Shape
1 1 1 1 0 0 0 0
0 0 0 0 1 1 1 1

2 8 	 # U Shape
85.52515748533425 14.026637455174173 23.40678558662561 87.41740906036736 25.29186056004773 93.22867338541705 43.17300865919056 69.76427597551736
25.64432131415656 95.91704240093179 25.893483459035316 98.29571864645122 27.412198022942558 90.2324616414406 45.49365900385762 23.773787479031093
2 4 	 # V Shape
11.747860133040245 63.182449262288934 17.873414855584535 96.89721582433144
75.29466153345463 21.789362896121133 81.61224137380107 19.03017445277675
2 8 	 # Alloc Shape
0 0 1 1 0 0 1 1
1 1 0 0 1 1 0 0

2 8 	 # U Shape
66.75183100605693 88.70887396852152 48.21350600681152 9.486074098456731 48.05519080350389 97.33311170781349 76.66126774764369 0.18373572351840783
32.97623734501243 84.29906034672206 47.3226595897276 85.37285684974474 87.72086026855895 24.286961259411555 24.26982610102061 93.9375088332923
2 4 	 # V Shape
37.82730926829654 57.54215525195341 50.633944819887 31.76415152200489
75.31861092341849 44.06778846212147 14.809125495847464 32.00339884063772
2 8 	 # Alloc Shape
1 1 0 0 0 1 1 0
0 0 1 1 1 0 0 1

2 8 	 # U Shape
31.465877998644864 32.9799039281593 38.265726109608146 7.236750781159884 77.93824552079698 77.25357092641812 13.823085759362918 21.340258010933123
47.67747007986082 62.34947315558015 69.75293346552235 88.10212597932527 52.949897443896695 37.08553890021299 15.978750425922517 15.138792244414379
2 4 	 # V Shape
85.92894994657941 27.627048260828147 62.539269863091604 82.3862467746831
25.07023493342907 64.23633431323196 45.36764642401695 47.51667308020606
2 8 	 # Alloc Shape
0 0 0 0 1 1 1 1
1 1 1 1 0 0 0 0

2 8 	 # U Shape
27.116203355784762 75.65571618925887 0.7684009086915689 84.92952584694878 20.183724147313807 42.25796477177962 53.99839576185861 49.69164447542534
59.360257028519136 70.39829484587264 74.04625435819887 30.063915552353958 35.58385274438404 52.454928528254484 94.17145396350539 0.3881087291297658
2 4 	 # V Shape
18.37656863004823 93.22635817195916 36.23536440762069 79.39596357407285
89.8116984321084 16.111345300768456 66.28555932315771 17.845002912035856
2 8 	 # Alloc Shape
0 0 1 1 0 0 1 1
1 1 0 0 1 1 0 0

2 8 	 # U Shape
39.6896398035029 33.320446424331585 94.10513734668116 46.11329459421785 48.80994077399159 65.11573866241966 80.64899106726355 58.38002132099395
36.52558014734073 36.01174586935567 94.42388583129355 58.269180868341465 95.4814031163388 76.08324884595673 8.055268175308461 63.456776559548686
2 4 	 # V Shape
54.42625224688674 89.50485801127543 42.00836398421781 79.9606408154763
12.110468232992645 14.38651179853131 4.5684515878942396 59.70758890615953
2 8 	 # Alloc Shape
1 1 0 0 0 0 1 1
0 0 1 1 1 1 0 0

2 8 	 # U Shape
11.243301781922199 20.581258729676588 72.61525835202983 79.95437682594668 53.306089496718215 36.535696546698816 47.85110496633107 9.081644417920554
63.93464717638583 63.98840461457138 57.81605731701344 3.34960488748407 40.52588277022049 55.52271619860575 10.708868627248712 79.40807569219565
2 4 	 # V Shape
6.706589474910595 41.65555879757906 77.63780450067095 33.64979130746802
76.2853329113533 52.21622089900239 15.713646200427334 30.574168784708
2 8 	 # Alloc Shape
0 0 1 1 1 1 0 0
1 1 0 0 0 0 1 1

2 8 	 # U Shape
34.857436065611836 4.4553220295096345 64.17205906884469 22.271618192650944 60.315178502956535 71.04591577505813 36.95848394242203 7.901712981146347
45.435141661619774 69.67556468812795 81.27187003953944 99.67710214204595 96.60308087589983 91.07707864330646 26.943432558005387 59.070163832422104
2 4 	 # V Shape
70.28587108033953 98.26472800444192 27.930406934918995 49.84618028414523
27.118849588491713 61.016030115953804 13.081592038633827 64.53981556959499
2 8 	 # Alloc Shape
1 1 0 0 1 1 0 0
0 0 1 1 0 0 1 1

2 8 	 # U Shape
51.824053950766825 48.20543728398473 59.45700015623476 31.09349336377144 16.41111423252739 55.10715332790559 19.08333958624382 72.47487845545632
61.75575385941977 31.59107141053927 0.14586071267581602 66.59040503404809 81.59089276985567 98.45766045792949 56.33210754509409 88.8390224381428
2 4 	 # V Shape
31.63610664808877 58.401099587854866 91.884689280195 88.51476410545504
30.268476184325966 96.90879945995759 44.748682004918315 20.289616835662805
2 8 	 # Alloc Shape
1 1 0 0 0 0 1 1
0 0 1 1 1 1 0 0

2 8 	 # U Shape
79.64256166405767 26.495473785453783 83.31308286469674 18.050781895745306 74.67390663134125 29.211213201730445 6.132093152365314 23.02868588404432
19.169442240403768 37.62559626520884 42.73694581381046 15.207056483641356 32.06179775930846 40.72272398102139 53.72779683187208 86.02378833265809
2 4 	 # V Shape
61.50182040442057 77.75055371282193 82.35748323545394 25.250109744386652
18.519420413154776 28.321531838295876 0.8908786353440501 86.00716221075434
2 8 	 # Alloc Shape
1 1 1 1 1 1 0 0
0 0 0 0 0 0 1 1

2 8 	 # U Shape
35.61868211275032 72.73177996963285 83.2561348239665 43.909229063252496 97.22642158404699 49.50066185753806 60.46720964909136 24.15299217413426
85.14869157164519 18.81650103159249 46.07335757785128 53.70550095492759 62.54751131822693 9.040441812966781 71.89827254432049 46.4357135095556
2 4 	 # V Shape
37.57108931470473 14.858060999946987 19.260539325925073 33.327534266462834
95.21436579857199 8.337283321058987 33.039161218745846 2.6770437340542186
2 8 	 # Alloc Shape
0 0 1 1 1 1 0 0
1 1 0 0 0 0 1 1

2 8 	 # U Shape
0.8741636598340374 62.98662501930475 37.89982978396908 40.442296617451646 17.392591412175573 84.7193219200835 93.98861679049708 10.503400520234695
62.453113049332586 8.632476151109536 23.548248233757896 66.6950508124342 99.1562205673788 36.45304128581017 55.05407631900108 39.97087787383623
2 4 	 # V Shape
10.956494166195407 98.11922936461504 20.017373115433458 54.79141173938559
37.51356117638428 67.26752318819952 22.263569993328503 16.289419654401872
2 8 	 # Alloc Shape
0 1 0 0 0 1 1 1
1 0 1 1 1 0 0 0

2 8 	 # U Shape
68.47616691575782 37.251074219533685 69.34265342057681 84.08720020562545 70.64709275576615 66.8381439507424 33.48711309523912 42.84427546922254
54.242785072264866 98.5484485731641 77.22166746731352 94.81616982618245 8.8039043898676 21.932173034656245 7.886768646630992 52.75823353522511
2 4 	 # V Shape
41.12527658273479 60.87860001537656 31.41619805358904 27.3920012555517
65.15728988849602 77.60645882790831 75.3767064928292 17.198757636544915
2 8 	 # Alloc Shape
0 0 0 0 1 1 1 1
1 1 1 1 0 0 0 0

2 8 	 # U Shape
65.11364748593992 74.58002235524252 82.05086015493421 44.20378176653844 93.6091520686005 58.05941064936045 66.91421282712759 44.58424934487593
20.375158247138568 47.36171519315189 21.95193682067741 26.972239215736483 51.56272367738407 32.920509043230474 29.311078375912423 88.04057123876102
2 4 	 # V Shape
30.00251940455245 5.48243982356289 23.09165710697847 28.56971854603927
32.8066643957138 45.979618933997116 91.4551386562409 97.35172263205342
2 8 	 # Alloc Shape
1 1 1 1 0 0 0 0
0 0 0 0 1 1 1 1

2 8 	 # U Shape
62.248061093999205 62.61083475267555 59.08806400693318 3.213751411140575 78.39399921742621 30.467857130904598 33.09676239965991 15.648466764987578
49.91257017598859 95.03084093900827 35.510618326490054 50.5174428901441 27.415503761929504 31.26333630239827 63.44156021051508 73.72939670620681
2 4 	 # V Shape
48.25574343348483 91.40536628709145 54.95331604396002 67.69343411612405
79.90644664715077 63.275737289180775 47.05367683497084 28.672806183639622
2 8 	 # Alloc Shape
0 0 1 1 1 1 0 0
1 1 0 0 0 0 1 1

2 8 	 # U Shape
83.25135721914036 46.32896316696184 4.305285740019538 24.20432422003309 85.96445842222826 23.590881620959138 46.41571887867963 58.688948114693105
74.21290955357257 88.55060670556261 71.68556444183747 32.02139144264825 82.15624027792836 21.039870518274405 62.34426532954879 88.37039122169737
2 4 	 # V Shape
9.824661201878893 83.15572286385874 66.76949286513059 0.189806194564901
95.35971709762407 50.15097774142397 94.53527464338718 33.4663352330741
2 8 	 # Alloc Shape
0 0 1 1 1 1 0 0
1 1 0 0 0 0 1 1

2 8 	 # U Shape
21.379548304744112 29.406848188459335 89.81533736897373 94.8967066101408 91.15449873261623 80.92421412589208 57.6061667361614 54.20660160021799
6.5573131460330725 8.470401623213974 37.03940906570398 45.102534156035205 81.19108562216178 13.812465570503951 14.413650638759323 60.809717321368794
2 4 	 # V Shape
35.7043257178381 63.01910959267942 26.314397141252897 30.8238761298951
39.88825526743112 83.32679707003395 91.07581258414335 3.91738825793565
2 8 	 # Alloc Shape
1 1 1 1 0 0 1 0
0 0 0 0 1 1 0 1

2 8 	 # U Shape
94.07612273532328 50.095326882957266 98.26190802058935 33.637127486787 12.387165745562822 41.95156901248337 25.209122600957567 14.671896296234422
12.154876837617913 99.9896016265908 6.269432892727522 96.03860644889942 18.660772188785323 76.7715585877033 75.59279392057837 14.669806804326313
2 4 	 # V Shape
5.110979511840541 99.04712935416792 45.90491482762494 5.5015117839749
65.25888218860939 79.4520290627009 21.362120953886286 46.711473571252206
2 8 	 # Alloc Shape
1 0 1 1 0 0 0 0
0 1 0 0 1 1 1 1

2 8 	 # U Shape
85.74522763988995 44.70480620236461 27.343554313763253 32.7378217979175 60.718033810425176 1.8571688057159252 12.88442972563918 90.47826083891889
93.09572132271484 46.17415922376629 14.35527838066517 42.84108486480815 54.771842491165714 6.336013165963717 83.87497793364264 33.1755202948894
2 4 	 # V Shape
57.77796147368501 84.50509775813805 22.719463343012023 48.67494023201828
28.46914557003364 4.202428456855422 70.87210594022712 50.192354594952484
2 8 	 # Alloc Shape
1 1 1 1 0 0 0 0
0 0 0 0 1 1 1 1

2 8 	 # U Shape
71.40234762868728 49.74827193204542 43.734373754473964 85.03281523125304 70.94388380612905 6.7731247638943675 35.08966945601768 26.431816255989425
19.50730419290705 56.403668420466346 28.706721764851938 68.82675490229566 72.33980426713865 1.6984559233720664 63.204715779061296 94.59481392610553
2 4 	 # V Shape
45.86706943903417 54.32528730804368 31.583566746657 75.46961206969519
60.770542564136555 87.18734567286403 80.36142793984548 42.32505120451246
2 8 	 # Alloc Shape
1 1 1 1 0 0 0 0
0 0 0 0 1 1 1 1

2 8 	 # U Shape
59.21749770904465 69.8374544625528 82.15539889481063 48.67577894199595 90.25399667674087 58.07793596267534 21.684236294971015 44.6539588851793
73.72834431914231 80.51212419820017 78.0232250686981 12.994309071266253 88.60660860482821 44.27972022416545 31.13517964882564 29.692186589878
2 4 	 # V Shape
11.55726979961581 68.3860593807759 77.46337022379045 95.87275803740707
94.16267439056368 5.181670532866523 35.14876420885062 59.35592138448224
2 8 	 # Alloc Shape
0 0 1 1 1 1 0 0
1 1 0 0 0 0 1 1

2 8 	 # U Shape
63.65835971654915 96.30063847419572 62.64905899411251 72.00227428096922 10.523846946047321 20.813372317078503 35.8521789621982 85.04594593454013
29.818958369351922 59.51966151911658 41.97989891440944 97.81006042824374 10.358698021188372 91.9084978515788 3.410042358559673 37.73874415844129
2 4 	 # V Shape
56.737154064612895 44.160404536777406 57.93848127967244 6.525884334555765
45.59801779594353 50.284382949839156 82.63407279808031 8.097241199762239
2 8 	 # Alloc Shape
1 1 0 0 0 0 1 1
0 0 1 1 1 1 0 0

2 8 	 # U Shape
93.13099770514725 12.982594105743095 27.76966322532679 50.809812710660474 10.913061520535038 5.16859042925113 1.4228505119202817 44.90542734050279
75.53708075514679 56.641299453978675 83.35319171290917 49.57079282359291 57.31750990428457 3.1510595129461416 27.421222384943977 47.648534419719454
2 4 	 # V Shape
86.8302779996439 2.461965265125332 71.137259832991 61.94080589306803
54.695772538380496 90.10915878674035 42.43945700180149 89.82323680453344
2 8 	 # Alloc Shape
1 1 0 0 1 1 0 0
0 0 1 1 0 0 1 1

2 8 	 # U Shape
73.86961629554138 15.491717977705955 62.084239242481075 59.43953554728395 97.01547491304424 51.372309655678315 79.53861618347513 92.31535957787361
94.96399890226897 88.12597684187739 8.194423091969949 17.516923047287094 91.14224156847635 71.00887973572286 83.01869013831231 64.96096564849964
2 4 	 # V Shape
54.56712587344189 16.04069109707461 54.48702718906887 72.53811776696136
86.19423610177984 45.554175861998495 8.388766619108923 80.82798762609241
2 8 	 # Alloc Shape
0 0 1 1 1 1 0 0
1 1 0 0 0 0 1 1

2 8 	 # U Shape
27.699558966989958 35.9807461223556 92.96400622371497 45.05660318838126 51.014211055196526 56.79980414883783 85.64830815626104 75.57361652115348
4.147184779704094 93.120837415903 80.48169497296702 38.39586827596519 32.83513057990246 77.28490191873114 24.18194331839404 90.4090737801764
2 4 	 # V Shape
28.828646658395517 8.841182495466459 84.97759042344222 38.632056142350045
61.89237301534472 43.693261216920774 25.5387828120499 11.099093194164944
2 8 	 # Alloc Shape
0 0 0 0 1 1 1 1
1 1 1 1 0 0 0 0

2 8 	 # U Shape
74.71398145971274 92.2655419727096 11.51411093733824 25.180889464212797 94.87289369194511 3.623365937191647 35.755773556775836 48.331940161616416
90.61141474574276 17.052830980906286 50.813699723724184 91.32406999620245 27.156631319002067 91.26067846208728 58.43522582591854 10.04662942790101
2 4 	 # V Shape
22.30437679595989 35.14955052955595 40.37613334555063 33.49933888117721
47.19054054634294 62.558386298251776 20.958553942661652 90.90757712696522
2 8 	 # Alloc Shape
1 1 0 0 1 0 0 0
0 0 1 1 0 1 1 1

2 8 	 # U Shape
62.69889491579686 31.70049982161185 64.93647844091204 10.885026072661397 34.67659876111722 22.561829150271816 74.33154948647933 52.910108085769124
74.07172585443077 58.77068273677363 18.63165345747202 61.92429309977392 8.279767087288892 33.43479964357805 93.03165834034002 76.90884667559882
2 4 	 # V Shape
27.585134272164247 84.53221988800031 89.49147862917731 55.931139367719
45.10000216318449 77.90951776457992 12.093933294519799 95.91068636267684
2 8 	 # Alloc Shape
0 0 1 1 1 1 0 0
1 1 0 0 0 0 1 1

2 8 	 # U Shape
60.35563241850384 13.183963061402459 50.70345075742723 16.559278697057202 60.93566815573175 95.76266987276392 47.38602239916304 96.8519360310525
30.601206534326998 44.27952630667764 50.4202301001622 26.857679146168355 33.91056073224389 29.27448536688557 70.79253587408797 8.059831825472074
2 4 	 # V Shape
83.80512038141458 48.62261375941025 31.87159409933408 64.21567943556688
18.18340484923151 28.512708497142324 93.08808198430089 4.927410951961941
2 8 	 # Alloc Shape
1 1 0 0 0 0 1 1
0 0 1 1 1 1 0 0

2 8 	 # U Shape
79.70040698511231 67.81474462451543 28.382738170831622 9.204015676446298 89.14111549935244 13.58323783943527 12.352589555846105 1.3228198240969213
81.86801194191045 96.38034861032348 8.372454289955567 91.43331528544589 80.4373431087685 14.109297733623427 93.28747780674082 81.27296193410892
2 4 	 # V Shape
53.39940826909589 14.103961623890694 58.80295989936586 76.92458635920332
89.21678670142988 92.38018586147606 5.718019528580931 40.839927823294516
2 8 	 # Alloc Shape
1 1 0 0 1 1 0 0
0 0 1 1 0 0 1 1

2 8 	 # U Shape
74.7153028177726 10.71249051481381 22.488379915907952 4.9632244435371735 32.440816326598096 89.28290314587456 10.743733566361724 51.993995392457585
65.12703024513365 3.311357024205519 47.35235530220617 59.14029887107765 36.96503929172595 28.4468323596786 57.28867194384198 58.92979393812195
2 4 	 # V Shape
98.88165913810838 28.786586460567364 62.31132546542557 40.77082482931269
65.22208800317098 55.21334773506796 43.259763912864635 17.862735430309883
2 8 	 # Alloc Shape
1 1 0 0 1 1 0 0
0 0 1 1 0 0 1 1

2 8 	 # U Shape
25.539592744977156 99.81156606135777 97.02453550410799 96.86694801028133 98.87751605781801 87.85313666115935 51.62366145174785 84.25548182851182
84.90778056228075 87.27393663979916 51.19616302724167 50.22082734628852 42.39317011145759 28.363174482468278 71.36095660408985 97.52334147635634
2 4 	 # V Shape
23.183656897370387 42.84676090876618 80.48752681864605 43.30408147475756
87.52038916128939 8.359537645679305 34.576153458106376 51.775425037671496
2 8 	 # Alloc Shape
0 0 1 1 1 1 0 0
1 1 0 0 0 0 1 1

2 8 	 # U Shape
4.088765596356891 46.875925263472695 59.00587757566343 54.00634215883336 7.216348851398324 23.01517978602603 44.73533982478677 65.0904132560991
73.0392912811272 2.8359509577278286 75.16005502455512 36.340805651277186 92.50216898088716 88.63935559424799 83.04832321853402 58.590632188687906
2 4 	 # V Shape
38.62885594410146 42.05233666934998 99.09483614175576 43.22518420368061
88.1427590477158 54.038381256527224 8.195026536125315 66.5794453849964
2 8 	 # Alloc Shape
0 0 1 1 0 0 1 1
1 1 0 0 1 1 0 0

2 8 	 # U Shape
35.35246927448058 93.74224454703113 44.78101234984341 50.68913723487004 65.50629411144537 60.9373348465609 40.44423077816529 55.80765540654382
29.741210335490862 48.70001868146097 3.804178564975469 94.03882278046109 94.14472693912147 94.39750821855597 35.082402913782005 88.08383303713359
2 4 	 # V Shape
84.62468562224836 37.5556920264602 28.62764968405308 91.46893296176303
24.688471176414673 38.842681862067465 92.43919852863903 12.719107015667985
2 8 	 # Alloc Shape
1 1 0 0 0 0 1 1
0 0 1 1 1 1 0 0

2 8 	 # U Shape
26.893335226442417 13.842602839374385 96.9048737577403 81.8503835269041 3.3856184857347427 71.44783758311249 77.51384023593128 54.13639040620076
82.15019899306805 81.9271396264344 72.13773389705187 24.247616069659205 12.797486321901063 93.4530260443351 70.62171299110496 7.372776036891038
2 4 	 # V Shape
71.06437528667269 52.77558081214807 75.30065570865452 16.278572555708337
76.02336452320307 63.922272176821735 45.96509328508088 47.642001081438
2 8 	 # Alloc Shape
0 0 1 1 0 0 1 1
1 1 0 0 1 1 0 0

2 8 	 # U Shape
39.265494404317735 62.71844265662359 79.2752990969458 77.70214962307757 75.65763843717393 60.545031949947415 81.462698759654 44.55602927941184
79.90056043111767 9.281265571487985 8.070627784428797 53.913430602186 75.17408848869319 56.649692143562056 9.167262325905224 86.08741117730747
2 4 	 # V Shape
54.222020474945644 62.699803824527955 45.56385571466729 30.985602148899282
82.91753616067005 58.052558663058385 37.97356427530938 81.27423215038009
2 8 	 # Alloc Shape
0 0 1 1 1 1 0 0
1 1 0 0 0 0 1 1

2 8 	 # U Shape
28.623877917834385 10.257597275434138 1.562572958471864 67.63890967729697 9.184636629622545 59.797914234215895 11.17518464985009 21.71767172041381
95.10738920079258 63.426856508445184 6.724189263222846 29.894834636680056 91.34332738018733 4.735658574400004 35.09891774048809 92.41883991724839
2 4 	 # V Shape
90.54918946274462 3.3066079882586696 86.73648873964773 96.60948144709648
67.88995957799445 11.938799028825587 10.051936895489222 82.75741939962323
2 8 	 # Alloc Shape
0 0 1 1 1 1 0 0
1 1 0 0 0 0 1 1

2 8 	 # U Shape
30.681153343582956 2.941421876742034 58.27560919304139 78.53888809279232 77.13197059219429 1.933914541987214 56.55988685136803 76.65114456142211
68.12839934110198 66.80166889676812 56.526612904679716 80.77055442655467 69.60188058685875 48.78576416716302 79.9706075276883 26.78195723769624
2 4 	 # V Shape
57.238712750401454 29.91250932136753 22.751897662112352 76.44625160363768
11.087285099807264 61.121335759597336 86.16577624673741 37.96470254089167
2 8 	 # Alloc Shape
0 0 1 1 0 0 1 1
1 1 0 0 1 1 0 0

2 8 	 # U Shape
21.943199730483098 0.3640406726465373 35.368874112877705 82.8167509840648 16.77142345631021 77.80569911257838 41.421698887337385 17.216309833133568
51.90959192173777 95.00121556731816 4.29285197424476 65.79979063476603 87.10584972548088 43.08351822469583 39.582366803493215 83.22888433583292
2 4 	 # V Shape
47.524242550194984 5.671207147933077 49.34550869091973 99.74617709808055
26.6831322136049 45.53189504405248 81.41772885621806 81.33474470409267
2 8 	 # Alloc Shape
0 0 1 1 0 0 1 1
1 1 0 0 1 1 0 0

2 8 	 # U Shape
98.85004439581387 93.59692804381247 54.38121704474456 90.64819644303577 64.28694206491143 99.49623005269213 10.7403271409375 89.35474637019902
51.022241428682 28.62584790484769 83.15926665565195 33.48275957803484 69.45371995307391 61.547172481111936 8.163344798288675 1.8643415992701917
2 4 	 # V Shape
99.16805494267481 53.18806428085835 29.353889261219823 36.86961928923874
86.41960223840061 80.01338299173788 67.21236910199923 80.85471574849245
2 8 	 # Alloc Shape
1 1 0 0 0 0 1 1
0 0 1 1 1 1 0 0

2 8 	 # U Shape
15.698971697217301 49.46756037670863 40.3364090936972 68.45750391101258 61.76849298809588 16.356544606015188 64.36089395943202 98.36305858667312
72.44284554850492 31.543563698780964 98.54586482581276 63.49885511802428 25.637546194739457 93.99674748192703 86.52167818162923 26.735143855355926
2 4 	 # V Shape
39.71146060567936 39.944807878280905 42.16322913288998 36.027341332529026
63.28958754008206 61.652792922682934 97.17478278521129 85.70764663459457
2 8 	 # Alloc Shape
1 1 0 0 0 0 1 1
0 0 1 1 1 1 0 0

2 8 	 # U Shape
0.9626763440552244 56.413076666840865 7.012718164112231 44.22861602905169 30.424324779494693 32.27563478854467 23.88230778910907 36.22762709535351
99.65941534819052 51.082578703005375 7.9140488943046154 36.72355912839467 5.078113817220331 34.90974328573827 10.240353850931594 53.104912270792624
2 4 	 # V Shape
50.44893565385671 56.242637339718996 51.35934035773971 53.50935811106196
41.06099006623787 58.63104265702865 13.520835053315473 90.15490113097381
2 8 	 # Alloc Shape
0 0 1 1 1 1 0 0
1 1 0 0 0 0 1 1

2 8 	 # U Shape
22.349159720036194 91.86458701315888 39.43753426597743 21.159797461971607 80.50797480656546 94.2969502709943 43.27749637276783 39.38837710906377
6.901987409870847 17.257381836328666 26.12641621936743 9.160460941454819 57.88538649541424 30.31973640701544 58.118276569992474 65.71286789354677
2 4 	 # V Shape
4.036197901207894 63.156911714971564 43.72809821036475 21.132727834047728
82.45135980339735 57.39461743481329 30.37963742488334 56.10178410929817
2 8 	 # Alloc Shape
0 0 1 1 1 1 0 0
1 1 0 0 0 0 1 1

2 8 	 # U Shape
96.46483234950097 8.678514086275612 44.332859875306596 9.077844664686785 81.41092064421694 25.06344083951346 17.454414785970673 26.97006869365789
54.97037415190452 97.49280882512366 57.28526669124581 47.13542877725138 51.47036841956811 93.06246596966396 26.982000115045558 97.03397636781088
2 4 	 # V Shape
65.75945778054573 81.09240312787998 26.522014374881174 7.051503420110872
40.72887692189787 82.94729502815417 33.15260290206358 86.78798202148562
2 8 	 # Alloc Shape
1 0 1 1 1 0 0 0
0 1 0 0 0 1 1 1

2 8 	 # U Shape
58.72125014167492 53.262166024456725 1.9736704888204781 64.18171933099075 1.4049314146360348 92.22088780485186 32.65542346659578 44.0978643624195
8.45858576053946 19.04342181660128 30.28040020145304 90.35575229064342 24.854752103965417 1.682104651693983 89.67482224258791 12.16993640681794
2 4 	 # V Shape
0.11577013979463535 60.02955586611447 9.733823661512453 58.82422555196922
19.319962914434917 0.8880067809071024 2.1109564556567095 38.54969224576151
2 8 	 # Alloc Shape
1 1 0 0 0 1 0 1
0 0 1 1 1 0 1 0

2 8 	 # U Shape
53.31890928967052 47.6463133828708 97.92466022320106 43.195646030277544 95.11418601743894 62.88550948098812 77.38986312083756 22.8809807957535
90.8637277255911 86.59537718995138 46.86181142234943 85.05948384835207 88.23551450163092 23.68154699305275 11.760137308197226 72.08462404887155
2 4 	 # V Shape
55.53637031933799 35.34961765115933 49.482892335140825 84.03784793258147
3.791210928783517 73.57280316558568 65.50916351787833 16.386375420201148
2 8 	 # Alloc Shape
0 0 0 0 1 1 1 1
1 1 1 1 0 0 0 0

2 8 	 # U Shape
52.48018812867148 42.205138277823096 25.60098932905558 69.93834633584542 65.60462448188946 22.963721318940266 69.3969882785731 34.56500901747172
43.575073213106506 83.5026921544012 20.178021967008476 60.20978598008679 18.33531588472296 72.06483614363562 12.096193275551903 94.35846597542681
2 4 	 # V Shape
34.471347749524064 94.27502557031255 47.0533728538387 40.51945887398747
16.119231867695273 47.008856995875504 4.125077737821314 53.08776781725143
2 8 	 # Alloc Shape
0 0 1 1 1 0 1 0
1 1 0 0 0 1 0 1

2 8 	 # U Shape
19.421102895271492 63.29069399205248 76.15541246527053 53.82844656992 92.63365657966969 5.500828762563847 8.07268132538842 29.563973444702174
21.0193071430545 74.26877550567833 9.318133928291438 88.15562535219063 1.9061652376099358 2.0008356034772024 27.499079680941918 67.74308730487795
2 4 	 # V Shape
51.175631028485036 98.89217508360801 15.96440020777682 64.4637959205512
74.28199881865312 86.2741233017344 33.45145386563272 33.73773332487339
2 8 	 # Alloc Shape
0 0 1 1 1 1 0 0
1 1 0 0 0 0 1 1

2 8 	 # U Shape
36.63631613100623 93.95027915615857 47.90014780753107 96.77529706725848 42.988193551057385 54.738598737283425 74.11085654902186 49.37072508077556
70.7943885280561 42.614136750824194 14.527631708379618 71.21536101730655 89.43750715226389 16.058502876399317 46.80748851557907 89.19537056134551
2 4 	 # V Shape
57.45652716214769 46.66929003411361 73.4975207014991 11.035466114116566
74.6800430925103 68.58024323061564 51.413330210689324 98.59473308228073
2 8 	 # Alloc Shape
0 0 1 1 1 1 0 0
1 1 0 0 0 0 1 1

2 8 	 # U Shape
58.307961010756884 61.167719321276806 42.681947816369984 23.79657204447465 48.327662903963606 86.70358126143718 15.920742649250197 17.835002854884397
1.386180293950634 36.43994694461138 45.57762048161492 15.089009074674786 67.75125213536224 80.92550813178252 74.53120599693055 97.28844739640842
2 4 	 # V Shape
57.28651233514136 73.33997172477692 36.14226880693956 33.38013539578262
93.5424375361842 19.222357944523793 32.237706178948024 44.870799722571974
2 8 	 # Alloc Shape
1 1 1 1 0 0 0 0
0 0 0 0 1 1 1 1

2 8 	 # U Shape
15.064941730390702 12.333506479600354 41.42185276587858 52.80825768335771 2.3670471202155707 17.69036804932359 99.40190541933765 74.32713187963066
53.10665932807615 64.86285200304765 89.10986974262373 98.9627340247257 94.42881473059217 22.797189460863233 23.277883354030948 46.716266520302284
2 4 	 # V Shape
90.07803762468956 86.71560336989198 48.33913552095377 86.32701047679612
83.78144735111947 63.299059105786085 50.31983855374942 20.404458296212734
2 8 	 # Alloc Shape
0 0 1 1 0 0 1 1
1 1 0 0 1 1 0 0

2 8 	 # U Shape
92.91094225619072 0.06578101170741091 2.706933726266969 12.574965119696092 37.733420498490766 60.927784169942036 65.50171419631009 15.8669962215079
72.3361168755592 34.85277761009809 16.95151565696151 93.498831126982 45.68011113221908 54.074421344030995 78.89742953600516 32.548947803728446
2 4 	 # V Shape
14.50705352608006 61.84814193347178 67.135613285751 16.270339998151872
75.95910036995556 91.74800747719051 15.078689410560475 8.381958339298167
2 8 	 # Alloc Shape
0 0 0 0 1 1 1 1
1 1 1 1 0 0 0 0

2 8 	 # U Shape
82.06148950860651 84.83336237610355 26.164023022848227 54.82574721292489 62.15266400868988 51.07194680108034 25.83152168656878 37.80687551212723
72.7079616344879 80.59429115231771 42.18116473953537 98.93041970722447 40.88721306025109 0.5509128777750116 26.793179806472388 46.51685382553349
2 4 	 # V Shape
65.73089198804874 43.72686773854883 14.135988515313036 41.10961167019417
10.178657845862382 85.82795243242407 3.3314390265001492 48.28432997793596
2 8 	 # Alloc Shape
1 1 0 0 1 1 0 0
0 0 1 1 0 0 1 1

2 8 	 # U Shape
1.3948899919956403 71.93693784145124 76.70423800667007 10.664499932743421 41.98709230916886 63.57489000217189 65.95622505765826 9.837827776688679
83.57331815579168 64.76507577835224 38.43108843830534 95.45662260005307 93.40596462887068 54.60082340044404 0.8582383433455631 19.783180722552952
2 4 	 # V Shape
69.51970968351074 29.403048402681165 69.78609370201451 65.98689720160536
5.41790654148434 65.86468893537963 56.157046927217934 99.70847474812888
2 8 	 # Alloc Shape
1 1 0 0 0 0 1 1
0 0 1 1 1 1 0 0

2 8 	 # U Shape
77.58057547583965 94.85936950139437 88.28180698228546 19.649560645088073 63.57030303390463 25.163634299064697 75.49576240357013 88.00037242282409
60.823654020213425 0.8925079360379562 39.27956519889547 48.443421662191 68.82308115217884 58.81579181683018 67.94190120660413 66.42931887417973
2 4 	 # V Shape
14.824344831729519 70.51952402863664 16.208352342724343 29.851935042008428
93.5816699437819 10.529282530321426 66.80794039542732 83.81424996501016
2 8 	 # Alloc Shape
1 1 1 1 0 0 0 0
0 0 0 0 1 1 1 1

2 8 	 # U Shape
61.314518459915405 78.21383766382029 80.95229082109748 68.8633507565648 76.86641418212638 32.015842942065746 42.42577013433624 10.082369747341469
43.787906657475986 89.14700863514787 16.249295111496252 11.262931720668568 53.4296382045043 81.61322111631362 37.82861050629796 20.117042666467487
2 4 	 # V Shape
35.80570672208738 53.395115959948114 28.47787444445161 73.14059418379084
85.99286390053832 51.89437284069809 39.00630216346349 36.09949825977195
2 8 	 # Alloc Shape
0 0 1 1 0 0 1 1
1 1 0 0 1 1 0 0

2 8 	 # U Shape
94.92480851933921 74.8419894501336 42.04672036962385 27.605160600539048 81.03170245000113 28.390501666660974 59.697534969140676 63.35570049813295
59.367623105185395 33.89639178621301 57.916474948438704 53.6175820201985 71.70754785122611 86.70567386648491 38.202224235771354 57.194095666898214
2 4 	 # V Shape
7.738103719857337 65.93154188027125 44.19092258401852 97.83706269816244
58.73893594088248 11.072637287706488 71.26869899275496 14.92298859090786
2 8 	 # Alloc Shape
1 1 0 0 0 0 1 1
0 0 1 1 1 1 0 0

2 8 	 # U Shape
83.59485455770731 80.47883244046655 29.977129599487775 1.7810964135235419 52.119617451160735 41.70964232392873 77.84770892814052 82.03630420418754
12.254695414406347 39.34631417502852 36.68121431363866 80.97150796584 13.94352933498194 11.256511169039884 65.79476017893599 79.71376792540288
2 4 	 # V Shape
59.51999933840846 42.35295972330353 77.92951858577351 69.00884371691205
56.34495576246683 41.60147471000767 38.126997279929974 90.12328382274855
2 8 	 # Alloc Shape
1 1 0 0 1 1 0 0
0 0 1 1 0 0 1 1

2 8 	 # U Shape
4.096295811311257 23.401358395515516 35.786498305419855 77.69116269629409 69.95591134290832 86.52254798593556 61.533244159845864 81.45980934198266
75.21706617596251 23.3856510289571 51.96942710337365 58.54203445290338 25.65149366613858 26.491901514389138 90.13985961990288 52.96591507187832
2 4 	 # V Shape
25.645903059151255 11.286641911209816 33.055453770298534 68.29392293049159
64.19356689164796 40.86080838489822 62.25011566667028 66.32513960564565
2 8 	 # Alloc Shape
0 0 0 0 1 1 1 1
1 1 1 1 0 0 0 0

2 8 	 # U Shape
44.907569506003895 7.891010519146424 33.671948789741904 98.65403969547172 46.36326511373711 63.14050001913778 68.1058328780614 24.896105203329565
46.59092921748724 78.47295231702968 14.986459886648396 64.06225729388973 19.327985367476884 56.7819524860365 95.48197728427809 5.345879158271538
2 4 	 # V Shape
39.704799353514694 57.566060628878326 70.03358488931995 77.00173693680453
57.01166642143303 86.8572579524126 65.23331945766954 77.8669691227537
2 8 	 # Alloc Shape
0 0 1 1 1 1 0 0
1 1 0 0 0 0 1 1

2 8 	 # U Shape
42.714019703655914 50.80026142607282 63.504822359467795 82.98601389879374 69.8614711237972 37.02007176371212 39.653967834030745 74.41133577038343
9.54549237029675 85.58623719420018 37.02500448779623 99.52676625492626 86.40990949469746 52.988017414745414 57.49092416084065 0.7746635791919587
2 4 	 # V Shape
80.56597850582813 52.3923457537616 66.63071053199448 15.247573223993516
1.9740757015414 82.45934976596638 5.8839113105911505 95.95912227171034
2 8 	 # Alloc Shape
1 1 0 0 1 1 0 0
0 0 1 1 0 0 1 1

2 8 	 # U Shape
4.100803405811493 49.85946146295903 58.44468499762904 56.60797556162426 61.346277441284144 53.778807106865045 70.85557503360937 86.92486647227481
86.75093614808397 46.01025922654994 54.51479415572869 62.27351819751712 51.62360308112911 33.4032880663913 50.91413245823151 17.678181145551097
2 4 	 # V Shape
71.13187924779105 56.34768849751814 8.751817384833348 70.22383821352693
20.985600194792685 70.76569453101862 71.89319736710209 18.941795721420984
2 8 	 # Alloc Shape
0 0 1 1 0 0 1 1
1 1 0 0 1 1 0 0

2 8 	 # U Shape
96.54255492318768 76.60370212037631 43.908295199452176 57.87024188923666 28.168063016100785 70.81780369158291 56.48760750156959 48.03471585032857
48.76809720081293 53.28848145848424 89.93385032872966 42.92861484787455 11.961796305358552 94.24766159699371 95.28694640560994 6.7103294443179085
2 4 	 # V Shape
14.701555714159154 83.31617996469937 47.085865490072266 0.831749661488479
91.98138980656898 40.40009075693287 54.45637911703919 30.931354667787247
2 8 	 # Alloc Shape
0 0 1 1 1 1 0 1
1 1 0 0 0 0 1 0

2 8 	 # U Shape
52.233502757273655 87.34556681551969 21.098351328695287 51.773339936720284 45.14118923585516 88.70187669053571 90.87034357797353 53.86492778042421
8.241099488127512 6.804125983464648 64.10555166315704 72.2094850367207 14.946742411668412 95.90027416223457 63.296091002309666 15.131232126328243
2 4 	 # V Shape
4.9115297707376 72.23285417380065 38.85307764781639 7.392836519869473
62.47758848186636 63.96992131393269 14.036582506020656 33.19299310652683
2 8 	 # Alloc Shape
1 1 0 0 1 0 1 1
0 0 1 1 0 1 0 0

2 8 	 # U Shape
62.26061763071864 24.288287816167887 58.35317453095501 6.289252886613372 52.52265418144526 52.9720027886159 61.20894593826659 32.85249193877504
3.2540892382139974 48.18773236558687 41.86241762870413 43.21002403643271 39.0366929980535 38.900976717659454 59.663900748372626 12.020213840738258
2 4 	 # V Shape
62.53325339346875 51.30103400026945 52.840170924586474 24.984606244298526
74.01077558833961 83.77130917161035 36.051985447863935 22.14498012456477
2 8 	 # Alloc Shape
0 0 0 0 1 1 1 1
1 1 1 1 0 0 0 0

2 8 	 # U Shape
95.94623741917772 63.23631004920951 54.163091881296964 96.12098921469122 83.42161427136428 26.563927119281562 91.88908241852171 55.07609058552819
51.852517464066295 97.96366905679673 73.37783978352729 50.49471585976205 98.62618168191823 97.49153787384395 20.258293862645772 48.390402259825024
2 4 	 # V Shape
52.26706778483329 30.69064053459696 81.09243623073723 32.22281258556898
77.4432111844432 99.66911569188369 8.824634954414734 10.95857164494064
2 8 	 # Alloc Shape
1 1 0 0 0 0 1 1
0 0 1 1 1 1 0 0

2 8 	 # U Shape
59.258945475607206 4.880296891796066 95.6417001082013 15.423469342566998 95.48423989033263 59.379557016063586 56.23376431460607 81.41659123956106
82.98076426907929 64.57317976814537 58.15161126733798 25.070898873390167 26.913528864720725 6.170160672340996 82.02808038452866 28.56848710168961
2 4 	 # V Shape
84.38455213681934 1.1608436861936466 51.84627354972293 86.01433761260543
41.820862525632116 7.2892049433714075 68.41436314002476 31.455716443663672
2 8 	 # Alloc Shape
0 0 0 0 1 1 1 1
1 1 1 1 0 0 0 0

2 8 	 # U Shape
25.55970454766927 8.390809941045719 31.959605097404832 69.65472957931553 66.25157822952707 38.688640537445494 48.03248701050599 88.04275572343923
28.574060129064684 5.629641508801598 87.3063282115688 16.266236848253822 26.347784986281276 72.57357403301245 69.80011095218354 62.68718142816713
2 4 	 # V Shape
0.5547107478039881 73.75184437747423 61.77629833663646 14.166212265286504
96.406563624576 89.71223230019164 57.77471390541072 41.647280574299174
2 8 	 # Alloc Shape
0 0 1 1 1 1 0 0
1 1 0 0 0 0 1 1

2 8 	 # U Shape
20.409007347806664 14.607887896447636 11.54666896321601 82.98911529400337 88.28774470834816 27.59840323493947 79.85184393899887 48.49077078056175
51.38521042044123 72.09123594818368 66.03504570258319 24.609015012840974 25.281699251842603 10.644976048892275 22.005174711581667 97.3037001712506
2 4 	 # V Shape
17.585904492484005 1.574368517514213 72.1744210440809 56.65263401201691
70.58132916387397 5.637851772966373 61.62732373700251 74.66112590458097
2 8 	 # Alloc Shape
0 0 0 1 1 1 1 0
1 1 1 0 0 0 0 1

2 8 	 # U Shape
60.74958081129162 86.64772239533035 72.38805128643244 18.350514149543496 50.25597041359413 25.095426985986524 90.0650126098072 85.2033460133675
36.1303032056718 36.23560766841953 48.279104280119334 61.187997945890636 92.01628393466295 40.89443941752246 57.883796958787684 65.37888433953327
2 4 	 # V Shape
4.000066054686724 45.96648253981094 37.550065003877094 73.99204937364739
81.63505150184486 9.580667788360964 7.933198819026166 59.2997058432277
2 8 	 # Alloc Shape
0 0 1 0 0 0 1 1
1 1 0 1 1 1 0 0

2 8 	 # U Shape
95.01527293809512 65.71808577343988 71.55270228045377 9.812128383469087 43.93011118703366 21.995071081163342 58.51801096372051 67.20656049932026
19.957012816704346 46.61044822503392 26.026189089994965 75.60115233780567 6.807404030742226 81.96103344006394 83.52941396792676 21.00706161854289
2 4 	 # V Shape
69.66955162338289 99.36923790641823 91.73566205070966 30.37261909300749
90.74188233888084 43.363182537694236 83.30434630200003 52.57583152032655
2 8 	 # Alloc Shape
1 1 1 1 0 0 0 0
0 0 0 0 1 1 1 1

2 8 	 # U Shape
20.389144448944172 51.24406218972998 11.457606528020403 56.34681395357778 11.116491752331914 21.48334012829546 74.40276396559129 34.34790496050972
1.690742463592787 56.78741937853521 97.76775747072527 12.79516222927266 86.54611028388881 36.203145857008515 9.636019253918594 73.13472267383487
2 4 	 # V Shape
6.801750034012599 12.639281638564947 4.257911634342671 43.87491746037707
85.7125345974228 5.472886622345719 72.72114296680007 99.4308435961403
2 8 	 # Alloc Shape
0 0 0 1 0 0 1 1
1 1 1 0 1 1 0 0

2 8 	 # U Shape
18.130327315443417 7.241543229058822 7.418761195061984 40.84242708142958 17.156933796857267 34.46840871570662 16.55451982736863 86.08719966789242
37.82974173549708 64.19993161199447 41.72230350504446 55.94145307676851 47.7162638796797 51.015909731065754 67.46385021694013 68.95206610324014
2 4 	 # V Shape
42.79007761164609 34.38815210754882 49.799956202864045 0.6840062682184511
83.7207397193126 30.966608761957502 29.021950291163446 56.87927055024152
2 8 	 # Alloc Shape
0 0 0 0 1 1 0 1
1 1 1 1 0 0 1 0

2 8 	 # U Shape
29.78459463191213 66.92648430195787 63.320215564835514 41.37720958612937 28.346800662195747 32.20780590462377 58.133243823160896 11.289360972285046
57.07717146855422 6.17872514479566 34.88514304801006 25.711041301705862 6.690825187471338 39.9565804816314 25.95248089059141 89.98762722523392
2 4 	 # V Shape
1.418042826025534 17.978338928157978 54.984595082913046 20.934670812723667
32.93126111720595 9.704926953866167 46.73024666892627 42.39456376749588
2 8 	 # Alloc Shape
0 1 1 1 1 1 0 0
1 0 0 0 0 0 1 1

2 8 	 # U Shape
83.6227491856051 57.72858356314639 53.63458415969913 15.983130008087754 28.289990266383867 3.3238205485130234 27.96188109737958 91.90124525220212
99.07580432474283 80.87199342171874 19.618697277556983 59.33953715128706 18.392635392710122 66.42719577077905 9.290477676750164 34.584723040194774
2 4 	 # V Shape
29.234184283868824 91.1758088232865 50.978777022113555 21.353677827482564
35.61789822690204 1.900970192884044 9.820571335877004 99.27416574061102
2 8 	 # Alloc Shape
0 0 1 1 0 0 1 1
1 1 0 0 1 1 0 0

2 8 	 # U Shape
20.685794091065556 43.15511608523251 93.75286218364502 38.26523270358651 32.436440455582286 42.55360033151704 53.83184397410603 78.01855561531849
80.34819773261216 32.01527812305548 16.871095672681246 69.30062147395006 24.951351419652845 21.134370915132493 55.69299331214891 83.18489049576966
2 4 	 # V Shape
36.17491143652708 38.80839446295943 71.17262544639414 9.908952313338537
21.494591249352368 3.166970338996644 31.266152261164226 92.24757472890535
2 8 	 # Alloc Shape
0 0 1 1 1 1 0 0
1 1 0 0 0 0 1 1

2 8 	 # U Shape
70.19749204474535 50.19098918681899 13.542882660149369 84.44740571549998 9.235595764842397 32.63724204016473 85.0699631716239 91.32890897864655
17.20606541771794 72.1462615856053 0.8505792307699434 39.112289135553205 59.13573595873015 11.047499263904658 89.8202975089059 79.96160656345991
2 4 	 # V Shape
31.529558090059616 71.8496497635451 5.972609573642074 12.09171840221881
96.29349034964011 37.10713922672548 99.8381861192241 41.753595525368716
2 8 	 # Alloc Shape
0 0 1 1 0 0 1 1
1 1 0 0 1 1 0 0

2 8 	 # U Shape
30.228366344484105 41.08140878978737 23.941902826662176 46.917619527942165 16.085759265424958 60.7610901804037 94.85150166854864 49.454896141319395
65.20393552406335 30.057902316927454 26.25909806802881 61.92515324911669 76.46862573306991 74.84216826756942 19.191709656946266 25.50543779601474
2 4 	 # V Shape
72.0087970482573 64.63888508372054 81.29000881760379 83.29918817257293
62.64783239941932 6.786058577091525 57.076370201826656 82.47422095685324
2 8 	 # Alloc Shape
0 0 1 1 0 0 1 1
1 1 0 0 1 1 0 0

2 8 	 # U Shape
72.12286947609998 29.188011232184007 40.57777648036559 79.1138821544138 82.71404695942375 33.581737458199804 63.2368809304271 83.52546475191075
29.709612879978454 56.822216274817336 4.809164487606843 14.211853126791796 72.24225677048615 31.409114198196587 39.923794169561624 51.72221937847626
2 4 	 # V Shape
66.94951013642783 32.53818380795204 9.537014798988352 99.91660710312735
43.377419229552125 69.35615615485983 36.27713430153206 53.17864109151884
2 8 	 # Alloc Shape
0 0 1 1 0 0 1 1
1 1 0 0 1 1 0 0

2 8 	 # U Shape
43.85286667781476 50.772487863281555 92.62383385801397 97.88113069967564 42.35756519692077 42.83023469165158 90.88001844267203 65.16803645368783
3.2881526477694156 34.77929032386133 36.545449187077054 38.21149606524986 80.93764763975028 29.86374742158042 36.43445976194587 42.49490908965888
2 4 	 # V Shape
82.48472566037906 24.97121269118968 91.56875340314888 81.17498217310305
65.40152567368408 40.26164115963206 0.3390743710354083 45.849509187971435
2 8 	 # Alloc Shape
0 0 1 1 0 0 1 1
1 1 0 0 1 1 0 0

2 8 	 # U Shape
16.747741249619217 71.08094720647351 14.573837993648976 72.15848167786766 25.98764958750718 43.452121502475414 52.893417475054214 55.14985730583507
97.1414747938803 39.39730308115049 3.171605057293825 93.87884100680488 46.37321856308033 63.994649621385655 76.18257451489393 20.441261281217994
2 4 	 # V Shape
18.977965876387238 74.28083380311881 85.19518616758727 49.41527141269019
96.46556185654102 45.467286960255926 41.020003538708686 57.862231235592674
2 8 	 # Alloc Shape
0 0 1 1 0 0 1 1
1 1 0 0 1 1 0 0

2 8 	 # U Shape
46.60402634212842 38.09142528239904 0.0059848517838467785 99.48834743049784 92.8435261302917 39.17373196449271 78.80153108729779 42.96032507510999
93.02547856598082 0.1293004465005687 63.763244187528755 66.82237341833607 68.55665941851531 70.96746234236682 85.59249254126597 85.42192721932932
2 4 	 # V Shape
57.45693613396776 38.40052897356949 2.0963799014249163 62.218513412430056
28.86327330478098 76.69693215463286 50.775907322961054 40.821440484556895
2 8 	 # Alloc Shape
1 1 0 0 0 0 1 1
0 0 1 1 1 1 0 0

2 8 	 # U Shape
46.32073399254759 63.239128797310116 74.25499535404775 29.810022391316803 1.8717178022561898 54.54624361057021 51.1698831026986 11.9025209447841
45.21555360647033 48.8652524233972 45.16816073128218 98.134583129873 2.4255943061114227 51.683936688566 25.319183842882474 89.8484827133505
2 4 	 # V Shape
21.691725266616892 41.065741341150975 87.96855397820372 15.711907742292986
37.39751561219226 73.0901639826871 27.920713609817017 12.859294660153664
2 8 	 # Alloc Shape
1 1 0 0 1 1 1 0
0 0 1 1 0 0 0 1

2 8 	 # U Shape
63.856201642128966 9.349614233649529 23.951971486789812 96.07782765184919 7.001297384225358 62.04066362750045 76.83089709451507 29.304799117731474
87.04819183618231 38.1123933800516 64.2387554992317 6.330421955392007 69.58307428421145 55.60220042109479 34.90449993687419 64.65197794829206
2 4 	 # V Shape
12.404199187564679 90.64135845657049 61.52978175789764 4.786379561768383
24.91114218506627 89.76359911238814 19.561054317049177 37.7141897081151
2 8 	 # Alloc Shape
0 0 1 1 0 0 1 0
1 1 0 0 1 1 0 1

2 8 	 # U Shape
46.30946805071188 36.125488278712304 3.503559157598879 21.18331009558949 26.96205214141014 12.229520807316652 7.74145629392009 42.422253859470715
66.30042730811692 16.805253427148394 18.138013672752596 58.67346486415938 90.44943161014352 3.9593183070957494 78.41626139092416 55.40788919310088
2 4 	 # V Shape
32.17448871156057 96.13088161764419 1.9423784959360257 44.394562783468196
65.4153926730092 20.490576589603215 76.092222060051 35.323954684288125
2 8 	 # Alloc Shape
1 1 1 1 0 0 0 0
0 0 0 0 1 1 1 1

2 8 	 # U Shape
62.52067581760393 61.038476888996364 88.05829414909108 66.79703117125567 38.8655976135943 57.34950178146371 12.785969714028166 54.71690012090635
58.414920419404105 67.42617955222093 46.404269302489745 82.26672679545217 30.568274388296036 74.16893258813953 22.778930333595106 90.18159340544986
2 4 	 # V Shape
59.97823572022701 80.13161725599846 61.05138176051042 46.95272372078212
28.64112933144083 10.197124567427295 68.29089872987359 38.70270438774202
2 8 	 # Alloc Shape
1 1 1 1 0 0 0 0
0 0 0 0 1 1 1 1

