2 10 	 # U Shape
17.10223561375762 59.43289825516976 56.39347296837879 72.69411552718378 35.205390522992055 71.09910897658072 36.153493422466575 8.874114763037966 30.814814155419356 70.7064204818597
39.5035303515844 19.461540554796397 27.463158571734514 13.09961178493978 82.12319392205455 5.911201054189286 19.951625573090492 76.1140642815757 88.27799095991907 50.18860703127188
2 5 	 # V Shape
68.7931412577414 105.41104140838021 102.90830119133601 39.091852051381984 76.00549870786757
47.013903441468976 27.65514280141962 83.70147206747194 93.71748499017178 117.93177036763318
2 10 	 # Alloc Shape
1 1 1 1 1 1 0 0 0 0
0 0 0 0 0 0 1 1 1 1

2 10 	 # U Shape
57.603538196853535 1.0285700532849162 76.04229973137375 3.208257717482943 63.75502886653347 66.69361274119595 39.16139944214388 55.42881967135038 62.17611708436371 71.4759662539106
99.93154094371133 96.30845742721496 76.56233531067416 70.73141563516712 82.38934184073045 43.54307925378266 70.8376031570175 26.55903962775129 59.48202216844651 82.2344986219729
2 5 	 # V Shape
57.82532873840773 76.1304707978517 91.88333174638242 55.720919953025934 128.9618427318837
181.11099575447116 134.75746448134032 110.43394856816236 77.82378444442085 116.93263638583629
2 10 	 # Alloc Shape
0 0 0 0 1 1 1 1 1 1
1 1 1 1 0 0 0 0 0 0

2 10 	 # U Shape
76.6136675251295 6.831478431392501 60.602651997581326 93.92161324283785 10.214265774506748 97.75395164399522 35.66887243744898 65.41871683390603 12.278570628019525 96.1352193413582
65.11814271716158 93.66778098943237 90.8827305274409 43.700781123413016 93.32609593874011 70.62172484423577 26.713663074285254 17.97664014159619 65.55533548588475 82.20278162669925
2 5 	 # V Shape
77.2427861133565 116.57635589780057 106.3056154591816 91.04158713595517 101.1914233231362
151.50900971859906 122.80517737746207 163.8076789583397 28.573106076503162 86.77018847732148
2 10 	 # Alloc Shape
0 0 1 1 0 0 1 1 1 1
1 1 0 0 1 1 0 0 0 0

2 10 	 # U Shape
3.343151432586111 9.700896639589807 84.69467681708595 61.23687539580073 70.01514539668892 55.026012783618405 81.14014153748366 64.43820755989285 19.747718556896253 77.33226619848897
34.46042209716953 85.04102337554754 34.129814514380676 97.17666350170647 22.342957388458096 63.83999327947865 13.735714139920507 12.939907959777418 65.12757306060938 71.74164126056583
2 5 	 # V Shape
12.711444718105072 110.56568507992634 102.23106948852579 136.86720682193993 86.85829195160215
117.27100262656484 100.65080453435078 84.07294237277434 15.510376180237705 88.7743199469123
2 10 	 # Alloc Shape
0 0 1 1 1 1 1 1 0 0
1 1 0 0 0 0 0 0 1 1

2 10 	 # U Shape
86.52564696641556 43.64236234534123 75.4010859048211 70.56170148603937 65.56579822845153 9.7873054353397 72.06246196611866 40.813800448912374 73.13776792238191 95.13304429986191
16.089448337234824 88.62958232558935 70.4111775939915 34.75973907546085 16.965224859373684 36.11120896072957 34.382461494836406 66.61724380136083 69.53322987189918 81.4128701825252
2 5 	 # V Shape
121.32008727135312 124.7120025698929 67.33284956951023 95.8007666761069 124.337885986712
101.97301893766408 88.13495691066453 50.331376909773155 72.51253302436257 99.208515436028
2 10 	 # Alloc Shape
0 0 1 1 1 1 1 1 0 0
1 1 0 0 0 0 0 0 1 1

2 10 	 # U Shape
12.896274550604957 52.226223096059044 44.33996095453582 30.68561211093219 72.75934423286672 14.6667067350573 88.84063828044103 86.12100177221689 3.3813357541024436 12.976606406770564
7.19680801079855 2.7121233677543044 61.39925486194747 70.00104016521874 35.763830050631604 92.20662429001503 26.955384045826158 49.085910015572566 73.15485714300297 0.8795531929041256
2 5 	 # V Shape
55.07559763117992 46.13392526489511 82.98099376603538 147.43315372964227 14.261896233439524
9.336534875049283 89.54839585358339 103.8631876109999 53.21544663472662 73.8704919003583
2 10 	 # Alloc Shape
1 1 0 0 0 0 1 1 0 0
0 0 1 1 1 1 0 0 1 1

2 10 	 # U Shape
58.43743338341575 81.20190707704722 37.54422665049522 27.688124651069323 42.97338928591069 83.68054608408578 18.066892610856566 45.17104098517745 92.16332776784267 22.69483592546254
69.79606577267849 79.67834573931283 30.601259991510965 20.447838187687694 16.9507203286691 82.28746811034218 90.17375139891838 32.03599035561945 38.16377361188492 16.452824256285858
2 5 	 # V Shape
83.2180807708601 58.950056494933406 116.12045521691246 62.48272185170034 106.7968452473771
127.18359171324657 40.464519843917714 90.50802842929468 118.28651361864675 38.903743839592586
2 10 	 # Alloc Shape
0 0 1 1 1 1 0 0 1 1
1 1 0 0 0 0 1 1 0 0

2 10 	 # U Shape
28.428838868110084 36.55936798124883 40.07241476215159 16.469569711887 89.88424997688612 56.90461841314848 6.544150293140117 23.41110044159921 43.37187215608959 97.6390861505887
7.022904557188225 61.67289824573234 15.68524806098428 27.528411843584177 17.936846227474557 17.64512442070475 3.940060264488976 94.46000602946944 14.020273108709237 29.758646648266428
2 5 	 # V Shape
56.46613641221696 45.452351136461516 91.56425324924354 24.230418809911683 113.81682464549488
64.57138456501345 29.613727930449464 34.75626478944266 96.55540165576213 36.407459321174784
2 10 	 # Alloc Shape
0 0 0 0 1 1 0 0 1 1
1 1 1 1 0 0 1 1 0 0

2 10 	 # U Shape
75.73307591464578 85.05884470021851 23.66153908562326 71.54214918560912 35.83211139713885 88.64810401827789 89.5029391438457 83.65955506049752 4.1857421902043 49.72811795911585
30.184391495344652 14.444689876345574 94.71140536069476 10.207280552747255 27.94362294331294 26.720030642451707 28.352367188871263 4.159415961835988 32.745358534800985 99.86352054670704
2 5 	 # V Shape
114.3523847178117 87.84048401073109 106.12203910489114 105.76883049390693 49.87455636828142
34.40462912495122 99.6836931756207 49.10362287367964 30.962923361947443 110.91905064828919
2 10 	 # Alloc Shape
1 1 0 0 1 1 1 1 0 0
0 0 1 1 0 0 0 0 1 1

2 10 	 # U Shape
41.42074370359566 25.61508425657032 95.05669551544148 87.42484574273728 41.81272003485789 71.99974696144741 57.050937339642594 23.584240184036677 6.795815224067326 52.80017447690577
16.239864165330953 74.0815636438628 13.520669054945289 36.34209141676711 46.5857520901463 88.3036724658368 68.92268912023823 37.179520891827686 27.564560756592726 91.97721417118417
2 5 	 # V Shape
61.051222904879054 117.98471531686606 108.59650865661136 75.70089056556496 57.114902633636405
75.86956467649276 41.03574148649908 90.6077805163056 104.08378712283536 104.34547869476674
2 10 	 # Alloc Shape
0 0 1 1 1 1 0 0 0 0
1 1 0 0 0 0 1 1 1 1

2 10 	 # U Shape
14.357643600090842 73.7380859558352 27.310697467643617 66.88795649072637 45.207858878119026 71.96857231980213 69.6575441705424 29.45292732411785 44.53937395886315 34.97560082084312
7.275996343655877 9.63201154722153 32.8084205175677 21.72174872352912 26.077208754279614 46.010055016343976 66.12596072557382 44.35065560531881 48.90208858452482 61.80257154030866
2 5 	 # V Shape
73.85743575517193 83.72507514606615 75.84835258560238 93.51090584810818 71.1247427942233
11.360110947549645 46.83786523914365 71.21405450593332 104.76506281759538 76.29978575464091
2 10 	 # Alloc Shape
1 1 1 1 1 1 0 0 0 0
0 0 0 0 0 0 1 1 1 1

2 10 	 # U Shape
12.09866403098504 53.907449461627586 0.7356724344777188 64.26398414856148 40.21611467640999 72.13994615766784 80.13342123714938 72.01405751667544 27.777553637309317 41.99636013527074
82.99352209579303 0.35388082210074945 98.4616593290843 33.95585891199011 35.17681356942062 52.441457890776164 24.668292352101595 77.02866704215906 35.44449203681659 96.33771348537856
2 5 	 # V Shape
61.03264563735727 64.36260661980208 82.66743790908232 113.33354520302149 48.13600083299739
83.26298148198153 98.5010280933339 79.25281964588486 100.63691153498708 122.67567952056844
2 10 	 # Alloc Shape
0 0 0 0 1 1 1 1 0 0
1 1 1 1 0 0 0 0 1 1

2 10 	 # U Shape
64.16662904829504 69.29047905695727 24.290221160447434 6.011354806395608 9.703271979686622 73.71688453522968 45.56596992148121 15.326776264811992 42.21058484749594 61.03689776637634
32.97791985234533 95.22071652494807 27.858892209340304 90.59497876196141 5.34739004353364 75.95647588383171 4.41100904561681 64.126304090732 33.0698867534102 78.94133500136246
2 5 	 # V Shape
75.59365230788796 24.405348630862388 76.51252075036949 54.74381618472095 65.9252277353428
120.82952654319651 110.3128567695268 80.01048601552861 64.8494213864683 79.54802717833194
2 10 	 # Alloc Shape
0 0 0 0 1 1 1 1 1 1
1 1 1 1 0 0 0 0 0 0

2 10 	 # U Shape
11.266554037630073 32.604648097148406 97.15962626548405 28.98635916249982 92.94374620738873 70.7931278782177 39.22555340756752 94.92205566808269 76.35263718755857 59.52750689188626
60.54984789892074 33.94427528591597 70.72830533901382 13.926864324060329 66.4924727178763 1.9816231647705962 58.43684234027708 27.68430689045054 35.35950585589004 6.174336069156128
2 5 	 # V Shape
42.01506695392071 122.9524622764886 161.60176505167829 114.19678373664647 114.45636614383278
82.99894524009571 79.13939758492809 67.9186714394596 84.29286242078284 35.74859075686907
2 10 	 # Alloc Shape
0 0 0 0 1 1 0 0 1 1
1 1 1 1 0 0 1 1 0 0

2 10 	 # U Shape
62.65434713427026 3.8673980295908184 41.85543177649878 2.0609012696224616 55.23454472630607 11.56701454448691 2.2298483508962796 20.89155036051552 60.01581987662274 72.09380723063711
32.341062514185126 83.94000292514839 52.82345808486182 28.690601352629297 90.25455454957947 50.5888786874706 88.51353571875168 80.9397194674718 41.609017168775885 77.11696180421723
2 5 	 # V Shape
65.36808134265495 43.54308695956321 60.30417022002759 22.819622626385637 102.03418025600996
98.14935607989926 79.88749926208628 122.77906212889002 121.47326582247834 90.35163548206627
2 10 	 # Alloc Shape
1 1 0 0 0 0 0 0 1 1
0 0 1 1 1 1 1 1 0 0

2 10 	 # U Shape
3.334801473694149 91.06347140697783 33.552946666690566 50.64315238300882 99.55117574308524 99.45731991298899 59.68465277914121 2.482940315254545 8.118626325159184 50.096175857161484
40.4206186407159 85.97072201585614 58.45731528350674 17.38399211148436 52.09417236576079 21.224655421603856 0.2520600553144736 52.03936440760539 14.800888953382362 70.45318608425687
2 5 	 # V Shape
93.59763205431548 76.69000968176258 171.76253651217485 60.93676075956091 51.50909043456442
112.21680348089797 67.74196389057124 56.13861745943239 52.17628241912097 71.90876791951209
2 10 	 # Alloc Shape
0 0 0 0 1 1 1 1 0 0
1 1 1 1 0 0 0 0 1 1

2 10 	 # U Shape
6.875068890351876 58.83685987204296 94.89912357153128 14.027112072800762 20.543175869341145 25.43816426320731 34.991268566564294 28.795740702885386 80.44312203854412 81.46944560610132
76.30146195163054 29.589786209064574 2.234679897664149 63.74406090794543 1.8527606784174866 30.926084489983406 34.88326377093244 34.146555780335184 65.48222882314003 12.574642941613313
2 5 	 # V Shape
60.16485301217873 108.42504796697146 33.55140617517894 61.56188338693928 94.77410906001806
99.94118794589205 65.04666364287225 31.148545374157024 36.074296552451656 76.4980049209299
2 10 	 # Alloc Shape
0 0 1 1 0 0 0 0 1 1
1 1 0 0 1 1 1 1 0 0

2 10 	 # U Shape
92.68141165568224 22.891051432414432 10.206091025864694 37.471804568429235 71.59735282425869 30.191617261557056 88.4795018585439 44.60491360003888 97.3846006478825 28.322918719737444
63.56286907889375 79.89380160775583 35.821864808478345 11.323864138056916 57.11774344026864 28.302354555886787 89.5522028212942 33.85856285337013 74.57823740248506 57.37526226785945
2 5 	 # V Shape
93.75500604816344 45.3228653871003 90.76374019188732 101.0464821836917 107.48328348641354
123.6270752569849 41.42126212416156 69.79240533113864 106.24185803867877 109.80214525919
2 10 	 # Alloc Shape
0 0 1 1 1 1 1 1 0 0
1 1 0 0 0 0 0 0 1 1

2 10 	 # U Shape
59.0436278027177 60.91379966963868 47.19366549298319 66.16355161578916 13.222262270921991 59.45003791740946 97.23310049609661 78.42306902465528 31.02530113289933 4.052390188206701
41.01679992448881 33.99527454616616 15.622891324772825 71.53652657814128 3.3754535595769686 72.23978474530225 83.4187219722538 61.34632419033945 99.46208110403212 23.70215961908766
2 5 	 # V Shape
113.71327113075891 87.88980963738801 67.66482702533013 164.7959120055407 31.733104269200357
55.2366976771648 84.22361642647554 75.26473634918868 118.97876392039113 99.6443759987024
2 10 	 # Alloc Shape
1 1 0 0 0 0 1 1 0 0
0 0 1 1 1 1 0 0 1 1

2 10 	 # U Shape
71.02118182456336 29.412888535340198 45.07037762247366 56.44073979956471 49.65728381806696 90.19575874054942 96.03102457293791 70.16524296432392 27.268865491372583 63.52156785412547
24.54672327654356 84.35311902120941 65.80729906971047 44.86252069028177 59.81083745397442 9.692871229599554 53.04557504669597 62.5756847241481 30.36229639524821 3.9364023282979277
2 5 	 # V Shape
93.97299441204963 83.03805247303058 116.53051397303119 141.91064050749696 77.16918003510727
103.33316516250672 71.5703117790745 59.87362218913226 114.28784469153746 30.734817222091024
2 10 	 # Alloc Shape
0 0 0 0 1 1 1 1 1 1
1 1 1 1 0 0 0 0 0 0

2 10 	 # U Shape
51.12123187233571 4.4741205874154755 40.31518619096377 69.24463957980356 71.80393026367227 31.255428410395357 9.011015547156376 64.05765435993068 48.071848379774465 9.044714141806654
4.241770323817661 37.334124853279235 94.774936028336 21.341866686086707 48.91093084961933 6.551482857227731 26.879167081381595 46.78450781094073 4.460767184153558 15.106744145811623
2 5 	 # V Shape
52.723366757627176 102.9087969551179 85.41152062716546 67.93958314844 50.4041497738035
39.508806124126096 108.80925032994999 51.41433905578883 60.85838732061567 15.79889055379834
2 10 	 # Alloc Shape
1 1 0 0 1 1 0 0 1 1
0 0 1 1 0 0 1 1 0 0

2 10 	 # U Shape
92.81898710000928 82.22613712896668 38.35236083246295 65.10330121380574 37.60841152273747 61.562422166947215 27.973220491301333 80.54573787937957 80.9198587534706 89.69327212941606
24.345145608793672 22.40310227736805 1.2966038672489688 78.1646854989759 36.80607960289674 98.44461293296544 92.6076559107654 58.38523365603974 98.41569196618232 67.11307878064264
2 5 	 # V Shape
130.4323486976259 97.07090925350559 94.4609945605352 97.65620640300658 130.88410941198848
37.91430198835469 79.29396681733385 119.96695438084967 98.25065857765522 99.73771556827795
2 10 	 # Alloc Shape
1 1 1 1 0 0 0 0 1 1
0 0 0 0 1 1 1 1 0 0

2 10 	 # U Shape
7.9029394315918156 84.98250276154981 18.090949114376198 93.90123182990145 55.849230953925066 66.25863316547806 70.89610329427018 10.695018129330712 96.33383911156915 43.632689505314474
37.39173826803089 34.35429088144166 5.123771906656149 59.40904306448977 57.78195360842009 8.950035520791088 26.147361740792885 29.04454666067503 27.914667336880463 66.96283379050209
2 5 	 # V Shape
85.41227951975175 93.94813625624163 76.61079069535023 72.09068255271758 109.68316484060077
65.2943377290939 62.069526682116056 66.20898324535092 32.265091734606685 73.08770567393512
2 10 	 # Alloc Shape
0 0 1 1 1 1 1 1 0 0
1 1 0 0 0 0 0 0 1 1

2 10 	 # U Shape
30.333140343774765 44.0457327286892 96.74569389340343 71.23643771046414 30.90149464232581 96.98811117242569 27.72814356799197 41.41873080699554 43.92015903451956 82.73495257799806
53.168576112852776 72.9547651920155 94.65512610649665 2.5985450377742025 83.49480086910394 15.941617598940205 67.90794424217728 50.02701617447125 27.06163204506813 67.11773732779164
2 5 	 # V Shape
49.233145969543756 125.44174062054614 105.78692841937323 68.12543417163498 85.65392391550841
85.5818843575365 94.88101012240955 91.26718376761842 112.17126926116221 83.17152779170877
2 10 	 # Alloc Shape
0 0 1 1 1 1 0 0 1 1
1 1 0 0 0 0 1 1 0 0

2 10 	 # U Shape
6.533397159624754 19.046288632213916 95.74166263139843 7.236526118408426 78.9654044304795 19.811147600338288 83.74785288829081 34.73184178113187 12.636549601034652 35.882996395799275
75.93594332454892 47.229660006390375 32.946959554583366 39.138409242486205 14.131901561032368 55.80438085922044 89.14637445841593 73.51162934082114 6.144773353762856 60.44244616672933
2 5 	 # V Shape
21.177931221480502 102.5943568209671 96.0462401234586 110.75644546213582 48.023856567571045
123.10957597721682 53.52170087585374 63.983022966842285 152.78561742921448 64.32649303764303
2 10 	 # Alloc Shape
0 0 1 1 1 1 0 0 1 1
1 1 0 0 0 0 1 1 0 0

2 10 	 # U Shape
27.94489956551939 62.96800967402636 25.32298559565016 30.47075681394884 14.886042143609313 42.87750718359508 49.5619238363317 59.17094059440052 75.47434195635194 49.92514692137856
43.86818483176119 77.42337879996253 99.39019325825356 60.640216067454055 23.77661218931789 45.60476955391353 28.462639636529595 54.415103375003596 11.136492003143527 7.365983290165968
2 5 	 # V Shape
81.19174492490693 31.397434784663744 51.92036139325863 75.76526432040615 100.27825098540244
106.01854330478659 140.99575936714265 66.09623881300507 79.6425595053404 11.161582876748147
2 10 	 # Alloc Shape
0 0 0 0 1 1 1 1 1 1
1 1 1 1 0 0 0 0 0 0

2 10 	 # U Shape
91.9451880911932 69.44138683335579 80.53043221406465 19.73756660425263 71.2964204340235 88.42985512326274 2.4383098535668557 3.3893151005259803 92.90327995649466 0.41590553468145997
50.589739698091265 67.58852186649379 74.52953721817256 79.47757075267069 96.09451100585747 90.86539601489268 70.56537618486419 42.14652441912915 97.90497132233803 92.42195652338954
2 5 	 # V Shape
124.30084960001642 84.69960973489371 133.92337356951666 3.799268259340173 93.22446641804015
83.85208507786686 112.73811073760524 131.35616755225183 103.62948271780608 107.16076303378163
2 10 	 # Alloc Shape
1 1 0 0 1 1 0 0 0 0
0 0 1 1 0 0 1 1 1 1

2 10 	 # U Shape
17.867721571685923 27.05057740485414 57.71386037601266 99.33699841222673 61.989785419709676 25.292954800309076 73.80086120660077 22.581855241280792 59.99173232784295 44.85072441036794
97.74913825962348 25.308247183162436 79.62966772725468 74.8587385185707 30.968883214841313 25.22558638815542 74.28822915245364 35.55696093145184 49.104801196246406 81.02693609826314
2 5 	 # V Shape
44.85806471229783 132.3127138710787 86.42155900816589 81.10814528529585 75.72251156944118
104.92286133820157 110.10052399893408 48.187898433465534 104.37887630879653 124.50845055662728
2 10 	 # Alloc Shape
0 0 1 1 1 1 0 0 0 0
1 1 0 0 0 0 1 1 1 1

2 10 	 # U Shape
73.65671135111926 16.174148681275213 33.139710825188665 79.24695384333002 93.67829688225294 35.43047711774736 43.9916183235059 55.443849427833115 41.32393765721679 78.63683522986564
37.886334045608486 90.1504457767113 32.27592641857958 56.319784109815615 11.089497299750061 37.073188371843116 67.89114683855476 13.829344650763364 23.14226971033356 38.60957170244704
2 5 	 # V Shape
83.5648952993602 108.79234048659418 124.87652351157195 78.56043038935154 111.38862460611892
120.03500787865883 80.96995487411229 46.25963692278236 73.88409262206895 51.089840525381106
2 10 	 # Alloc Shape
0 0 1 1 1 1 0 0 1 1
1 1 0 0 0 0 1 1 0 0

2 10 	 # U Shape
89.04174335139776 98.29747785441593 96.51501654282572 76.4869833659676 45.17129712919352 56.14447980796622 69.05182266265436 15.786779744144697 79.14323239603061 13.063725348392808
95.04900401698372 93.25054599185472 34.08339540857007 99.97431653219911 81.48590260041993 67.99362303178684 72.7101987143613 70.90622734748852 0.9884835229589717 41.57141802231823
2 5 	 # V Shape
127.40096110680898 98.7566757979264 63.67511962965854 69.45326417129567 87.43925747603991
128.58134085891373 125.00612784680206 120.07030580555312 140.8960958630185 42.142568605958125
2 10 	 # Alloc Shape
1 1 1 1 0 0 0 0 1 1
0 0 0 0 1 1 1 1 0 0

2 10 	 # U Shape
11.351372788166591 65.3568524633267 41.671166365715365 99.6877147251772 63.94700574947015 84.46029516021039 36.2577166239884 76.02020993096535 99.66196851565215 84.91876843150041
30.46548720319825 95.50972140926855 28.114405836866908 49.823277213166826 12.28177432710017 97.25725626854697 72.31502735346515 62.920392035630016 79.30644456493678 58.162728069849365
2 5 	 # V Shape
65.3754188813577 128.4512378962752 118.19805029811702 83.86332130642796 103.14341650505668
99.99751580096195 54.424141364803006 106.43131345572299 111.89657874354643 98.16809574723123
2 10 	 # Alloc Shape
0 0 1 1 1 1 0 0 1 1
1 1 0 0 0 0 1 1 0 0

2 10 	 # U Shape
12.232952300526023 38.342266893689 65.63782426352208 20.16405238933735 37.92577865008574 88.27596832057631 30.50912399527652 53.04561800396754 16.38019711961537 38.35640116701127
27.8500023796012 71.70858190004182 21.365370764362048 40.09002616014642 79.39000477665094 22.734818707337556 53.83641870448219 50.99674257794135 16.485200739092054 49.784287754137004
2 5 	 # V Shape
38.48331217085626 81.92311975567294 98.11830822704758 60.815704108312744 51.835543945078186
73.93576445618469 43.41496531018309 80.71432476257907 56.136381513120924 50.01171206525032
2 10 	 # Alloc Shape
0 0 1 1 1 1 0 0 0 0
1 1 0 0 0 0 1 1 1 1

2 10 	 # U Shape
35.903708870117924 4.1321172791939915 81.57809142568455 42.20493338375102 85.54491174628028 53.0124633776245 48.5282653934605 78.55146459517348 46.89029520667047 77.64731967148941
89.4334864897963 46.88527738226451 94.36898931108982 72.46606627984664 78.6893682682215 29.901806277282184 8.71650018813016 77.21265917992916 51.41372763116044 77.63081837371688
2 5 	 # V Shape
37.008657534998875 95.52964928498814 136.10384902538678 115.32833579817554 97.57627245602438
97.36821208031223 101.67906588850808 104.08566754548886 81.45078338198836 117.53578705631749
2 10 	 # Alloc Shape
0 0 0 0 1 1 1 1 0 0
1 1 1 1 0 0 0 0 1 1

2 10 	 # U Shape
1.4725277191821151 50.356198180322856 40.35619802513193 16.23755378180788 65.66921929985334 83.65945334802066 11.043543002238632 16.734297516076357 10.113704628450193 74.52989130363186
7.380553414370006 11.243047544205142 21.460973798634598 4.86561054941469 67.26341017083782 94.94724425966585 74.57589740192756 94.20016503053856 44.537760484471676 84.23086734018904
2 5 	 # V Shape
50.7453309422194 53.230190755903294 83.67219672082186 20.121463874594188 82.82338217195262
16.400597531104708 25.946490523774358 149.36294816946972 128.2288809813553 98.07248177557697
2 10 	 # Alloc Shape
1 1 1 1 1 1 0 0 0 0
0 0 0 0 0 0 1 1 1 1

2 10 	 # U Shape
87.08763210038202 10.339442560834033 17.014726658399447 18.601626612673673 82.29096322979143 23.1143491599753 71.45545052417623 29.322581208022346 70.38448723164579 78.8090254290294
85.21060789254108 15.862762329689362 21.931818808350044 86.87618410117528 9.22812236806736 71.31599264164538 13.509910659636104 69.97075316662043 79.73098184165084 78.51028442320154
2 5 	 # V Shape
93.89417474805268 21.508810657587183 83.18173230558665 84.29574024757886 136.8309917890985
90.63124497200792 96.46404262469085 76.89057999223047 75.34937566477598 129.7496719882185
2 10 	 # Alloc Shape
1 1 0 0 1 1 1 1 0 0
0 0 1 1 0 0 0 0 1 1

2 10 	 # U Shape
96.18516676533447 38.41728428250262 95.82271052169031 61.11720898347953 83.99109190006583 0.7087082540588763 18.955212550643054 41.92939533483826 58.36557656216029 13.064109204231677
35.17875220556188 86.42841651878763 7.732329808967375 1.7151556464046536 77.03840107745955 51.256461672563525 27.0934467752433 42.78454273098588 54.92042441873951 30.319037125190974
2 5 	 # V Shape
133.0044395764085 149.1215678299835 84.65081178546613 55.964376704776505 60.94441688077482
108.82962741452748 9.253048731619558 114.41596386583035 65.28820422542647 74.6738618265204
2 10 	 # Alloc Shape
1 1 1 1 0 0 0 0 0 0
0 0 0 0 1 1 1 1 1 1

2 10 	 # U Shape
30.4020400200795 27.232374834853257 42.40565303656797 60.442409252046815 45.40290541058304 95.90393708153407 93.35271598378215 83.30488745670222 32.64155467485818 83.76619103411804
28.275904545249062 59.31730353558381 83.35868839123191 9.474927369627695 70.95917423164565 82.89821220527345 3.691529907330915 49.02207556264925 70.0136899171649 33.69308265759901
2 5 	 # V Shape
36.8524668328649 69.98073801312425 103.7495588777668 157.37308016853316 106.16055538866082
75.20252407562276 92.37201889036274 88.24718117802978 49.743329076683246 95.11675902137355
2 10 	 # Alloc Shape
0 0 0 0 0 0 1 1 1 1
1 1 1 1 1 1 0 0 0 0

2 10 	 # U Shape
3.7638780310923825 37.27950371839831 25.602851673353356 30.331778009387588 74.82745020243627 75.36818765441237 82.82861082072046 31.49284293557476 46.562916291478494 92.29217153183004
45.52806774168888 4.921694679047139 54.533573742579165 81.96871891191626 9.942236326476195 28.18519476615099 24.414117615689335 36.78224102940526 70.15798418826728 60.89798975342373
2 5 	 # V Shape
40.01247296703879 31.919050065386333 101.18414187307435 96.89356020925146 129.50156466836765
46.32992519836453 107.96613937619034 37.34009260060794 39.871334198523854 85.97370308376844
2 10 	 # Alloc Shape
0 0 0 0 1 1 1 1 0 0
1 1 1 1 0 0 0 0 1 1

2 10 	 # U Shape
72.12346919238725 78.18792344512741 65.70433006073027 94.32008534685131 99.04649015339379 2.9773965117692813 40.792941603470965 53.18592178499873 54.83843761214723 62.31255159212586
16.973721176852074 52.27161158765309 20.789141552745882 77.84379782629625 64.1186553292942 89.24510025919436 51.0132439664334 34.3316312636775 32.95254575032748 41.60422829608375
2 5 	 # V Shape
94.69756304589501 146.93610990513554 101.55201554941786 89.05864291504201 110.91562847245494
55.921398047152096 83.07498074814839 142.3192501337952 60.23727357330478 44.068287325476476
2 10 	 # Alloc Shape
1 1 1 1 0 0 0 0 1 1
0 0 0 0 1 1 1 1 0 0

2 10 	 # U Shape
20.95169890154176 43.49032366808242 60.55029242713946 33.913728768048955 6.14695733504832 68.15662613980155 13.258332316524047 84.5055100551304 47.63561122298066 90.81966421591218
91.42149829423239 45.77007333801405 90.6790796217249 55.45041521016375 83.43198861610833 71.38449539890107 93.4933743798533 90.42910597271778 71.14176787385036 31.93253059442863
2 5 	 # V Shape
46.58688418285935 94.14168769949009 72.87377478953093 93.37620061892957 119.33078472815754
99.86356839128109 140.48806777656478 132.38191450974904 173.2049995262152 74.67324936375414
2 10 	 # Alloc Shape
0 0 1 1 0 0 0 0 1 1
1 1 0 0 1 1 1 1 0 0

2 10 	 # U Shape
25.717490187159918 52.00934906917192 51.18356171917574 97.13856019026494 48.38723879177562 76.22741036017233 48.88464509927427 67.62790772367231 42.779836567188504 29.723962218627907
63.77165945198971 22.09282019441845 48.86569190412825 83.16698386459232 3.4813640551762615 45.32095256518481 7.1693328012092605 46.74653840500132 36.075430415992535 75.56407201686072
2 5 	 # V Shape
69.99235006452508 125.66496542126927 78.99855557311899 111.35770614168241 63.61262954436065
76.44271445361991 120.46564898462273 47.511553085274876 47.88884033324888 94.70591571126998
2 10 	 # Alloc Shape
0 0 0 0 1 1 1 1 0 0
1 1 1 1 0 0 0 0 1 1

2 10 	 # U Shape
91.11646409557781 45.20212850251205 69.13287564814775 17.024753719053688 29.659016223846034 48.17961146210161 49.723260450880666 49.69478813220708 4.776543045344139 82.54450167654957
84.26381976577309 64.44288057219289 56.69036933687781 68.74995408841939 62.803171436618655 7.546716328302194 15.793189446891652 44.09357516393786 73.62861257973462 77.64803941560177
2 5 	 # V Shape
119.74996621474097 79.88737779030754 74.40524989028707 73.104709486872 85.18812806486719
130.20316416451385 124.26760754349658 63.77570074494645 51.492874185268306 111.9496137233873
2 10 	 # Alloc Shape
1 1 0 0 1 1 1 1 0 0
0 0 1 1 0 0 0 0 1 1

2 10 	 # U Shape
99.84480431526835 67.1582145055315 63.40333627126207 72.93554022882503 91.67609618848601 9.348048114555652 81.1373743787667 19.350943592664137 14.201903932563987 10.664541990164212
51.379813529536946 95.08629866080918 80.9482881427326 41.965262697111285 0.845359273236379 90.3570432561431 79.93247671781147 3.4074759493188056 44.55634393441991 43.22878417400179
2 5 	 # V Shape
129.82936263419987 95.34809872885309 96.47920244480751 93.90447077593178 24.381997082018163
131.33989775739693 102.1243813984259 90.74926747918383 82.22683214761778 72.1441499196087
2 10 	 # Alloc Shape
1 1 0 0 0 0 1 1 0 0
0 0 1 1 1 1 0 0 1 1

2 10 	 # U Shape
34.49521837759897 62.84939024546825 55.57371139781697 53.885134841704726 89.83139497106339 49.07976609036409 80.15484931671669 84.78925482877371 27.660793131075113 53.454320131295255
89.98314204460114 34.2614454828677 44.95043861796422 18.7273461753822 82.9413208743058 76.26467205590681 84.61388286897942 95.75864175457203 65.53681679146777 33.162447405310544
2 5 	 # V Shape
72.67804665209167 95.1462306762239 101.84568917066723 115.90524516649083 65.02070787350637
94.52590543835484 49.91576378153157 114.96017225396994 179.67581556845315 67.32797276026896
2 10 	 # Alloc Shape
0 0 1 1 1 1 0 0 1 1
1 1 0 0 0 0 1 1 0 0

2 10 	 # U Shape
0.1943872280908865 61.023806566610126 30.831499973703423 17.06148244025204 71.2341509642092 32.72773774613707 81.99202434064266 70.30996722068676 12.722834196342625 23.51581805612576
33.425618902198636 64.20770697332681 25.88649425496461 91.87028070375565 17.19905335711016 27.46975553891724 74.93005548535824 23.74383718443186 63.69995336309133 62.75652762634974
2 5 	 # V Shape
61.21541755787845 33.53945864191962 84.29820643830502 88.0314030938392 33.79074892029012
68.12280667284614 108.78259495210894 27.69776974678625 91.59554168461527 103.39326954833058
2 10 	 # Alloc Shape
0 0 0 0 1 1 1 1 0 0
1 1 1 1 0 0 0 0 1 1

2 10 	 # U Shape
68.84378170593503 34.67657729265745 45.05036641043609 43.865597423368804 79.07323859323621 35.442858878368774 63.1209611321197 88.37368302878352 38.29049770375047 5.965391972665746
50.786417052249746 89.84341913649678 89.73986196975282 67.92017499841884 57.125238886202226 46.644293907169164 96.13132798966542 76.28517807871667 66.81906445930905 31.48100686473809
2 5 	 # V Shape
87.65831273497213 67.1022097233193 107.0824170149407 135.10789524217319 39.7241011157512
136.61661280783892 133.38421154926502 70.9982701947745 132.39379891330188 87.61219885433343
2 10 	 # Alloc Shape
0 0 0 0 1 1 1 1 0 0
1 1 1 1 0 0 0 0 1 1

2 10 	 # U Shape
32.709109086877774 9.87224695089175 73.90136143404877 59.70778374639456 76.82510451303067 22.23210608008418 51.86526837177834 65.35150778849784 84.35236052796196 61.768439192643875
7.285666526534573 74.25906893594083 63.787566833626244 12.32822211962067 82.70924952778628 23.54273200114243 17.822170111277956 98.14655133646558 99.54968020720251 98.71284019579262
2 5 	 # V Shape
38.59291387461086 126.33122677313106 77.66309419036557 102.64239600344673 145.83234926018014
75.7036672306975 68.08183098074251 94.69478150190471 107.49245862261812 193.87533793020168
2 10 	 # Alloc Shape
0 0 1 1 1 1 1 1 0 0
1 1 0 0 0 0 0 0 1 1

2 10 	 # U Shape
82.15846188210918 77.33778488138702 76.87504809768394 34.58946677138691 53.32459636557374 57.529528236583495 62.517025182129935 61.76788561962421 16.696262842782637 60.31314763123713
89.24517550539866 31.213229008656885 38.03961185690222 64.72494653973405 65.96068182848698 54.51599675090048 64.77981631656395 46.439173754806454 13.450889746191875 96.71660567164086
2 5 	 # V Shape
150.64507128244335 100.68723725095047 75.39805149847751 100.68800747368626 70.04316904493382
109.50606452736616 71.4872070542347 96.18890938908987 93.72196211765254 103.82513616159876
2 10 	 # Alloc Shape
1 1 1 1 0 0 0 0 0 0
0 0 0 0 1 1 1 1 1 1

2 10 	 # U Shape
76.3841598215525 23.537059053167898 53.66031720107938 43.80164230485295 41.981366054103276 62.65741745720247 26.137205116941786 52.53754646961596 57.44324093307439 16.277063930317524
95.02433428647146 91.09358451906245 87.9081435843427 34.687244560926324 80.488513876399 5.3307049859611215 27.76109351194239 13.542538838228246 38.21580573430735 73.10876346159394
2 5 	 # V Shape
99.1731363709167 58.60984817983971 77.20520770156978 60.44093479074088 68.00437705380706
171.5141653430917 87.9256142077818 81.74836761351412 31.50020625347339 82.60498672645981
2 10 	 # Alloc Shape
0 0 1 1 1 1 1 1 0 0
1 1 0 0 0 0 0 0 1 1

2 10 	 # U Shape
93.5769955664633 68.35817419055653 57.094550705038394 8.416756226409017 25.326992852414442 38.00765255687052 14.293290639473533 74.83410341910584 4.630686341653634 26.075731451366202
1.395843750647785 20.714766118950767 4.586156909558281 78.04388085172121 75.10311377944741 84.65436857552653 29.212328993757108 14.175648536020635 46.32124799751356 18.440297594607024
2 5 	 # V Shape
155.89007629165513 60.45344840926188 41.9729866668732 83.15103201371284 28.7840209832142
21.122288600274658 79.78871679361201 92.20109111172529 30.514028706327196 51.70896123241483
2 10 	 # Alloc Shape
1 1 0 0 0 0 1 1 0 0
0 0 1 1 1 1 0 0 1 1

2 10 	 # U Shape
31.572251836987576 69.3886950716953 87.2443746291715 50.92757439729918 62.57833421203402 3.296149029026252 54.0534391026675 61.38005331994566 42.025029147984974 41.29492918075739
46.493732119543715 6.135818658431525 8.510092031321935 68.31335802636512 33.34544927019911 41.2998384902606 36.281959784621876 16.24340524558804 97.67955247827018 78.14231973329817
2 5 	 # V Shape
95.42723316844776 115.85071197780087 64.87370430227818 67.42187970351955 64.71769019718629
50.5149270668314 75.37566231529173 56.9953464018971 50.43405170615131 119.45960555342371
2 10 	 # Alloc Shape
1 1 1 1 0 0 1 1 0 0
0 0 0 0 1 1 0 0 1 1

2 10 	 # U Shape
96.63449236185325 40.6610669948064 49.06638798917924 94.73395223127284 73.51497494360792 59.85934605071206 91.85129825513934 97.80983358358374 34.85879095698422 89.78989687476543
30.14789090297908 63.88985746747453 91.80971250169921 71.05261560600273 66.63212185195253 51.924740111769175 81.25543101052793 27.823187139006087 7.556935115583984 81.88371909198918
2 5 	 # V Shape
105.99266248758816 109.01734255360827 108.69564620651715 158.45241614939113 123.64481378112544
92.62643047832235 140.61701126730208 102.49187939677509 105.48616432911776 86.56924315826214
2 10 	 # Alloc Shape
1 1 0 0 0 0 1 1 1 1
0 0 1 1 1 1 0 0 0 0

2 10 	 # U Shape
87.42279230768814 47.428731688636525 39.055866305033994 64.46342064075301 53.43833998080741 58.65330854970245 6.853217967438619 90.45160177947368 36.23046276924975 98.89515096329797
58.49424340926542 86.14210005921818 99.49423485933765 39.19022307202591 25.877341104724593 92.60048570689683 84.41176374759681 30.77056777708046 42.36826142677068 5.205683770720437
2 5 	 # V Shape
113.89785617088894 76.55569298114658 106.54521772476234 94.47692379962463 109.98115100236748
101.90310507129624 126.3485168323026 97.28579515092423 85.99717303690434 43.76459268140011
2 10 	 # Alloc Shape
1 1 0 0 0 0 0 0 1 1
0 0 1 1 1 1 1 1 0 0

2 10 	 # U Shape
27.72245573712544 66.62590737439365 10.488232572860134 20.92609846085263 36.448009336421805 58.11630159674734 94.46922341358346 20.30399252075229 91.0006788708234 21.8029277047776
14.95307764423317 15.824831955602603 36.69845604768403 87.81268356968678 56.03351161595583 33.01808891874687 30.389977468415385 39.80772617153755 88.15387577365857 68.14854529381344
2 5 	 # V Shape
71.02806579039742 28.427004623730497 75.83456819195607 97.13983425868447 107.92396918601382
23.172534372758726 120.14761161264195 68.38716511293592 63.38354681606189 133.38843139258285
2 10 	 # Alloc Shape
1 1 0 0 1 1 1 1 0 0
0 0 1 1 0 0 0 0 1 1

2 10 	 # U Shape
86.15064676769994 94.3037359157267 38.023203692594166 99.5030463607208 18.93091636984271 18.325892540245935 55.45924864050462 23.09699664171456 58.75541610205873 10.624175813254965
94.45786400071637 93.79235770872654 50.81427464556476 74.95828248035605 36.8622252232215 14.843302672442293 23.780270000065762 50.4328021916368 79.11423086897827 41.626213412319444
2 5 	 # V Shape
160.44106209243157 132.21161255582078 37.023229973269885 70.01526293566462 63.01061070402499
110.02253146948847 123.68538580450794 41.39323190346849 66.42007872732563 103.27587452397744
2 10 	 # Alloc Shape
1 1 1 1 0 0 0 0 0 0
0 0 0 0 1 1 1 1 1 1

2 10 	 # U Shape
42.658942781938805 4.075013083297996 81.368796201336 15.119740180817942 92.43429079903275 68.24131678507192 63.69490137816626 95.00959995417999 55.07863851522893 62.71585998549046
82.02468863831533 62.06912512702858 43.62513970467072 9.776334114099171 85.43503371415001 44.1832371740477 17.88233417610865 55.61995705442027 55.71741346835979 62.92016177420644
2 5 	 # V Shape
43.74457544465874 96.47079256076282 147.28373327233055 113.17948392514901 86.93454745714098
90.05274811153893 48.95780309385088 96.97414026358251 57.372517969127955 81.987994644852
2 10 	 # Alloc Shape
0 0 1 1 1 1 1 1 0 0
1 1 0 0 0 0 0 0 1 1

2 10 	 # U Shape
74.33499652691773 34.925525182301364 54.85403660329439 15.697750008309075 38.91674483217701 6.826125187042753 87.32200712255414 8.894306862832135 78.43763275355798 84.99005630897484
76.0833689139076 36.3837357055304 86.92145357607363 99.01286645257854 42.07285133237618 99.92666753039016 23.482112994262337 91.68105147833352 65.11242168049542 11.017489501452715
2 5 	 # V Shape
104.04339633824372 62.68422671197956 40.27777387979356 92.47629113752178 133.48181938390272
104.61270610979153 103.9527309071213 116.81925544694833 101.67894330500354 66.8381352985524
2 10 	 # Alloc Shape
1 1 0 0 0 0 0 0 1 1
0 0 1 1 1 1 1 1 0 0

2 10 	 # U Shape
46.31048039015161 46.057733364100464 6.195010844413518 51.20086080904227 55.98432503415294 97.18706934916878 38.989617165841274 14.812206339412448 33.31530381282434 51.383939278618364
45.58850310632603 67.58310408991149 62.461053999185104 90.31659993806723 52.950403352623674 58.888158187597774 33.56529538264456 97.04054272073111 36.51811229432824 54.44435743687232
2 5 	 # V Shape
69.29846917110639 55.40419977142397 140.65025648009438 41.53119297653704 78.05981920556343
80.79870269628725 120.36871196603784 82.2691832388669 121.74755033531098 65.46461672466884
2 10 	 # Alloc Shape
0 0 0 0 1 1 0 0 1 1
1 1 1 1 0 0 1 1 0 0

2 10 	 # U Shape
82.37126308066574 85.24102095212712 62.2377763997363 40.16368809594909 66.12470007434841 85.96229655866432 45.419097305719426 49.81807735454134 20.893179561981334 40.42495521406412
63.29566558398613 28.50902705000131 33.83778521593499 93.12852507160999 49.881773261252214 76.48988474846584 55.71062538050755 52.94690971332929 97.32346395395996 76.02051942141757
2 5 	 # V Shape
118.115176343357 78.87240707807001 91.0764051228335 70.81721126143384 57.41881378826479
69.58148720188271 99.4999066864062 98.19450392315655 88.82554337560791 168.8235828259471
2 10 	 # Alloc Shape
1 1 0 0 1 1 0 0 0 0
0 0 1 1 0 0 1 1 1 1

2 10 	 # U Shape
18.302002673186692 65.3664019343557 52.81976580579377 53.89872794036326 52.59702498830878 27.20164371025866 68.06053738904444 14.095685216371944 98.61935173782508 55.398167339021875
48.86147720730961 64.47653279268495 73.74546818328662 82.37847147330736 8.384326328804793 80.38914027883199 73.58865899564854 47.05730720531284 64.8494016426063 2.37669996780564
2 5 	 # V Shape
72.8276267648752 66.55984253283304 60.477029947372245 72.67487519409688 112.36865337311039
101.47560858951775 143.39508636952806 81.68113440163947 114.80234702892926 67.12043466572969
2 10 	 # Alloc Shape
0 0 0 0 1 1 0 0 1 1
1 1 1 1 0 0 1 1 0 0

2 10 	 # U Shape
12.15405557604008 14.142618224428638 44.35079686648753 20.556677485180696 34.48463137602632 2.0282254310653003 15.664937945634872 24.883942236707036 67.25807214820941 23.087319990376464
93.7847666088144 46.18125393870896 14.572742659129624 76.86397637192186 0.6514953886221031 46.37516236669068 34.13932768287147 21.045978762676732 49.98813894535239 15.52748431714327
2 5 	 # V Shape
18.659771580766552 55.44290782022323 35.24075045684532 29.932751231574606 77.24345600614353
110.45386267948116 79.03128203222452 46.60682033277285 35.64232422491294 59.186997555749
2 10 	 # Alloc Shape
0 0 0 0 1 1 1 1 1 1
1 1 1 1 0 0 0 0 0 0

2 10 	 # U Shape
45.143728648075744 16.259632926156797 64.28796904872381 32.91622949284613 61.22017369612506 87.70777783401034 63.916432262104884 23.800457258097484 24.704778443552044 44.98913207659025
48.960040062383555 8.986973092649464 2.617212917396794 99.49219948551128 0.003024757342307005 26.87413978864589 71.19786808603021 61.10380405603023 42.40937149454847 99.45678948399002
2 5 	 # V Shape
52.85861965705344 75.05020130113081 144.88493095683924 82.79249913177452 55.45036234688409
49.52594408921324 100.45781595784331 26.874837687314493 118.79521821977056 133.33616774185904
2 10 	 # Alloc Shape
1 1 1 1 1 1 0 0 0 0
0 0 0 0 0 0 1 1 1 1

2 10 	 # U Shape
24.638948578063513 75.05181893644409 45.62023459048431 45.115948163043775 30.290969439864735 54.11557112884673 58.253470527293416 62.58308054642656 24.889602389714728 95.21949296133586
31.094977412235792 16.73317657881368 26.07167956523958 58.50959577681495 2.2939171067566044 55.78247213996163 82.91850861470206 83.73068587732735 94.70741397326333 25.56294427072141
2 5 	 # V Shape
95.16075516231884 84.4529283293754 61.2631251049473 71.84241662210877 96.31485638394216
41.287825027357684 79.86508233885078 57.004480032721716 159.2881440374814 116.27265147310149
2 10 	 # Alloc Shape
1 1 1 1 1 1 0 0 0 0
0 0 0 0 0 0 1 1 1 1

2 10 	 # U Shape
54.43055188672433 4.117281828450292 67.3397618287646 99.24681036960415 18.15471633719624 9.886435106101832 40.56496031752415 22.89705604831388 97.54802158470484 37.85732624866582
34.67120012472574 74.4664757309472 65.71193055452986 41.93852989683508 52.26160963571347 85.82662146644077 94.7196979991868 51.170292517062045 49.60075079209746 51.34036702973715
2 5 	 # V Shape
56.12435740227507 147.66654416399248 24.8030072993052 51.22175467295754 120.72922564456486
106.42781472704002 98.18394020885366 109.26485506634411 140.61880618130783 65.5076712623437
2 10 	 # Alloc Shape
0 0 1 1 0 0 0 0 1 1
1 1 0 0 1 1 1 1 0 0

2 10 	 # U Shape
29.28231205477192 10.867283098297609 83.94744709489107 16.235505050150334 1.673773816404267 32.658713591145094 48.407720028137945 58.55985918965882 7.439748689703707 23.62223442323913
82.03340237807754 89.70332798150652 26.764129069303376 20.682920450985044 22.041452098031968 44.448530789505725 31.927318096238256 6.4341142397992375 21.207286746530684 34.95899296123779
2 5 	 # V Shape
39.745481328451426 84.96050517884075 33.908229932187865 86.56351420034449 25.147264270808463
98.25082934005243 27.295449684804147 65.67678554399325 37.673964090697886 41.5436882384727
2 10 	 # Alloc Shape
0 0 1 1 0 0 1 1 0 0
1 1 0 0 1 1 0 0 1 1

2 10 	 # U Shape
23.127959301377565 60.271288246341456 72.17692528158375 10.799696379542812 65.16830833474823 8.844816449170523 74.11083311883874 79.69782885972569 21.53902799939352 28.48684756337668
68.97799924316313 88.274426383263 62.32975468813374 47.443711316170734 39.10907279184782 16.490842146349337 25.0789646516279 62.316693691299754 95.64037243121011 80.63351864054702
2 5 	 # V Shape
71.68591743420873 73.0122757077306 67.27056682822113 132.0044289944839 45.69773217006061
107.20248911520704 98.33549201148134 55.459858228916275 76.93098764237742 152.64244976307333
2 10 	 # Alloc Shape
0 0 1 1 1 1 1 1 0 0
1 1 0 0 0 0 0 0 1 1

2 10 	 # U Shape
26.234267887471717 62.935120129699854 64.92895299001607 37.77741518859501 20.920878367714447 27.063934668559586 50.441538390821975 28.248558389988677 20.982414061920284 99.48343260639426
69.4290376027103 9.873981755461026 60.810495098685365 78.85912947917711 42.47517722789473 36.505543099497594 84.24872011093308 5.487437873625678 58.231133898279474 64.31163955636259
2 5 	 # V Shape
78.47678366439717 72.90762133733935 46.848458492043754 64.7882323442081 119.07996069132324
71.23958531519465 130.50074168624644 73.64914427765748 85.8710105025715 91.21224869247828
2 10 	 # Alloc Shape
1 1 0 0 0 0 0 0 1 1
0 0 1 1 1 1 1 1 0 0

2 10 	 # U Shape
2.508406945983377 99.51122121061381 81.7336908140574 43.03012438267423 23.539284081316513 27.291547601685238 69.3041586796385 90.49016280290606 18.220644306787836 49.24095456378951
54.38913964122663 53.509212086931925 94.83857561853513 91.76693854049567 79.70081669087537 97.93508056806792 83.43760140887551 88.0737195250527 76.55209490938336 14.14355727788552
2 5 	 # V Shape
99.89354527468657 124.40606392700279 45.39647270082579 142.36008082079795 54.139711321092804
64.00704591414235 103.73864386747456 143.67743984074104 171.16342535156087 87.21292326319592
2 10 	 # Alloc Shape
1 1 0 0 0 0 1 1 0 0
0 0 1 1 1 1 0 0 1 1

2 10 	 # U Shape
40.49496127577282 15.300268064243227 49.840739785693856 83.75421203726819 43.8138212874288 82.31714576971991 84.52313091888367 34.908067997115225 14.26226587230327 31.556085426878088
13.400538945735907 4.966297987076507 27.355859905791956 35.7017819306488 28.59300281999123 58.36194705077755 34.58340699830232 30.361255362780092 36.3989610297067 40.07859128795827
2 5 	 # V Shape
44.11760076928715 131.92342489117482 94.89469652657897 96.36745715847036 38.87994238556943
15.034145983111452 43.394870843899575 85.0184467256455 49.48661662207325 49.48605938325639
2 10 	 # Alloc Shape
1 1 1 1 0 0 1 1 0 0
0 0 0 0 1 1 0 0 1 1

2 10 	 # U Shape
20.50319302110164 1.0022483096095658 73.32981714861117 55.090789368743756 74.81551171604389 61.50825011244309 70.66177719076329 47.61517685679735 36.28243307038533 51.08157520204133
41.39255871090269 15.614204455014924 1.6727412017781274 49.26838861781003 39.67535804833198 57.181725330669096 64.1943231409343 50.35162791770793 81.9490957719309 99.70494215450003
2 5 	 # V Shape
20.7040439898329 94.86661634805756 117.58130773055095 99.96558165442082 57.373453011472705
50.61816604021274 50.75380027358013 57.32885302802138 100.39289047084549 152.1077281933061
2 10 	 # Alloc Shape
0 0 1 1 1 1 0 0 0 0
1 1 0 0 0 0 1 1 1 1

2 10 	 # U Shape
36.43982992918967 95.5155462800185 44.80689851195119 54.13260960249969 5.283797000517976 21.512713999351828 61.79773684181967 15.327263388705315 17.33471886608855 62.971505382209244
7.876159824863837 64.26582232897442 33.407549540755234 66.19132389675374 50.24181989737605 88.545507773594 94.45974930107717 65.20478895407412 96.91827251972582 46.186513013580196
2 5 	 # V Shape
113.76900042025956 67.16630264775333 25.546258486073455 70.67912061225982 70.40855194580608
65.99714868666538 74.58559347358974 138.2537218962697 107.6961606759723 134.30916076097412
2 10 	 # Alloc Shape
1 1 1 1 0 0 0 0 0 0
0 0 0 0 1 1 1 1 1 1

2 10 	 # U Shape
85.51795052985432 0.3743284946887915 49.31185342206148 47.377963871572014 15.346409760498936 74.08670754340238 78.67109271875516 48.63807207619829 92.11328819881463 59.73680129925133
92.35205694247148 2.6367177329156832 26.0292349291249 11.049492658791937 82.65340849573532 26.320340924180783 50.80810161897118 8.83108998968163 77.78424572262307 87.27726353360565
2 5 	 # V Shape
85.52492088160577 56.38632420109508 87.34722176185517 109.40621649982846 141.99967126918935
94.12486081325233 30.37020361200196 88.3640827587012 58.51845673013105 158.84920182912677
2 10 	 # Alloc Shape
1 1 1 1 0 0 1 1 0 0
0 0 0 0 1 1 0 0 1 1

2 10 	 # U Shape
27.16797262857593 6.993207536353896 76.6474131692774 14.269161110241646 52.408079178449064 49.59956616147897 29.57802155658117 80.71423365698499 15.656056916651927 98.31327927134016
31.555749343726713 7.053481592728483 64.01164474474314 86.72647337049303 62.501663504917296 31.926682310943587 24.096217245387507 44.67858741690125 87.78039012548795 44.27447093294668
2 5 	 # V Shape
32.882657768941655 78.14624445875788 58.658723783381845 83.90883433392196 107.79422269772047
33.91876364942897 116.58572236613752 64.03622901139718 50.25535482469316 101.7536868236195
2 10 	 # Alloc Shape
1 1 0 0 1 1 1 1 0 0
0 0 1 1 0 0 0 0 1 1

2 10 	 # U Shape
71.60090977462605 71.56140444724608 51.20702270020775 47.80083489597774 11.327541302683086 17.648894168457307 51.26717491989705 57.132342688140014 29.919691573318442 85.4699034437071
33.03924448108061 24.36767155127484 36.99011037696872 92.79163451620823 85.70649234440913 5.24686045970989 81.10444137524276 91.89695457595093 86.70417153816156 85.65590646736972
2 5 	 # V Shape
140.69200368857597 91.95135830760651 24.940213463641072 65.33798773444131 96.84125751064197
51.28119342038318 92.81309218029668 90.48340926704414 116.66924535027803 154.9793216488741
2 10 	 # Alloc Shape
1 1 1 1 0 0 0 0 0 0
0 0 0 0 1 1 1 1 1 1

2 10 	 # U Shape
59.585987360729476 87.59804191278478 71.57665182894387 57.927418769812654 52.19729528764121 97.85793587016822 95.15953723498798 93.05735275379519 16.331257677001886 61.338959675689544
72.77963033671595 1.3152770118226798 36.25311932529933 15.502729455880814 56.58672821618166 71.08889320998402 6.581497584558349 41.247517770442734 41.73486501195593 76.57734662494323
2 5 	 # V Shape
139.5739099446305 105.54487305611312 124.18532686201021 99.96558503454006 76.18459416821888
73.65669778617195 41.7351999308688 89.68880798923755 43.62246095434835 99.64265058668687
2 10 	 # Alloc Shape
1 1 1 1 0 0 1 1 0 0
0 0 0 0 1 1 0 0 1 1

2 10 	 # U Shape
73.99793433901387 17.644869955014208 23.511318846025908 5.666662768300901 56.50886588811892 96.44609248305794 53.5041790000683 77.581861796315 35.60552068924373 18.612014922243205
17.441458776340657 43.06879308265606 43.34030351093493 84.83557355459068 56.56712189336898 58.0853652459633 95.97309822126049 38.587829562146105 86.67724541860139 81.1168397478425
2 5 	 # V Shape
90.81414842082035 26.889580751599762 122.78801038990248 125.75401112515989 49.36580064843865
50.41932577649247 123.49308058731819 100.53775321866729 118.18698149997599 124.22306575590954
2 10 	 # Alloc Shape
1 1 0 0 1 1 1 1 0 0
0 0 1 1 0 0 0 0 1 1

2 10 	 # U Shape
7.081374181347478 54.340944113816626 16.36003185795012 52.87741971237061 67.60271317027477 78.38979589664031 75.28866665378332 99.80962666184942 25.233347005122177 32.04055993502385
40.00324489746537 25.659697843411934 53.06362034720351 63.091727327387126 9.714940548144357 87.37726302544378 11.768191610809808 69.80929321565674 73.2889905800327 85.52656083211053
2 5 	 # V Shape
58.82892850419922 65.57207331956565 106.90605208803012 126.43238810124478 39.346372137519886
49.3908366613893 93.62989854527072 88.38422049301685 79.4198339264082 94.91543444165524
2 10 	 # Alloc Shape
0 0 0 0 1 1 1 1 0 0
1 1 1 1 0 0 0 0 1 1

2 10 	 # U Shape
9.680514395676344 70.10777984670901 45.371340474964114 56.24246426711771 26.00810882069844 59.32235227132089 46.4812388234184 93.86886910802565 15.80282853658842 43.15467146173045
95.92850403158685 62.232754177241645 84.53106811133124 64.35883002756017 41.41834172435674 11.727254562103973 82.16949532197381 68.29553563438779 25.308196697348485 15.10474938861811
2 5 	 # V Shape
73.9080034291592 99.96000214193025 74.96244204030454 116.30631273115783 53.962548329453924
156.73244465777057 85.05354956540097 50.915963148360674 99.67158591849253 27.00288385649631
2 10 	 # Alloc Shape
0 0 0 0 1 1 1 1 1 1
1 1 1 1 0 0 0 0 0 0

2 10 	 # U Shape
29.310753622000576 26.732546042667625 62.9128991253753 62.92107341890618 68.78871162995932 96.3740762460317 80.24085682131665 63.0817637927345 60.77155715330957 65.79425193025294
90.40928409785546 26.963196583043768 58.06498769443746 67.7978213802115 71.94828566359652 42.78901476447613 24.270406114765752 3.0811849305004246 64.83041041960361 89.636561946148
2 5 	 # V Shape
29.31468845085321 89.08777577864674 103.73129704935079 87.41272607564105 71.10396548606974
108.74869214663329 124.21646035481801 91.28002026703237 24.96510816670615 96.95469899779121
2 10 	 # Alloc Shape
0 0 0 0 1 1 1 1 0 0
1 1 1 1 0 0 0 0 1 1

2 10 	 # U Shape
23.57276331600122 37.434910156398495 2.538968971913358 12.210682450277844 40.70352554661763 11.64750165142836 59.502895418587876 94.23452517870768 70.66197772068693 46.69193808611948
29.009751085524414 55.241424785507306 33.191241850337526 78.72173976829711 34.28904524143385 16.667645742342252 39.5239364849537 65.03539374749842 19.531771455662607 97.64359458097823
2 5 	 # V Shape
58.97779456669955 12.788598063597451 42.63922362962635 100.05422795641766 84.42269740290772
56.4081714994075 79.36453265854135 40.01571498752122 102.86113423872601 108.0985978478767
2 10 	 # Alloc Shape
1 1 0 0 1 1 1 1 0 0
0 0 1 1 0 0 0 0 1 1

2 10 	 # U Shape
50.23910540618033 85.97495779268064 67.93221371525532 87.3192650555455 9.295194300246134 97.77088823495062 83.18752895310037 89.8806572367984 41.713189039220964 92.92847443442648
51.03018990386445 18.82184492328427 73.18057606542459 24.612510932117715 91.03883648526187 55.904665332717904 41.13207615571076 97.72824012892954 68.37088246807873 97.71118925147255
2 5 	 # V Shape
106.21125213147984 112.32216241164627 102.60051829972514 113.2493440467357 103.01740504950348
55.66178511848639 91.80490110960505 144.91920109129344 137.99041204169322 100.27848775168206
2 10 	 # Alloc Shape
1 1 1 1 0 0 1 1 0 0
0 0 0 0 1 1 0 0 1 1

2 10 	 # U Shape
93.39243995164794 18.728950473896788 32.984572803237455 32.329696118720754 6.527891730669544 34.49416812198959 74.24054181330264 45.57429142167131 36.69501554858711 1.1242811757641413
75.38970412792541 10.675762459093841 86.12874857484411 55.917416453191294 35.15189758785667 53.841383865085334 21.583711756959943 93.00372473041396 1.7668588907517657 91.73357504973218
2 5 	 # V Shape
96.37752375524859 53.725902916500814 37.97225329130809 96.99471088505555 36.895698107097125
76.4100762559591 103.76799031293251 76.5475931009405 112.83413007650546 93.22594108398528
2 10 	 # Alloc Shape
1 1 0 0 0 0 1 1 0 0
0 0 1 1 1 1 0 0 1 1

2 10 	 # U Shape
69.58013043145019 78.4347621744931 18.68683044910252 32.443083018543994 4.762713324640833 31.018864508570577 16.263383585053546 22.410728826347558 85.86023752892598 1.9317902930864883
6.596816009355122 82.22091475476773 6.407784826087493 47.57708933540775 33.83573633362019 79.20417268620156 19.959334299837362 41.61668180672997 79.85939049320402 32.4658027690693
2 5 	 # V Shape
95.67810323072636 37.81432731867126 34.36334003849884 34.177073989444395 86.28376530577513
82.73534734789625 53.73122118274229 111.06903754606319 56.07387801656604 94.26480134532025
2 10 	 # Alloc Shape
1 1 0 0 0 0 0 0 1 1
0 0 1 1 1 1 1 1 0 0

2 10 	 # U Shape
14.100037159827771 3.993620493137029 88.94849441806592 36.680977274199314 20.308819085983554 9.63712456353999 19.312346625655564 48.09310214809137 33.687933188117746 21.78532007543794
6.1209090617178274 18.520968151088724 99.48698118735176 47.517119440542224 0.4412628776782723 72.0253810354573 72.72638860604125 76.13798728071012 94.03705755361898 4.759796011955442
2 5 	 # V Shape
15.750158720708123 121.52221871154283 24.623846356053512 66.0442790375586 54.938031611709604
24.397669282486113 132.75217020622688 72.19953308701491 98.49611008550559 94.37055958483599
2 10 	 # Alloc Shape
1 1 1 1 0 0 0 0 0 0
0 0 0 0 1 1 1 1 1 1

2 10 	 # U Shape
87.49090045822646 80.92825151331184 96.82827089312099 18.170551851377315 47.12976239655787 94.66097705335062 96.31139203461795 38.730257179841374 16.278732229068105 55.14407989614833
46.52834998933062 2.5257834743636076 53.80463834939675 42.56262155076948 31.85423739519925 39.639162036111145 78.20310409306776 14.063179769625478 38.979692821595634 39.77130945379855
2 5 	 # V Shape
96.84824742585359 114.35939989097457 108.15760333906141 100.70534393018619 58.61604664914516
47.02232144500048 79.2886478591273 57.00801258039709 91.12727087105853 71.25399792259628
2 10 	 # Alloc Shape
1 1 0 0 1 1 0 0 0 0
0 0 1 1 0 0 1 1 1 1

2 10 	 # U Shape
91.82243411869166 11.857876158317293 0.7026376819815883 80.75461461796647 57.90934836737422 44.46811468100314 32.60994924043885 38.72720540261637 31.3064200813429 72.20909475236199
73.97864729338717 14.021926638235794 77.55714258996238 72.3902874913457 83.12778378304837 92.96430411801347 18.7325669587149 86.58709528236567 11.874822341819113 74.78638505345174
2 5 	 # V Shape
98.39230826300849 81.02464765419153 92.83006543019049 40.134681864355855 103.09548090941651
81.71827247802705 109.00345482863631 147.36667595875022 90.30156256632492 75.88243793193416
2 10 	 # Alloc Shape
1 1 0 0 0 0 0 0 1 1
0 0 1 1 1 1 1 1 0 0

2 10 	 # U Shape
27.087499099188527 54.58343903410026 87.96040348992243 17.675589802802538 65.23721212363253 40.22919857130446 31.02707932938895 31.84422211818999 53.37664741917478 21.241135550111643
51.794169204682625 87.23192900098262 41.332313576324495 8.909910704943458 37.76128174432479 33.282203360862006 10.56563310929265 37.000269543596346 22.77275291010722 84.79044414656126
2 5 	 # V Shape
63.916439041217664 100.28939608490616 85.5463721664645 57.80664660719039 68.77699051131623
117.55174342260688 47.11810727491764 42.59740333184798 45.09978664226827 93.4904613124438
2 10 	 # Alloc Shape
0 0 1 1 1 1 1 1 0 0
1 1 0 0 0 0 0 0 1 1

2 10 	 # U Shape
11.821076236798412 31.384192149495927 35.268224056229 84.19822673337013 98.3296411263318 42.76174711410672 3.952449478395992 89.08365895062788 66.98755541294864 34.00313480218086
96.04353625129708 0.41088474672822395 89.29716836860591 48.06376782604953 23.448250060452246 10.20341440028365 11.632031875659866 26.153840542750572 5.012611939326995 9.652950843016928
2 5 	 # V Shape
42.74693204117816 88.63663837372482 136.98804075421742 92.14960827720256 76.45268614298783
96.39219636417756 132.32170157155517 32.10879233114269 32.16423426561944 12.803993835745725
2 10 	 # Alloc Shape
0 0 0 0 1 1 1 1 1 1
1 1 1 1 0 0 0 0 0 0

2 10 	 # U Shape
40.013971372129184 88.37447002735442 84.41847933199058 84.06289782261437 56.34786366933806 0.7065602172883989 12.338043830207068 45.31886277122923 85.94064413426479 87.85688015655103
3.898616749424111 35.31843338495224 83.22781134212227 10.608960931305699 64.33521549803912 73.59671526708865 70.50923386510428 21.563605160803114 76.98290559436099 26.971955443851936
2 5 	 # V Shape
101.41479677784244 85.16240501929813 56.928935402181935 51.01631832799637 118.260268967331
36.710742415860175 86.25197019897963 99.58038875853745 77.23886808999981 90.60203136896271
2 10 	 # Alloc Shape
1 1 1 1 0 0 0 0 1 1
0 0 0 0 1 1 1 1 0 0

2 10 	 # U Shape
39.65624247073295 39.956595955282594 50.17622008472973 82.51103329532212 7.163590966987288 99.20323477484914 72.58949906184057 41.75221583535239 15.716219338705839 25.519827904949477
8.374450826633971 2.5076424370885975 48.68922664651981 36.06943955046042 50.05897175187509 83.63158530079593 19.150704222603764 87.06563618716811 15.988672500558732 24.37033731164755
2 5 	 # V Shape
75.49902041125706 125.51195851262014 101.74838528829889 91.64960699171573 26.80231192152545
10.72233609447612 63.54949650689669 105.09127618809617 104.69790819114107 25.229873405037388
2 10 	 # Alloc Shape
1 1 1 1 0 0 0 0 1 1
0 0 0 0 1 1 1 1 0 0

2 10 	 # U Shape
16.92950950290274 93.34154080471122 37.848574922763866 72.85393915274608 96.70239290176221 95.83855281581899 79.80065206000107 86.43798288715713 60.62749721958507 5.558631250142931
82.76805701708747 10.45902108338711 45.56991002804956 62.04238730043288 36.174054443554105 75.01136717552977 0.19244303462487844 37.18411096645866 86.72701420253534 95.58946259957074
2 5 	 # V Shape
110.23035254703778 76.47034365645699 143.2256187033016 126.1306979651344 62.89758339014545
89.5617250207579 75.86797287895804 90.70671150824052 37.36730551325457 132.69822765021047
2 10 	 # Alloc Shape
0 0 0 0 1 1 1 1 0 0
1 1 1 1 0 0 0 0 1 1

2 10 	 # U Shape
26.390607169992997 91.97944309287024 86.48081730857079 36.86518342225323 98.87109977067246 44.1427389043945 89.50940298503683 57.92586061038438 40.387402174739485 62.85801495899192
38.982333206721954 21.401297945147814 82.36109608986372 62.015703291548604 53.57742217776732 8.378978594637 21.55512331099939 74.9933430854798 2.756047354144564 19.483516797105715
2 5 	 # V Shape
106.19672890134032 122.7219741389285 122.38214677846037 92.58938905750416 100.98987380062148
58.65616904316404 131.51608939987003 55.404307721035536 94.15202781104921 19.952533571993197
2 10 	 # Alloc Shape
1 1 0 0 1 1 0 0 1 1
0 0 1 1 0 0 1 1 0 0

2 10 	 # U Shape
32.15644402375807 65.60692283405749 3.294248263744759 37.19232584398231 70.88872908192613 85.23015358513587 82.51166094064136 77.56374146093674 63.806853010676875 67.48561984983671
42.25643459533035 66.10266629912955 16.63604399586529 72.29303830132488 45.578996720620566 82.04161730767034 39.82173699140574 22.56332167936954 35.968897288432885 72.83668774131955
2 5 	 # V Shape
83.11176096974691 38.04434966254799 126.19021443964759 109.02283738932834 88.08112553607236
92.09039135792287 76.29278547994147 119.52978055796572 61.53747601465849 93.56384525266046
2 10 	 # Alloc Shape
0 0 0 0 1 1 1 1 0 0
1 1 1 1 0 0 0 0 1 1

2 10 	 # U Shape
66.307582089063 80.14917375617945 17.83294656756481 70.05631586415126 96.7983977652917 5.43581572108277 7.732232001695316 16.89137545965287 48.44210820454848 10.443631908722772
67.36553507490609 41.822636717456064 62.74695131037495 56.75831096226438 83.40549219909889 11.98809324662956 64.8767925567224 79.8847407853597 30.39737784224874 37.532491838245264
2 5 	 # V Shape
103.41130627748913 74.62189563212186 99.03385802936884 18.956247222725864 56.373430061995656
92.49874473117634 106.67103372618287 88.1420387851994 109.74880124342315 58.23714077804589
2 10 	 # Alloc Shape
1 1 0 0 1 1 0 0 0 0
0 0 1 1 0 0 1 1 1 1

2 10 	 # U Shape
36.39819003673792 23.97675105346192 68.5674373087529 67.23087975929197 68.90119446434227 39.63081548879622 49.5816416627923 69.55418878610486 12.945140942141864 5.06221658597511
53.86271595722685 6.392302162111685 95.18498225598807 78.52895702869948 43.87563900118864 26.48413795163165 43.90234006492779 92.88808896954008 32.978840510072175 45.49419689220068
2 5 	 # V Shape
49.59245644614699 92.81246569423293 89.04473771809553 84.27989706450839 14.093658540800844
56.10665133540009 118.12391177594438 51.986535462095475 105.78151259858797 75.91149742243725
2 10 	 # Alloc Shape
1 1 0 0 1 1 1 1 0 0
0 0 1 1 0 0 0 0 1 1

2 10 	 # U Shape
1.2243930949902393 64.25031817322409 86.01777923561372 18.993346934300625 61.44753264476211 85.81809096145061 99.33976105337983 30.179969420004326 41.263972324933874 15.560263957497655
58.697598066249334 12.42302437779138 17.59977749113395 63.02881567896775 70.31512785101425 24.101769863991606 20.275749711078195 13.820804109094587 98.79639342300715 2.1131778775085985
2 5 	 # V Shape
64.26152805293071 104.75037942109853 103.81573860752015 101.85339534813417 48.72382276279521
69.32499540482219 72.39618222040512 92.77745487142704 28.88851342070462 99.25531970445562
2 10 	 # Alloc Shape
0 0 0 0 1 1 1 1 0 0
1 1 1 1 0 0 0 0 1 1

2 10 	 # U Shape
44.537919561740246 16.042755423069842 87.56597892325098 30.91606279111231 32.36431772282309 66.33897791808606 68.3613106250526 36.031658876488514 22.035742936762258 29.769982724339307
80.73574323264351 16.077430824850925 35.8237825657221 96.84918231094002 16.84943321244149 1.077757529911627 83.75682492770103 54.08602060120003 82.35469566275083 27.709214151620955
2 5 	 # V Shape
49.73072257959356 91.78765247743083 80.01787321131117 82.78069114950885 32.740873188042485
87.42891978951789 107.29832022745971 17.212461092360286 88.96060340981685 96.17782131525756
2 10 	 # Alloc Shape
0 0 1 1 1 1 0 0 0 0
1 1 0 0 0 0 1 1 1 1

2 10 	 # U Shape
53.910329756100936 33.85487347112801 27.212779233160113 19.94099846146733 92.89615839771064 12.965992437175489 57.510037165481144 97.70510032028132 43.089061949429684 47.33608729193397
90.28485397764115 66.63001910729426 1.9049996623246024 66.35481912038797 57.44931089988326 64.64517306243044 87.95228911228826 6.4613546441731895 77.99318799310029 52.100417023906566
2 5 	 # V Shape
55.247987891249664 38.403443484331845 95.07467439646075 152.3405946615818 77.87818023118363
128.62036523106536 67.65366397654776 119.3993138269332 88.19501037926925 118.70109261012533
2 10 	 # Alloc Shape
0 0 0 0 1 1 1 1 0 0
1 1 1 1 0 0 0 0 1 1

2 10 	 # U Shape
30.984978120924488 96.0589134408771 26.714969119631824 90.6013401120451 0.993540941029436 87.03163046640056 32.886429069321125 88.87009509466115 65.08580775060204 59.83654581333779
18.64805492367325 95.60737947121521 51.06038336409512 43.120247831034405 92.86612152149384 20.10414653232201 7.189144365273448 57.98965019714421 32.74977382479089 79.74064196574453
2 5 	 # V Shape
106.26205907032838 96.1079726606094 87.34984571796146 107.58621542892196 95.33524942694332
101.40568582188155 54.24307444637055 99.64240375517058 63.97807634610253 93.71977422524859
2 10 	 # Alloc Shape
0 0 1 1 0 0 1 1 1 1
1 1 0 0 1 1 0 0 0 0

2 10 	 # U Shape
44.90754898608723 76.86106210996351 88.11057954980949 70.02775408537461 88.37131744208074 11.299106582662489 55.883975990877744 55.987507086885344 40.06487473676903 33.389349846310445
72.79626863858869 74.30562810097246 86.57091965128963 22.011269158261904 88.49968436636516 73.12138252414762 67.45472548055986 36.73941953044761 19.978822294240807 84.52871469101919
2 5 	 # V Shape
88.94470710629315 155.01765594410531 88.67351075337025 72.65173654510392 69.3437206112336
83.01583051818263 102.51968065156899 148.9728577002291 103.19263700185174 87.30518010501223
2 10 	 # Alloc Shape
1 1 1 1 0 0 0 0 0 0
0 0 0 0 1 1 1 1 1 1

