2 10 	 # U Shape
3.5036524101437316 29.84494708891794 5.851249188207475 85.70609425871989 37.28540278748075 67.9847951578097 25.62799493266301 34.758121515249194 0.9412770080969413 35.83337827049697
94.90941816782103 21.789900913168893 31.93913663803646 91.77723860005874 3.190366643989473 6.508453704251449 62.982899910782294 87.38134432795387 0.8715732303784862 74.65772369939376
2 5 	 # V Shape
30.500686571214274 91.11430180147875 80.79399638285243 47.334747364774984 36.322952075610786
95.8774531477559 123.71599089627517 8.910867738820462 105.50576477264244 75.24639990411677
2 10 	 # Alloc Shape
0 0 1 1 1 1 0 0 0 0
1 1 0 0 0 0 1 1 1 1

2 10 	 # U Shape
6.672961840315727 27.978251179991286 11.11936098790547 54.322130641535 62.552639199782945 49.69014234747977 71.43701184210114 20.63879903539021 99.27905345409697 17.7719650269337
99.58596172754386 53.362059271995165 9.084774223440917 27.55046715791315 18.595404803535722 45.03093764582238 42.40557934706731 0.29106526890401163 50.385691591084104 46.24944903852371
2 5 	 # V Shape
29.36340053739373 65.30301754561333 75.07725177346194 71.63365468736703 113.67986766444697
145.7626907880033 34.990042940230985 63.072478754544406 42.580564244944725 88.91380767386806
2 10 	 # Alloc Shape
0 0 1 1 1 1 1 1 0 0
1 1 0 0 0 0 0 0 1 1

2 10 	 # U Shape
63.19369758891021 11.144672218381258 43.625063202832735 21.745453856367547 42.16854578871543 63.068621580646955 37.84935488872042 2.140332819446955 97.87259345455817 75.84356267014928
3.1185847124287736 59.22589204961422 58.31381154291188 83.0454552752685 73.72357266666477 90.99128085797432 78.5283038200531 39.65248665877156 33.165469134967495 43.5421982434378
2 5 	 # V Shape
71.44257574077555 45.47808367391601 96.39095363176881 39.32057761169723 157.83367440520695
60.65447721771008 120.44720809520888 98.53139968762729 93.54449954503939 74.78504040570773
2 10 	 # Alloc Shape
1 1 0 0 0 0 0 0 1 1
0 0 1 1 1 1 1 1 0 0

2 10 	 # U Shape
7.972011775621979 17.167529767716484 83.81490322209999 56.416027886181105 34.97822136010315 14.500296285546677 9.85190759170267 56.01814183160807 71.00658900630637 95.08710326261453
74.80513321261874 37.2246012424118 75.84773055982038 7.107351246240812 62.18453689509784 72.07140306231447 4.180861912122957 39.52418182636325 16.13388234551917 27.608308497765854
2 5 	 # V Shape
23.333854382668562 123.04187399971832 47.503093255399726 59.03036201031556 162.3398435923524
90.38592556018719 81.67769086704226 102.74757297414186 42.52805235587784 37.77141404049424
2 10 	 # Alloc Shape
0 0 1 1 0 0 1 1 1 1
1 1 0 0 1 1 0 0 0 0

2 10 	 # U Shape
96.85200162184809 75.5009613285223 95.28610749392162 67.32946850379962 70.81335675982399 3.683447845165011 69.52927037644339 36.27263391941624 79.13173563229759 84.44620395771283
73.16177873328607 92.33753095611755 18.145762882566007 92.5909640668737 14.247406731288525 31.6715619978304 81.0735547564215 72.35500895947973 6.2776546122064065 71.89862258325459
2 5 	 # V Shape
171.83855883278864 147.65841438703214 73.78234717272707 80.48702717629011 141.55099625125945
159.62110588943278 103.3475681632086 32.872946864233036 120.41125474389437 73.9159125749046
2 10 	 # Alloc Shape
0 0 1 1 1 1 0 0 1 1
1 1 0 0 0 0 1 1 0 0

2 10 	 # U Shape
98.49058536284846 10.815091594272452 99.01270621402591 97.960936188009 50.4441772914706 36.00326861703436 92.33382328814862 35.895395439500135 56.68605115707965 20.046324344618615
86.49927797990298 54.13866908359992 30.852616936021903 42.56377157955848 11.361702719319721 2.1956613141427384 86.80072349213114 28.991287891419294 45.628884239047686 4.920699621499969
2 5 	 # V Shape
106.06079788454936 118.11246544501785 64.25234579888625 100.82397183053675 67.0939282986482
117.37570750114995 46.959104649352035 12.912512678648373 91.3926200086564 49.60917539696629
2 10 	 # Alloc Shape
0 0 1 1 1 1 0 0 1 1
1 1 0 0 0 0 1 1 0 0

2 10 	 # U Shape
29.775374029236545 2.909409645982286 64.31802889485782 86.91889231977584 85.05374562408011 1.478673530954211 15.148091402584818 18.235194340022044 28.192172223324285 31.743521341440474
8.165793637092456 36.61685328590436 90.39737192915885 12.27215762403242 78.2376779319425 5.6852855598646945 6.325138074870928 42.89507797157075 96.65594515992092 21.675092767429895
2 5 	 # V Shape
29.926451084659487 148.46631740415236 85.21910422116463 24.81974868634886 36.75491085081404
40.84824599066786 99.58416087484404 79.12399024376218 47.06362190383556 102.5004789118342
2 10 	 # Alloc Shape
0 0 1 1 1 1 0 0 0 0
1 1 0 0 0 0 1 1 1 1

2 10 	 # U Shape
51.99093970834808 49.37542115365871 21.29019704722085 61.81170879664932 0.1573158600998159 23.394042119999682 52.69614300271338 19.914291926856254 24.370252799298008 43.64032376894692
5.564220864270886 20.81983805383275 7.364112750960905 79.84257526281475 50.24918501138289 26.154314028399416 79.67787559433181 15.507878896953397 86.59777198314929 46.10232275902189
2 5 	 # V Shape
73.62995299281363 76.45412131720643 23.513117677313844 67.10045848142126 59.23915109907914
23.212606941838764 86.98026541829148 66.3143517129643 89.89435526791566 103.6630214665057
2 10 	 # Alloc Shape
1 1 1 1 0 0 0 0 0 0
0 0 0 0 1 1 1 1 1 1

2 10 	 # U Shape
84.03695547842746 92.97211278324995 35.61982417659837 60.77033931380692 30.37536489760113 37.61506627440565 52.974168378236165 0.8571203557481977 97.93305750841034 6.029837715196784
3.4727893949739297 33.484669107965736 75.12200856876015 28.157732981820217 67.38307353578905 27.647291808917828 57.449031031234576 54.566999808515035 86.44813300773328 10.99982117104843
2 5 	 # V Shape
97.19874866180652 91.32820071874998 64.57497767196455 53.48344638197037 97.96305767650004
36.363454520030466 81.44397181088769 75.85797683961385 105.1517352371587 95.53493317226678
2 10 	 # Alloc Shape
1 1 0 0 0 0 0 0 1 1
0 0 1 1 1 1 1 1 0 0

2 10 	 # U Shape
11.966618436826948 26.006403041143344 55.876619778232715 3.751301378365013 51.721139914844315 55.361273994702096 69.74605923147593 47.37527480658923 5.760354641651455 13.788991958710838
27.113121163525378 2.1924951992596364 15.92114911396707 22.088557324377344 97.31240621343372 13.313226053040516 57.3298107377977 65.7596908429118 46.24346541079297 94.85859045288835
2 5 	 # V Shape
36.243859427906 56.38828149780092 93.66293479596851 70.01997246097585 16.983013067759444
27.613464241388783 30.602104123788497 102.82040184447052 94.05296398902644 100.90700202249923
2 10 	 # Alloc Shape
1 1 1 1 1 1 0 0 0 0
0 0 0 0 0 0 1 1 1 1

2 10 	 # U Shape
58.90703191084491 62.15951688718421 85.83884005911736 95.01726778033009 80.55285729393307 87.50499437542855 34.47877569916551 31.892309597346546 88.16542352080909 92.5783964604015
37.9349377902327 24.110821056056764 25.49019755462392 67.84464693624413 68.20515791306043 76.61430149769978 46.70761509467687 67.19104719587664 85.99202225500619 19.054175513748074
2 5 	 # V Shape
119.69542342895063 109.00102577481053 145.68728946633516 35.294329127880786 113.89527647105547
51.47162112331563 92.33947229181358 91.60941214264264 97.22641901177046 94.19134100967973
2 10 	 # Alloc Shape
1 1 1 1 0 0 0 0 1 1
0 0 0 0 1 1 1 1 0 0

2 10 	 # U Shape
65.91782061913052 5.219049241219553 64.5568408255403 48.74577613106887 89.9673257655318 92.46827936718354 28.15535191249612 80.9964901620488 12.495758161773596 92.47808741886939
85.11034176791628 34.80220520151972 70.21002932531964 69.96181523826856 2.0083012383308008 0.2962888900535421 35.400147057039476 28.720602009957354 81.68945918276839 8.9612011957093
2 5 	 # V Shape
70.23164694817274 83.06348523256042 98.46647287421241 93.78368653700726 96.81005541669512
93.61165829789861 139.1549721890184 2.2301770269692214 38.20376859620055 82.4838956692193
2 10 	 # Alloc Shape
0 0 0 0 1 1 1 1 1 1
1 1 1 1 0 0 0 0 0 0

2 10 	 # U Shape
71.37247646424876 24.141237526686112 21.970057714406643 34.55994487376613 57.47995997198283 12.715403171556094 75.62566569312344 43.27936002589126 75.14620547274744 67.53739235805821
99.88644640789366 37.59175077135492 10.039694966106726 87.21742734762873 13.203437045748355 44.44502754897221 46.42205822313943 24.213430696895145 99.92762362587354 91.33302078407229
2 5 	 # V Shape
79.64073984810756 42.034160907357276 63.31723086853326 107.87264923997807 127.89403531904372
111.06390903442436 96.64522155568278 50.906285704536714 49.075872568235795 118.27832099193955
2 10 	 # Alloc Shape
0 0 0 0 1 1 1 1 1 1
1 1 1 1 0 0 0 0 0 0

2 10 	 # U Shape
99.02599861062158 55.70847414846939 77.18303401238178 79.57485843307455 37.13056975773238 68.0557049299637 36.55617040206482 56.31298737731078 38.97298218199673 8.79505793313754
84.1612744794679 27.281192355407626 0.29531061526089086 20.944672993150192 67.37538993762541 27.721205944765025 10.953800775227784 15.11716544883923 51.53079292477079 5.211165098348469
2 5 	 # V Shape
145.76690116688783 92.41687043264636 75.18172370093608 69.28070803197767 40.98247910625184
108.54514338688836 20.98896775588202 92.55698855489064 20.265181190735454 54.79367833155836
2 10 	 # Alloc Shape
0 0 1 1 0 0 1 1 0 0
1 1 0 0 1 1 0 0 1 1

2 10 	 # U Shape
83.18204674950293 31.595698549031436 82.41501738055362 81.63099273423717 37.39277080895428 66.20888393125868 99.69984166059362 54.027791887975155 46.44221677348563 73.54940572399241
73.84217654866465 92.91713023767014 40.72398176655261 66.33887180533458 91.78778816788167 57.58174362445533 24.221232186873753 0.5604089899198694 70.73048394992638 88.08237982988786
2 5 	 # V Shape
95.74127890461794 102.40927100048948 70.14015211572358 136.68567712131335 119.20130170115677
150.76529211531826 85.3930565100517 121.29928549519006 24.619380511339937 90.59476296082285
2 10 	 # Alloc Shape
0 0 1 1 0 0 1 1 1 1
1 1 0 0 1 1 0 0 0 0

2 10 	 # U Shape
95.99039922757262 43.90240438686646 64.290601892299 0.9913257757741878 4.717604197176217 56.841857087376354 48.454026575682384 77.1148135022127 96.93325167382714 0.5133704164726471
69.63235602534144 86.64472581866123 76.7015863099692 52.227515539834634 97.03083253510546 3.0874142641842184 92.54017433758354 4.34294452337689 51.48722903636616 71.69534361296354
2 5 	 # V Shape
113.80734647116024 64.59079288939083 57.78691200108851 121.33365332101901 97.13549561812196
116.84247673510406 90.80273245964742 98.29311036848607 92.68414842690977 92.46152520979547
2 10 	 # Alloc Shape
1 1 0 0 0 0 1 1 0 0
0 0 1 1 1 1 0 0 1 1

2 10 	 # U Shape
70.63767365052345 29.054388214447513 93.81386696507433 58.241829275425786 48.94849843709771 82.81857868959013 59.969488108909886 45.37712726381857 62.06639160189113 39.86496796946282
67.57767176844848 97.37625190750352 13.582770286553403 58.02600170207421 33.67752527939148 15.839083422981714 25.30313709866099 59.31419577783564 12.243333219944152 43.06492468064743
2 5 	 # V Shape
78.62326061537229 108.8251304862076 111.36206616063289 63.54778570677536 79.58698693466026
130.65657995177457 60.73709656399466 37.52703004026516 74.46794907829776 46.88549938718313
2 10 	 # Alloc Shape
0 0 1 1 1 1 0 0 1 1
1 1 0 0 0 0 1 1 0 0

2 10 	 # U Shape
48.13170175361745 50.16344868039763 26.389771849223077 3.102792968891299 67.14297175915083 51.140246910647576 69.5769632569175 45.92211515015061 91.82391296083019 19.03588567230623
46.70315501237391 99.94133256334895 74.91973345045274 4.00626363627794 19.700624360429842 39.171292093112996 16.846639843708267 24.96211175204943 50.12322339560961 62.147329046608824
2 5 	 # V Shape
52.00066471148472 27.342139577280232 91.03892469327722 91.98179335293179 96.9485865063478
139.6747179156178 75.48783386956336 47.47856451622924 41.318820590582426 101.38357439938008
2 10 	 # Alloc Shape
0 0 0 0 1 1 1 1 1 1
1 1 1 1 0 0 0 0 0 0

2 10 	 # U Shape
7.428832210840131 94.58438776749576 68.81965673614798 43.71304207943513 79.52295790485228 71.27268784748937 67.13863282894378 32.06433058589976 31.101333072849723 72.57270916817144
15.433864291356214 37.29884999999392 87.41745802153189 75.26027385678854 21.210916450714667 98.09220037405412 51.054094348534576 12.483304250719451 60.09724026409169 43.1694403831531
2 5 	 # V Shape
98.11991895738659 89.1734256454694 146.11322928426728 89.32885412469795 87.39936314093694
38.94312864693785 102.52660796493839 98.36740732774717 58.5581788082214 80.7857810535643
2 10 	 # Alloc Shape
1 1 0 0 1 1 1 1 0 0
0 0 1 1 0 0 0 0 1 1

2 10 	 # U Shape
68.99541790362187 21.372610906631518 74.38268737079244 34.15796749984696 36.59156598396838 14.072273986702132 85.82340886055349 73.8297503771947 14.598947960122555 66.04753566905896
46.06862342332975 46.04120634876344 23.459235311536585 63.281826954805474 57.46464391043534 62.88715928591091 12.745218272252213 34.08180061068278 55.888460786043396 59.29404654705242
2 5 	 # V Shape
70.92612792569437 79.50394268286684 45.61230058489315 154.67898314246958 72.53253802766497
74.5306579209788 68.88801701075494 95.71728641546235 39.95704419414585 93.93898434183888
2 10 	 # Alloc Shape
0 0 1 1 0 0 1 1 0 0
1 1 0 0 1 1 0 0 1 1

2 10 	 # U Shape
78.5991441443134 76.66916569046191 5.789438460257412 46.98910486441087 25.11037515293133 92.96476447885176 73.58435784502224 52.77969036379577 58.30303394538273 41.28800770632398
79.51565509935791 66.00276742336608 57.45492274932948 13.47726602972552 24.8544264212765 36.98751657807221 34.86638739190445 10.377589231163121 95.48160043177636 40.87713312354694
2 5 	 # V Shape
108.48374733223682 47.446749867583485 106.1746961530752 109.71916271976443 59.64527837024092
86.79613187812731 60.37614013565272 40.001501128881884 40.17462565395852 100.77184205928049
2 10 	 # Alloc Shape
0 0 0 0 1 1 1 1 0 0
1 1 1 1 0 0 0 0 1 1

2 10 	 # U Shape
18.58322431033922 40.483578964239605 6.824287646914318 41.011255047563246 73.4948802656049 35.01100283970332 77.02356035821319 44.99344139677473 72.78307809033089 53.8841769629281
51.417459659677576 91.95401264406627 11.896664871721418 68.21042734543961 62.4794258532507 3.360488430387798 9.133202336323798 67.82920284219051 19.855156716296097 41.50647827556432
2 5 	 # V Shape
41.96294467257049 45.106665813321236 73.72574523310666 115.38574142105179 94.26983930712527
133.5732043430976 75.50450736840382 63.78873976456041 74.41565055595424 48.24070227718198
2 10 	 # Alloc Shape
0 0 0 0 1 1 1 1 1 1
1 1 1 1 0 0 0 0 0 0

2 10 	 # U Shape
1.8462797997596536 58.31995201321578 58.75505430294209 22.190350855002716 39.693255695772415 99.15016075441562 80.81373489964045 40.733751791001104 54.34664506134664 37.78895887821273
53.18048231327632 72.22995061422634 91.56653284459554 17.165324392654746 37.59086355371355 77.95587630981035 83.91650502422559 62.23901434086778 50.80893029727272 7.784314232521938
2 5 	 # V Shape
59.5870830709826 69.3124829983031 118.54821841682846 105.93581771894965 89.81022199277315
84.02714681349798 106.53271461474009 105.61066832114423 97.15168562279464 57.74541631276004
2 10 	 # Alloc Shape
0 0 0 0 1 1 0 0 1 1
1 1 1 1 0 0 1 1 0 0

2 10 	 # U Shape
92.5446300536039 91.91926985638092 83.99005583560316 24.626055163390394 52.8035121418878 99.96842886452724 30.28439422691658 99.13733974519042 2.5509304384833786 25.716486061195454
13.329083249219586 13.204683368581726 57.29460823072748 82.45535551065343 33.142727323246326 15.05168747452168 74.89759982104228 1.2850925833873594 48.748181406293156 7.696051878857057
2 5 	 # V Shape
176.0886709987487 105.14902458350753 109.32146676694367 102.28726890631299 25.820540015778658
24.397159064889788 138.61312688569825 33.8775277427867 75.99258219652077 52.18518770538083
2 10 	 # Alloc Shape
1 1 0 0 1 1 0 0 0 0
0 0 1 1 0 0 1 1 1 1

2 10 	 # U Shape
75.20202933889085 93.75896275938477 30.321119645619 82.95257145331406 60.37855441005951 71.93340583736835 90.11419425602249 91.19220632104319 37.22957142859222 66.93016555268602
88.56984320786687 30.300128118871594 70.07429944124483 63.46048104393917 54.016191448412656 16.67133395051035 79.64329611630698 77.64344902316233 39.53445873325985 98.04777940360461
2 5 	 # V Shape
163.06736709552288 84.09170528022241 73.75779006766146 141.30899778243113 94.17762577276028
96.60899449314846 80.77770063431741 59.48748536707014 91.49448740887753 107.76352499824753
2 10 	 # Alloc Shape
1 1 0 0 1 1 1 1 0 0
0 0 1 1 0 0 0 0 1 1

2 10 	 # U Shape
2.0642043746044947 84.60184097136751 54.54420348703455 19.236356017996048 49.76902042393202 61.29782078313889 52.17922148445854 58.852362210368305 53.583832438780924 32.45928977428195
53.481646053431085 63.09669182005747 64.09477839925123 18.06607674595223 18.684074836173604 7.520608343055435 37.273596300251775 62.28270297035138 91.55068577253795 72.16336178483026
2 5 	 # V Shape
85.80415680023945 57.69658248644464 110.9378514590576 73.14866145275897 61.40415458844194
104.45971863427566 72.27217358366298 18.8730527252631 99.3505493287506 160.39275858437492
2 10 	 # Alloc Shape
0 0 1 1 1 1 1 1 0 0
1 1 0 0 0 0 0 0 1 1

2 10 	 # U Shape
80.22479877027942 84.75371962455736 48.48469200278937 9.213031857988874 60.23038251047688 93.69770575419716 66.0323479048279 2.664572307577129 74.41060223707304 89.08269611917544
18.604262192722476 60.23404389519351 35.712294670447676 84.8207753683523 3.636808152701021 53.47708601162186 28.91317620068984 99.97082634487053 1.6136367118141481 25.215612401135544
2 5 	 # V Shape
125.27496797087475 56.57015680694742 128.08292323066115 68.32746802976678 108.23209420807612
61.58332822118456 117.30767366650036 53.862760163452954 106.88355503798542 26.310293344730002
2 10 	 # Alloc Shape
1 1 0 0 1 1 0 0 1 1
0 0 1 1 0 0 1 1 0 0

2 10 	 # U Shape
41.94054399728543 42.3624944139416 28.147052477107405 53.81973373767096 75.31781056405589 24.195037869353996 38.88586569088312 82.97850900334184 77.95504005071858 75.69518881873518
28.06340950238416 89.9581226583791 30.751121725078168 36.92694133896698 95.22114609945923 86.84104553162285 59.75711041997632 77.10172176383672 7.049305371986103 98.4525767659115
2 5 	 # V Shape
73.87595941911033 79.92382028685634 80.91565224486341 93.55829600087597 143.6304751425038
104.76151879863457 58.49724833542078 107.41394456361188 99.8704922366847 102.93317770874593
2 10 	 # Alloc Shape
0 0 1 1 0 0 1 1 1 1
1 1 0 0 1 1 0 0 0 0

2 10 	 # U Shape
17.27191120399243 13.020677964002758 28.52584066099295 27.52949222189349 88.54001213316427 92.46855682545952 25.396349932838824 77.94436607929256 67.85719115970105 0.5229334283397002
26.674838413577305 65.7157003686331 66.40086215914718 99.11590937958277 78.84848132175297 87.02120334499963 31.2551075092659 24.07740078248529 35.01563094518318 54.69698853310424
2 5 	 # V Shape
18.138106188586704 52.42689442609968 98.08954903071968 89.54620370168489 68.30091226851734
74.8703641925683 146.2679042538378 117.85674086927514 46.66130921264263 68.86855115866177
2 10 	 # Alloc Shape
0 0 0 0 1 1 1 1 0 0
1 1 1 1 0 0 0 0 1 1

2 10 	 # U Shape
94.27754142067595 90.76062351021798 18.62021337970985 18.686413878978215 58.04352734697711 79.55324848606803 50.8073533520426 21.337066016723227 63.37760469079578 60.71981766570899
34.90930021128111 12.290607289612442 34.818613017889014 17.29152996075459 27.11170871151718 45.01990323966499 22.655501597767724 22.81709086905037 53.994653547415595 29.03911398808452
2 5 	 # V Shape
117.57865200823534 20.507374356516287 101.30836728292829 56.8221764069458 86.18423977326171
41.77968680086556 44.3592497170301 60.87228515587634 38.9507032315957 77.71364041703185
2 10 	 # Alloc Shape
1 1 0 0 1 1 0 0 0 0
0 0 1 1 0 0 1 1 1 1

2 10 	 # U Shape
15.47978910961354 48.82136599848528 64.38899559188542 19.91409067776262 11.640646078758943 23.635208060095415 21.25088392615413 56.502187282844176 20.653251677435712 9.338699436824582
89.14871130659296 24.97232363499302 74.10307833711357 26.11730652667773 82.27214042431132 51.90350118859821 7.203223957610483 74.11774864864977 43.94256174185324 11.012327718437076
2 5 	 # V Shape
49.711356399296406 71.40136073436238 27.70154515556485 72.12920645787581 24.084319057423336
114.06565696188106 85.54156401796665 114.21715637124699 80.87156524838878 50.41228358518875
2 10 	 # Alloc Shape
0 0 1 1 0 0 1 1 0 0
1 1 0 0 1 1 0 0 1 1

2 10 	 # U Shape
61.39369405177996 8.664453400653771 10.424785742648224 39.00555214397771 41.78304918760208 54.83647956139956 51.899297378246665 35.759336274707906 83.0767915109203 31.043079441019238
55.46965675860167 8.59816447721553 25.269185478707357 85.06316382035966 98.45352530490011 56.727477999370855 80.31787882614584 30.27257653889981 64.42848418916111 9.934321816662472
2 5 	 # V Shape
66.82932960323637 42.84478230429476 59.612370365847255 56.638772126733684 86.56121089255177
61.281456064695845 97.32536885365616 129.06466955035788 88.9315980618376 65.03001670479516
2 10 	 # Alloc Shape
1 1 0 0 0 0 1 1 1 1
0 0 1 1 1 1 0 0 0 0

2 10 	 # U Shape
32.84320962695758 41.10436606251569 28.259170272910083 12.306016006039789 81.46786197170512 39.98296429421189 21.044612107620473 44.42158577983724 32.0745747416188 33.47476178703048
82.60187737447606 37.66014943049591 27.721652284553866 42.78341347508404 85.75668490439384 38.72327953322019 28.783916604928372 51.55489692670765 75.85499768175048 91.28810785689863
2 5 	 # V Shape
58.42434888362619 37.555326346324264 87.83387957280499 44.68686968290415 59.96246595640765
83.90771685304446 66.75514317276591 118.64916477713271 70.78330942968792 115.25379511102621
2 10 	 # Alloc Shape
0 0 0 0 1 1 1 1 0 0
1 1 1 1 0 0 0 0 1 1

2 10 	 # U Shape
98.42223920775558 44.71795561860779 18.482934840317668 45.89257973310087 39.48785704237751 27.29744809207686 90.48397957517241 94.03730930362471 22.705927909764146 25.123259349495118
47.607251656390744 36.209501776288754 1.4738190392487138 71.13664347034363 33.994649282999156 8.264194905260657 58.284232178836334 22.851998859669052 84.59413821942647 87.05678714266767
2 5 	 # V Shape
101.73726748593864 55.996509277254745 47.0216423725154 166.42549016392405 46.639411160466175
56.97907239422729 72.5127080944239 36.767538540578656 78.79826851609951 128.06194776097612
2 10 	 # Alloc Shape
1 1 0 0 1 1 1 1 0 0
0 0 1 1 0 0 0 0 1 1

2 10 	 # U Shape
88.23754611703578 84.43567976208664 49.518669283891 71.7763322456442 17.552332219640565 63.85902584354193 39.309155520922545 28.138951179336836 65.17878993399529 89.92453845355284
38.442120659352994 88.8898972179192 68.31942765136691 39.61314561042506 66.97430215371334 80.56815801290671 57.0738341061865 18.69585225099263 15.366121108986375 63.26125371891613
2 5 	 # V Shape
139.97941666644638 107.56130082111953 64.09519434357307 47.518149214812716 142.57386884809551
95.55479798341754 95.39408671700208 117.99200261300535 66.80133736325783 64.84843221299671
2 10 	 # Alloc Shape
1 1 0 0 0 0 0 0 1 1
0 0 1 1 1 1 1 1 0 0

2 10 	 # U Shape
68.97730065038576 23.494187066462658 86.35903403471691 97.21715210254405 9.612049265206558 82.32053146260417 90.34688119428495 42.46131102752837 63.847818658180024 79.1584195284823
97.79886936272842 94.59993746549164 96.1791854819392 10.3992960549254 1.5859084795863065 97.7720783303051 96.2283598828129 60.77910655912619 67.65494282198709 10.596798271993602
2 5 	 # V Shape
81.8602212396218 149.37077241218134 89.0487971492415 108.4787940327542 83.05061546147299
134.8357458198448 105.69233836704896 99.19687741523268 149.8102863259226 73.44821858251552
2 10 	 # Alloc Shape
0 0 1 1 1 1 0 0 1 1
1 1 0 0 0 0 1 1 0 0

2 10 	 # U Shape
79.3798076106721 76.68770355612794 60.797666238868665 69.19781498708072 34.645916248611556 94.77175537086856 48.320953579245796 7.684308200195056 2.0542840753155156 6.870246562534154
27.24285494830504 44.0028504345504 21.299538472151937 24.0403156461659 71.4499649157515 62.40038339231695 76.64705830744431 48.358658393019915 21.55769649556577 99.4171253709413
2 5 	 # V Shape
141.90694714639793 112.60517462696963 97.2394854620327 49.3391524566033 7.620798558882553
48.97488318006302 41.67512024047921 125.37640136237815 105.06686887499204 117.86682972325755
2 10 	 # Alloc Shape
1 1 1 1 0 0 0 0 0 0
0 0 0 0 1 1 1 1 1 1

2 10 	 # U Shape
16.58151387284079 70.81111445466829 91.67063337811344 26.223780495158955 55.37264425350366 63.274814723147266 5.55083664135042 60.78637342700447 1.9412031665269835 2.7955653096193855
89.68374022553797 67.35161650983056 40.622990095243075 94.66182804362928 49.36401511193181 28.860859878237367 82.56594982552241 19.84741590729514 34.69112632325175 80.01093079695165
2 5 	 # V Shape
77.57598846299351 111.18499003540276 84.67112236639417 62.40904271343942 3.398035021981201
139.64046750054453 113.49345082482617 65.44550310848989 95.54672319453171 109.54556259400755
2 10 	 # Alloc Shape
0 0 1 1 1 1 0 0 0 0
1 1 0 0 0 0 1 1 1 1

2 10 	 # U Shape
65.48835275831857 43.2301589403649 19.354148778624992 4.496604101186097 44.833579586460104 54.68186228664331 57.519695796353865 80.70974623251824 73.43402967030599 41.91276432731392
40.95470727333315 8.774389103592629 81.90756678488901 51.481601779313024 71.0774700570552 9.930372310848012 81.34672341062138 17.360670966657864 61.28616704280393 63.25213957780231
2 5 	 # V Shape
71.93620170971592 20.061959725095257 70.48187751771482 116.8502489199337 83.77952336506266
44.829514281145585 84.72021343646485 71.20774919445098 85.94202941599885 69.49858084706594
2 10 	 # Alloc Shape
1 1 0 0 1 1 1 1 0 0
0 0 1 1 0 0 0 0 1 1

2 10 	 # U Shape
86.92937250117558 76.66232239022122 20.514690570391615 38.21416786001248 5.080673533350321 34.103511140982235 45.769454708748746 33.50710947353056 33.97080667754573 69.6689481515761
19.031932245693383 4.029707072695143 18.173121810600858 48.60772393316304 59.79382552208653 26.361381270764916 44.934806673329874 17.077138837699657 30.569433310028916 37.09752210554475
2 5 	 # V Shape
122.36986380937802 39.58315651806857 38.709873440639456 48.76026617529057 82.5826753909264
21.588480418266684 56.64785733813449 77.33922768719744 54.029515022728184 66.18582976636537
2 10 	 # Alloc Shape
1 1 0 0 0 0 0 0 1 1
0 0 1 1 1 1 1 1 0 0

2 10 	 # U Shape
10.414825337131795 71.80815924842541 75.21022330524237 94.02648004407413 2.326375872207842 40.8231533541547 6.233694792935451 82.9044718474639 23.654993960911952 53.2338809419053
68.20616631689599 73.21665758256935 47.78676504533712 6.2697683280646626 58.5361583336485 25.44570141721264 10.691740757144563 75.16114336517067 68.59840190590457 66.8663873288783
2 5 	 # V Shape
75.0757451441523 95.0418850009742 41.356279592825004 85.30582407503898 70.3943623773094
97.77734126445691 53.04944244721361 81.12002426767978 77.92518295789053 134.96204149389126
2 10 	 # Alloc Shape
0 0 1 1 0 0 1 1 0 0
1 1 0 0 1 1 0 0 1 1

2 10 	 # U Shape
9.995479123310991 8.289306796298558 86.7478408999132 51.58479534037026 76.27285454073152 14.853381647502262 42.43612552717958 3.7778206204533427 38.94084526135727 36.084752867029835
64.94898183407265 85.63345506672289 44.171447738398214 92.04462232517469 76.50396785255009 22.4694059777907 32.882171260346915 73.72419699750327 46.852032972688384 34.47646809818181
2 5 	 # V Shape
16.433826254301096 112.45881448184869 81.65763160990748 45.388837911307846 52.380754363432786
111.61692016901178 96.20234460802254 92.45073971138189 103.3749731848722 65.01288608568409
2 10 	 # Alloc Shape
0 0 1 1 1 1 0 0 0 0
1 1 0 0 0 0 1 1 1 1

2 10 	 # U Shape
34.47165234353944 72.47725711149985 18.56056304379311 90.0714101111693 29.066458824881803 87.04605633422514 68.03095850178775 94.34230939182052 84.45239571504875 36.402896006579596
75.25717329613192 41.9329654488421 93.77400924493739 39.79893258187912 7.666776415095933 2.977604256901878 8.04484870146618 55.207184440444266 91.27898683032306 49.69466784279789
2 5 	 # V Shape
102.93302713738015 92.78272097090208 113.79867890912237 126.5906228777643 108.91470507906664
111.53894152653899 94.20680002828871 10.004836488295467 56.61504290764597 124.27939431993066
2 10 	 # Alloc Shape
0 0 0 0 1 1 1 1 0 0
1 1 1 1 0 0 0 0 1 1

2 10 	 # U Shape
25.569845596614236 65.1915173349097 78.901971240237 30.066683650276104 80.15768126332244 69.94678639184097 16.223016177889814 87.9846905642108 38.851891325148756 13.604251997397142
70.22769849668657 0.8348428059793078 39.83917942365761 59.13468425020286 82.57552894600762 65.83829424291713 48.19004270683455 46.69268944728287 57.53340567609379 86.70151829033412
2 5 	 # V Shape
65.53547866017145 79.56457899056139 124.26227614917502 102.68861213832986 46.736493398196984
70.48770595948339 95.14332668866072 98.18541579874866 59.30946981327168 141.72757297361323
2 10 	 # Alloc Shape
1 1 0 0 1 1 1 1 0 0
0 0 1 1 0 0 0 0 1 1

2 10 	 # U Shape
24.252279005244613 97.63763622640653 87.35882980018694 84.89755001346127 80.42550970170645 53.23467849562233 94.27176551402991 65.81407856849077 81.57379168702258 16.1958570941485
71.37957380688535 36.12395552138879 29.24571375338141 26.341824946223625 10.34709718031407 64.32570262543908 5.723164362959876 99.27183076334134 78.969825396999 80.46403556625404
2 5 	 # V Shape
98.84493322497346 91.76352202985045 119.56699531377862 125.5111386300764 82.75162102572318
98.48038155941737 55.492027243445875 69.92189736695849 103.42544264372722 148.12030255132152
2 10 	 # Alloc Shape
0 0 1 1 1 1 1 1 0 0
1 1 0 0 0 0 0 0 1 1

2 10 	 # U Shape
10.31685071812336 86.3814812116919 26.087043135450738 14.076318038621881 57.06386816749502 69.68084870029817 59.16401519799669 98.92325224616833 24.146362426734303 48.40665493390577
64.52090899142314 56.681430209697936 69.75311355456239 90.00923120469936 46.50467624351033 69.34010184595387 64.96343126868449 38.581047078642726 97.48133997815434 19.411103840648224
2 5 	 # V Shape
92.05007173634208 30.25426057522712 112.67935094016708 145.64726982390962 54.90548949068008
98.00530982976784 124.6861094184418 110.68593663603497 67.3112537065845 104.89944800576072
2 10 	 # Alloc Shape
0 0 0 0 1 1 1 1 0 0
1 1 1 1 0 0 0 0 1 1

2 10 	 # U Shape
0.5828185657268503 42.31030107681947 11.063660169118394 94.42580138183031 35.309952191808016 55.59615392440793 52.200220682964414 17.637108987496507 22.803455058758704 28.613204664591795
46.21037207211691 10.802246124043114 0.6544330665361198 4.2622489992168 23.595950567716717 68.69570653874254 16.97712238240824 59.03013586552448 36.873160221680756 39.66464878499013
2 5 	 # V Shape
42.43158701937759 97.3350400898589 75.73886778068379 63.54137657973628 48.647875084389106
49.08738304305021 4.367157044205143 90.46189320083559 59.84129515574104 73.00871534009
2 10 	 # Alloc Shape
0 0 1 1 0 0 1 1 0 0
1 1 0 0 1 1 0 0 1 1

2 10 	 # U Shape
28.324225708172523 14.999431603672242 65.55734597718623 53.95348133119828 79.72854121467226 95.3553212212098 72.87136846821095 94.2172123684877 43.019234586230716 11.757750776546573
39.12716512243962 74.37248268439457 67.1766813221113 5.3750591280879885 90.54972537398717 4.414083250062395 99.98457064178066 39.737383452245524 61.55559564427641 46.06941994615647
2 5 	 # V Shape
28.486893733914723 90.94046911561003 164.65674596513296 144.05460774091407 53.392423660550406
78.37984222731225 68.05691562148746 93.3085430950845 129.5831096940485 83.41076251347852
2 10 	 # Alloc Shape
0 0 1 1 1 1 0 0 0 0
1 1 0 0 0 0 1 1 1 1

2 10 	 # U Shape
61.34054064004627 64.94486656046527 21.658385221317655 28.7412431114626 22.656011104440076 75.37777798570013 77.01570483192175 39.73917673950654 82.17009999288628 49.33218345031233
74.13256686773059 29.04887830044678 27.874941828200704 42.22500209170512 15.774866668375742 12.729252915281108 2.9413561554697987 37.59380265097799 14.707591406078746 67.10693751753776
2 5 	 # V Shape
78.619300035575 42.84286134076393 82.43956324277579 79.29493473676692 106.37580513915535
93.06173764968736 45.4352313530125 19.121819232577415 40.06513953929428 79.11111137191622
2 10 	 # Alloc Shape
0 0 0 0 1 1 1 1 1 1
1 1 1 1 0 0 0 0 0 0

2 10 	 # U Shape
61.77160467965931 87.84604389039134 5.961400068685119 25.61324118935573 29.46317917603938 69.79927511772149 76.84814585088468 79.89344957383518 14.08834910996044 57.58135545092282
29.805727738858135 34.18315645425738 64.67508476934982 63.824957656266456 29.094682989317665 17.856128910416878 84.53542825262535 43.219651302901205 85.85317125755593 72.7618378309196
2 5 	 # V Shape
139.87440214000773 28.121459666941533 74.26168202867275 87.12832077753204 66.3986563376528
58.54745020457904 67.63005811787588 45.02320427466612 111.53913794531226 112.15697423984247
2 10 	 # Alloc Shape
1 1 0 0 1 1 1 1 0 0
0 0 1 1 0 0 0 0 1 1

2 10 	 # U Shape
12.628100092595995 68.26604441900939 0.942505955309092 65.95430605933119 58.00234093802311 50.85257500610718 36.50262584059647 79.94936451681744 1.7509221661946128 69.37057408186115
26.288723264390732 15.842398849947736 27.590906776553158 88.63758649712656 60.663626489918585 14.503746812349561 45.81215261253294 36.83406515623946 36.56044976261249 0.9530002842404572
2 5 	 # V Shape
75.61005226523322 66.16357824035252 102.69282994087638 100.2417767637654 70.6157538795534
36.62061451266922 115.12386270003155 73.1534831711298 71.10271510700557 37.16130835697663
2 10 	 # Alloc Shape
1 1 0 0 1 1 0 0 1 1
0 0 1 1 0 0 1 1 0 0

2 10 	 # U Shape
40.566362941355706 69.58441485160223 48.93693621668045 32.242613144262066 57.23527981088924 60.70208995169575 75.94888492923782 41.693997689977145 31.582778358828058 17.077512040597455
8.073626784801014 19.081623978657124 22.907772702594244 41.57369402926408 62.607941552935976 94.68384636736296 5.7281308622215255 76.47756429023917 18.120045376429704 14.05041049598128
2 5 	 # V Shape
108.90386192696656 74.29358827872116 82.15249941694717 96.3956939653366 47.594822288997484
23.843786619712834 42.83239705486575 136.2537725092059 80.36202367569824 25.15351851631911
2 10 	 # Alloc Shape
1 1 1 1 0 0 0 0 1 1
0 0 0 0 1 1 1 1 0 0

2 10 	 # U Shape
21.681031492422044 93.33363857496599 5.324154265119773 50.11566986561758 43.78031697010124 79.61125248189755 10.94988540389934 82.06308245168833 98.69325027180908 14.71193761584363
80.44995097717563 77.05324981037585 34.5390727167996 97.04316780100486 59.42320882672816 54.957829455883726 5.1748676040274555 47.409882586981645 94.01655923308196 57.879726658777784
2 5 	 # V Shape
111.93821296882643 51.303868878614615 81.48823020569938 86.21280720476348 108.97507273516163
89.91825878478548 124.23130242778355 87.70309732354872 51.11121592429147 98.19651916622368
2 10 	 # Alloc Shape
1 1 0 0 1 1 1 1 0 0
0 0 1 1 0 0 0 0 1 1

2 10 	 # U Shape
66.97646572512575 30.702083738488362 57.50391408308618 69.58218963910177 74.67005456384965 7.208182767065086 25.71379809699653 45.60702517405913 39.42216731346455 69.50476814968202
59.79591293887363 21.302923166453315 97.79606433152279 8.935033358347333 52.331971320590334 27.48905208039463 5.092776829602741 89.98756560725575 23.10265271531542 49.00063371672826
2 5 	 # V Shape
93.47078378507094 79.25854091011666 77.19882792089435 66.59159027001063 94.86023929326468
80.44337187351402 102.70587286289812 77.24359717864225 93.53771705285618 70.95812139457739
2 10 	 # Alloc Shape
1 1 0 0 1 1 0 0 1 1
0 0 1 1 0 0 1 1 0 0

2 10 	 # U Shape
98.71614722818903 38.38224398555526 33.64930117932641 45.50576870670493 83.1755885216569 75.63970389757084 66.07818862615015 10.019402279174628 57.865229500404794 6.269083078955983
8.98839722141923 63.86585638188483 81.99792338163952 21.499061912998418 28.280048358283103 40.588621766943135 47.92039647910181 29.03401002991156 52.154205048486425 74.03120327707072
2 5 	 # V Shape
106.03490977412947 55.59756049989153 98.81198703456991 70.8803049547148 61.041139901206755
70.377385321074 91.27583282888013 46.699835137722786 57.74493451715495 92.42693696135412
2 10 	 # Alloc Shape
1 1 0 0 1 1 0 0 0 0
0 0 1 1 0 0 1 1 1 1

2 10 	 # U Shape
44.59993540966708 36.27264012138443 23.944563028105883 59.972215074341385 33.99749958870238 86.55317765480072 81.52688049505129 44.52545333281748 43.41601166217497 9.66307230995932
51.40406381332069 6.0596083354720225 97.59306724231215 79.01763016408154 30.401686493140502 30.543186542642253 40.381892719937284 75.79295804747984 20.598688902806682 6.326779001414429
2 5 	 # V Shape
61.22166586547524 77.54959557142207 97.21347514141165 110.8699267124036 44.787079908501795
57.22875639479928 114.20273266173663 39.02152008194503 87.28725191606901 20.78916917347279
2 10 	 # Alloc Shape
1 1 0 0 1 1 0 0 1 1
0 0 1 1 0 0 1 1 0 0

2 10 	 # U Shape
83.91207256851526 0.9793225991513332 39.7969840277677 59.88779922898326 81.00550478940596 38.193428726277524 49.951491500689 42.70093592774187 71.10437184597713 27.42465694971544
33.48361096359108 38.374495868971294 73.81346552505225 45.65012820177241 62.57619908649583 4.468311135637593 91.77558866031565 6.082426652409712 10.02465240090662 60.04782169580499
2 5 	 # V Shape
84.62296966075745 96.94065363567647 100.06199009986577 51.42387649820724 98.17139391067148
39.03875806403649 107.32373857399597 64.95123556052825 94.89423539913874 63.231899398030656
2 10 	 # Alloc Shape
1 1 0 0 1 1 0 0 1 1
0 0 1 1 0 0 1 1 0 0

2 10 	 # U Shape
80.18706969765816 22.146731931671184 64.41121048392779 40.022725284131376 64.38577166702295 30.551907616079166 71.89046003241766 19.253711963259022 38.70882762062764 59.88099581884325
3.8544957575920136 78.34439554606948 73.34079025299528 5.902748668966174 37.61829050867639 22.071029734004142 33.38470713468637 67.23766608323365 23.62554124428985 42.636421225971354
2 5 	 # V Shape
88.89296784030425 97.4084856827275 85.01456504546235 78.77647622775994 68.54976468574718
79.01417326818468 76.10710779490654 52.53474444838317 88.9082720204719 57.81004721258855
2 10 	 # Alloc Shape
0 0 1 1 1 1 0 0 1 1
1 1 0 0 0 0 1 1 0 0

2 10 	 # U Shape
25.0242174852332 98.46027561556532 68.33146766024552 56.932484854900686 79.3169465253986 94.62951446109977 89.8851574405441 23.147188813461106 24.761080851105145 38.07015643107333
12.109780181963803 38.69328099929879 5.707251972460991 43.58998085697321 60.17550162505583 56.74568850964806 97.32658173268277 10.25202698066302 97.40395720078881 25.597965079587038
2 5 	 # V Shape
115.65256300852921 100.71195674743052 102.94452909915196 111.13041855037693 62.38354415198477
45.08107245756163 48.416478046444375 66.99353548524086 101.81880091936532 112.98234636184677
2 10 	 # Alloc Shape
1 1 1 1 1 1 0 0 0 0
0 0 0 0 0 0 1 1 1 1

2 10 	 # U Shape
60.371517339082494 91.33472482550934 73.36341296029852 89.60513985261164 36.64568961064978 93.23459699353262 32.667701839323314 40.42409581885703 85.11853691609507 49.733717856842084
40.37941151896693 30.343674961317035 50.94626236932476 51.56521444459451 98.11005010200874 31.983319612033522 47.34448179490411 90.03567085998473 52.79769706919383 80.86884033993148
2 5 	 # V Shape
93.41174160289715 97.80684927197356 114.18954767998783 55.025720231609 91.69497731228574
58.51783134991041 76.45807165268057 116.0702086260319 136.78685314489897 104.15121304447527
2 10 	 # Alloc Shape
1 1 1 1 1 1 0 0 0 0
0 0 0 0 0 0 1 1 1 1

2 10 	 # U Shape
27.564094919427383 13.504193953261312 14.97356022160361 31.696022758394736 85.01739280876055 35.468457388863264 18.528989177725197 97.72940114496579 16.907434707508006 31.08047763859114
69.53800363466375 42.81193561643215 6.599135365004893 46.68439678286531 28.00585584747457 98.23750159250889 60.49463076943358 49.449237974413926 96.31181668929042 0.5381603865410534
2 5 	 # V Shape
40.014975816936484 31.82237231270247 113.20602712986278 111.1533582981242 41.58561744690876
72.75060914055311 51.77765853433568 110.06028684281046 100.35850420214256 96.36676460197334
2 10 	 # Alloc Shape
0 0 0 0 1 1 1 1 0 0
1 1 1 1 0 0 0 0 1 1

2 10 	 # U Shape
83.50973687412126 37.12241431012535 26.845623920717976 35.13671036327328 12.928298227149494 28.717214798063473 64.96178710441521 99.79803612658232 51.98175325831789 51.90136110489746
16.229357919811747 29.93209394554318 0.19023467500428604 88.56850224904176 2.7345556033360308 10.865809840645257 78.37987514783347 84.04429278823007 96.81662891851687 57.51011710035585
2 5 	 # V Shape
114.87891925927852 48.37234656038921 38.61242660104731 108.03827607150629 97.70365042138852
34.91135357778752 88.72261595702447 12.650965077621898 127.3432460224364 148.55985711801728
2 10 	 # Alloc Shape
1 1 0 0 1 1 1 1 0 0
0 0 1 1 0 0 0 0 1 1

2 10 	 # U Shape
8.716048173082747 99.67340813171536 56.11892951546336 8.244502516343799 3.6627159410583032 14.614177888069868 20.527600928115298 18.88199796105615 65.70278884568637 62.635669905491085
35.40871733097958 36.02430856491491 21.680147018450224 60.721386039009964 26.91538996410988 96.06578960120949 46.362771777209765 69.09897191976457 75.25140039623147 97.9977371876264
2 5 	 # V Shape
105.49174118822268 61.43325701753408 17.13291353106495 29.6478829686966 74.70776001442445
42.56890059904252 74.21051550064266 117.30422217731915 86.12326968037951 104.38366529587157
2 10 	 # Alloc Shape
1 1 0 0 0 0 0 0 1 1
0 0 1 1 1 1 1 1 0 0

2 10 	 # U Shape
39.086192556490154 96.65276434280284 43.57202305827956 93.14346152535913 91.16400630323595 48.631493841532766 55.62497719191663 53.67180001624923 80.81757488572134 14.592587366335474
92.3691764849616 17.427580812728326 32.881941759862244 66.98355647370393 48.96260402813895 72.5257547197896 64.68027056441252 37.54648715971306 25.1062083577951 5.666448417040426
2 5 	 # V Shape
113.68974388331407 101.00036857126199 96.6683649633133 64.41031898684804 86.12905521368394
108.76510706272856 90.97129459215152 80.44220242729503 74.56344589855485 26.548236452008325
2 10 	 # Alloc Shape
0 0 1 1 1 1 0 0 1 1
1 1 0 0 0 0 1 1 0 0

2 10 	 # U Shape
87.14980258400355 29.003507074947656 60.564530498328814 18.911359761649095 72.97806083434202 42.616863138346226 70.29775921595383 73.7127724512433 95.78952161686473 44.61345701279027
81.05896534443825 73.64767376021109 48.94511705158546 89.64969661455467 11.635711085910394 43.800439089510576 17.439828151024717 31.055664131148518 64.32217779972915 9.077297624444757
2 5 	 # V Shape
102.1173045352704 65.79402051154769 109.69560539935826 86.94833932244387 136.68670401543218
143.29512025937385 130.0586462697659 51.45971805398126 46.29842493325366 71.71483125581153
2 10 	 # Alloc Shape
0 0 0 0 1 1 1 1 1 1
1 1 1 1 0 0 0 0 0 0

2 10 	 # U Shape
70.92931151826312 55.811039125812556 22.459496709609837 10.021561641472887 57.967282390059516 96.87604451331833 17.77532785762228 32.698483624099275 72.43159769408572 86.04173950592185
33.949906560520816 1.2527766056596668 70.6913591259718 89.36474513880556 35.735655906840805 13.249218539570496 45.721658335407675 19.17385294663375 34.58248585091287 36.78791144587306
2 5 	 # V Shape
123.12537942488859 24.000126659447524 115.45980359312222 42.49665582742645 145.0096915212511
35.04174280430229 157.41655966943824 37.130325688370576 56.302511908109174 51.68280913988903
2 10 	 # Alloc Shape
1 1 0 0 1 1 0 0 1 1
0 0 1 1 0 0 1 1 0 0

2 10 	 # U Shape
80.21031565606417 74.02471008074751 25.50567710311975 56.85494042662573 50.07742760074294 58.408138135873344 65.05846395894471 3.6198075786354145 44.26183327590707 80.97815083928708
97.04807447634609 49.29716242183804 62.697203067178165 0.8084277470370216 2.3911875626189683 49.85528775978623 31.528178520070604 93.7427499539908 66.09466666368388 54.76371404625821
2 5 	 # V Shape
120.2351636504429 59.49171734741832 74.90053901913322 65.56382507446139 87.24402577748123
112.61377119233754 62.828179441466816 50.7920959177826 99.1911621993464 95.87718405526904
2 10 	 # Alloc Shape
1 1 1 1 1 1 0 0 0 0
0 0 0 0 0 0 1 1 1 1

2 10 	 # U Shape
35.18012845319486 78.14002199626128 96.7387887915661 93.1072585899728 2.2276680117146785 75.0612082773502 47.01281165080995 54.08349959895437 2.6901020770572104 62.51901091533183
5.231801441366768 44.73255245698435 97.58253692803905 12.736730885795211 52.76980435672357 38.927364953330226 89.9331243430382 6.094625712130219 28.93447574127669 72.25072850365196
2 5 	 # V Shape
89.20831144351213 98.21587079423122 75.78195550019451 91.87679147433971 63.0736873896188
48.573546223287444 99.7291898008596 55.85665917675326 94.84966767318477 97.86529647187194
2 10 	 # Alloc Shape
1 1 1 1 0 0 0 0 0 0
0 0 0 0 1 1 1 1 1 1

2 10 	 # U Shape
60.02642565784579 40.02980544848012 41.02783328516833 28.289747451410886 51.25096344161688 78.2702087601266 61.80902740779991 2.5880506924628954 8.424161139846564 8.490572579023791
76.38949603998222 19.363758741709745 75.99932727343545 55.285323121886464 77.71050901380265 8.785897121738195 16.642706218700287 37.83198964755008 91.0205064112508 62.70478237877347
2 5 	 # V Shape
73.29567970830865 44.11361776192534 106.50109576304473 63.63797947116294 9.040568347582553
85.99975562431264 125.95711169970002 80.98542613996936 48.29023068323166 113.03824662367111
2 10 	 # Alloc Shape
1 1 0 0 1 1 1 1 0 0
0 0 1 1 0 0 0 0 1 1

2 10 	 # U Shape
20.835178303471245 68.12542540934739 74.0857950985669 34.71573289198896 39.05557229011575 48.67669269848667 43.78358624792343 4.294922764846287 87.83761639703432 34.739310340338
81.19870529369048 26.87693308854765 56.734734439534975 56.14603191569183 44.344913217003366 75.83095407195908 6.985464419384968 87.83292381793339 17.69897591087406 40.71418037441692
2 5 	 # V Shape
77.05984814847204 81.06848544971109 61.330734010649564 47.100775895078456 109.67379790042776
89.34796211150328 58.391260221578605 88.62030088905976 94.28633897683713 48.09834180557373
2 10 	 # Alloc Shape
0 0 1 1 0 0 0 0 1 1
1 1 0 0 1 1 1 1 0 0

2 10 	 # U Shape
96.28510069584205 18.789177801202793 29.926578819164497 11.482231944377686 83.32678145804519 7.453456881814901 10.232315568382866 6.595193858394843 0.014626480925183927 45.57037864080048
47.184223247773474 28.892515629241423 18.806363808407056 7.470982811025584 14.98852437237177 67.04156562297283 55.98058470606648 76.5865295371211 92.84866910570213 98.71298298133765
2 5 	 # V Shape
108.41973215937767 38.931975692997355 90.23757595820699 16.004792732374497 45.579480150887726
55.96764575105114 22.803955104480327 69.82725440953988 102.64313352245155 158.30885235646875
2 10 	 # Alloc Shape
1 1 1 1 1 1 0 0 0 0
0 0 0 0 0 0 1 1 1 1

2 10 	 # U Shape
22.391742676837424 84.69808720194632 65.57789491000446 11.307217833279148 77.73700042375981 88.26407005839229 48.9191104746037 27.810774398165726 48.42901233464636 3.2691039801191146
34.47428783887598 52.533942636084575 88.80912264111342 22.340956110952547 35.908289110800595 91.54844091237693 60.86679578853299 99.05793705661225 71.19693594960289 34.45463619568999
2 5 	 # V Shape
91.0961337973828 69.42850014752369 127.74932046549696 66.56119986195216 49.770601364741545
52.96931984592497 104.93214082685715 103.09352147975258 100.63067313009424 99.27508200490342
2 10 	 # Alloc Shape
1 1 0 0 1 1 0 0 0 0
0 0 1 1 0 0 1 1 1 1

2 10 	 # U Shape
9.61263229469318 81.71878956896659 47.99295688431875 40.84239265526143 90.14881119127931 36.923834482525585 97.09853550190594 51.53171028662186 79.12926493078871 19.21606915976567
88.18748946369395 79.87674367721463 11.071603677606777 96.6123717070404 16.749164017658735 97.1171761568743 72.81788144412388 6.9068341030150915 75.93275052390973 89.27374922225698
2 5 	 # V Shape
86.55386064704702 70.00120279799734 91.00348972174741 108.41444031322598 84.18109907591047
105.4258795766766 96.70566981219004 100.31836626143395 74.6421848678862 153.05578333658582
2 10 	 # Alloc Shape
0 0 0 0 1 1 1 1 0 0
1 1 1 1 0 0 0 0 1 1

2 10 	 # U Shape
37.11396273314905 20.6284179318577 69.0689610371666 82.97784916289821 71.84696818557124 81.12972613931522 4.213767283236769 91.51410884554517 87.69694335154583 95.8864234087399
42.942369852230335 64.61932074456797 1.1231967472187465 34.19052103593037 53.196978444253816 56.388742428329394 19.020445974938717 92.4385874547366 29.722142761771575 57.23441263484128
2 5 	 # V Shape
42.38599741670697 141.30289851969775 144.63153168605385 91.83627178819512 172.59008873578222
77.15876812775201 34.9247755420236 59.88336402979182 93.45112520482222 71.04204331008725
2 10 	 # Alloc Shape
0 0 1 1 1 1 0 0 1 1
1 1 0 0 0 0 1 1 0 0

2 10 	 # U Shape
51.651417605835256 48.02936590151504 82.16992361366717 89.4190124521838 85.96512454087014 3.6872041949334133 74.91331096162347 5.862926777927358 71.87863487262818 45.45726815424771
69.07729181359794 99.85454042668543 60.196684453800295 28.678064119439217 10.968951360973644 0.059793128772633874 69.77300378097144 1.9944952330443355 86.7395483410797 44.85317584636045
2 5 	 # V Shape
78.76590797045537 96.14636649132099 86.59784284720197 80.18365436847051 73.21683727842044
125.85067504778415 76.9490711428462 10.981373903551438 71.29090674348518 120.96338893732383
2 10 	 # Alloc Shape
0 0 1 1 1 1 1 1 0 0
1 1 0 0 0 0 0 0 1 1

2 10 	 # U Shape
75.42879742348188 53.28022204364691 16.57382644287775 86.1589734543133 9.41900127051577 6.27227999307941 4.727725372320868 93.67311199270297 85.18766373860912 37.969194867000255
40.64314322407654 72.67112991945172 27.83869818849456 39.1834842370067 7.936975099360433 26.296531697529634 74.53199911244745 27.6786629116736 29.926646835022552 69.48285812102723
2 5 	 # V Shape
87.86725587828454 99.46503353845935 10.524007650483224 95.22819581465369 88.50182887707602
90.6163484762421 53.58366663071433 27.532421621264334 79.69745494138907 78.30744162990972
2 10 	 # Alloc Shape
0 0 1 1 0 0 0 0 1 1
1 1 0 0 1 1 1 1 0 0

2 10 	 # U Shape
4.8228566532724 8.202895934419708 72.33563151946665 9.13084169368692 27.413638097612235 35.8288523448564 85.91233779840081 66.3829048603445 59.1550394558219 5.773464848913735
81.72861019173922 86.58687034857383 13.2054574263753 32.91819442510723 30.76361222121391 23.78161281829019 79.74565212479551 22.87857920698334 56.78213304922413 18.688847463900828
2 5 	 # V Shape
12.487279685447229 74.55606598092851 42.25110926061467 122.26549460495305 63.586098264462834
105.57632209410008 37.92880051162094 33.6212041076634 87.23950837418795 67.53125218166143
2 10 	 # Alloc Shape
0 0 1 1 1 1 1 1 0 0
1 1 0 0 0 0 0 0 1 1

2 10 	 # U Shape
40.36757780573843 5.825965391605203 12.556699590642806 87.15763688828379 45.815579168816164 33.37637524505157 23.330745422135614 63.98561885817276 49.61587947664139 63.54351524768196
67.93877732652415 58.94114016222427 35.940994546272385 6.901077901762031 83.55597840947185 97.39711143154129 57.69771035783404 26.25210146585093 72.46273751136123 2.755217129572063
2 5 	 # V Shape
42.67504807542772 94.33369152054573 74.75379424570798 83.06473659007067 85.77811303670914
78.73112139437846 40.79243556455266 162.18850335721297 58.202164847708914 72.69311487537715
2 10 	 # Alloc Shape
0 0 1 1 0 0 1 1 1 1
1 1 0 0 1 1 0 0 0 0

2 10 	 # U Shape
55.924959237002206 28.628374078968132 43.492725854879666 9.368808822030116 41.686137047418136 26.058352462023894 55.48107393846327 15.015140648698688 6.1836795635711646 36.7899909453143
82.55575519089858 98.05646557380987 4.234847499587935 57.09436159546372 41.12743902817796 9.92553776449675 38.00155398009356 36.265893157880335 49.562001492565265 16.03782858192201
2 5 	 # V Shape
76.41118550739816 45.75602767972644 57.850847888949325 62.16358281057118 39.67501449811618
112.78378052567696 57.46203284910568 48.290585605263196 71.23821820820856 55.89244449016383
2 10 	 # Alloc Shape
0 0 1 1 1 1 1 1 0 0
1 1 0 0 0 0 0 0 1 1

2 10 	 # U Shape
93.57613236845373 82.20104755840192 81.73229873278109 72.70022882271854 38.33272616050388 22.140089165721434 48.054265876860214 52.21236407606567 19.243188715537418 45.414565821468734
98.87806363755625 69.00582163666019 73.06120071387842 38.90125233469514 70.45986853398796 64.38247908098502 46.944238491041844 8.879837470463459 59.146680153639664 81.76935845422328
2 5 	 # V Shape
136.46026170105515 99.57560849713474 55.85108510599371 77.1373167165797 60.08202236913501
143.82450228224442 107.38844804351304 84.40568712233286 55.633742668933316 108.66061712023074
2 10 	 # Alloc Shape
1 1 1 1 0 0 1 1 0 0
0 0 0 0 1 1 0 0 1 1

2 10 	 # U Shape
57.448414310005326 71.85783623938696 24.920189501355328 57.83921584587167 67.98811618065696 62.8247028256977 8.573551195798434 36.64920196536157 27.29909381028276 52.483351323584436
60.338999598571164 77.03052039873376 41.26597481453248 5.839794617366644 67.25938545670684 55.952621289587704 47.892924389502426 46.47019602819543 79.55822932824611 82.66898754277776
2 5 	 # V Shape
97.09136357435852 65.11205846394843 121.96544823887479 45.14231797874055 57.28321479031534
119.85165359008445 45.304963752928685 79.20251778306584 52.40020584302709 97.7296265179992
2 10 	 # Alloc Shape
0 0 1 1 1 1 0 0 0 0
1 1 0 0 0 0 1 1 1 1

2 10 	 # U Shape
43.33490423215355 50.32154430853559 50.370677432364396 75.37357314270253 74.29093967909576 40.92182854879724 32.84413529838347 73.23295012090416 65.06613586208262 35.81896351707374
76.91159727076567 71.26465493860904 98.40295842269786 98.83432829161607 5.964959665634783 52.08333497004476 37.22072199302313 26.273528349857745 68.89197531432403 65.09657743807782
2 5 	 # V Shape
88.01020933089067 102.6736020824152 91.6910817404347 91.00446646240684 92.45790020861416
110.63608271494006 116.84890386978735 54.50278838940562 63.016747914977856 78.38531828232436
2 10 	 # Alloc Shape
0 0 0 0 1 1 1 1 1 1
1 1 1 1 0 0 0 0 0 0

2 10 	 # U Shape
10.663408456906865 94.50205043432295 4.405705232979484 63.12261669471285 99.40485418038712 49.829923782807896 69.16334909071679 67.19511402510119 50.576014256675414 57.60427846662218
86.04691536537354 77.47231630249324 78.26057339754695 0.770946812052109 63.53108974492139 49.86978770872202 36.547647422583495 70.35851776958644 42.262174758269296 91.7585329023138
2 5 	 # V Shape
99.06190449283248 64.2121020641027 118.0699360160017 118.0264642499454 83.027550508046
119.49090419082836 78.59736838478497 91.84765310382934 104.37451230314076 127.8154654227582
2 10 	 # Alloc Shape
0 0 0 0 1 1 1 1 0 0
1 1 1 1 0 0 0 0 1 1

2 10 	 # U Shape
41.58553146448525 61.89498846767116 48.529764189246386 86.03601133721779 46.38223094595622 16.00038432296138 10.298705289391108 58.74421659788078 27.160641190610445 7.513537926344915
43.36662568723045 85.77699763823946 90.49034238757703 5.585811142109598 89.80121791268981 71.42498460452327 22.23420267221954 80.6365886203285 52.04708169314319 17.745582375613466
2 5 	 # V Shape
73.7435754175272 128.80169708292993 54.95492247705849 67.13999802122477 27.928609884576375
112.6822888749695 91.99770752756822 94.6542394239402 94.32855248520303 54.241281191689474
2 10 	 # Alloc Shape
1 1 1 1 0 0 0 0 0 0
0 0 0 0 1 1 1 1 1 1

2 10 	 # U Shape
1.778176343413529 35.10312822098229 65.75800510930901 44.5928348302127 18.074472782552352 59.49989532593635 58.69676059553669 94.18583655795628 84.62749993281439 30.953675349549115
51.36757039442147 91.41384696965828 31.890596553815254 37.122908861865845 28.982144053784697 41.90161018416075 74.83482000262195 26.727952063711204 69.59775723716575 99.75087836676141
2 5 	 # V Shape
35.89971954803058 106.35133905338839 61.1854870774807 131.42531412223025 112.37096758471296
122.4119089161466 39.21059529370133 68.05843106466531 91.71285164176021 149.09434216870085
2 10 	 # Alloc Shape
0 0 1 1 1 1 1 1 0 0
1 1 0 0 0 0 0 0 1 1

2 10 	 # U Shape
44.21759451494056 40.42259570673359 31.14685549894527 45.44036569395548 37.69524363332324 55.284104114996815 4.842586573933005 25.72603966468622 91.54731331126371 38.69734966653774
74.70160936312031 86.08339362332966 45.77291429207715 39.043021710351724 19.285594826780162 62.38449316045804 40.49983662323997 68.44884852975373 35.02977709520293 74.12742658195128
2 5 	 # V Shape
76.051090018219 56.451606811293814 57.346671053296134 27.169310923167625 103.32037758730473
144.1827299913656 60.31897655969317 62.87069582490922 69.04466026617432 87.98341595018859
2 10 	 # Alloc Shape
0 0 1 1 1 1 0 0 1 1
1 1 0 0 0 0 1 1 0 0

2 10 	 # U Shape
53.99434938594669 54.82880712920013 16.3203958394173 80.0430267809957 77.0700694140936 69.15031346630295 6.55899131223433 16.40230655453837 24.126789327827424 24.399856684949295
19.505307690007324 10.965239111319269 7.8603300326198555 98.41051090283955 65.309403716706 10.999958982403712 73.17611957417104 68.41541681774395 81.9859350281553 64.78833287844553
2 5 	 # V Shape
97.5252792355191 93.23733116148387 77.87803758480877 17.738533046220848 45.74458320038879
24.7072039198303 98.50147891676902 74.54956080084268 102.16944625302975 120.9261659501874
2 10 	 # Alloc Shape
1 1 1 1 1 1 0 0 0 0
0 0 0 0 0 0 1 1 1 1

2 10 	 # U Shape
23.079746557396994 92.13717446054119 80.14250000285989 12.50894287763834 15.601294026915236 33.21606683739827 86.41379453653275 14.499135657529838 18.498706489716575 59.87777397069935
15.966797500114582 40.34530513683262 69.2212200592395 46.36648656453218 61.58633624033553 4.795319236026641 31.397480135162205 81.45596758422695 36.879570376722214 84.37025635703816
2 5 	 # V Shape
107.28898834563658 86.3178218668397 41.9290281321283 86.58136352549721 74.16435150316434
44.87851221022168 85.3467089522582 65.52599994537428 100.01241403407495 96.8367473208477
2 10 	 # Alloc Shape
1 1 1 1 0 0 0 0 0 0
0 0 0 0 1 1 1 1 1 1

2 10 	 # U Shape
44.45333281783632 47.628707214825475 55.965974921974606 64.2634500008905 46.0363765714052 27.75145336763837 8.204490264972087 49.22812631828247 81.57700031592104 35.455118882169955
13.000712898735657 47.8135715933532 44.89612005599195 14.347518522547198 62.328932145914514 86.48110583427517 10.86642704123374 62.00828170638759 86.82601442413336 40.84826321911157
2 5 	 # V Shape
55.906852936190575 88.1808270334495 59.36796997528552 49.8097402132329 94.35810353375294
54.21563276218972 49.31179354933006 123.66736163427021 62.1437086289423 113.42086781385342
2 10 	 # Alloc Shape
1 1 1 1 0 0 1 1 0 0
0 0 0 0 1 1 0 0 1 1

2 10 	 # U Shape
48.18494804733739 29.53310506447998 1.3164393473153124 66.08526187099622 88.42652621941187 98.04185995947677 33.68458191108299 67.98446908974222 90.65291951429958 64.85844570587842
27.01567829220042 18.261317307263457 37.05560792040521 23.84316539817798 3.04888383759061 39.73954131352421 81.56904065881292 85.13603081049432 42.03103738762821 30.93144268197716
2 5 	 # V Shape
57.352677341605066 66.56042707712172 165.39313119056942 74.72694956689558 145.52053932634408
42.46970067449989 55.89169734625334 42.12199928403962 88.75687999782818 60.06949515852614
2 10 	 # Alloc Shape
0 0 0 0 1 1 0 0 1 1
1 1 1 1 0 0 1 1 0 0

2 10 	 # U Shape
73.49400916332041 99.08650386917414 54.01390207692231 42.314739966530304 28.257833420871336 45.54024876397129 53.8365796586899 48.793817409729854 28.686318161229142 48.61486812624657
49.61320703121609 51.87301199359305 90.54472142756897 89.45258690332936 36.87850877050827 33.10596789012627 85.42603416409438 42.5362570898774 14.19343812844691 59.0885055506533
2 5 	 # V Shape
167.0787006302094 63.977261621279396 61.64954395391596 80.87163807054404 53.76532400001792
80.79679353185955 108.12371184219153 49.71438324753086 117.89845571145196 66.44599711836648
2 10 	 # Alloc Shape
1 1 0 0 1 1 0 0 1 1
0 0 1 1 0 0 1 1 0 0

2 10 	 # U Shape
99.10449142755373 17.895295316128944 34.9470066604615 32.293434123434295 15.509345471901403 76.60413370676811 3.6489465562597023 69.66023454562588 60.148105220267176 29.62895204657956
6.68142399040007 94.03168890233967 15.593152378035391 8.275901075495407 83.14968778763523 2.1949305120282148 79.33313354636805 36.72902935275324 21.121528624527276 9.25155765841421
2 5 	 # V Shape
100.04252360876859 35.69971039348806 84.97681071130313 71.81830910603941 87.5572367282372
95.31272017111587 19.52132209770114 84.61042652261513 80.15325192623773 22.772021411998146
2 10 	 # Alloc Shape
1 1 1 1 0 0 0 0 1 1
0 0 0 0 1 1 1 1 0 0

2 10 	 # U Shape
97.97981456007572 34.51262284737694 47.08699118845122 79.14391229210027 60.027207669641044 55.93095785246025 14.31086967005445 89.3243035084294 37.78757843414582 83.97014696677257
14.054234472424598 59.2655608445022 71.0266195631455 62.76854439478443 38.426822324674056 65.08149393127347 44.257713781751015 67.27735264432127 63.99144076151369 56.17340499668918
2 5 	 # V Shape
117.8942737740821 121.48597638317368 87.9668663386586 99.4933866336601 106.00911285547251
65.38212465578545 115.4558461789099 98.31381875919875 75.90035152718207 66.16058742199554
2 10 	 # Alloc Shape
1 1 0 0 0 0 1 1 1 1
0 0 1 1 1 1 0 0 0 0

2 10 	 # U Shape
91.30069501182876 91.99054008668779 15.252635471276331 60.43299218772348 21.119962275506744 53.23315612450592 56.03080252230265 18.11357158902399 50.52313262064189 72.27779731696351
71.37528777175972 80.76756595157289 18.0186443909083 21.193218688064707 97.43808572589344 38.00869539213768 37.760376933101234 46.19065902160639 34.922409793934186 64.19774726639217
2 5 	 # V Shape
92.85693141271102 69.89128270872104 70.92570203306032 66.68866828861597 99.48179937638322
100.70185245751057 37.1209528662574 115.05839387160455 65.84273806845725 81.39841955614978
2 10 	 # Alloc Shape
1 1 1 1 0 0 0 0 1 1
0 0 0 0 1 1 1 1 0 0

2 10 	 # U Shape
30.567480147621286 52.39968893974505 29.05835722092003 54.635685873393044 78.05736490953754 64.12211644039532 93.49003744072627 90.49788083664468 36.51548296649446 44.46737025164239
72.5506962937544 11.123892794585188 52.36225585244524 0.4762175477943331 45.942767024789944 43.66019379523847 16.286054064556122 25.689533783940476 26.96960410736914 84.48536854435055
2 5 	 # V Shape
63.42590206274676 55.4707370443204 138.9244551083406 154.34920970718954 59.99995140041893
76.15178405584396 52.61575492548869 70.7316310750394 39.52066508033607 89.97374173950541
2 10 	 # Alloc Shape
0 0 0 0 1 1 1 1 0 0
1 1 1 1 0 0 0 0 1 1

2 10 	 # U Shape
89.28170823888173 17.25598999889356 14.752495380096132 35.545122306895 11.966387455879602 94.53416855003209 25.813709803896458 2.734627786776145 39.572297327738184 33.00969886047241
60.34502544216658 23.95072973407082 67.73101661021089 86.55172058291464 23.789887146116783 50.39240268364258 91.35959459147054 18.89000684426646 48.73618959313271 22.87187269262969
2 5 	 # V Shape
99.64640178973663 43.25492867559822 103.3553388381195 27.060481177629217 57.93351829711943
73.33868763150758 121.68506735071583 61.003226951018334 105.37054306505222 57.79565350719822
2 10 	 # Alloc Shape
1 1 0 0 1 1 0 0 1 1
0 0 1 1 0 0 1 1 0 0

2 10 	 # U Shape
66.65256583660224 86.25930138069197 30.186198264136966 36.506029547378596 32.584447943750284 0.5704890104485605 40.27618936129757 45.89188096369712 35.61499849396677 9.168724022157715
14.392583722322838 35.327236369273194 81.00670829369466 18.56831419177475 51.83129917353647 53.09085925413981 31.90101815462929 9.426432336719248 66.25605566311911 61.234582317808616
2 5 	 # V Shape
93.20446661368166 38.23648775083215 32.89715972314773 82.23160772913428 39.56074249359008
40.11128949747727 97.83872627356546 66.73282754226375 33.38994507852833 111.839646208197
2 10 	 # Alloc Shape
1 1 0 0 0 0 1 1 0 0
0 0 1 1 1 1 0 0 1 1

2 10 	 # U Shape
53.489024289966295 90.2502464704435 26.800482737367936 42.742647273296285 39.92972706484015 51.25332147727112 25.291917801757947 67.16419761495328 86.27219555180721 99.71962126782668
63.430306407547086 83.12950684058681 52.194986252063245 60.148726226183335 56.718158096849116 52.220604261185585 39.3241090246925 21.31262419990193 73.37333341624246 18.585810333970443
2 5 	 # V Shape
115.30747715460467 66.18788973569315 60.905228110619035 71.15865291282242 120.17307585856304
102.78623510627402 69.77689118969279 104.02210928740432 46.2910002953773 89.50259152419389
2 10 	 # Alloc Shape
0 0 0 0 0 0 1 1 1 1
1 1 1 1 1 1 0 0 0 0

2 10 	 # U Shape
98.90775231453904 4.303099886362649 94.5486426573209 50.780278069243636 1.8807851571397083 79.94147776313926 70.95421628401853 38.32595821027615 97.88959228939781 17.85967628619599
54.920827520329375 67.54123251893279 87.58335078570457 96.46755309294977 53.327978376345364 69.07514772201287 66.92997707879216 55.33912477788989 68.09517883656804 62.677991398112276
2 5 	 # V Shape
99.62735867160944 120.39718160402978 81.1305206123217 109.00858973227213 114.22149515321485
116.95562127851076 106.86397922226188 70.15198966246726 99.68161616936058 114.55545564655743
2 10 	 # Alloc Shape
0 0 1 1 0 0 1 1 0 0
1 1 0 0 1 1 0 0 1 1

2 10 	 # U Shape
19.72007112455484 45.49241859579739 79.73428843867902 85.83757120688806 47.96186445024073 49.28235867114189 6.453971135357294 64.43492054844653 57.852457731472384 18.565171114980792
41.48209576754394 69.95895564903327 58.94496284557277 31.747427688911312 88.64960924169003 93.82130578010396 2.674090077925184 0.447473285463984 41.493856496686064 1.7403441330626324
2 5 	 # V Shape
50.685614616821965 146.8686024836434 64.31628772236009 66.19543873369476 68.07837371015292
74.021997477415 77.97592228759989 94.47533129453163 3.0189249729182936 42.45699870449539
2 10 	 # Alloc Shape
0 0 1 1 0 0 1 1 1 1
1 1 0 0 1 1 0 0 0 0

