2 10 	 # U Shape
84.96299313627624 97.90124866047435 32.334532474959175 55.471060973535934 59.432269648318815 28.861259007158225 63.55478338727634 20.355201279349767 28.535910592694613 62.21417203443822
39.238301409176756 55.50533734236331 90.5729937198702 52.09891184416453 93.87479932162756 73.71548503445185 26.471792123805947 42.45563482984929 97.08884408071663 19.00949121364357
2 5 	 # V Shape
137.0747689695652 72.04997086486229 65.9447351986503 69.62186418810452 66.60538217475988
73.30178063194613 123.85362728359026 108.6917946816571 43.91189508354667 105.43880635670621
2 10 	 # Alloc Shape
1 1 0 0 0 0 1 1 0 0
0 0 1 1 1 1 0 0 1 1

2 10 	 # U Shape
6.143322665255779 11.377230298743225 48.499202237745706 46.97640970960114 21.8111911545095 3.5620308925248367 36.42201422788044 5.544122316700728 75.33718257017638 33.187106017294234
77.08598711762129 48.07244633817164 33.00248434005787 62.64567656600807 42.756629344571905 25.10595916791725 13.559987765733439 76.11779173576987 91.7648020612145 19.59199850334058
2 5 	 # V Shape
13.268461586836832 72.59265889213937 25.318542363954815 39.40478856200984 91.50601430925508
114.6649260174606 73.76016548184612 53.00429102855462 82.86965040430066 95.25004924766144
2 10 	 # Alloc Shape
0 0 1 1 0 0 0 0 1 1
1 1 0 0 1 1 1 1 0 0

2 10 	 # U Shape
49.15585225753536 59.88081332550678 91.53170762746348 17.078699433247312 41.130916064608904 92.77424829998998 30.514012423489202 46.63489638749557 49.99211641683489 78.20896936576536
1.028629991065133 57.44115426501839 78.32545985186664 93.95725171004614 73.17485323252265 96.46519545271285 23.7224925222011 17.509182199347826 80.72707647019091 15.507866781619406
2 5 	 # V Shape
69.78718733779299 92.11791971904964 123.27456056761777 66.46320280117223 107.2195710363181
57.78154999733734 150.46173398793997 130.2792465434257 39.72070608661887 82.90990101457757
2 10 	 # Alloc Shape
1 1 0 0 0 0 1 1 1 1
0 0 1 1 1 1 0 0 0 0

2 10 	 # U Shape
39.472709418728726 54.89220750580015 47.2472579334963 74.63560006321292 57.7507682467018 53.9137083991767 41.52168868506033 26.349231633707003 4.046598393017186 81.59876824365779
65.938069900606 24.285693642029493 66.45275729546175 76.88815165168499 52.97785310476618 84.59066577642047 32.64107896721746 14.874138671722426 78.35243017531045 88.1732456078587
2 5 	 # V Shape
62.021347867367545 98.29244384706132 88.3514575941859 59.23283194495337 83.49781591115335
66.68619617884728 81.5246868988705 91.312447784606 42.4637792579918 102.80812105979808
2 10 	 # Alloc Shape
1 1 1 1 0 0 1 1 0 0
0 0 0 0 1 1 0 0 1 1

2 10 	 # U Shape
8.122051503794514 73.15569071653464 88.0154735409429 8.413580019426536 43.020808477682515 53.904133180852675 93.81193171030768 60.419531551127484 8.216314301915606 89.50481554170351
16.27511254168016 28.651887922707132 45.7055551374682 74.91663317231009 14.305197969328265 35.44273939955601 40.65005974403601 73.93347325991844 69.7984954696939 8.74142239790009
2 5 	 # V Shape
80.657706505305 95.34688081705164 66.07762318039546 120.70740212681159 92.0362165897069
44.86779232859044 93.17926519130853 43.62836031595279 114.06594245912831 74.69833268007753
2 10 	 # Alloc Shape
1 1 0 0 1 1 0 0 1 1
0 0 1 1 0 0 1 1 0 0

2 10 	 # U Shape
11.563712166629314 70.68633371547489 75.77948571958056 50.98156818212571 73.87476060147065 92.95728127492464 22.143781771587367 62.822984309943465 70.00090762394173 41.17016954594681
96.52159293261413 12.217133094164534 4.753533976094138 48.285965706702825 22.722073086788686 96.88100601606175 93.28853574440025 2.1977495277442083 3.18622152017487 33.45459054227437
2 5 	 # V Shape
73.79534386465072 123.39143724624572 143.39702513189573 80.68846280383896 99.06922615146465
102.3659163840547 50.92501252134969 119.29418615907825 94.167488449718 35.47831636460059
2 10 	 # Alloc Shape
0 0 1 1 1 1 0 0 1 1
1 1 0 0 0 0 1 1 0 0

2 10 	 # U Shape
47.08491867508068 8.164074111973763 64.41112271962271 29.69732771961914 49.54990053919725 68.34802778075874 49.977288362862346 36.59121145801515 34.39558229544642 12.65665044927321
30.680316509796057 63.89612088031779 14.049524216911868 41.07042378182558 30.812567409946222 77.70677643758901 82.6399963833535 77.73079001573151 20.907737556717755 26.806601666170348
2 5 	 # V Shape
52.66889367862601 77.43866898631791 69.35747761189734 82.97598745771474 37.99975735185511
68.81280910827053 49.09590370487919 106.11403524790389 82.95328382181856 35.46298742002887
2 10 	 # Alloc Shape
0 0 1 1 1 1 0 0 1 1
1 1 0 0 0 0 1 1 0 0

2 10 	 # U Shape
36.947804784421834 70.45290499818213 10.699452478533411 54.2001823769638 64.4705050273046 91.64889300419726 19.46098102366388 66.8388290087217 72.04005668230599 29.48764121633155
19.45571174820958 51.4357949745529 57.72654827556168 60.69686564843195 63.2732948373433 84.38382322944092 18.49355359054362 55.95690198896401 4.020483312341183 44.98580019511258
2 5 	 # V Shape
93.65907727651182 57.311232798776885 121.19167419088889 70.32312345328675 75.56889094510092
68.46314981157096 99.48892667273986 103.39926338546013 66.02006873892891 47.776191838008245
2 10 	 # Alloc Shape
1 1 0 0 0 0 1 1 1 1
0 0 1 1 1 1 0 0 0 0

2 10 	 # U Shape
93.56638480454893 21.321943055973648 87.94267477346679 56.879710220874294 53.946828324831706 65.45996033449792 35.505121801040005 72.95044248462015 56.49901399478282 66.07817350075872
34.137816877826054 21.218694133647563 70.43181138664272 68.32914006288692 56.37211520845325 98.04585111314604 43.69531572503406 2.929153733674472 30.216344894389746 71.3168971722792
2 5 	 # V Shape
101.5621249354316 130.53729530646837 68.38349584973957 76.84194127457779 93.77519882810896
42.68811787873267 104.59271695833871 112.33683773106901 44.2810277181659 81.36336062097897
2 10 	 # Alloc Shape
1 1 0 0 0 0 1 1 1 1
0 0 1 1 1 1 0 0 0 0

2 10 	 # U Shape
1.8524527541183722 98.3998154052272 17.47337540258943 56.41134663634229 81.97257703920066 73.74047737899276 78.25663093442584 28.718553477424933 73.53208360057072 21.81083199162814
35.31909083437708 78.01092516360649 84.32466056879593 20.46427584468329 68.83306333992617 96.38036862890753 59.2062074422207 45.83435006796817 15.616068723849619 95.81770896124773
2 5 	 # V Shape
99.21718845024958 65.89119019500554 94.35010127509787 82.66301637929047 82.54956432580678
98.2185233124583 98.99619963087946 122.17307702725567 67.6802257396313 98.73976322496927
2 10 	 # Alloc Shape
1 1 0 0 0 0 1 1 1 1
0 0 1 1 1 1 0 0 0 0

2 10 	 # U Shape
30.31465359174198 51.60318707060689 44.38730385756857 62.98166278206918 11.767980159684088 24.173564615552902 17.662855407546875 45.18627677867227 3.9142191864877995 31.383588511792727
65.71735783922918 42.41056668702446 57.96323361506942 71.61190148517676 75.47762304537136 12.646456873669198 64.4130185730574 90.99883966222431 45.914736028244704 70.24334299325949
2 5 	 # V Shape
75.9134891490517 89.26792746896406 31.276713864833063 60.19163085044722 31.693173276125762
100.18072889060345 73.30326885032005 87.79085793865138 138.442778855062 111.57291255330354
2 10 	 # Alloc Shape
1 1 1 1 0 0 0 0 0 0
0 0 0 0 1 1 1 1 1 1

2 10 	 # U Shape
75.04558363889367 18.706450283976718 84.69694889939396 83.52391832159721 57.97455502852203 26.564711952001595 0.04693984859907019 10.545567071821626 36.81103500843372 28.680426743806365
67.99035727518132 16.850051882232965 47.7403236780687 58.011012272641274 49.670171015165266 75.35695312404039 40.06186393742859 99.79892702306726 95.83287601980452 26.122765922945078
2 5 	 # V Shape
80.44073672714629 108.42881408244517 64.9673426687655 10.571465660098319 48.91548045872211
82.56960677009833 103.09629164178473 90.5487568869518 119.09794614012043 107.01972313133514
2 10 	 # Alloc Shape
1 1 1 1 0 0 0 0 0 0
0 0 0 0 1 1 1 1 1 1

2 10 	 # U Shape
83.40478731738855 1.7645630432742254 30.984311615118653 0.5117558597183658 74.27874239987497 48.49571739335749 51.72648472635403 12.513442459203805 76.74545895636994 59.60382042446951
51.211926058443744 95.32997705092593 23.93970146353731 29.889487584797326 95.24733770638478 84.22619494258011 77.9966680121012 6.472769467228878 54.996373061618364 7.383863295667048
2 5 	 # V Shape
83.78524497098832 31.17669718819077 110.35820383598895 52.51538083365705 114.6917140424414
131.2671613929502 53.469702263132085 129.5325124054144 80.02657049185619 59.42387914878351
2 10 	 # Alloc Shape
0 0 0 0 1 1 0 0 1 1
1 1 1 1 0 0 1 1 0 0

2 10 	 # U Shape
95.51672818756086 6.4089351446391385 30.90775702788089 42.64799919726995 74.61558456043657 12.028483510004218 31.879850888064098 84.84585301279654 1.5355162827588087 92.4468104863522
39.140629141460934 67.11978655221202 67.12689393728432 10.912867515544711 28.259356635612132 33.22994108983246 84.89235982764069 90.84526602971003 21.145363891110048 42.964749149864915
2 5 	 # V Shape
98.48294534884288 72.611751237755 82.88855008329524 111.81940141594214 93.24783226680914
70.38370311932562 77.25613015451786 34.6762745883381 107.06452706188614 56.53901569523219
2 10 	 # Alloc Shape
1 1 0 0 1 1 0 0 1 1
0 0 1 1 0 0 1 1 0 0

2 10 	 # U Shape
22.57829846471784 74.92573585229518 68.7449731439358 48.105318926231845 97.87832315837205 66.40970080947997 57.144892637860565 59.55443058466627 23.489412880814964 23.180819873230952
32.59145945446588 9.740259759928948 89.83634664281827 28.913372258831938 68.77133662388695 91.34229516283062 4.851161446484376 10.912833657391008 79.79780625944358 70.21276609296635
2 5 	 # V Shape
91.42085561563592 75.25571877134482 127.38177737799232 73.41065922658757 46.29843260205473
41.56048004395396 99.0462835153887 154.53969789105616 11.88192168351863 145.74684535021683
2 10 	 # Alloc Shape
1 1 1 1 0 0 1 1 0 0
0 0 0 0 1 1 0 0 1 1

2 10 	 # U Shape
40.20525967743767 51.79819147677587 13.483527088370673 32.52211110461776 58.73531759965189 9.119217968212611 86.93799366843594 48.593161507174145 27.58194613292457 53.136111963713795
71.40731360068685 55.599499591072096 82.54404375577458 19.87657299153699 23.187577488626687 30.605606529546094 90.93002853712632 74.38042497333403 98.29022439209845 19.227919681835893
2 5 	 # V Shape
84.167873974911 35.2913495080149 67.83676834515568 87.30828326146234 64.14295634528082
118.89413381683606 84.77854004249747 47.53763960220807 150.4721188717323 106.98539876304316
2 10 	 # Alloc Shape
0 0 0 0 1 1 1 1 0 0
1 1 1 1 0 0 0 0 1 1

2 10 	 # U Shape
61.507262482267635 74.94381939279712 14.528510302003571 64.69784938379928 24.407663804932987 17.408837088223194 93.77328505317844 66.78602988836282 1.072677541781919 63.729555885325205
84.39477999015766 47.59421382034602 7.930241067071487 94.33262578030983 3.3634443028891514 95.28626943735034 6.698987177544469 13.837138232246327 95.83083569849524 8.125800108581016
2 5 	 # V Shape
82.57232123647276 64.95458088250334 37.70398100261793 156.45683885566478 64.37373940767144
117.7299622874334 94.6235298176942 97.67939792642056 15.46642419051517 97.65625277444384
2 10 	 # Alloc Shape
1 1 0 0 0 0 1 1 0 0
0 0 1 1 1 1 0 0 1 1

2 10 	 # U Shape
39.292029476595935 27.286025029005913 58.31301570187022 26.169485422124396 37.916128843783916 83.59261586089332 19.57153056383304 16.146846587444696 13.017405868529352 23.642940123027223
77.89624314275837 95.79976087564384 75.00404097512116 97.20345419318508 61.551005318662696 60.00021378588378 45.74837217700154 86.73375435444646 90.8910398181505 29.17532925642711
2 5 	 # V Shape
63.03646507546961 63.31260009327096 109.70738410452077 26.137521451847338 24.124895022458617
152.83088208210916 146.36783111123168 70.44295669969523 123.50676571349618 107.80644240985437
2 10 	 # Alloc Shape
0 0 1 1 1 1 0 0 0 0
1 1 0 0 0 0 1 1 1 1

2 10 	 # U Shape
97.9166397738511 4.365879610132728 92.2943487635842 69.87171680941772 77.65180020316946 35.045217245775994 60.61195625667878 91.10209989855223 68.81754338203571 9.519972816791544
71.10698805035067 43.57032857122757 21.76895732098332 98.31116853781377 10.691770125870992 69.37728663492544 97.32334713444632 51.691507275940886 90.04920807782513 51.86366970761601
2 5 	 # V Shape
100.6605911001433 150.15342268047706 78.67193490961643 122.91357524120522 77.24807224698684
96.92222149599074 102.11693936684472 75.28462546746903 103.12268442788559 131.21980055144212
2 10 	 # Alloc Shape
0 0 1 1 1 1 1 1 0 0
1 1 0 0 0 0 0 0 1 1

2 10 	 # U Shape
82.33839563407187 8.447424528186009 4.572566300914249 24.89574107515924 13.029377888436466 99.85142086659687 44.577960588248885 37.28069475031961 31.42250505220122 33.57254736856879
55.8903459694182 7.953511777268007 20.681350295837177 62.02989677998507 87.91997448727658 34.6179399254544 35.32610451066839 41.3799221718627 57.70039837878832 37.52448477058652
2 5 	 # V Shape
83.34025725641183 25.574923908634492 105.66249152184528 48.716576919243195 51.50292113845611
62.02590073043638 77.86293519204865 109.53837513585961 62.72346492471545 70.15855016491912
2 10 	 # Alloc Shape
1 1 0 0 1 1 0 0 0 0
0 0 1 1 0 0 1 1 1 1

2 10 	 # U Shape
30.681572231644473 20.85466384994308 70.72497074222004 75.04412546422563 99.839420778805 85.93243797665203 78.28409262890743 27.347689493682893 60.56229443275545 85.95948297939508
84.01414937311235 84.20087777223918 43.709247052466914 91.24999470867147 47.60897629113301 55.83211218045737 71.20443739927967 63.366349055059636 99.20820962943576 19.08346370818578
2 5 	 # V Shape
43.9131725931607 77.31140996273655 115.34549122865103 79.49158090771951 136.66177111150958
107.3264194649483 110.08214670996138 68.92326724653597 91.51934243811897 109.08386024395668
2 10 	 # Alloc Shape
0 0 0 0 1 1 0 0 1 1
1 1 1 1 0 0 1 1 0 0

2 10 	 # U Shape
98.65917291842443 84.56378230180445 41.18241583895299 26.87991361741554 93.05773717489598 53.107931733249025 83.52847761615239 57.111104903809085 57.685715949113224 69.3578968106815
66.46885283995299 50.03994778996872 42.66196154535391 1.6926994044214938 28.22305940335683 43.91025921251227 10.254055898781655 63.73905137859322 28.024941476507024 64.3995281121458
2 5 	 # V Shape
114.88732660039128 54.51403548673282 140.1334326597149 109.81740896294116 75.72605137909231
105.8432885286499 43.851154928336896 60.010044034489155 72.18582673275566 90.01325522500586
2 10 	 # Alloc Shape
0 0 1 1 1 1 1 1 0 0
1 1 0 0 0 0 0 0 1 1

2 10 	 # U Shape
66.54222879723548 86.11911705924587 3.771872287037148 91.10084657905433 88.41673566161762 42.28231139524875 51.69374361003909 91.3684431832986 51.88091962010968 30.49216021083757
28.827158531193962 62.86141568883817 50.29849178452992 37.45294545886776 44.75537716800046 7.597366919837478 36.606211964363624 46.43280381291398 49.47272008034983 25.757289486277102
2 5 	 # V Shape
144.06423015042344 93.59935031717653 112.71673556659104 102.47659548568446 66.84412046069711
77.14530238958656 61.84614368350049 48.032067224654746 54.024555943930224 60.0874783880443
2 10 	 # Alloc Shape
1 1 0 0 1 1 0 0 0 0
0 0 1 1 0 0 1 1 1 1

2 10 	 # U Shape
72.58292893332165 96.77309444945922 5.505365228538162 43.597152863550306 30.53604312707574 73.3108336235792 33.37630321529432 8.765164965917105 68.5682859101037 8.452481923399857
98.11899154705954 92.17191896010013 88.39878816766795 99.04581465467908 90.89373878644219 0.9981248572294432 18.49908200639544 68.27688038999729 17.79439644956453 25.40772776636827
2 5 	 # V Shape
153.68038644209742 45.68244798437512 83.10306627413372 38.694744147818604 69.59519237570403
176.5514163878622 106.44789609165313 91.36160285787416 78.47558288862743 43.138995105414985
2 10 	 # Alloc Shape
1 1 0 0 0 0 0 0 1 1
0 0 1 1 1 1 1 1 0 0

2 10 	 # U Shape
54.23846545535792 40.3600168326083 22.55745407743086 15.865203366793246 69.04418519486858 57.27967743964797 7.34701712777267 29.86117560083511 70.0552230319061 80.02571998216497
44.460979424858614 73.50251184180615 14.918301522068965 36.47433635665165 31.418969772726445 78.07664577137848 50.63615744177948 33.25014780783573 56.210489005999165 81.02248417722728
2 5 	 # V Shape
79.65233190498694 29.73441950276813 90.57232298073359 35.70831423119436 100.7860413084228
81.64612855889466 44.87753143473904 91.0235231478063 83.53994342335285 115.35713504019955
2 10 	 # Alloc Shape
0 0 0 0 1 1 0 0 1 1
1 1 1 1 0 0 1 1 0 0

2 10 	 # U Shape
25.006643189300505 48.83091758029501 55.569926067407835 34.94256727802964 47.413203474080014 85.09277342827146 23.040095466114785 0.8864857362770873 60.552783065237904 45.721023191681674
65.55074269803771 31.432875360408985 48.852029409832284 36.08518023080385 20.094156285702148 47.57260051336173 50.43485191581931 17.819575155066893 50.59724448369952 21.777426663844313
2 5 	 # V Shape
60.732377711300146 62.6773386373325 94.76961861478752 23.3660403321099 83.53469482378746
90.49228563638815 71.42648389224323 48.31898115526512 52.972924231794025 71.21411887762127
2 10 	 # Alloc Shape
0 0 0 0 1 1 0 0 1 1
1 1 1 1 0 0 1 1 0 0

2 10 	 # U Shape
96.39453971502822 62.12184476936277 46.57694940429678 28.023809179294968 38.45041391407153 28.21049546143899 8.50455930073839 99.0743847407909 32.675633287988546 64.47831092610741
65.8481179343714 81.91124571015645 23.453636312976233 42.94565919654541 56.686298940301604 60.75662305298183 48.689188346556755 91.6623427140314 11.266791394882203 85.11994403425886
2 5 	 # V Shape
137.8674269078065 71.20466671766292 63.430863922251646 102.58278185771982 85.46351777261752
131.46886511335552 43.32560381464844 78.9191574440475 101.69486950570645 94.77925654368978
2 10 	 # Alloc Shape
1 1 1 1 0 0 0 0 0 0
0 0 0 0 1 1 1 1 1 1

2 10 	 # U Shape
35.070086193413196 37.530972841695956 59.34988455812533 48.20910670840611 5.489334335403129 18.215592436405593 79.11966854988935 86.29210004565417 58.13342198540744 73.24503441492742
45.610636206045875 11.091241713652023 38.77875915207925 99.80674690605284 58.71434443099404 24.263130089405728 23.82694004942153 86.85605656674471 61.12353642581779 60.45649511048893
2 5 	 # V Shape
71.68379931592197 77.21814158955961 21.22670909932635 162.68134931673535 130.6429242525075
48.08924014362785 126.59172416027339 59.93818964837543 94.07598940483176 90.34850567358332
2 10 	 # Alloc Shape
0 0 0 0 0 0 1 1 1 1
1 1 1 1 1 1 0 0 0 0

2 10 	 # U Shape
9.684851468508937 0.6513446160739456 2.5318541934455263 0.6458098446524785 82.8970620903519 96.7707999842078 41.26904013408264 17.301396357379318 75.32927723362319 65.51989185332407
62.628268031641376 51.49280475526032 50.751835356186824 25.85477115884349 62.144365405149635 67.34887715904787 28.17211341644367 98.48319310539536 92.0908432572594 50.61572206715752
2 5 	 # V Shape
9.85916347001579 2.6559378292609837 164.8868315074699 48.51724486271921 130.5103942400469
91.84338667686197 63.91282564091209 76.8579629161886 108.42994094261972 114.05471948436934
2 10 	 # Alloc Shape
0 0 0 0 1 1 0 0 1 1
1 1 1 1 0 0 1 1 0 0

2 10 	 # U Shape
78.42266737874311 43.938195091866724 4.9055310442816635 49.48092295613272 93.87702601104074 30.019221187528334 24.782201044998477 39.61235129256943 11.911865985068848 23.661812835017038
64.08895419753495 56.81611202090776 47.06749814724148 12.819683512597202 92.33319576369009 78.17946076135736 5.407008111681499 90.65555151879326 49.36146747897402 34.250138422334366
2 5 	 # V Shape
110.11322928066805 53.591161673201555 108.88515512967739 41.51410205502379 30.655664276727542
81.71946400900484 49.81756655340146 130.46073215917016 92.5046777991524 55.26882417144688
2 10 	 # Alloc Shape
1 1 1 1 0 0 0 0 0 0
0 0 0 0 1 1 1 1 1 1

2 10 	 # U Shape
21.204652892413645 29.52430379402302 65.20610516083477 47.68843079276978 20.003436529641693 81.96140158021815 65.47415566603571 3.376426629021978 89.9146481786303 67.99545444942675
45.96362739655707 4.310380997029817 30.508927583690305 82.38837161719711 38.42012944998052 88.82984382777073 73.03022185450678 32.04597782699695 86.75194505776037 22.33473912880868
2 5 	 # V Shape
40.431611917462874 81.1285149804656 99.08039908952944 68.4470081162261 115.23967754396739
46.939281276513135 89.27909105366382 107.52683153266663 93.57368312576654 95.89433369638496
2 10 	 # Alloc Shape
0 0 1 1 0 0 0 0 1 1
1 1 0 0 1 1 1 1 0 0

2 10 	 # U Shape
37.239147397411166 14.5521691517689 61.80222881342401 83.6986514916706 53.866930866969696 22.890397356438264 17.031812296287676 94.22322085134158 66.76263619225504 96.23505332424843
12.68888496051347 23.381558906918166 89.55131799036467 65.24412162036745 94.42810007812717 90.15343223662524 94.17964665803957 41.48711015418145 30.701332066152943 50.978345209507644
2 5 	 # V Shape
51.082989042880044 115.43572790429724 65.10624414364878 104.24802290941587 133.3873495482368
30.501492540422802 111.79420534085085 135.12602682662452 105.28799607833935 68.75006815989717
2 10 	 # Alloc Shape
1 1 1 1 0 0 0 0 1 1
0 0 0 0 1 1 1 1 0 0

2 10 	 # U Shape
47.97498195186327 35.29891416392936 66.44779708486024 98.5187032795321 97.72377917805142 95.48069928794752 10.867839294152182 99.90591955912859 5.968793902367131 52.8354028884057
19.996804209167152 42.280993867172754 41.16906747416156 47.944429093705246 38.5040969284018 11.631611165995558 13.696917657436359 75.69537546924269 74.4148068044318 60.8848673140066
2 5 	 # V Shape
69.47052234303165 161.0639058658591 191.59471882764606 105.89253649827546 57.21273274864801
58.349906780840485 78.13516162562325 47.79457576850939 82.18370755077277 93.67059526961671
2 10 	 # Alloc Shape
0 0 1 1 1 1 0 0 0 0
1 1 0 0 0 0 1 1 1 1

2 10 	 # U Shape
54.24222033769524 33.82487550872483 34.46650385473157 27.434788854622116 21.235701963399944 78.36858120191039 44.75509139748437 93.43100848962753 11.505660477872315 61.28201354675363
50.52261836009945 76.88855734600153 83.17679415296156 93.5092092064725 22.453326684936727 93.48021002340084 97.26617884046382 69.71631903091696 91.24113557632548 37.74838588487821
2 5 	 # V Shape
63.52068194221006 44.46339222179979 97.72808114111652 121.97082974812248 69.7022015918172
92.49518042974717 130.77969687728603 108.30388586476496 125.73841156329328 98.87726629941558
2 10 	 # Alloc Shape
0 0 0 0 1 1 1 1 0 0
1 1 1 1 0 0 0 0 1 1

2 10 	 # U Shape
86.93835775274025 5.2380211769836205 11.738313314573434 3.8098395021536335 70.08145964009076 3.010584190192267 86.40280512362278 32.10667722723702 3.140975863168427 67.55438975946726
5.204033991252333 88.08377593986017 14.211536646087286 54.85888430797785 68.13470046456256 5.685975572678337 33.80023627998908 94.79162839207838 7.252328136111785 50.261361280837
2 5 	 # V Shape
91.8236435350811 11.780793540615127 73.00015691296352 104.10973864690561 69.66288719790374
93.25793743778466 61.228042798166356 73.08789934168855 106.02879822541419 53.38195263400888
2 10 	 # Alloc Shape
1 1 0 0 1 1 0 0 1 1
0 0 1 1 0 0 1 1 0 0

2 10 	 # U Shape
22.93149679805555 75.02137564284 58.91267228599732 20.04465824842584 4.303257732315036 40.65196774446459 7.51212644897008 96.65985193237407 34.6725845169748 18.619162739459295
15.113218105295234 20.980434146911865 14.526877121095938 34.73042318889762 2.848967918847667 19.271375248984114 4.895639975093291 74.29691647627645 76.28477444953432 74.67662843093433
2 5 	 # V Shape
80.64667486236563 60.338929660836754 41.629237839911525 101.3599480516759 52.38467072981799
26.244808826210875 43.27895672944054 21.38726918859869 74.76048400534577 130.35031898310964
2 10 	 # Alloc Shape
1 1 1 1 1 1 0 0 0 0
0 0 0 0 0 0 1 1 1 1

2 10 	 # U Shape
44.6421750888129 18.751133120494025 8.462174146803802 33.58649123983327 80.97858418467908 92.63498710240432 64.92353205656269 87.3111251152653 10.032769294695632 15.244970742317621
87.77743035943365 62.862518612949 78.09778217523382 78.5233892767926 7.910793967928454 86.85287806285038 61.385723523946325 32.046075704016054 53.7140077712662 26.408701169280402
2 5 	 # V Shape
49.541974421506865 37.487902316343806 146.9358930446201 103.7356918365532 17.560247204087016
126.03246336540138 155.51741764769776 94.28991971280321 87.90052532563844 67.59179506887746
2 10 	 # Alloc Shape
0 0 0 0 1 1 1 1 0 0
1 1 1 1 0 0 0 0 1 1

2 10 	 # U Shape
46.94524395116878 83.29883856767553 53.52638388424764 23.73017156356353 6.221272089551377 37.01348714011961 66.18923549553666 50.68658432075574 52.411482531866596 4.260026245727689
96.44341051076564 75.85353167756 93.1484211772554 3.9845757816623806 56.028900394236445 79.12298404112082 20.69356472910986 48.46619362176378 29.911887596968832 3.6375105510295214
2 5 	 # V Shape
91.33503923917903 63.38054178074267 40.4056963116883 83.24979720568743 52.691060653155304
156.32667987020514 96.73996981753648 134.4178456439587 67.93289741885312 30.220040103729232
2 10 	 # Alloc Shape
0 0 1 1 0 0 1 1 1 1
1 1 0 0 1 1 0 0 0 0

2 10 	 # U Shape
33.56490366465219 92.16220298275081 52.94194980922185 72.39821478567663 46.003849309130196 9.833387812108263 7.556452480693632 35.618524490459755 48.027434730877175 49.405345156518024
48.51734257692789 90.57584901457204 73.30537605318538 71.80089548604049 91.29357881715593 82.57888480640267 1.519969502450591 36.038048567778816 80.41382436137074 98.48035827530981
2 5 	 # V Shape
98.13663884228001 120.95143886664187 54.572078840744695 40.658575481726736 65.66243479646258
114.12601115160433 106.340897585774 115.2744507924013 36.596073590740765 139.68880996571121
2 10 	 # Alloc Shape
1 1 1 1 0 0 1 1 0 0
0 0 0 0 1 1 0 0 1 1

2 10 	 # U Shape
30.51885993792638 86.73634783792083 43.29118220929249 38.54197708154441 29.71557050042858 50.85145463992695 81.31169500306666 48.28632444100662 46.75445130514778 78.68096580544854
5.781340557628944 95.95865507800738 37.33788901528566 77.40516470514952 83.7906725776523 5.152233171751918 50.52672823026679 69.34415552508037 67.62242606454396 16.600903926839294
2 5 	 # V Shape
116.17201301974386 65.97387305005748 79.72551926277279 103.72116910264698 116.54552524063695
96.68471166338503 106.4129324350418 87.65731304201823 93.65389978121608 81.407210804988
2 10 	 # Alloc Shape
1 1 0 0 0 0 0 0 1 1
0 0 1 1 1 1 1 1 0 0

2 10 	 # U Shape
99.44691378115024 84.14153951966979 98.77452080852909 18.80627596231269 95.62400070729169 89.43014076936333 37.54798738445074 35.87267695767552 27.08065459418809 38.8704632198787
64.19232281884621 17.919698654402684 85.33451776284019 41.58724901027397 67.99565477527561 50.803169780366716 76.6837886754035 63.30019262545995 71.61269780943236 49.23171971576936
2 5 	 # V Shape
129.92885322501348 117.48268953688104 166.4757646266285 53.04342859914385 44.88718480105606
70.73760556745553 122.82014988744287 69.48973117311952 120.3522353391659 84.1772338381993
2 10 	 # Alloc Shape
1 1 0 0 1 1 0 0 0 0
0 0 1 1 0 0 1 1 1 1

2 10 	 # U Shape
1.9480663216184801 45.85003635826599 2.735440533917144 75.80138403445773 68.34519608016312 2.8703688703181296 29.77607813598089 49.035340501685745 61.621351956821776 46.50673522454103
35.80401383296826 77.15297781303985 68.25371540513457 5.777861014787955 64.11975566948055 80.01277369790964 33.926064088197826 61.78875754319291 63.38703826666278 65.45374869892673
2 5 	 # V Shape
46.10950152307929 77.0153336002384 69.59074220419528 77.17341236705239 71.38168556798144
110.30088307284457 70.50337121144366 137.99579120136437 93.23645471700918 67.15780248641491
2 10 	 # Alloc Shape
0 0 1 1 0 0 1 1 1 1
1 1 0 0 1 1 0 0 0 0

2 10 	 # U Shape
35.575489121015295 97.67160713815848 9.097382905778806 59.08692538706719 87.61766858934105 12.620263452156033 66.23772316603032 48.56996754194073 48.93799023371484 87.08018592368828
95.17793333938653 78.14564387032429 36.99984968271968 82.8126668850244 15.011331987516396 46.97323699638773 45.06583263211633 88.38364718863254 71.3910208044557 74.89850378876609
2 5 	 # V Shape
112.19344793674932 62.54981459146638 91.07473852456076 110.5365962885577 129.844039972913
108.54930110484163 92.66333647371125 58.006331069987155 116.18124566877017 87.95274075779332
2 10 	 # Alloc Shape
0 0 0 0 1 1 0 0 1 1
1 1 1 1 0 0 1 1 0 0

2 10 	 # U Shape
92.33529288309342 91.39005622008567 94.45402178865662 65.53133701566803 81.34108541629843 77.98603308247174 8.704244858008881 98.01373779377182 69.0562387564331 96.31533287467623
88.13958960866051 48.43974327241224 36.741717888519986 12.66946576939656 7.20860331627825 88.6266893010347 19.56984629924987 40.500641542739814 45.65618945174704 7.837803824062828
2 5 	 # V Shape
130.2444713453953 131.17416420081895 93.07344764018339 99.1320625082154 148.27658843236543
112.47608139666008 48.375503630586124 93.80200860496329 55.61814226876049 47.34106977372027
2 10 	 # Alloc Shape
0 0 1 1 0 0 1 1 1 1
1 1 0 0 1 1 0 0 0 0

2 10 	 # U Shape
60.27943296877809 10.821534175526981 16.575377587280748 89.75341351012058 85.90862996173392 12.804882340019152 33.87354703339016 22.489340046301574 41.72623485011263 94.66114964319848
22.333597155599417 44.65692296186761 63.92533422284401 31.893136350286998 24.46799329965561 56.13783879045725 2.317933435875452 1.1074965763999134 56.09893411858137 53.42071676053263
2 5 	 # V Shape
62.86115950996229 94.5922749717312 88.60649098776912 46.70055788736832 124.49070816168296
52.594796161410734 68.329442157237 75.3322150711915 2.971948432605289 67.95771385658374
2 10 	 # Alloc Shape
0 0 0 0 0 0 1 1 1 1
1 1 1 1 1 1 0 0 0 0

2 10 	 # U Shape
56.18176120872105 30.24038270705055 14.035987534409578 54.03288032649796 27.194851238180075 66.89827125112532 73.69335206840233 14.328904561668587 0.4161875825214434 75.99412491865375
51.17137138656205 76.30194350372867 97.94856823205272 91.61843621156106 32.059007930218776 93.97464621023005 4.167220307504039 66.37590000712301 14.914196360936227 54.79302760560777
2 5 	 # V Shape
60.66435704067459 54.518673008979206 73.52481814571314 80.56114537891166 76.38594574556201
122.47241104952967 173.1754634727272 97.34634263333899 66.48464421726428 64.92699390719204
2 10 	 # Alloc Shape
0 0 0 0 1 1 1 1 1 1
1 1 1 1 0 0 0 0 0 0

2 10 	 # U Shape
24.09540649663987 58.71945805611831 68.6303809984895 37.07608756307841 53.72758759830889 58.761646962959055 40.01267234972605 74.67028840132531 45.35016659717793 78.89352561129867
35.65686542790313 28.510391970621395 29.011558445183482 22.085001714327312 26.37326831042637 48.79627168718047 83.77896874197883 99.97271869473951 52.512906342954636 85.00517644700174
2 5 	 # V Shape
81.39815320252788 78.72727248978903 105.47136397603222 89.41192457245742 115.02088286627567
62.4950267118998 39.58775205745338 51.893591337348525 156.98109868180367 85.43907294902633
2 10 	 # Alloc Shape
1 1 1 1 1 1 0 0 0 0
0 0 0 0 0 0 1 1 1 1

2 10 	 # U Shape
80.24833277328189 76.11784459110851 75.34702666486012 97.1381175399681 87.07529642854449 16.07294191683121 99.67098919579492 81.90663701640229 21.53780957771253 85.97089537268083
41.794306147592486 80.01188557060883 54.58699650878898 17.47050848596814 65.6603939713776 49.96248083552006 86.86563335736811 66.36771905334776 52.998139812113465 9.308859960752558
2 5 	 # V Shape
120.9351614734899 116.35789452152662 91.3714780751458 156.4701584971109 96.09350170285492
95.714231882824 58.21945776273633 74.52091012574826 118.44286300085525 57.2110101535837
2 10 	 # Alloc Shape
1 1 1 1 0 0 0 0 1 1
0 0 0 0 1 1 1 1 0 0

2 10 	 # U Shape
54.10865571301498 10.142992439533105 32.10574097272366 83.62660904286261 78.97414848556144 69.17249650073721 6.51956503538067 68.13882883110438 27.70673098205676 92.98954802331768
51.051007894943055 80.61020770919582 23.24691619493935 9.024925942144357 39.24488772513865 18.620787227258496 46.91155599033836 66.77376931067978 66.25911366414434 89.33168904439289
2 5 	 # V Shape
61.83068906746294 110.19401365050254 133.7693847059193 71.5577968127931 98.42749948439518
106.74093589608677 24.91480800620886 42.75520300890457 96.56982945625765 150.10006739870076
2 10 	 # Alloc Shape
0 0 1 1 1 1 0 0 0 0
1 1 0 0 0 0 1 1 1 1

2 10 	 # U Shape
61.88715331559177 9.625532450004737 51.64471995877386 67.64190184434699 23.92176506082344 51.55907832281466 40.937148172434675 96.56654337884622 76.64032560962411 38.64897396826815
20.03899124071056 45.294235201800944 87.88445604662772 65.54011747458807 41.05188884675579 20.368554161274766 85.4863307354338 47.187887863454534 79.49697315115047 41.245964987367955
2 5 	 # V Shape
70.3727756612847 112.76694764819071 53.91939126210863 106.32571336929527 95.81095827625522
64.41662832437402 114.43294204776716 59.05126530494671 115.57733524023043 113.11756273199059
2 10 	 # Alloc Shape
1 1 0 0 1 1 1 1 0 0
0 0 1 1 0 0 0 0 1 1

2 10 	 # U Shape
53.323953067018984 49.72419300777108 57.5978622263035 55.0959400129857 25.711048804058635 10.832243991231438 17.734977459547874 45.374202749498515 33.90455571294336 53.286783877741954
65.24541181322694 1.4672224507998877 91.2493021163959 98.5849156361148 12.09112155999248 59.46076686794878 49.90264420371426 35.350238553897874 62.58658064059289 81.01395303303765
2 5 	 # V Shape
55.94555171350551 82.15724511108296 26.34798072678945 54.946666208971806 53.975687117856914
66.5543081768683 130.3211945284087 64.50675939126691 57.39887942624226 132.95810713858012
2 10 	 # Alloc Shape
1 1 0 0 0 0 1 1 0 0
0 0 1 1 1 1 0 0 1 1

2 10 	 # U Shape
86.01735612130045 99.27359478288332 99.37619124742282 59.13071299776945 26.308978289419127 93.18235619078173 19.416117827390632 65.81068371413575 29.296390188272646 98.47794895771315
68.86553388798484 84.75118568077282 7.386404115713474 65.79387775513659 54.57095064867008 87.9025658043962 73.74871701056355 89.96943091908425 44.529546539015996 34.76751310788715
2 5 	 # V Shape
182.75485071332162 113.75158939413899 102.10811725511306 68.15388118570365 103.60848516792757
107.0418982210357 70.67733239400698 105.63387753437789 141.1447421999826 44.872557896713104
2 10 	 # Alloc Shape
1 1 1 1 0 0 0 0 1 1
0 0 0 0 1 1 1 1 0 0

2 10 	 # U Shape
36.50950755974514 36.91947749404408 54.31076673234614 35.65073437133764 59.75859405919337 30.348240628793878 90.72375192240823 23.089283640155767 90.73213563236835 31.594061264964026
75.51300563066663 49.33529364564833 96.11109763724073 13.090464096599607 88.95944343974242 59.86834671011538 13.668514201033243 50.83646812511241 45.87649396025558 29.406576901145996
2 5 	 # V Shape
72.78637127380111 76.70945613126786 61.86722016959099 102.24022674600366 95.69481717272217
89.11637892213729 108.34348824938697 140.59612362824225 51.356492486807824 52.5350328860724
2 10 	 # Alloc Shape
0 0 0 0 0 0 1 1 1 1
1 1 1 1 1 1 0 0 0 0

2 10 	 # U Shape
37.52142735830534 68.75435519948093 85.86241153755013 40.8003933298769 57.317731105006175 47.35916134108828 48.94150931109914 0.8556321781620801 13.850016985173175 91.72059193652696
65.61843356163794 56.91188047502978 77.6281698578841 14.887076926910026 46.031724037673186 73.36205059158473 81.12827009409688 79.10616060143678 82.90001258090139 82.0345467888875
2 5 	 # V Shape
70.08320220570691 107.36542532174671 68.74078371742532 48.98971739566725 97.7187305703846
111.550165988837 86.46906156550597 98.7168057284628 123.52151394904773 160.995288715302
2 10 	 # Alloc Shape
1 1 1 1 1 1 0 0 0 0
0 0 0 0 0 0 1 1 1 1

2 10 	 # U Shape
35.39273609937177 44.880900793629706 71.27086527886908 16.839081492742125 53.977823664957924 43.78972907247144 50.51727454838488 88.83295507044568 9.199882600593101 36.80634586583624
66.08164351649812 70.3194126594494 73.3190680297953 29.275295140528623 56.41125169103466 79.9373767661677 15.96554110766143 69.04972904372464 69.26991315009865 96.96017371824595
2 5 	 # V Shape
76.80116595339693 84.33013898601233 60.33242319259691 138.22412526989385 42.81691392987229
114.01167097752467 86.15195009481654 94.3050628188476 82.98838241141044 160.81908391074865
2 10 	 # Alloc Shape
0 0 1 1 0 0 1 1 0 0
1 1 0 0 1 1 0 0 1 1

2 10 	 # U Shape
46.97541766660691 60.708076849161344 66.49262668829127 95.44787095792987 94.35171636721923 20.67736995627172 42.58130550770486 79.7984400018823 14.394074904537668 64.54628322485671
65.12223345185049 44.828514184043655 56.076326131474374 87.17484606086042 59.220436636276254 31.24058831966108 10.365522596930576 25.249163802879295 11.275840220471922 74.57695585122818
2 5 	 # V Shape
61.77519173187577 114.81204870637573 109.46416622495258 103.2778078395404 70.45594145470128
72.74856810152751 97.62594096100499 73.79315466499274 26.613739385509703 79.68723930331362
2 10 	 # Alloc Shape
0 0 0 0 1 1 1 1 0 0
1 1 1 1 0 0 0 0 1 1

2 10 	 # U Shape
99.58972656642416 67.44646476976169 6.509455243624284 88.92058303615713 40.55383682293966 30.952264709792242 69.71199477201463 40.14082795158248 35.30960445041802 49.74380933738141
56.090620717005514 35.94029878326583 55.87145745694478 43.065606175676606 83.28665981736079 29.297421599050367 90.63568274246585 11.25344981932307 41.21454500131606 43.10846822695703
2 5 	 # V Shape
116.60967813107916 92.07123877647162 48.7022569421469 86.02670207287727 58.64789935233604
84.67248302320974 70.05279364036794 103.3431586303859 93.41148841013012 68.92333240210874
2 10 	 # Alloc Shape
1 1 1 1 0 0 0 0 0 0
0 0 0 0 1 1 1 1 1 1

2 10 	 # U Shape
11.124792457761345 82.03235803234173 65.93192181735743 1.3779052964171146 78.54305420926036 13.184601622482484 77.12222146340503 70.06963754685184 89.47007433890096 3.0070538264040936
46.00729512318207 46.07471928445159 12.958242383910601 72.96417388791504 75.5813144704437 68.31033915116083 82.44154141405589 36.78786326444268 94.57507408949328 35.37106861727437
2 5 	 # V Shape
85.67550306117181 66.12990761141565 85.8757493914312 121.54946281717888 91.75719693126946
49.97521781129454 77.03169210061549 105.79917175052853 113.07076740070261 101.524672513851
2 10 	 # Alloc Shape
1 1 0 0 0 0 1 1 0 0
0 0 1 1 1 1 0 0 1 1

2 10 	 # U Shape
51.258028274086065 74.32818112848705 5.330669632102647 14.810273113150386 58.2737227882959 87.91419726557457 15.127266533956341 13.75006515742947 13.927070140453035 11.26733454282789
79.6697679263073 91.60680146827244 20.3389084107246 48.809902783883274 69.59595724019132 52.5708309703536 72.37285651219146 86.19836500215722 86.47419723232392 41.65740991708422
2 5 	 # V Shape
123.13885804466791 19.83547617039113 118.79723286682248 16.690960732289444 15.103651676433502
93.24404806029493 59.3914659675805 106.9088352151396 154.1544856085349 106.88843257378203
2 10 	 # Alloc Shape
1 1 0 0 1 1 0 0 0 0
0 0 1 1 0 0 1 1 1 1

2 10 	 # U Shape
92.48147318277071 1.564369866322135 86.7078231835923 72.46091977803026 5.771879492824549 65.59678952238686 83.40502515006175 74.54958911124552 39.84326971150902 17.75118129097921
99.52603275687618 30.736382989994805 93.85837374968285 51.65316897413892 39.61239800752849 80.59664400556164 30.578200411803802 56.32792519336412 25.169060415848065 67.16510977130838
2 5 	 # V Shape
93.3190967543739 92.20453078435209 71.13300085789359 155.3067172653444 48.14752809277924
119.2602736364344 134.51253005148888 119.34428684351161 79.79808196427607 76.29313303545001
2 10 	 # Alloc Shape
0 0 1 1 0 0 1 1 0 0
1 1 0 0 1 1 0 0 1 1

2 10 	 # U Shape
76.07238381655077 8.126784344032245 7.25200342867105 32.73957101296705 75.35262801171365 44.70852330980393 54.09624609732997 82.96152635725751 40.97687902399901 27.628413658217255
89.23068013667246 20.412141060119417 24.64928415738591 93.77570525624213 83.84667094661147 5.427628941060636 56.88436825770089 63.12638413046299 14.567810555121863 63.95771868599692
2 5 	 # V Shape
81.18263548270092 37.75665242693643 100.80051411386373 125.37257510227288 64.62935608684927
90.43960682228261 99.4550497788939 85.43960233231921 66.8072287317421 78.36961670104193
2 10 	 # Alloc Shape
0 0 0 0 1 1 1 1 0 0
1 1 1 1 0 0 0 0 1 1

2 10 	 # U Shape
20.79852575160004 48.040563155852055 16.79471249942773 74.6369374103918 45.61968615545505 48.70516961233922 13.965596000389713 87.69959381698965 45.285992471607784 35.2556644663084
32.24445814471771 26.492351809192083 77.79166578752744 77.99738071539542 80.79579551466318 4.812338440493347 57.30197288821447 42.85823760159665 22.59299572151845 47.783174945908705
2 5 	 # V Shape
66.41170381452557 84.94084015661306 70.30482136432981 98.46092941675847 60.232901198627914
57.57726601778745 144.9629966411848 81.20421086107115 81.62292411214793 60.65258192866541
2 10 	 # Alloc Shape
1 1 0 0 0 0 1 1 1 1
0 0 1 1 1 1 0 0 0 0

2 10 	 # U Shape
74.52637403751854 80.58283387359424 80.41268708199152 86.20335465032586 58.295097181364206 53.35399596127369 11.047336651467488 17.177834103683875 85.41901154983545 92.87354210681808
84.59180528812425 3.9509087318542746 28.907025323894498 14.567499044321075 41.50969359331245 32.67209652468163 13.506321683197676 88.76170624402776 7.881975095899374 4.86448621117802
2 5 	 # V Shape
112.89976912078555 93.43587650194333 67.07836050414352 22.409018635910176 102.46467843343719
87.23805890514753 36.27667361793246 42.019594604158485 102.24147061802316 12.173453466263526
2 10 	 # Alloc Shape
0 0 1 1 1 1 0 0 1 1
1 1 0 0 0 0 1 1 0 0

2 10 	 # U Shape
10.234720766598148 52.08768959038763 40.387808915462685 66.84573171458719 82.68145263630035 36.549035757476624 83.82776742095304 67.55703315222227 74.24886737310935 37.38649497366781
73.84886255668864 55.52670709831025 6.4235175214794715 35.74969667648489 46.011903263935686 11.269751583489573 28.587155482029857 13.695885714936196 19.996973609993297 17.04930229551741
2 5 	 # V Shape
53.41381054500723 84.40852647416162 83.99084244068646 149.66311312890824 76.42672207356823
78.42840125080772 39.90617138970157 48.00805538982708 42.04369819389027 36.21263819860451
2 10 	 # Alloc Shape
0 0 1 1 0 0 1 1 1 1
1 1 0 0 1 1 0 0 0 0

2 10 	 # U Shape
7.658163541529007 97.60880270436121 76.91142524242035 57.02025611429394 49.74287294469823 32.09018625261021 30.271820242348568 27.100559158402948 76.40580114755663 23.250993578885037
91.75532985839182 14.142188630533138 27.18277837809564 26.573483634104555 80.29231756372836 58.627505570999375 73.35707490559678 96.01797661940297 2.0074302701986846 95.87726435694657
2 5 	 # V Shape
99.86608383527756 92.45896567228066 51.83241838747074 43.798894175361966 95.64030603423724
94.16704387373443 43.90688606501418 110.26370866777796 131.20238358718296 96.90319089658368
2 10 	 # Alloc Shape
1 1 1 1 0 0 0 0 1 1
0 0 0 0 1 1 1 1 0 0

2 10 	 # U Shape
31.065465439178208 39.50718824180134 55.05663541996889 72.92974188674155 41.30978896775367 82.30620053254572 93.66184088870683 25.48374088587506 26.41164814142022 82.19990493566517
58.63392321077852 39.006419853476615 13.406934294392492 14.288268751163146 11.512726988253053 80.477692422634 51.80017934636086 34.065288132554016 14.87319417346531 61.61128405646412
2 5 	 # V Shape
56.36071134668484 80.00098108930055 122.43573929825074 108.75220530566527 86.52430248208067
74.83073529935967 16.353357209405253 83.01265274791066 59.89382074264212 71.85334597799789
2 10 	 # Alloc Shape
0 0 1 1 0 0 1 1 1 1
1 1 0 0 1 1 0 0 0 0

2 10 	 # U Shape
6.64597049320832 9.004088961665646 17.829978873253328 87.41493486527861 62.21638774758367 89.86632291394722 47.12862517014506 47.3753650893036 32.805329825862074 52.69767785958701
37.4984609017883 10.768138173599418 64.25448811480271 72.08040901366046 34.57712852416254 3.0207073483485503 84.37334926664283 61.59413884109224 66.58479913949486 71.53419270581041
2 5 	 # V Shape
15.1858608604328 100.29753852915921 134.95645805911795 78.70077999087434 57.71949479439126
44.81280505687009 120.63490816758217 36.98241367259004 102.95346771911503 136.7891888841227
2 10 	 # Alloc Shape
0 0 1 1 1 1 0 0 0 0
1 1 0 0 0 0 1 1 1 1

2 10 	 # U Shape
13.991366090695912 90.64248345338738 6.697170003193076 59.54706491322661 71.04965195170739 24.710853786934784 72.61817078874749 74.89581357751773 65.57511397512647 68.10909160249238
72.0519901177487 98.2380698391151 67.31509000624388 59.811214258070535 60.48409111466141 70.5844415992909 37.24769335575101 70.03885506729051 51.363551455829935 84.00116444366542
2 5 	 # V Shape
92.09332258479041 65.96926201859564 82.66366864986148 110.50225885484998 131.56776947624527
138.87057060189534 85.71290383729891 99.56420346096537 105.90497918184997 129.0282865967447
2 10 	 # Alloc Shape
0 0 0 0 0 0 1 1 1 1
1 1 1 1 1 1 0 0 0 0

2 10 	 # U Shape
79.69670583793842 98.77193971768835 41.97564580860866 31.280168057877322 54.66134227328213 2.6551368543670795 63.20570088097297 18.978597111906137 85.5893055275653 62.665129908070114
73.09394486753796 88.52726618160679 58.894610770939806 69.9795848111432 12.658660581882941 50.13002729217851 3.1435259521775283 31.699239096913733 80.1681902279849 94.52374574240274
2 5 	 # V Shape
170.1921599669081 63.78773809394819 55.006941274407666 63.532552553318666 93.19435586631526
93.92331269948815 76.30790319261318 56.01899210023703 31.86453359129706 158.48203695446082
2 10 	 # Alloc Shape
1 1 0 0 1 1 1 1 0 0
0 0 1 1 0 0 0 0 1 1

2 10 	 # U Shape
94.77564775999392 11.517444349578987 82.88487315369754 95.24567177083277 80.26571888824165 1.798564073265685 75.8378217976887 69.33274799018783 11.973425174490803 69.32962770196748
23.674892248619173 13.784927792975 33.21756748075857 48.04922123178952 97.8755272277579 13.791875564089406 90.66813956696761 13.846727919544833 78.74110039465137 49.2465206676753
2 5 	 # V Shape
106.0195260697359 156.08069949192137 81.66707692114204 124.60281144731935 75.64029454987013
26.803505698737222 70.7133293227358 101.50839025930273 94.53459407388684 80.21666768326715
2 10 	 # Alloc Shape
1 1 1 1 0 0 1 1 0 0
0 0 0 0 1 1 0 0 1 1

2 10 	 # U Shape
58.699666013108796 67.20877428636527 40.495209330487015 50.65702024462443 43.397014454214045 7.458439519176641 57.01400295148223 97.51691811234565 13.38032701857662 70.63528162275827
93.83344895089164 81.31491559490792 58.496709609597275 45.68524700745398 42.65118928952594 13.808707718482161 66.78519311055334 70.30834276827952 62.33880250630555 31.66165613389168
2 5 	 # V Shape
121.833386565449 65.09950858332236 46.221005236970825 110.58347252129178 71.03192855575597
162.89853984552633 98.53999220185776 50.34212034422012 135.4790497230129 77.12835560564932
2 10 	 # Alloc Shape
0 0 0 0 1 1 1 1 1 1
1 1 1 1 0 0 0 0 0 0

2 10 	 # U Shape
46.499621802645116 41.14607813949053 32.828922983605736 4.959728014365828 68.32603070099256 44.81506927220171 87.53671401032535 84.4457907116275 66.583050715787 15.873130088105135
55.376025469129175 12.089151657562846 72.5431288944726 51.05861373205581 90.65207445989658 31.55334860189797 25.54484030226094 89.26215745018574 38.72430792784021 29.0726627222912
2 5 	 # V Shape
58.14852530564471 36.32461507749353 83.13165926190788 124.80096936367411 70.04555502253095
66.38465428869775 77.62421704758262 116.27050843060213 102.81440330729981 65.7185223233597
2 10 	 # Alloc Shape
1 1 0 0 0 0 1 1 1 1
0 0 1 1 1 1 0 0 0 0

2 10 	 # U Shape
9.358017207174974 16.245352355889054 30.60604950651974 56.569528584594096 92.88633721090652 14.32646718420212 67.38446974102578 56.68750487890685 1.2490504095826416 8.58824069448605
80.52842755966691 91.26971847109357 89.15300142160511 43.69232918305832 99.78149976888638 40.727734316700804 22.96411041960428 77.91842451364698 15.962745813277257 64.38368405604899
2 5 	 # V Shape
18.704077930906934 63.94261563524987 96.69584342967059 103.57643229533785 8.941020509890011
170.33985444666132 129.47581514893994 129.73335039174628 81.44953444588486 72.44021178089608
2 10 	 # Alloc Shape
0 0 0 0 1 1 1 1 0 0
1 1 1 1 0 0 0 0 1 1

2 10 	 # U Shape
9.325206877962511 39.208186828177624 98.70161618560697 20.99610170767362 84.50587626412856 90.38123622520607 15.71822802239472 64.62052131527822 74.45355985219348 14.812655049493594
5.975139764611914 56.07675206173739 48.7391830845156 41.16090394341414 73.48367946318439 60.50514707941149 20.161495849013246 22.81039215020313 37.811656229501864 77.23981891876537
2 5 	 # V Shape
42.44903917645705 103.57479059813903 104.18605473548894 76.85999544364985 84.65460541768861
60.80946628382245 69.92622407496609 122.48121015643197 28.797607768658445 103.81555559203971
2 10 	 # Alloc Shape
0 0 1 1 0 0 1 1 0 0
1 1 0 0 1 1 0 0 1 1

2 10 	 # U Shape
55.21666049063586 17.92806443387175 96.30724722373384 86.1015910649274 7.8363192853348025 61.70365107021417 71.125325918191 9.039293421714433 34.27912646208821 29.399572312191868
5.090194107576074 6.868318581678723 46.62876287085241 35.93241604413374 9.717408583001308 83.20952964191281 84.53284792957864 78.01334258353245 79.38586800966559 32.99701252639758
2 5 	 # V Shape
58.85464872798761 141.47927458952483 64.32068399155105 73.75046506743163 39.18505798117317
7.899793153575736 71.76311020718468 90.93534146696288 114.79223204360088 111.6833375642656
2 10 	 # Alloc Shape
1 1 1 1 0 0 0 0 0 0
0 0 0 0 1 1 1 1 1 1

2 10 	 # U Shape
53.96140791718428 82.11678239575852 19.397635600452567 79.19079316623835 36.518220863857465 61.571082345657416 37.44965988147588 93.35290633921683 98.68609446432886 9.807866371465446
26.2241979689538 33.811545340651286 14.01883825050212 42.685548671485805 56.39209324115383 41.436901254243864 52.75082250893184 14.73670422188511 31.527137574203714 8.150923819786215
2 5 	 # V Shape
99.2218477017621 95.03412478962284 90.15957891805789 98.10165169409588 103.94826890066643
50.00816054147752 51.958640848406155 79.54735665361301 65.63972479710702 36.372053075314795
2 10 	 # Alloc Shape
1 1 1 1 0 0 0 0 1 1
0 0 0 0 1 1 1 1 0 0

2 10 	 # U Shape
10.280176491912385 45.53234665025585 77.34262832872169 94.18777527954013 85.77969485983587 65.68735501165723 60.00870201544451 21.46460258890306 72.74246356218696 8.011606259680558
45.5633098574751 44.40886795168305 54.27953065055083 31.501210703210305 66.18562533172297 38.33360363090234 48.68094726640755 74.22156756424233 76.1326027042662 89.4097786228
2 5 	 # V Shape
50.39494423621463 166.7572710370546 114.77307157667973 78.49543101429282 72.92074914000351
62.18343779086514 65.90345358637818 97.4909087857277 101.5486722031246 100.0418439352951
2 10 	 # Alloc Shape
0 0 1 1 1 1 0 0 0 0
1 1 0 0 0 0 1 1 1 1

2 10 	 # U Shape
24.437380262703478 40.40889968411808 45.07737593382255 15.317517534099078 11.563561797074906 65.21464607298724 26.20770806317465 64.0516408099268 41.83086914212048 94.01502819859678
50.48401383236369 77.14348821273735 36.610740603197144 63.95732723280144 3.7066362096112693 80.92652055952615 42.78885198633636 39.87517353418275 43.73783166955717 91.61809024440896
2 5 	 # V Shape
55.56811749933671 57.73992929757409 76.38509560351058 83.39907699656551 96.33421442557518
124.90947508770648 93.98128604818228 82.17338870928552 46.819712665364314 101.25327477735212
2 10 	 # Alloc Shape
0 0 0 0 1 1 1 1 1 1
1 1 1 1 0 0 0 0 0 0

2 10 	 # U Shape
62.268970105289625 74.45448447921409 73.11919395312383 83.60655335387756 27.115763031212282 10.692198354340722 87.60848969559615 62.91873941547561 25.38456602771224 63.862421679095974
59.95706486672299 68.36962784334426 43.423445826123654 5.163753888155432 17.669522434488382 96.49176716923795 85.57964035392916 3.1768436450511195 3.269216570896527 65.7719859523288
2 5 	 # V Shape
102.48638729231328 98.87696553296438 33.751006744149116 87.88673939984321 83.118118126959
91.07863188918853 44.241926229190064 107.19794676774913 85.58512560886427 68.90779335678175
2 10 	 # Alloc Shape
0 0 1 1 0 0 1 1 1 1
1 1 0 0 1 1 0 0 0 0

2 10 	 # U Shape
77.06633340005314 81.96397231427011 31.350159828348858 61.60613992417146 37.61229326007077 1.7439244869390857 25.969557929800168 11.267630406252637 83.2326570116031 83.66201596003876
27.724034416129438 44.7335587094272 52.094455076828496 29.04048999260378 2.776756687067705 65.11089694732246 49.17825172723324 89.87420942851013 62.20766969173505 23.699330398553485
2 5 	 # V Shape
158.7923581568841 81.17344811780801 37.99705442363578 33.43818814079756 165.54389192131515
65.96912707323752 58.567800242618375 66.31241490192254 106.01363823112591 64.28708630736612
2 10 	 # Alloc Shape
1 1 0 0 0 0 0 0 1 1
0 0 1 1 1 1 1 1 0 0

2 10 	 # U Shape
24.163824583291348 64.68518819437938 26.577416729140978 28.977585554012208 42.50154744902973 78.59465301306841 60.22278246213163 62.60714195568246 36.44616276675254 61.73863056212726
84.79427025962293 95.07107474721701 16.158717994094484 67.9958441527924 61.80078378104166 30.926437375365722 97.52825706147573 80.2406956778832 58.44468126713419 54.37616494939112
2 5 	 # V Shape
68.69467502800754 53.62670739670337 99.49468873303208 104.43522830484206 83.51299697119781
155.05461277851626 77.72476017342748 73.77434866200528 102.2651671493033 84.51633921041015
2 10 	 # Alloc Shape
0 0 1 1 1 1 0 0 1 1
1 1 0 0 0 0 1 1 0 0

2 10 	 # U Shape
16.96285956722012 31.038613210427922 49.81723260088198 2.3550044214557198 84.4074765979127 3.125912978379708 62.81105415499065 22.400908078439365 67.15345164100044 34.109795296219644
54.06448135890163 53.664073802545985 39.03229304372069 42.58608431151204 69.11672643190548 12.66013146853483 3.129940783529439 48.60882379556032 18.171737677127176 4.055425364924147
2 5 	 # V Shape
47.742193761011684 51.47340479913521 86.86140279118167 63.599305061587714 91.03498620903741
104.35293847084985 76.5032833116051 74.94496128422747 49.37046731943292 21.469108196951286
2 10 	 # Alloc Shape
0 0 0 0 1 1 1 1 1 1
1 1 1 1 0 0 0 0 0 0

2 10 	 # U Shape
13.45139309956389 20.720210649477423 47.38396514461981 32.174688066864164 22.485642904551707 61.330245444291855 94.66961221732487 54.953713670003026 71.19868813024756 7.551036677143608
38.972419545138926 88.59268209348197 6.02381474181104 75.70729350004564 83.78430172253356 55.119263630816306 84.41680355362408 50.295005831645234 83.29615555195964 22.050490132369582
2 5 	 # V Shape
33.01236845382077 64.70709464643889 83.45648257060037 143.84751326841638 74.4795956300629
105.94104265558735 81.17963493586579 108.04575267720054 130.66679983749054 104.38156854398042
2 10 	 # Alloc Shape
0 0 1 1 0 0 1 1 0 0
1 1 0 0 1 1 0 0 1 1

2 10 	 # U Shape
34.24424126040978 32.45074696583509 77.61795143757263 98.4504308990658 47.76868369756434 39.96112827425682 71.27262464829002 46.1364576268099 73.97106514632472 3.7374098859112803
26.156828782961895 38.517195427247216 50.348250256505764 28.103441427742858 48.351520247504475 28.814788379646227 82.5024829531359 59.35917009357795 9.588535875232228 19.04053147150877
2 5 	 # V Shape
41.08098865620517 114.06038170246237 69.76903730559653 116.78914489436588 77.19086857434709
63.73458330174659 72.25814885666084 64.45709622663107 110.6395057164608 19.9272433948913
2 10 	 # Alloc Shape
0 0 1 1 0 0 0 0 1 1
1 1 0 0 1 1 1 1 0 0

2 10 	 # U Shape
30.54458973451325 1.2324702813467203 55.582188946725864 94.20985920015275 78.98816349924948 62.898797520715824 65.94889644790251 41.44109275310813 79.51215805598382 85.89459227597361
69.8298980556255 68.3155242848199 97.80271892061472 27.62769694403413 73.97637852540964 14.788244296420228 34.26880260368718 69.83354883490269 64.94941120481008 78.99110586391332
2 5 	 # V Shape
30.575187932290383 105.50203381622666 122.33157630436106 93.28602431972257 98.865739614838
105.40142351514699 119.04118910686499 74.78054858491363 97.96232847003105 100.99624141385479
2 10 	 # Alloc Shape
0 0 0 0 1 1 0 0 1 1
1 1 1 1 0 0 1 1 0 0

2 10 	 # U Shape
12.69483854410539 79.04143284811357 30.482030412739093 8.485217944675272 88.48280044380407 65.49602204710953 75.31979915200547 44.00982202802244 35.458246110118054 68.91918137755015
15.559424710670944 82.74034395336518 38.78352446861864 14.229217289671414 89.57836684084016 77.9195967935779 25.90470399285977 1.3227061826152742 43.00384724131221 64.23387522100357
2 5 	 # V Shape
89.62129793306647 34.77350089860552 115.64736745363487 108.58389625011051 89.03474660798265
91.89307252534357 50.32792471310265 95.81641882740162 26.870590665012703 102.49825190267353
2 10 	 # Alloc Shape
0 0 0 0 1 1 1 1 0 0
1 1 1 1 0 0 0 0 1 1

2 10 	 # U Shape
53.51573914314521 81.7034162609908 14.610001412617446 12.007203151643797 78.20590264340909 96.3920109884201 28.359569241263316 1.9090273275742864 32.7092974656177 40.18017603355327
33.73130565648712 82.74538856567715 69.88399372833327 0.370992647259516 81.39434275457776 25.4551350309976 33.6604984811675 79.44734279534052 1.2287936373426511 0.13672697403954714
2 5 	 # V Shape
132.57894739720356 25.850320195161142 168.99290027742614 30.08748074349913 59.30242836575012
102.43970621868392 70.2045871908957 101.17580634293193 111.93135714402766 1.2802373515549013
2 10 	 # Alloc Shape
0 0 0 0 1 1 0 0 1 1
1 1 1 1 0 0 1 1 0 0

2 10 	 # U Shape
63.68218433605931 63.77572081573619 76.42657507604787 16.133110048912624 86.7107519976333 55.96713081494492 30.6512876574085 36.024949673398844 19.98786863603129 70.90809096432457
39.017779752798745 56.69931583945596 94.45947440891706 1.7531968693565658 35.77254253387916 34.38110874905863 57.39400019079773 83.11903396638411 88.82280459799007 57.67077770316672
2 5 	 # V Shape
121.84187080975532 92.11221011295338 94.50939184600361 43.955108563261916 78.73953696908296
70.6271591335242 95.17593359281082 46.80060282190696 101.55463660432844 97.84923941274118
2 10 	 # Alloc Shape
1 1 0 0 1 1 0 0 0 0
0 0 1 1 0 0 1 1 1 1

2 10 	 # U Shape
28.23140360905971 35.05190764123586 76.09837175232536 57.08041595045287 0.7932107276962808 75.23034432904751 29.142414939341688 64.33090151909234 39.761620698963064 4.494768771243162
23.25659455959287 90.0669344022939 18.821447356342812 21.54877728609875 98.77066292729046 33.810491418897435 51.30238099107206 81.51747409433122 66.37081998656897 73.07936042087096
2 5 	 # V Shape
39.58514454535421 115.98360324500537 75.24736512349138 92.46961298767599 40.893827375580834
102.22108497545042 25.662669763929927 116.81595670163038 82.52700157333592 89.61852429996043
2 10 	 # Alloc Shape
0 0 1 1 0 0 1 1 0 0
1 1 0 0 1 1 0 0 1 1

2 10 	 # U Shape
26.168205835945457 17.91257393408894 1.6541050138881408 59.436793380876416 39.55593092018103 24.244414331459872 45.66108238562974 53.35681454476955 30.589178386523642 5.669377594634872
57.678963417572604 40.60960908391188 21.25670192229736 24.407884266711054 78.55672095430481 50.58693395547953 40.41826538313056 92.09715625448001 54.50763778865566 97.55718930000835
2 5 	 # V Shape
42.246404185095784 59.797786833045684 55.05971245353773 68.99769602666412 34.173344569829716
62.10146779866121 39.92110146668452 100.59643732925758 112.68115986112143 121.27340248866128
2 10 	 # Alloc Shape
0 0 1 1 0 0 1 1 0 0
1 1 0 0 1 1 0 0 1 1

2 10 	 # U Shape
23.273175621735433 12.081292402740685 88.48767701891957 43.0557276078923 83.56535952756201 98.73825100067342 65.87049603820022 44.424341216078744 50.23934797977062 24.918790027039893
44.15519452477354 41.979574294436105 47.952224100868456 64.99990364282262 79.20065430100951 78.229607085521 29.57788415329684 74.02722024930402 82.55277636158776 93.70468046517676
2 5 	 # V Shape
32.12332628825449 115.62610749554405 112.22566849312955 93.42286750902427 62.065688277894225
69.50667624749849 106.19571141091696 136.77809063916266 78.48703911979108 110.38463658869436
2 10 	 # Alloc Shape
0 0 1 1 1 1 0 0 0 0
1 1 0 0 0 0 1 1 1 1

2 10 	 # U Shape
61.04305278000305 85.50160947541508 71.82908581930802 60.067684880304206 51.10415712690604 69.6575146387994 16.643162869127103 84.00633033021938 99.97591428590759 98.65473795275804
58.94654449457731 35.784294466734764 98.75024643021561 74.61999324691672 12.479906757056714 91.44476802299883 31.64182657809552 35.25293138658514 11.14371208954511 26.436125243282625
2 5 	 # V Shape
97.11514151218762 80.4228736947619 113.31204809373392 84.26385088493934 123.00716634737282
66.55323512633224 104.52742590562698 97.40169853799283 47.840235137314124 30.372006586654017
2 10 	 # Alloc Shape
1 1 0 0 0 0 1 1 1 1
0 0 1 1 1 1 0 0 0 0

2 10 	 # U Shape
98.44575793469252 84.20654450326312 37.540103374390135 23.53561864704895 22.036695235440618 18.868827189976066 26.429976061865446 93.10119143059427 38.610212692866966 41.26916646281903
33.16265392744802 30.59168201447663 33.53465080126147 41.494665781732174 36.89580123512778 24.527934770484062 23.182995320766665 67.56431300297358 97.97941230176797 13.094891419907107
2 5 	 # V Shape
167.73376082234472 51.440296403604286 26.35033696851717 119.1890772882678 64.45531612146502
35.45382771975401 43.59079321464095 48.866652396823994 69.17642864897303 101.89690140452687
2 10 	 # Alloc Shape
1 1 0 0 0 0 1 1 0 0
0 0 1 1 1 1 0 0 1 1

2 10 	 # U Shape
25.696134878418807 96.98220288551552 22.978393617858607 4.967056558548144 39.59755137231012 86.15966058131936 87.0498411833706 58.39373191692645 40.02877514338316 61.10758378120834
23.816865621898607 11.679008173685745 70.38186325723261 33.406813759037924 19.920155974657796 47.39405089061963 1.0522528249248486 18.337089914947768 23.474402403653073 21.906320814590984
2 5 	 # V Shape
110.00099156204787 25.566712178898968 107.78284960261428 91.73142153465028 71.18214690554764
32.97400435804598 80.09988140669032 61.39564451357314 18.52037914677722 37.744896761664236
2 10 	 # Alloc Shape
1 1 0 0 0 0 1 1 1 1
0 0 1 1 1 1 0 0 0 0

2 10 	 # U Shape
81.40519704100183 58.97765047834231 8.79202553294438 26.653205188226746 63.58901522052178 86.02163811056816 66.41866082044582 0.731070290630409 84.79368200390876 53.896958286243304
51.89117135834841 75.66194047593912 42.040382209218464 30.27087954638541 5.925679396471583 0.6234736722621759 65.58729490952618 41.64954154081924 32.606109015365966 18.650459681237454
2 5 	 # V Shape
121.21472984620848 32.810445768325835 127.42588910978345 66.46095200785417 123.0790863588184
83.81474720169811 46.71455368977671 6.452709711140156 91.4587621327771 47.41469118817595
2 10 	 # Alloc Shape
0 0 0 0 1 1 0 0 1 1
1 1 1 1 0 0 1 1 0 0

2 10 	 # U Shape
23.806258935296796 84.50581297960734 85.4968026039297 80.13509711172318 93.94522445982422 23.03636265540464 52.56945796067611 52.29127339556791 64.43721360164965 31.826118503776446
47.7123233402766 82.26336638540498 31.696359606036918 64.8009738168726 51.72416124196752 84.71373041765041 38.83744413800173 59.2371242661648 77.63673102086301 42.00130901550574
2 5 	 # V Shape
87.12407856065849 150.35887356793097 113.35294849332955 104.06573641466974 74.72664318297008
111.03420521532301 65.69998596304113 117.68011381804766 59.87818677684025 102.58561809325278
2 10 	 # Alloc Shape
0 0 1 1 0 0 1 1 0 0
1 1 0 0 1 1 0 0 1 1

2 10 	 # U Shape
70.86725547991759 73.16966743082696 54.00002706656356 39.151577363634246 31.494114626706317 0.6090892649179169 72.86268820787423 23.853425337816446 32.1488986917759 49.0087629769818
48.607198009256635 8.553115468131022 58.9345503507889 90.93682984830596 96.38644712472264 83.71352994720185 27.70404699923087 31.601236650353837 12.37956007569142 41.69412302771879
2 5 	 # V Shape
113.0950309282041 80.96805359766815 31.825584098147342 84.49431218533779 61.49509892482703
49.40145795117597 96.66985219181693 99.37416181997462 49.50787285738021 53.44369610657289
2 10 	 # Alloc Shape
1 1 0 0 0 0 1 1 1 1
0 0 1 1 1 1 0 0 0 0

2 10 	 # U Shape
26.774434299744843 51.46066088852125 96.56146851953334 14.748055053543418 32.18599146647533 99.90296028606105 74.3529626024009 53.75322631398151 90.41277881448335 42.52909549287032
14.458802974313622 81.52604640013901 48.58187171786471 72.75757322277565 15.900508158378557 63.855966023694855 20.88002334176222 25.030220921063375 73.00710914904252 95.40670275595218
2 5 	 # V Shape
58.70708692432169 96.92184781679168 103.11605414021795 96.11307803119581 108.18395597513893
89.34108454327907 114.54785456304023 63.89643892830031 32.47453327327739 124.76799481990615
2 10 	 # Alloc Shape
0 0 0 0 1 1 1 1 0 0
1 1 1 1 0 0 0 0 1 1

2 10 	 # U Shape
81.25376375143598 34.06984977795775 35.803279333523385 56.23336536364738 94.77690096499678 34.81938004587425 68.28023129578516 60.08401304721465 72.79292040723236 12.448232807956883
46.87001676887541 58.46679628864617 22.299619240120737 79.04287318065174 86.07935445437313 38.88538761889099 3.466222387204898 90.63054539473497 43.67588297142249 59.65584136923927
2 5 	 # V Shape
89.71423049699338 87.13188543275399 108.73955569494996 102.9085242192344 73.25437904270635
73.32626635059557 84.10453486318889 93.46551788182967 92.83572139380283 76.44585625002713
2 10 	 # Alloc Shape
0 0 0 0 1 1 1 1 0 0
1 1 1 1 0 0 0 0 1 1

2 10 	 # U Shape
74.2879581225795 27.882928315576848 10.387661821953841 42.4696540032974 44.31669881236987 63.28342579735483 76.32760975264829 7.549263435728659 61.61159751806948 40.89044049245841
27.243971257009246 32.42078235175951 72.44964916452058 52.0032361102662 35.86614721032848 45.96750293582335 56.834483583273986 74.3757992886005 55.27060137620069 1.0242373621769163
2 5 	 # V Shape
90.89342892145633 52.22218822783745 91.61911475988343 78.7106322831198 88.05342769383466
36.0049929568452 112.1827380923052 74.81134947605399 122.467066237971 55.50707202889833
2 10 	 # Alloc Shape
1 1 0 0 1 1 0 0 1 1
0 0 1 1 0 0 1 1 0 0

